#<Embryo name> <Cleavage cycle> <Temporal class> <Genes>
dm9 14A 2 even-skipped knirps hunchback

#Quantitative data
#<Nucleus number> <A-P coordinate> <D-V coordinate> <Fluorescence intensity: channel 1 - eve, channel 2 - kni, channel 3 - hb>
0 2.32 47.07 16.30 50.35 86.70
1 2.89 52.04 16.83 54.46 90.91
2 3.03 49.31 18.18 47.55 93.42
3 3.19 43.16 17.56 39.54 99.29
4 3.52 45.49 18.54 43.66 101.44
5 4.16 47.65 20.93 45.12 111.88
6 4.20 52.60 18.87 51.25 112.89
7 4.35 50.33 20.67 50.70 113.65
8 4.48 43.01 17.29 34.72 104.26
9 4.96 54.44 19.93 56.64 125.99
10 5.21 45.83 20.20 37.33 102.36
11 4.99 56.74 16.98 55.48 122.83
12 5.40 40.82 17.76 28.61 111.59
13 5.52 48.59 20.76 42.76 124.63
14 5.63 51.53 20.98 47.77 119.63
15 5.80 43.60 20.18 33.06 123.61
16 6.16 56.16 19.95 55.02 145.67
17 6.39 37.10 17.49 21.27 104.95
18 6.37 54.11 22.62 51.45 149.67
19 6.53 60.44 16.10 49.62 131.32
20 6.69 39.32 17.91 24.18 121.02
21 6.75 49.76 21.19 39.54 147.04
22 6.83 47.23 21.96 34.07 128.09
23 6.79 41.82 21.57 26.93 130.90
24 6.92 57.86 20.17 52.42 160.87
25 7.00 44.73 21.09 30.79 134.11
26 7.07 52.21 21.81 46.80 144.51
27 7.35 35.69 16.25 19.39 112.12
28 7.71 55.33 22.03 46.30 149.88
29 7.70 59.58 21.13 47.99 157.15
30 7.72 62.25 17.44 44.57 117.67
31 7.94 33.80 16.54 16.17 108.86
32 8.02 42.81 22.18 25.73 150.17
33 8.16 39.80 21.95 22.34 125.70
34 8.25 37.14 20.49 19.59 128.67
35 8.15 46.17 23.91 27.61 153.01
36 8.13 48.96 23.95 33.24 154.59
37 8.34 51.83 22.54 36.88 159.26
38 8.47 57.49 22.85 44.74 165.82
39 8.74 60.85 20.41 49.49 161.03
40 8.90 54.11 24.23 41.18 174.73
41 8.72 64.84 16.94 43.75 121.61
42 9.11 44.53 22.88 23.93 173.26
43 9.07 33.30 18.38 16.38 129.32
44 9.33 62.89 21.72 45.28 158.84
45 9.32 41.75 20.59 21.85 151.60
46 9.44 47.10 22.96 28.18 178.02
47 9.47 49.53 23.89 31.20 181.08
48 9.62 35.40 20.90 19.29 144.31
49 9.56 58.91 21.75 40.66 164.27
50 9.54 37.79 21.48 18.54 146.44
51 9.67 56.05 24.26 39.20 178.07
52 9.79 51.77 23.10 29.78 177.85
53 9.90 30.42 18.78 14.75 124.71
54 9.93 65.91 18.62 43.15 140.06
55 10.13 39.85 22.46 21.05 150.72
56 10.34 44.00 24.02 23.49 172.06
57 10.42 32.87 19.66 15.84 133.60
58 10.56 53.63 24.67 30.70 182.36
59 10.51 60.86 22.91 42.56 164.05
60 10.62 63.62 21.59 44.26 162.66
61 10.74 46.54 25.73 25.85 192.25
62 10.83 58.01 24.58 36.94 178.49
63 10.80 49.10 22.60 26.57 194.58
64 10.97 41.73 23.82 20.44 177.90
65 10.99 38.02 24.05 18.24 153.11
66 11.07 55.79 24.56 33.49 188.57
67 11.09 35.59 22.77 16.99 150.43
68 11.14 66.87 21.78 43.61 157.83
69 11.41 51.43 24.47 25.93 192.44
70 11.29 30.11 19.04 14.56 116.60
71 11.69 43.72 25.21 23.00 182.41
72 11.74 33.03 21.44 14.77 137.24
73 11.92 60.22 25.83 35.46 189.83
74 11.92 64.92 24.04 40.97 172.45
75 11.83 62.42 23.19 38.63 169.54
76 12.02 40.19 23.73 21.75 179.70
77 11.99 46.49 26.05 23.82 196.99
78 12.04 53.98 24.04 27.64 178.53
79 12.10 48.77 24.89 24.05 209.07
80 12.22 57.60 24.96 31.18 184.36
81 12.24 37.90 24.06 20.12 169.16
82 12.32 28.41 21.25 13.08 116.29
83 12.30 68.07 23.34 39.47 152.84
84 12.40 35.24 22.20 16.40 161.30
85 12.52 70.99 21.68 35.32 118.95
86 12.59 31.41 22.24 15.46 140.08
87 12.77 50.95 26.83 26.42 196.64
88 12.81 44.54 27.51 21.59 184.73
89 13.01 41.91 27.67 21.01 178.68
90 13.00 63.21 26.52 39.37 176.72
91 13.15 26.29 17.99 12.18 116.77
92 13.12 55.56 27.31 27.54 194.67
93 13.25 66.09 27.49 40.31 182.55
94 13.22 53.17 26.16 25.72 202.86
95 13.27 60.46 27.80 29.67 186.28
96 13.46 46.75 26.40 22.89 202.36
97 13.61 29.41 21.66 14.89 136.56
98 13.47 37.09 26.76 19.82 170.84
99 13.51 69.29 26.59 38.56 158.48
100 13.60 72.62 22.87 35.42 130.64
101 13.63 48.95 26.00 23.05 202.04
102 13.62 39.59 26.67 18.33 182.32
103 13.66 34.35 25.74 17.12 149.00
104 13.73 58.19 29.55 29.39 202.04
105 13.76 31.92 23.39 15.75 146.31
106 13.99 44.00 28.26 19.54 193.41
107 14.26 51.07 26.35 23.48 190.06
108 14.22 62.00 29.13 30.19 188.04
109 14.40 27.48 21.75 12.70 129.13
110 14.35 64.48 29.22 36.69 177.54
111 14.51 41.59 27.76 20.71 194.74
112 14.46 56.11 30.08 25.79 202.34
113 14.58 67.57 27.61 36.48 170.02
114 14.51 53.79 29.12 23.28 198.82
115 14.68 70.91 27.57 34.00 147.78
116 14.75 24.83 21.06 13.61 118.82
117 14.74 36.18 26.55 18.01 171.60
118 14.84 45.75 27.59 19.96 201.70
119 14.91 38.68 27.21 20.40 183.18
120 14.91 47.90 29.84 22.49 203.29
121 14.95 74.02 26.16 32.98 122.19
122 15.05 31.28 25.86 16.21 154.09
123 15.08 33.82 27.37 17.20 163.53
124 15.11 58.70 30.20 27.37 200.24
125 15.39 60.67 32.73 27.21 198.96
126 15.45 43.58 30.06 22.21 200.01
127 15.60 65.49 31.92 32.92 186.94
128 15.59 22.25 18.66 10.42 115.00
129 15.55 52.00 28.02 22.10 188.90
130 15.40 69.33 29.41 34.84 172.98
131 15.60 29.29 26.61 14.81 151.43
132 15.65 49.59 30.40 22.72 207.94
133 15.62 62.84 31.08 30.18 188.46
134 15.76 27.08 22.52 14.38 135.34
135 15.84 40.12 30.11 20.79 196.58
136 15.84 56.67 30.20 25.43 203.64
137 15.89 54.18 30.64 23.77 193.51
138 15.95 76.37 27.82 31.36 113.83
139 16.04 36.95 29.86 19.39 176.89
140 16.15 71.64 32.77 33.61 163.83
141 16.23 24.78 24.54 13.23 128.61
142 16.14 46.31 33.18 22.49 213.73
143 16.38 42.28 30.66 20.82 207.76
144 16.37 74.09 36.70 31.51 154.00
145 16.34 33.94 28.41 18.73 177.09
146 16.49 31.18 26.59 16.16 162.79
147 16.55 66.95 36.22 31.38 183.61
148 16.66 58.64 30.56 25.25 192.81
149 16.75 61.47 34.71 27.43 194.30
150 16.81 50.91 33.16 22.22 201.68
151 16.88 78.55 28.69 26.22 102.36
152 16.95 48.45 32.90 22.82 207.62
153 16.96 64.06 37.08 30.73 194.34
154 16.99 55.56 35.47 22.99 207.79
155 17.05 28.33 27.13 15.25 142.39
156 17.03 44.63 35.00 23.25 208.91
157 17.23 22.67 23.28 13.29 126.35
158 17.21 53.30 36.38 23.87 202.54
159 17.29 20.04 20.86 10.98 115.01
160 17.30 38.87 30.36 20.39 184.18
161 17.19 35.91 28.40 18.37 183.24
162 17.25 76.07 38.27 30.47 137.85
163 17.42 41.54 31.96 19.67 209.25
164 17.45 68.65 37.74 29.66 184.02
165 17.65 70.91 42.27 31.49 183.88
166 17.61 25.61 26.59 15.44 141.30
167 17.62 32.11 30.11 16.97 169.74
168 17.73 73.42 43.61 29.47 167.60
169 17.76 59.79 37.98 24.20 205.64
170 17.89 46.71 33.70 23.11 203.59
171 17.94 56.70 38.15 25.07 210.05
172 17.92 65.83 39.36 28.27 188.19
173 17.99 51.50 36.31 25.11 201.37
174 18.10 62.28 37.81 25.74 201.25
175 18.21 29.48 29.73 15.86 160.93
176 18.20 43.77 34.64 20.84 209.04
177 18.30 34.05 29.68 19.35 172.44
178 18.36 49.33 35.69 22.59 201.36
179 18.26 78.60 39.04 25.89 126.60
180 18.38 36.56 31.28 19.04 184.48
181 18.53 54.05 37.09 26.01 209.86
182 18.57 41.03 33.79 21.37 204.77
183 18.56 75.96 46.30 26.99 159.17
184 18.79 20.87 25.93 12.58 131.92
185 18.85 23.62 27.65 15.06 143.68
186 18.84 26.57 28.00 16.44 150.36
187 18.91 38.63 35.09 20.03 197.14
188 18.79 58.48 38.79 25.83 201.91
189 18.82 68.23 43.64 26.68 188.75
190 18.94 63.93 45.05 27.88 207.84
191 19.16 18.55 23.60 9.80 110.80
192 18.98 80.44 41.86 20.55 98.75
193 19.15 31.85 32.41 17.10 169.96
194 19.18 45.68 35.88 22.64 208.72
195 19.20 70.50 48.12 26.60 184.37
196 19.14 72.99 48.56 25.52 172.23
197 19.23 51.74 39.09 25.28 210.47
198 19.30 56.29 37.82 23.19 193.35
199 19.30 60.91 42.80 25.25 215.13
200 19.37 48.08 37.99 23.84 212.90
201 19.37 65.99 46.68 25.77 195.03
202 19.53 28.85 30.93 17.02 170.40
203 19.52 43.26 34.91 20.91 201.15
204 19.46 35.14 32.01 18.79 181.02
205 19.75 78.38 57.73 24.14 145.37
206 19.76 75.29 52.20 25.59 166.93
207 19.83 40.90 36.09 21.89 195.59
208 19.98 54.45 41.25 23.14 207.66
209 20.08 58.79 42.01 24.80 210.97
210 20.12 62.80 47.29 25.29 213.91
211 20.23 50.13 40.72 23.94 207.58
212 20.20 38.56 37.12 20.11 190.93
213 20.37 21.58 28.59 13.50 135.57
214 20.35 24.38 28.90 15.03 146.82
215 20.27 67.86 50.82 23.80 184.42
216 20.49 26.94 32.08 15.36 158.22
217 20.40 33.30 35.98 17.83 177.68
218 20.46 30.46 32.42 16.16 174.79
219 20.49 36.37 37.20 19.73 192.14
220 20.50 52.22 42.57 23.74 206.24
221 20.54 45.50 40.78 22.29 209.31
222 20.54 70.80 63.19 27.86 209.08
223 20.64 47.94 43.06 24.96 211.64
224 20.60 64.90 52.31 25.25 202.40
225 20.80 18.79 26.64 11.95 125.12
226 20.89 56.44 46.90 24.62 207.08
227 20.80 43.06 41.35 22.32 217.58
228 20.93 60.95 52.12 25.31 212.72
229 20.96 73.35 63.62 23.48 167.29
230 21.09 81.04 76.00 21.74 130.88
231 21.01 76.15 72.29 25.40 173.58
232 21.06 40.70 38.99 22.26 200.96
233 21.16 78.53 75.46 22.00 158.00
234 21.22 84.05 52.14 16.59 68.13
235 21.33 54.20 48.27 23.66 211.03
236 21.30 58.66 47.22 27.15 198.58
237 21.45 67.05 59.14 24.94 201.19
238 21.59 29.14 37.83 16.90 175.56
239 21.52 34.95 38.39 19.18 191.02
240 21.60 31.95 36.27 18.57 177.10
241 21.61 38.31 39.72 20.12 185.63
242 21.57 62.88 57.52 25.57 204.48
243 21.58 49.98 44.23 24.55 213.23
244 21.62 69.45 69.34 23.97 184.92
245 21.77 15.60 24.36 10.00 107.85
246 21.80 21.07 32.64 13.96 141.60
247 21.79 24.28 36.74 14.51 156.29
248 21.74 46.76 45.85 23.12 216.75
249 21.84 44.22 42.29 23.20 203.92
250 21.93 26.77 34.80 15.43 171.75
251 21.87 52.26 49.63 24.61 218.77
252 21.94 64.94 61.99 23.48 202.51
253 22.20 41.22 45.14 23.17 213.49
254 22.26 60.54 58.96 24.59 210.15
255 22.26 71.81 76.16 23.91 186.98
256 22.22 74.68 79.01 24.62 171.77
257 22.31 56.07 53.07 23.17 209.69
258 22.46 18.33 32.34 13.19 137.25
259 22.32 79.25 84.55 22.98 157.90
260 22.48 48.31 52.73 23.55 221.53
261 22.55 81.98 93.97 20.04 135.46
262 22.52 58.24 57.43 23.57 210.19
263 22.58 36.75 43.78 20.36 193.49
264 22.60 33.82 42.68 20.43 191.14
265 22.75 53.92 55.80 25.53 211.64
266 22.77 67.21 80.41 23.68 201.53
267 22.77 30.58 38.72 17.66 182.32
268 22.91 50.94 51.46 26.05 217.82
269 23.02 76.92 101.74 23.94 173.08
270 22.89 44.97 46.90 23.48 212.63
271 22.98 62.31 68.44 25.03 213.00
272 23.03 39.25 48.82 21.64 197.69
273 23.00 69.61 79.94 22.36 193.69
274 23.09 25.50 38.20 16.77 166.21
275 23.14 42.49 48.62 22.99 210.32
276 23.08 64.64 72.48 23.70 212.03
277 23.20 15.62 32.71 11.34 122.83
278 23.23 20.97 37.62 14.04 147.49
279 23.38 28.09 43.78 16.01 173.70
280 23.45 73.67 89.37 22.80 177.42
281 23.56 46.57 52.42 26.78 206.30
282 23.63 48.69 57.53 25.18 218.78
283 23.78 23.53 41.33 15.08 161.78
284 23.61 32.56 45.19 19.37 201.23
285 23.71 60.29 75.10 26.03 212.68
286 23.66 35.60 46.41 19.76 201.58
287 23.76 55.50 65.66 25.34 209.60
288 23.65 57.88 67.03 26.21 209.79
289 23.81 79.55 105.43 21.64 152.75
290 23.81 53.12 62.42 26.45 218.95
291 23.99 71.12 110.80 24.99 210.59
292 23.92 82.92 113.53 20.60 141.99
293 24.06 18.38 36.62 13.98 136.56
294 24.00 85.73 86.03 18.14 89.04
295 24.16 41.04 53.23 23.64 213.28
296 24.11 65.95 95.71 25.95 205.97
297 24.18 38.19 49.13 21.35 201.90
298 24.16 44.02 57.28 24.36 214.70
299 24.11 50.58 62.23 26.05 217.45
300 24.17 68.36 102.17 25.60 203.44
301 24.19 30.52 47.49 18.44 183.18
302 24.15 63.22 85.96 24.42 204.06
303 24.44 14.33 35.43 10.78 125.46
304 24.37 76.08 106.60 23.63 163.14
305 24.60 25.94 48.67 16.57 169.90
306 24.68 21.75 43.86 13.81 158.06
307 24.70 33.82 47.14 20.08 199.41
308 24.81 73.04 118.59 24.04 183.93
309 24.79 46.41 64.40 23.12 211.81
310 24.78 57.17 83.91 24.06 219.35
311 24.88 28.52 50.89 16.13 182.02
312 24.85 52.30 76.68 24.48 217.28
313 24.94 59.52 85.25 24.71 216.76
314 24.95 36.23 55.19 21.88 202.58
315 24.94 48.75 76.43 25.95 231.84
316 25.04 61.70 94.88 27.20 211.96
317 25.05 54.89 84.60 24.87 218.76
318 25.14 78.85 125.65 22.98 179.58
319 25.22 81.89 116.32 21.17 150.95
320 25.32 16.73 46.80 12.82 147.12
321 25.22 39.57 63.35 23.35 209.49
322 25.21 42.75 62.08 26.72 221.00
323 25.31 69.57 126.49 25.03 200.51
324 25.34 84.99 109.86 18.92 130.88
325 25.25 64.44 109.95 26.12 205.33
326 25.39 66.91 123.33 25.70 206.25
327 25.39 31.46 54.24 20.04 184.54
328 25.44 19.68 45.91 14.27 155.74
329 25.68 23.76 54.04 15.84 170.47
330 25.71 50.74 83.82 26.69 216.55
331 25.72 44.90 71.03 25.56 223.96
332 25.68 75.92 117.90 23.95 173.50
333 25.82 13.33 45.65 11.50 124.62
334 25.94 37.23 62.71 22.97 208.04
335 26.03 26.49 57.55 16.84 175.06
336 25.90 58.16 104.79 28.09 214.91
337 25.93 53.24 96.79 26.41 213.71
338 25.97 34.18 57.75 19.68 187.97
339 26.06 73.17 132.73 23.18 190.43
340 26.07 41.13 68.95 23.51 214.34
341 26.11 29.19 64.06 18.21 195.18
342 26.21 55.93 108.53 26.10 217.22
343 26.17 48.72 89.74 27.26 220.53
344 26.21 62.94 117.34 26.50 212.26
345 26.26 70.78 136.87 25.43 189.90
346 26.32 60.53 113.53 26.68 213.86
347 26.45 46.76 82.68 25.89 212.20
348 26.38 80.32 117.28 23.31 149.96
349 26.58 21.41 57.94 15.74 153.62
350 26.57 65.55 142.07 25.29 207.02
351 26.63 67.96 141.12 25.31 201.66
352 26.75 42.85 79.62 24.94 217.81
353 26.65 83.42 106.20 19.51 142.10
354 26.86 15.42 55.88 12.11 135.50
355 26.77 18.25 58.64 14.54 159.64
356 26.85 77.24 123.49 24.03 170.51
357 26.79 31.62 70.60 20.53 201.33
358 26.81 38.81 76.55 22.92 216.21
359 26.69 85.11 111.35 19.06 126.74
360 26.57 78.52 124.75 22.67 163.83
361 26.86 51.51 110.70 26.41 220.46
362 27.03 44.86 90.70 27.30 226.71
363 27.00 54.00 122.34 28.09 218.46
364 26.99 58.44 123.38 28.08 213.65
365 27.08 74.87 125.17 24.24 180.19
366 27.05 24.51 65.36 15.54 171.37
367 27.08 34.31 77.03 21.40 211.20
368 27.29 36.45 83.30 22.64 209.64
369 27.28 12.56 63.64 11.51 120.64
370 27.25 28.05 72.04 18.21 182.94
371 27.34 40.73 90.39 26.52 215.66
372 27.45 49.38 123.14 28.26 219.91
373 27.32 63.05 141.89 25.76 212.60
374 27.51 69.61 146.58 26.00 211.44
375 27.54 72.14 138.07 26.69 188.36
376 27.59 82.13 113.70 23.74 141.17
377 27.57 56.36 144.99 27.77 214.46
378 27.67 60.76 145.44 27.84 216.06
379 27.77 46.94 110.85 26.68 215.06
380 27.82 79.51 119.10 25.53 163.10
381 27.84 19.78 72.31 14.89 165.77
382 27.85 65.24 156.25 27.82 210.01
383 27.98 22.56 82.01 16.82 170.85
384 27.96 30.51 88.33 20.08 197.19
385 27.90 85.99 106.65 21.03 126.56
386 28.02 51.97 144.26 29.66 219.03
387 28.09 67.41 156.71 26.61 210.59
388 28.09 33.37 93.04 20.02 202.08
389 28.06 44.03 111.77 26.12 221.45
390 28.18 25.67 79.83 17.25 179.33
391 28.33 10.68 76.95 9.98 116.05
392 28.17 37.65 100.48 24.69 205.47
393 28.32 16.69 73.60 13.12 143.21
394 28.12 54.16 153.13 30.33 218.43
395 28.22 58.75 142.13 28.36 212.80
396 28.35 76.80 116.36 24.95 174.44
397 28.45 42.02 124.46 27.00 225.58
398 28.38 74.34 124.04 24.80 182.81
399 28.49 39.79 108.22 24.40 214.25
400 28.72 13.78 80.60 11.51 128.16
401 28.59 28.32 95.94 19.26 192.09
402 28.51 62.98 149.68 24.99 212.91
403 28.73 50.17 151.73 30.04 219.78
404 28.86 83.76 101.99 21.73 141.86
405 28.73 70.28 143.20 26.73 195.57
406 28.89 35.27 110.55 24.28 205.35
407 28.85 48.02 137.93 26.68 210.49
408 28.80 56.85 158.69 29.47 216.57
409 29.00 45.55 129.03 26.59 219.86
410 28.97 60.82 149.35 27.75 222.22
411 29.03 19.99 87.70 15.19 161.46
412 29.05 80.79 105.79 23.16 156.82
413 29.09 32.17 111.70 21.15 205.04
414 29.23 65.10 157.78 28.24 209.31
415 29.16 54.57 161.58 28.91 218.03
416 29.26 23.37 95.29 16.36 171.57
417 29.23 67.60 149.69 27.29 199.77
418 29.37 78.60 110.02 26.48 161.12
419 29.35 72.59 135.55 27.67 189.45
420 29.18 82.09 114.62 22.71 159.12
421 29.40 37.73 133.36 25.01 218.94
422 29.45 52.08 163.14 31.04 220.99
423 29.49 43.43 145.25 28.92 224.78
424 29.49 26.35 114.03 17.57 190.03
425 29.55 86.29 98.56 22.17 129.96
426 29.61 29.73 126.73 19.11 200.20
427 29.74 58.73 149.16 28.54 219.10
428 29.75 11.02 100.38 11.96 123.32
429 29.77 17.52 97.45 13.84 161.03
430 29.72 40.27 137.54 27.59 219.86
431 29.69 75.93 122.66 24.35 193.59
432 29.77 62.81 147.16 28.09 214.24
433 30.05 49.39 164.42 29.56 220.80
434 30.03 69.24 142.20 25.23 193.76
435 29.97 47.07 154.71 27.06 224.42
436 30.10 56.31 158.01 29.63 219.60
437 30.13 34.10 131.57 24.01 204.32
438 30.35 13.82 100.67 14.02 129.57
439 30.22 21.31 107.37 16.34 166.60
440 30.31 36.20 136.77 24.23 209.18
441 30.37 31.70 139.43 21.26 211.66
442 30.35 41.95 151.28 27.50 223.52
443 30.31 54.04 166.46 30.01 217.33
444 30.37 60.66 144.83 28.46 217.75
445 30.41 66.86 136.35 27.85 195.76
446 30.42 83.39 101.06 23.89 148.38
447 30.45 71.27 126.97 27.30 190.16
448 30.43 80.24 102.74 24.98 150.16
449 30.55 45.07 153.34 29.03 220.97
450 30.53 24.63 120.25 18.17 177.41
451 30.50 28.21 133.42 20.86 191.40
452 30.56 73.96 116.80 25.22 180.51
453 30.67 64.50 140.09 29.42 207.95
454 30.67 51.37 170.30 30.16 227.20
455 30.74 38.84 145.91 26.78 214.20
456 30.94 77.08 105.72 25.93 165.45
457 30.97 86.39 96.40 21.53 134.95
458 31.07 16.31 111.21 13.83 148.75
459 30.99 57.81 151.07 27.51 217.63
460 31.09 19.08 126.01 15.03 162.72
461 31.15 11.04 105.15 13.23 123.15
462 31.10 47.25 164.89 29.22 217.42
463 31.20 62.36 138.75 30.96 211.33
464 31.27 43.38 151.13 27.07 214.04
465 31.40 22.19 122.20 17.52 161.76
466 31.37 30.33 137.09 21.34 189.25
467 31.36 36.71 147.73 26.15 213.65
468 31.45 69.31 124.02 30.59 204.38
469 31.47 27.01 134.00 19.61 193.02
470 31.43 33.83 138.96 24.20 204.80
471 31.42 40.69 151.96 25.82 216.79
472 31.45 49.49 159.21 28.96 218.07
473 31.34 53.24 165.19 30.18 214.37
474 31.56 55.67 146.43 28.06 220.69
475 31.60 82.13 92.14 24.04 152.04
476 31.64 59.85 138.09 27.48 212.31
477 31.57 66.72 129.94 29.04 200.88
478 31.61 72.06 114.04 28.57 186.69
479 31.77 74.73 119.47 27.74 198.45
480 31.74 79.45 108.73 26.95 184.48
481 32.01 24.79 136.01 18.90 176.12
482 32.04 64.59 116.69 28.90 193.48
483 32.11 45.07 144.40 29.67 212.97
484 32.23 14.95 105.24 12.98 137.75
485 32.17 51.60 146.18 27.61 213.32
486 32.32 9.06 97.26 11.55 114.15
487 32.34 12.09 100.91 12.92 122.88
488 32.30 86.46 86.94 23.89 136.78
489 32.29 19.95 123.90 17.16 153.15
490 32.32 32.02 139.49 23.94 202.42
491 32.28 37.71 140.59 25.48 203.00
492 32.34 47.14 146.17 28.33 221.97
493 32.30 57.69 140.17 30.24 218.54
494 32.43 83.80 91.32 24.73 152.98
495 32.36 42.53 158.46 29.31 224.81
496 32.42 28.60 142.21 21.62 184.27
497 32.39 62.25 125.06 28.75 209.44
498 32.61 89.04 81.63 21.91 103.66
499 32.55 35.16 130.25 26.22 202.42
500 32.45 54.14 146.19 29.54 228.02
501 32.66 77.53 96.85 26.79 166.72
502 32.57 40.42 138.40 26.43 212.07
503 32.80 17.64 117.58 15.50 148.16
504 32.68 49.15 144.25 28.19 219.58
505 32.72 68.96 121.87 27.91 193.72
506 32.78 22.48 129.61 17.71 165.64
507 32.69 71.64 104.06 28.03 190.48
508 32.88 66.55 113.49 28.31 199.79
509 32.81 60.06 127.63 32.32 216.96
510 32.98 80.49 92.57 24.76 155.09
511 32.90 74.80 102.79 26.83 175.24
512 33.27 56.04 125.87 28.37 220.01
513 33.36 30.50 139.57 21.96 195.77
514 33.27 38.76 135.25 25.69 213.31
515 33.27 64.16 114.29 27.39 202.19
516 33.32 25.27 135.77 18.85 172.48
517 33.32 43.87 129.14 26.88 222.20
518 33.41 33.15 140.19 22.51 203.89
519 33.36 50.92 141.73 30.54 216.64
520 33.49 53.48 128.50 28.49 217.53
521 33.61 12.77 98.41 13.47 130.37
522 33.58 28.02 143.10 21.04 181.63
523 33.63 45.81 134.06 30.70 215.62
524 33.53 58.45 121.70 29.30 216.40
525 33.67 36.42 128.78 26.86 203.45
526 33.58 86.33 83.11 24.72 123.20
527 33.67 9.19 88.12 11.70 109.20
528 33.64 61.78 113.89 30.14 212.97
529 33.71 83.28 85.23 26.01 136.34
530 33.93 15.65 104.28 15.42 136.60
531 33.88 41.85 124.73 28.72 216.61
532 33.83 73.18 109.89 28.71 188.35
533 33.91 48.00 122.38 27.89 213.07
534 33.90 70.67 103.24 28.29 183.61
535 34.01 18.95 107.40 15.38 148.35
536 33.94 21.86 116.04 17.72 154.77
537 33.91 68.11 106.67 26.89 197.67
538 33.90 76.55 90.58 28.57 159.96
539 34.26 89.21 85.67 22.02 103.18
540 34.24 66.00 110.28 28.62 198.72
541 34.17 80.00 83.35 24.57 148.55
542 34.30 39.52 122.14 26.00 207.29
543 34.43 60.21 118.49 28.61 216.83
544 34.47 57.22 118.88 30.51 213.49
545 34.48 50.04 123.38 27.43 212.14
546 34.45 63.43 110.92 31.00 202.35
547 34.61 26.92 124.83 21.74 189.41
548 34.53 33.37 126.39 23.29 201.61
549 34.55 52.38 119.04 30.32 216.71
550 34.56 54.85 123.06 28.75 216.45
551 34.72 24.09 109.32 18.15 155.98
552 34.56 30.91 116.85 23.07 191.95
553 34.73 85.56 90.94 25.20 122.21
554 34.74 10.93 84.47 12.16 120.49
555 34.78 35.63 119.57 25.67 203.50
556 34.84 43.71 120.68 28.99 218.21
557 34.81 74.52 95.23 26.32 173.51
558 34.91 46.26 117.56 28.05 211.42
559 34.94 77.92 103.31 28.66 188.66
560 34.95 82.02 83.52 26.93 144.80
561 34.95 69.30 107.51 28.93 188.80
562 35.18 14.02 89.23 13.71 130.54
563 35.14 71.74 106.43 28.64 173.57
564 35.23 38.25 118.60 27.03 206.82
565 35.24 17.37 96.70 15.43 142.70
566 35.19 20.70 103.66 17.46 156.65
567 35.21 41.17 119.59 27.19 212.59
568 35.35 28.99 119.76 23.11 182.36
569 35.36 65.32 111.15 30.18 202.61
570 35.45 58.66 113.96 29.58 207.52
571 35.52 6.68 69.06 10.85 92.88
572 35.53 48.98 109.30 29.07 207.26
573 35.53 60.89 106.97 31.68 211.06
574 35.54 63.02 106.55 30.84 205.52
575 35.69 67.29 108.26 29.86 192.51
576 35.63 87.92 89.30 24.46 111.41
577 35.66 56.49 116.40 29.61 210.39
578 35.69 51.60 113.87 30.79 207.26
579 35.74 83.77 92.29 26.65 133.64
580 35.74 54.01 115.75 30.22 213.54
581 35.76 75.95 101.57 28.24 163.74
582 35.79 31.95 117.21 25.64 185.13
583 35.89 9.96 76.93 12.88 115.03
584 35.84 26.24 106.02 22.32 171.57
585 35.89 80.05 89.42 27.77 140.20
586 35.88 34.30 110.74 24.68 193.19
587 36.03 23.39 95.84 18.29 164.50
588 36.00 36.50 107.88 25.58 197.38
589 36.08 73.48 105.71 30.05 177.48
590 36.14 44.55 108.50 28.51 211.04
591 36.15 46.76 112.55 30.45 215.85
592 36.20 42.43 111.84 27.98 212.42
593 36.27 69.12 106.87 29.73 181.61
594 36.35 40.11 100.99 26.78 199.51
595 36.44 14.51 80.13 13.67 124.12
596 36.49 71.25 105.15 29.66 170.61
597 36.54 85.65 84.54 26.40 118.61
598 36.43 20.38 91.67 17.39 146.92
599 36.50 29.87 107.12 23.36 184.09
600 36.59 17.54 88.68 15.54 135.01
601 36.57 77.53 95.59 27.73 146.72
602 36.58 59.79 103.94 30.97 198.09
603 36.68 64.66 106.67 29.21 197.26
604 36.72 62.38 104.77 32.88 200.75
605 36.72 55.39 105.69 29.98 199.68
606 36.84 82.33 87.83 26.96 125.19
607 36.98 11.55 76.51 13.65 123.16
608 36.85 37.95 116.67 27.15 204.83
609 36.80 48.83 108.20 30.08 196.78
610 36.88 50.98 111.68 30.46 202.44
611 36.87 7.32 74.29 12.11 101.54
612 36.93 27.74 98.32 21.64 168.68
613 36.94 57.59 110.14 32.29 202.10
614 36.95 89.88 81.96 23.49 94.80
615 37.02 53.13 113.68 30.00 211.35
616 36.95 66.83 111.55 31.00 188.07
617 37.17 32.09 106.41 24.91 185.59
618 37.02 34.55 102.59 23.99 195.22
619 37.20 25.36 91.70 21.00 163.06
620 37.16 74.31 102.53 29.75 159.65
621 37.37 22.79 84.49 19.90 151.73
622 37.40 79.47 95.02 27.35 136.07
623 37.36 42.31 108.56 28.85 201.18
624 37.40 44.90 106.84 31.31 195.79
625 37.59 87.47 83.74 26.95 107.18
626 37.55 69.26 113.96 28.66 175.86
627 37.60 47.30 104.32 31.28 207.37
628 37.64 60.67 107.76 31.08 189.49
629 37.74 39.52 109.69 27.54 196.74
630 37.66 71.80 107.97 28.45 166.00
631 37.85 14.41 66.38 16.11 112.69
632 37.76 36.32 108.79 25.91 203.74
633 37.88 20.24 84.74 18.50 135.28
634 37.80 29.70 93.71 22.61 176.03
635 37.81 76.27 102.42 28.93 147.74
636 37.94 9.03 68.39 13.32 106.50
637 37.92 17.51 80.71 15.46 126.80
638 37.88 84.38 87.63 26.16 117.26
639 38.03 64.85 105.31 31.03 188.20
640 37.90 55.35 112.04 30.45 196.73
641 38.02 62.68 110.25 30.78 195.97
642 38.05 58.35 106.26 32.25 197.07
643 38.14 49.63 106.74 32.36 199.89
644 38.10 67.21 112.41 29.64 183.98
645 38.18 33.77 96.54 25.53 182.20
646 38.12 52.16 112.28 30.55 205.99
647 38.25 81.53 90.67 26.57 124.81
648 38.22 27.29 90.24 23.68 164.98
649 38.35 6.06 59.71 10.66 85.52
650 38.45 11.69 70.76 12.93 112.15
651 38.41 73.49 103.05 29.63 160.01
652 38.44 89.47 83.55 26.49 85.60
653 38.51 31.67 94.95 25.39 178.79
654 38.51 41.84 108.03 27.97 200.22
655 38.51 44.11 111.77 30.76 195.55
656 38.64 24.72 86.04 21.69 167.30
657 38.62 78.24 93.36 29.13 129.08
658 38.69 46.53 109.15 28.63 192.73
659 38.67 70.52 112.43 31.10 164.11
660 38.73 37.29 107.06 29.03 194.20
661 38.98 22.12 76.16 18.64 132.03
662 38.92 54.01 109.88 30.84 188.45
663 38.93 60.13 116.32 31.03 186.95
664 39.07 39.84 103.52 28.84 200.12
665 39.03 57.10 111.02 32.94 179.22
666 39.14 15.94 76.13 14.58 119.33
667 38.98 86.15 77.43 27.87 98.25
668 39.10 34.97 102.19 25.71 176.88
669 39.11 75.69 100.41 30.05 144.24
670 39.15 68.43 110.39 30.18 165.39
671 39.21 19.11 82.63 18.13 126.96
672 39.23 29.38 94.41 23.20 169.10
673 39.17 62.61 101.39 31.63 176.23
674 39.20 65.93 104.82 32.89 169.57
675 39.28 48.88 119.97 31.13 201.71
676 39.24 51.28 109.39 29.75 188.77
677 39.43 9.42 70.93 12.79 102.09
678 39.46 83.38 84.85 27.04 102.90
679 39.34 80.42 86.83 27.99 118.10
680 39.59 13.01 72.51 14.30 109.25
681 39.57 27.04 88.25 21.75 158.00
682 39.53 73.03 96.58 28.58 143.78
683 39.60 44.19 119.42 31.42 211.31
684 39.76 31.44 99.14 25.59 174.14
685 39.73 88.78 74.00 28.16 80.60
686 39.86 6.53 61.74 11.93 92.26
687 39.82 70.67 111.87 31.90 155.91
688 39.84 38.05 94.61 28.39 175.66
689 39.96 41.62 103.41 30.59 191.39
690 39.88 46.63 106.33 30.91 181.67
691 39.93 77.75 89.91 30.57 122.86
692 40.07 33.70 98.26 26.49 174.05
693 39.89 55.18 110.52 31.42 174.39
694 39.94 24.48 85.08 20.45 142.55
695 39.98 64.30 109.78 31.54 175.39
696 40.06 59.56 110.62 33.38 173.06
697 40.18 52.68 112.62 30.14 175.78
698 40.38 21.14 72.84 17.40 120.57
699 40.33 57.27 117.33 33.82 172.22
700 40.25 68.22 110.61 31.23 149.51
701 40.40 36.02 107.78 28.13 167.82
702 40.34 61.87 112.80 30.90 169.18
703 40.26 85.82 81.09 27.40 101.21
704 40.38 74.96 88.37 29.69 127.96
705 40.43 18.16 74.32 17.03 113.82
706 40.47 50.52 111.76 32.62 173.80
707 40.61 14.97 70.87 16.26 107.97
708 40.54 28.91 90.67 23.96 151.91
709 40.50 80.84 77.96 31.63 104.01
710 40.66 11.19 67.01 14.12 99.40
711 40.63 48.31 108.69 32.71 175.10
712 40.68 66.36 105.34 32.08 146.03
713 40.74 72.54 96.74 31.71 135.78
714 40.66 43.89 111.39 31.65 198.84
715 40.86 38.73 104.35 27.79 165.01
716 40.97 26.37 90.36 21.49 134.36
717 41.12 7.78 66.76 12.73 85.07
718 41.01 31.47 92.53 24.57 149.24
719 40.99 70.20 107.36 31.27 142.66
720 41.15 83.37 71.91 27.01 88.16
721 41.05 23.50 73.54 19.68 120.48
722 40.98 54.42 103.45 31.46 165.66
723 41.13 78.80 80.66 29.39 106.15
724 41.19 45.98 109.01 30.63 170.36
725 41.20 64.37 98.83 31.42 146.81
726 41.22 88.63 65.55 27.18 68.28
727 41.17 41.09 103.90 30.31 174.56
728 41.31 76.68 81.58 29.46 113.06
729 41.32 60.31 99.02 32.23 140.92
730 41.32 33.81 99.34 26.91 160.03
731 41.39 58.22 103.21 32.55 149.90
732 41.56 52.04 102.49 33.16 162.79
733 41.54 62.47 101.25 30.98 141.14
734 41.55 86.25 68.02 28.09 71.75
735 41.62 17.78 73.68 17.43 103.47
736 41.63 36.18 106.22 26.05 151.06
737 41.68 49.71 98.23 31.92 162.25
738 41.77 56.18 95.46 33.83 145.71
739 41.72 68.68 98.42 30.74 131.62
740 41.74 74.50 86.17 30.21 112.33
741 41.71 28.92 89.53 23.28 134.27
742 41.84 21.06 72.54 17.45 110.55
743 41.76 43.33 105.58 30.51 153.41
744 41.89 14.21 63.77 16.78 95.30
745 41.90 10.90 63.57 14.36 86.06
746 41.88 80.79 73.27 29.46 86.53
747 41.89 66.32 91.20 30.56 128.05
748 41.96 71.98 94.05 29.62 118.88
749 42.14 4.81 52.82 11.94 64.93
750 42.04 38.92 104.14 29.24 147.92
751 42.15 47.69 99.92 31.86 157.14
752 42.10 24.21 80.34 22.88 113.30
753 42.18 53.95 95.44 32.98 142.07
754 42.35 26.59 84.32 21.83 123.84
755 42.30 31.12 94.01 27.08 128.36
756 42.43 41.36 101.62 31.28 154.85
757 42.43 45.38 95.32 32.44 140.76
758 42.45 78.01 75.48 30.16 82.65
759 42.49 83.63 70.04 28.67 69.03
760 42.31 89.37 65.55 28.86 57.04
761 42.46 33.67 96.09 27.13 138.78
762 42.47 61.10 86.07 31.75 127.67
763 42.54 7.75 61.54 13.23 76.35
764 42.60 64.59 93.88 33.38 120.86
765 42.55 58.34 91.36 30.18 140.66
766 42.78 70.15 85.30 30.97 102.94
767 42.69 36.91 96.07 29.06 132.76
768 42.79 16.68 58.85 17.29 86.15
769 42.91 19.54 67.68 18.41 96.03
770 42.77 50.54 94.80 33.36 150.56
771 42.93 86.86 65.40 27.95 54.29
772 42.84 67.87 88.15 34.21 114.64
773 42.82 74.18 80.97 30.05 95.14
774 43.04 28.54 82.14 22.45 115.87
775 42.92 90.39 64.68 26.08 43.27
776 43.09 22.93 78.95 21.14 102.72
777 43.04 55.34 93.75 33.09 143.89
778 43.19 43.34 92.00 31.05 128.65
779 43.18 62.66 80.93 33.26 108.82
780 43.13 80.23 76.94 30.21 69.23
781 43.25 52.79 92.24 35.14 135.05
782 43.30 76.32 76.05 32.27 78.60
783 43.21 10.59 58.62 14.70 74.29
784 43.37 13.62 55.44 15.44 76.94
785 43.25 39.94 95.00 30.07 124.03
786 43.35 72.22 75.87 27.94 88.44
787 43.30 48.21 91.66 32.06 127.02
788 43.48 35.05 92.63 27.83 116.37
789 43.58 25.68 81.02 23.70 97.71
790 43.58 32.61 91.40 27.09 111.79
791 43.51 59.80 87.21 35.77 127.90
792 43.58 30.58 91.34 24.14 112.59
793 43.55 45.72 84.39 31.39 126.34
794 43.61 82.59 72.88 28.59 59.85
795 43.80 6.50 55.08 12.73 55.68
796 43.60 57.07 95.16 31.86 147.28
797 43.69 66.39 83.12 34.11 103.75
798 43.78 37.62 90.94 27.49 111.87
799 43.93 21.00 66.00 19.13 83.39
800 43.99 64.20 80.27 33.39 102.55
801 43.95 68.94 72.35 32.54 87.19
802 44.00 88.41 61.45 28.48 41.23
803 44.19 90.66 64.17 27.62 39.74
804 43.98 50.11 89.05 36.12 127.64
805 44.02 16.61 62.40 17.46 69.88
806 44.16 41.88 78.63 29.68 109.29
807 44.11 74.27 74.37 30.66 71.80
808 44.15 84.74 64.93 29.03 47.78
809 44.24 77.82 72.94 32.68 61.49
810 44.35 9.73 53.84 13.32 56.86
811 44.27 55.04 76.47 32.58 96.31
812 44.32 71.14 75.44 35.41 81.59
813 44.27 28.30 77.16 23.29 90.06
814 44.27 61.67 77.90 32.35 94.44
815 44.26 80.51 70.10 30.86 53.75
816 44.45 23.66 74.60 21.34 85.72
817 44.41 47.25 78.53 30.77 103.61
818 44.45 52.31 76.40 33.40 99.97
819 44.48 58.36 75.86 33.24 99.38
820 44.58 39.53 79.59 28.12 98.07
821 44.45 86.75 59.70 27.57 39.70
822 44.60 44.53 81.74 31.79 100.00
823 44.62 33.56 77.90 27.09 97.41
824 44.87 13.15 55.12 15.93 56.52
825 44.84 19.32 56.24 18.46 60.27
826 44.67 36.13 80.59 26.94 102.61
827 44.89 30.36 76.27 23.19 79.10
828 44.94 26.32 68.71 23.44 79.31
829 44.95 67.52 74.14 32.29 75.21
830 45.02 65.31 71.77 33.50 79.38
831 45.05 49.30 76.15 33.74 87.10
832 45.15 75.36 71.18 32.31 54.38
833 45.20 82.91 63.77 29.53 44.09
834 45.20 73.03 78.54 33.89 71.55
835 45.18 60.44 72.18 33.49 81.25
836 45.48 89.60 59.54 27.30 27.89
837 45.32 6.90 49.65 14.05 40.97
838 45.20 16.22 54.22 17.60 55.26
839 45.32 56.46 71.04 34.83 86.35
840 45.30 63.06 74.57 34.06 75.73
841 45.27 69.80 74.31 34.26 72.91
842 45.30 42.73 79.07 31.49 86.44
843 45.34 54.04 78.01 34.24 78.89
844 45.44 22.22 63.63 21.38 64.08
845 45.39 80.14 69.24 31.11 44.28
846 45.53 37.94 73.71 29.21 78.12
847 45.28 78.01 70.71 30.67 47.84
848 45.49 85.51 60.24 29.87 34.94
849 45.60 46.51 73.49 34.55 85.01
850 45.60 32.44 69.51 25.72 76.70
851 45.65 51.39 72.35 34.15 72.57
852 45.71 10.46 50.71 14.72 45.25
853 45.70 40.66 77.95 29.56 81.79
854 45.72 34.91 64.62 26.16 72.97
855 45.60 92.48 60.65 25.84 30.05
856 45.90 24.78 62.77 21.99 57.92
857 45.90 58.63 70.58 35.29 68.16
858 45.95 27.72 68.12 24.93 65.23
859 45.98 71.48 74.69 33.19 56.18
860 46.08 18.35 56.88 17.34 45.19
861 46.10 44.61 70.94 33.45 69.38
862 46.17 30.40 63.14 25.74 61.20
863 46.08 65.78 69.74 34.79 61.82
864 46.29 15.07 56.36 16.25 43.24
865 46.17 48.68 71.86 32.31 64.82
866 46.20 68.33 73.36 37.75 63.61
867 46.33 61.35 71.49 34.39 59.85
868 46.45 20.85 61.76 20.74 46.86
869 46.37 53.40 73.39 34.75 65.18
870 46.41 75.26 70.84 31.62 43.46
871 46.43 80.67 74.11 31.55 35.07
872 46.32 12.98 52.04 16.96 35.56
873 46.46 63.56 72.53 35.56 54.38
874 46.46 36.20 61.86 26.91 60.47
875 46.57 55.78 71.72 34.89 61.41
876 46.56 83.33 62.66 33.10 30.84
877 46.52 39.12 71.27 30.02 64.55
878 46.73 8.28 47.16 14.16 28.06
879 46.63 42.34 68.63 31.76 58.01
880 46.62 78.04 69.40 32.21 37.22
881 46.72 88.07 62.37 29.72 26.46
882 46.93 5.46 43.73 13.39 26.73
883 46.78 33.43 65.26 27.99 55.99
884 46.84 12.15 49.04 16.04 36.63
885 46.61 37.44 70.00 27.48 49.48
886 46.78 73.05 69.44 32.00 40.05
887 46.84 51.38 77.40 35.80 60.69
888 46.98 23.09 62.04 22.50 46.85
889 47.06 25.93 61.41 24.10 47.11
890 46.99 70.68 74.74 34.15 49.79
891 47.11 90.47 59.39 28.80 23.07
892 46.86 92.31 56.77 27.64 21.94
893 47.10 46.76 71.31 35.63 56.27
894 46.96 57.85 71.05 35.93 57.26
895 47.06 29.12 62.87 25.85 47.73
896 47.12 66.61 68.14 34.17 48.34
897 47.23 17.07 51.69 18.33 32.71
898 47.23 60.09 73.49 34.22 50.71
899 47.27 49.24 71.00 31.90 51.57
900 47.39 64.37 70.91 36.17 42.60
901 47.12 86.09 60.13 27.33 26.87
902 47.35 44.42 64.91 31.97 49.99
903 47.50 35.24 63.13 30.44 46.78
904 47.40 40.29 66.43 31.68 47.10
905 47.42 68.64 72.89 36.53 43.06
906 47.36 84.72 59.80 30.07 26.20
907 47.58 31.64 68.46 27.53 46.65
908 47.65 37.58 63.35 29.12 45.58
909 47.48 53.86 77.23 34.96 49.02
910 47.64 20.35 54.85 20.48 33.71
911 47.54 80.91 65.72 33.78 26.94
912 47.81 10.59 45.41 15.85 23.50
913 47.69 74.81 70.81 32.06 36.52
914 47.68 77.19 70.88 31.90 30.07
915 47.75 62.15 72.03 37.82 42.09
916 48.02 14.01 48.49 18.31 25.47
917 47.77 79.59 60.25 32.25 21.68
918 47.94 55.97 74.54 37.32 43.35
919 48.03 82.83 63.05 32.53 23.51
920 48.00 27.89 60.24 27.03 37.29
921 47.96 72.54 72.68 35.09 32.12
922 47.74 86.21 58.20 32.04 20.08
923 48.01 23.80 58.66 22.87 34.71
924 47.97 51.49 70.13 33.65 41.04
925 48.01 58.31 70.94 36.69 43.86
926 48.18 7.82 43.43 15.35 22.51
927 48.18 41.62 62.48 32.32 40.70
928 48.06 88.39 56.44 30.73 20.48
929 48.29 3.73 35.07 12.32 15.28
930 48.26 70.34 67.85 34.41 31.34
931 48.26 33.75 65.26 28.24 42.21
932 48.24 91.26 60.70 29.58 19.86
933 48.24 65.47 67.60 35.72 34.70
934 48.32 18.01 53.47 20.22 27.04
935 48.34 46.53 62.34 38.74 37.01
936 48.33 48.88 68.31 36.76 38.07
937 48.59 25.94 57.43 25.45 30.69
938 48.38 43.86 63.63 31.61 38.51
939 48.46 30.12 60.22 27.75 37.43
940 48.50 67.63 70.86 37.83 34.84
941 48.53 60.33 72.50 37.40 36.76
942 48.67 38.89 62.74 31.87 35.01
943 48.78 85.51 55.48 31.97 18.45
944 48.58 53.63 71.76 36.53 37.46
945 48.53 84.27 59.39 31.78 21.09
946 48.74 21.47 52.49 21.74 25.09
947 48.68 36.30 61.86 29.09 37.54
948 48.85 62.94 67.64 36.42 30.73
949 48.84 76.06 65.40 34.26 22.63
950 48.89 80.49 61.29 33.06 20.51
951 49.06 32.35 60.33 28.75 30.52
952 48.88 57.16 71.15 38.55 34.53
953 48.95 73.47 65.41 35.97 25.18
954 49.11 11.10 46.39 17.36 19.66
955 49.04 50.64 67.23 34.77 35.45
956 49.23 5.77 37.63 14.61 16.51
957 49.25 7.38 38.25 15.45 14.68
958 49.34 23.82 54.33 24.98 24.20
959 49.24 69.26 64.04 37.22 29.43
960 49.29 91.26 51.04 30.35 15.08
961 49.34 65.23 65.75 36.49 27.73
962 49.32 88.41 52.11 31.21 19.00
963 49.51 19.26 47.72 22.18 20.20
964 49.32 27.93 55.70 26.80 25.79
965 49.38 45.26 65.55 36.42 34.14
966 49.40 48.11 65.09 38.15 30.15
967 49.44 55.32 66.18 38.97 30.08
968 49.51 82.69 54.85 33.04 19.31
969 49.39 93.28 50.71 29.05 13.51
970 49.36 16.18 49.98 19.85 20.29
971 49.41 40.63 62.90 34.00 30.19
972 49.49 42.97 65.89 35.27 33.25
973 49.34 58.88 65.90 41.54 34.00
974 49.52 34.66 60.19 31.79 29.02
975 49.62 71.37 66.25 37.12 24.75
976 49.63 30.22 60.44 27.40 24.97
977 49.66 52.88 67.00 38.62 30.39
978 49.79 13.55 46.52 19.03 18.42
979 49.61 61.03 65.52 38.06 29.70
980 49.72 67.24 65.19 37.81 28.51
981 49.79 78.41 57.39 36.59 21.01
982 50.08 21.53 50.27 24.78 18.49
983 50.04 25.86 53.03 28.35 22.46
984 50.02 37.23 59.56 35.90 29.64
985 49.98 76.08 57.69 37.53 20.03
986 50.03 85.41 50.26 33.86 18.15
987 50.25 8.61 43.33 17.35 15.23
988 50.16 50.85 65.17 39.93 27.30
989 49.85 58.52 67.18 46.27 23.64
990 50.06 63.21 64.73 40.59 25.22
991 50.09 73.69 62.42 39.88 22.36
992 50.26 56.95 67.30 41.06 25.39
993 50.24 39.42 58.84 34.82 24.96
994 50.23 46.32 61.35 37.33 28.70
995 50.49 5.12 36.48 13.73 11.44
996 50.30 80.66 54.62 32.74 18.64
997 50.30 16.96 46.63 20.54 17.17
998 50.39 32.40 57.15 32.54 22.84
999 50.44 59.73 61.96 41.50 25.34
1000 50.55 69.66 60.41 38.21 21.93
1001 50.49 28.18 53.32 27.85 18.65
1002 50.39 91.18 50.08 29.61 12.80
1003 50.52 42.07 60.21 36.88 24.00
1004 50.51 48.47 63.25 39.19 24.17
1005 50.58 54.49 66.03 44.97 24.87
1006 50.62 87.65 47.69 35.02 16.55
1007 50.61 94.04 46.28 30.54 10.12
1008 50.55 65.20 63.56 41.00 22.15
1009 50.83 11.25 41.55 18.65 12.35
1010 50.66 82.89 51.61 34.30 16.00
1011 50.64 88.99 49.56 34.44 15.11
1012 50.72 34.68 58.88 33.63 22.45
1013 50.80 23.48 50.51 26.45 17.37
1014 50.87 44.45 58.34 37.69 21.61
1015 50.90 61.95 61.61 46.74 20.30
1016 50.78 67.56 62.02 39.84 21.29
1017 50.86 30.34 53.24 30.45 19.78
1018 50.87 72.02 57.67 38.52 20.17
1019 51.00 19.55 45.89 22.65 14.52
1020 50.97 77.13 55.21 38.38 15.31
1021 51.10 14.27 43.80 20.85 13.35
1022 51.07 52.62 63.59 43.80 22.59
1023 51.21 74.74 57.51 39.87 17.28
1024 51.18 57.98 58.02 46.76 19.98
1025 51.25 79.38 55.47 36.92 15.32
1026 51.25 26.15 50.95 29.73 15.93
1027 51.27 36.77 54.93 36.15 19.65
1028 51.28 39.78 54.13 38.15 20.69
1029 51.24 50.24 63.20 43.30 21.52
1030 51.12 83.58 51.43 35.93 12.71
1031 51.39 85.48 49.19 38.51 13.76
1032 51.38 46.75 57.68 38.36 19.97
1033 51.46 91.89 47.89 33.96 11.99
1034 51.50 6.36 38.38 16.22 10.29
1035 51.43 55.73 61.21 47.54 21.54
1036 51.57 63.75 58.67 45.52 18.21
1037 51.56 8.07 36.85 15.88 8.08
1038 51.67 16.78 46.12 23.07 11.86
1039 51.52 60.11 58.19 47.33 19.23
1040 51.61 65.87 61.22 47.20 19.65
1041 51.69 28.77 48.50 32.70 17.36
1042 51.64 42.34 55.71 40.62 20.23
1043 51.71 33.89 55.84 37.19 17.22
1044 51.76 70.50 57.14 44.87 16.75
1045 51.74 31.82 54.33 34.06 17.21
1046 51.73 81.98 48.85 38.10 14.17
1047 51.97 21.03 45.86 27.79 12.77
1048 52.10 89.58 46.94 39.10 11.04
1049 51.98 94.24 42.17 35.46 9.62
1050 52.09 10.29 38.83 20.90 9.71
1051 51.98 23.41 48.35 31.21 15.89
1052 52.02 53.42 54.83 48.14 18.57
1053 52.10 48.72 57.85 47.16 19.15
1054 51.96 72.81 56.19 42.15 16.77
1055 52.11 44.67 56.22 41.12 16.09
1056 51.89 30.69 56.60 32.00 14.70
1057 52.17 57.61 57.75 52.58 17.35
1058 52.16 77.06 53.00 42.51 16.53
1059 52.43 4.42 33.82 16.73 6.25
1060 52.22 38.02 51.02 40.53 16.53
1061 52.18 51.14 59.71 49.16 19.84
1062 52.39 13.43 43.72 21.93 11.30
1063 52.41 62.07 61.48 56.77 17.16
1064 52.34 25.63 48.94 35.91 12.61
1065 52.38 79.34 53.75 41.05 14.60
1066 52.59 87.46 49.70 41.23 11.84
1067 52.51 55.45 56.79 55.76 17.69
1068 52.54 40.53 52.75 43.92 15.95
1069 52.48 74.76 53.29 46.46 13.96
1070 52.65 18.73 43.89 26.34 10.07
1071 52.52 59.81 57.89 57.54 16.63
1072 52.60 84.35 50.68 41.25 12.75
1073 52.72 27.98 48.09 38.67 12.72
1074 52.81 36.31 52.64 43.11 16.13
1075 52.75 46.67 57.58 48.85 17.00
1076 52.68 64.30 60.44 53.96 15.28
1077 52.72 66.70 56.84 52.92 16.60
1078 52.77 7.77 37.64 18.34 7.09
1079 52.76 30.40 54.42 39.07 13.62
1080 52.74 42.50 52.82 46.86 15.89
1081 52.75 33.47 55.11 38.23 14.96
1082 52.98 69.04 55.69 54.13 13.40
1083 52.81 71.43 57.09 48.54 15.14
1084 52.77 15.78 42.57 25.05 9.02
1085 53.14 81.47 54.53 45.98 11.37
1086 53.16 53.36 56.22 60.65 16.38
1087 53.20 23.72 46.58 39.58 9.81
1088 53.24 21.20 46.80 32.09 9.79
1089 53.14 57.30 57.20 58.18 16.68
1090 53.45 11.04 39.27 21.37 6.49
1091 53.24 38.89 47.52 45.07 13.89
1092 53.32 44.24 58.87 51.74 16.73
1093 53.28 48.85 58.11 52.95 15.60
1094 53.20 51.16 59.41 59.38 17.20
1095 53.31 78.17 55.12 46.60 12.06
1096 53.30 16.62 43.76 26.00 8.11
1097 53.42 76.04 53.30 51.55 12.50
1098 53.52 89.20 46.92 41.29 9.88
1099 53.51 31.95 55.48 41.08 13.14
1100 53.48 73.48 55.77 52.17 13.80
1101 53.36 80.25 53.57 45.52 11.39
1102 53.48 25.99 49.91 39.86 11.09
1103 53.53 59.50 61.47 62.98 16.11
1104 53.57 61.90 61.41 64.60 14.46
1105 53.68 13.80 40.03 28.09 9.18
1106 53.71 82.86 57.96 47.73 12.07
1107 53.79 6.52 37.25 20.55 6.19
1108 53.70 55.29 61.75 63.27 13.09
1109 53.66 65.16 62.78 61.39 12.89
1110 53.84 41.18 52.92 58.37 14.47
1111 53.66 91.09 48.22 42.59 8.20
1112 53.84 28.83 53.92 45.16 11.66
1113 53.76 34.40 49.04 46.28 12.47
1114 53.83 46.52 56.91 57.62 15.31
1115 53.80 67.28 61.97 62.20 13.54
1116 53.87 84.71 53.05 47.05 10.91
1117 53.87 86.61 48.21 47.70 10.02
1118 53.90 71.28 58.90 58.32 13.14
1119 54.20 19.83 45.49 36.75 8.16
1120 54.14 36.54 54.45 52.30 13.89
1121 54.13 52.16 59.80 70.55 13.71
1122 54.10 57.46 65.54 73.46 14.86
1123 54.25 17.06 45.98 33.17 8.87
1124 54.26 38.89 53.02 57.16 13.69
1125 54.23 49.82 62.64 67.23 15.02
1126 54.30 63.44 66.05 72.23 14.51
1127 54.39 80.00 66.94 60.89 12.46
1128 54.47 4.29 36.59 22.55 3.95
1129 54.25 22.82 49.64 41.51 9.25
1130 54.40 69.55 72.36 70.95 16.42
1131 54.38 77.21 60.70 55.56 9.59
1132 54.32 43.80 59.32 66.19 14.01
1133 54.61 9.36 38.01 25.34 5.97
1134 54.48 74.62 60.90 63.23 11.68
1135 54.52 26.17 51.87 47.07 10.39
1136 54.18 31.65 45.75 59.50 10.75
1137 54.50 60.47 66.98 75.48 14.06
1138 54.60 92.76 45.87 47.18 6.86
1139 54.68 53.98 60.62 76.15 12.93
1140 54.74 12.67 41.20 28.32 7.27
1141 54.63 32.44 57.41 46.79 11.10
1142 54.71 47.52 62.47 70.59 13.17
1143 54.69 30.43 56.77 50.06 10.66
1144 54.83 90.60 49.55 52.63 8.51
1145 54.87 65.41 71.49 75.99 11.80
1146 54.83 72.43 59.21 67.09 11.28
1147 54.77 82.21 59.58 54.70 9.83
1148 54.81 88.25 52.81 52.12 8.32
1149 54.90 58.64 69.02 77.08 13.52
1150 54.99 34.41 55.15 60.25 11.15
1151 54.97 56.23 65.28 77.54 12.04
1152 54.91 67.73 67.43 75.16 13.16
1153 55.00 6.92 40.14 28.34 5.71
1154 54.88 28.41 53.85 51.64 10.69
1155 55.07 42.13 60.05 73.20 12.68
1156 55.04 84.71 56.26 56.89 8.65
1157 55.09 24.11 53.83 48.42 9.78
1158 55.19 62.11 67.40 84.68 12.06
1159 54.96 5.06 37.38 24.00 4.31
1160 55.39 15.31 45.41 36.69 6.33
1161 55.11 50.87 69.08 87.66 13.81
1162 55.23 36.93 58.23 65.99 10.95
1163 55.19 39.82 58.47 71.16 12.16
1164 55.21 44.87 65.64 82.52 13.35
1165 55.27 78.34 61.04 62.64 10.20
1166 55.32 21.34 48.22 45.90 7.40
1167 55.48 75.97 61.04 66.62 9.94
1168 55.49 70.58 67.97 78.46 10.73
1169 55.42 18.43 47.09 41.53 6.69
1170 55.59 32.07 54.11 61.04 10.25
1171 55.74 80.33 62.77 67.47 9.33
1172 55.74 47.53 64.30 89.22 12.74
1173 55.85 52.47 68.31 91.96 11.74
1174 55.79 59.98 65.84 93.29 12.10
1175 55.92 64.04 72.10 94.13 11.39
1176 55.84 92.45 55.51 55.15 6.38
1177 55.82 25.87 54.29 59.12 7.59
1178 55.80 54.73 68.25 93.03 10.90
1179 55.82 73.32 65.68 76.05 9.91
1180 56.01 4.02 34.69 28.27 2.80
1181 55.79 11.16 41.72 32.94 5.95
1182 55.92 29.43 54.19 64.08 8.81
1183 55.85 57.64 65.52 94.83 11.59
1184 55.89 86.27 56.19 61.97 8.00
1185 55.79 90.67 52.23 59.33 6.90
1186 56.08 7.77 44.04 32.41 4.97
1187 56.02 66.25 66.91 89.16 10.17
1188 55.96 68.51 67.32 86.48 10.21
1189 56.07 83.33 65.44 65.98 8.62
1190 56.12 50.02 64.31 90.44 12.28
1191 56.13 23.26 50.23 56.51 8.31
1192 56.04 34.44 59.05 67.46 11.21
1193 55.97 17.78 48.59 38.82 6.88
1194 56.23 42.85 57.21 83.68 11.11
1195 56.27 37.73 59.93 81.19 11.75
1196 56.31 89.67 53.95 64.23 7.69
1197 56.37 20.07 52.32 51.51 6.03
1198 56.26 40.12 58.53 84.69 10.48
1199 56.28 94.77 42.93 52.75 4.37
1200 56.55 13.45 43.13 37.75 5.47
1201 56.33 45.32 59.17 90.16 11.14
1202 56.39 78.18 68.66 81.23 8.97
1203 56.41 61.74 74.58 100.90 11.40
1204 56.64 16.62 44.93 47.30 5.01
1205 56.60 31.29 63.39 75.07 8.54
1206 56.69 70.42 67.40 94.00 9.95
1207 56.63 75.43 69.93 85.30 9.01
1208 56.79 27.10 54.57 73.33 7.77
1209 56.67 56.55 65.70 98.64 10.96
1210 56.85 35.72 57.90 86.02 9.32
1211 56.84 48.20 60.16 102.48 11.35
1212 56.94 9.82 44.33 37.81 4.71
1213 56.90 54.21 68.11 110.37 11.24
1214 56.92 58.96 65.47 106.00 11.21
1215 56.95 72.68 68.81 93.22 10.41
1216 57.08 1.93 24.16 28.48 1.47
1217 56.98 81.04 68.53 75.28 9.01
1218 57.13 21.98 49.64 66.88 6.42
1219 57.06 67.73 73.02 101.49 10.42
1220 56.75 85.35 48.91 69.55 6.82
1221 57.22 5.49 37.54 36.02 3.45
1222 57.06 33.18 61.05 80.48 9.27
1223 57.06 52.02 57.93 103.21 10.10
1224 56.98 86.83 52.19 69.36 6.56
1225 57.13 24.56 52.62 69.59 6.83
1226 57.21 65.32 70.61 108.46 10.52
1227 57.07 83.87 63.31 75.02 7.30
1228 57.25 29.22 61.98 80.17 8.42
1229 57.39 18.44 47.86 58.22 6.05
1230 57.31 63.12 71.89 111.14 9.89
1231 57.36 41.84 56.31 99.48 9.75
1232 57.42 44.16 56.16 107.97 9.20
1233 57.40 46.43 60.74 102.93 10.16
1234 57.47 96.19 29.45 46.77 2.80
1235 57.48 37.53 58.11 93.48 9.64
1236 57.48 39.81 59.53 99.27 10.08
1237 57.55 50.00 58.27 108.19 9.76
1238 57.47 78.29 67.57 89.16 9.43
1239 57.64 60.65 72.39 119.20 10.50
1240 57.61 14.85 41.82 48.37 5.03
1241 57.84 93.72 53.22 66.67 4.59
1242 57.89 97.97 16.64 31.88 1.34
1243 57.66 56.19 61.44 122.13 10.21
1244 57.87 11.06 43.04 42.83 4.91
1245 57.71 75.92 66.54 93.01 8.59
1246 57.73 69.45 75.10 110.51 9.95
1247 57.85 31.38 60.12 88.58 8.30
1248 57.80 85.62 57.83 83.10 7.75
1249 57.95 73.68 70.33 104.89 8.48
1250 57.87 26.82 52.34 81.60 7.05
1251 57.91 34.55 60.79 97.32 8.62
1252 58.01 89.53 56.30 75.77 6.64
1253 58.17 7.55 40.83 41.63 3.56
1254 58.13 20.62 45.08 69.41 6.42
1255 58.04 53.54 63.01 134.98 10.80
1256 57.81 83.57 54.23 83.23 7.92
1257 58.09 58.42 69.06 126.97 9.29
1258 58.15 80.23 69.99 94.59 7.84
1259 58.25 82.57 66.90 84.95 7.67
1260 58.15 24.42 47.28 76.99 6.43
1261 58.31 47.61 56.09 118.34 9.90
1262 58.24 66.69 69.83 115.67 9.16
1263 58.29 2.59 22.86 31.03 1.12
1264 58.35 71.40 65.07 115.66 9.11
1265 58.06 87.05 64.52 77.83 7.17
1266 58.34 62.28 75.91 123.65 9.17
1267 58.46 64.60 70.30 125.17 8.67
1268 58.51 18.02 43.21 61.58 5.35
1269 58.52 28.81 58.42 94.01 6.81
1270 58.55 38.52 60.50 118.11 8.74
1271 58.50 42.76 54.90 112.34 9.13
1272 58.41 92.93 47.27 73.93 4.87
1273 58.59 45.10 55.06 120.70 9.33
1274 58.66 36.22 59.36 115.14 8.74
1275 58.68 49.61 57.83 128.00 9.28
1276 58.76 51.62 55.84 130.87 10.18
1277 58.77 40.62 56.61 118.43 10.08
1278 58.71 55.93 63.70 138.00 10.92
1279 58.79 77.52 61.98 103.53 8.19
1280 58.89 22.34 46.67 78.55 5.76
1281 58.76 68.56 65.53 125.55 9.88
1282 58.96 96.26 28.19 51.50 2.44
1283 58.84 15.11 39.53 56.52 4.58
1284 58.80 91.40 55.16 75.65 5.44
1285 59.12 12.28 39.87 55.82 4.40
1286 58.90 75.06 68.93 116.69 7.69
1287 58.95 85.03 62.13 90.01 6.72
1288 58.90 33.33 60.49 108.00 8.05
1289 59.01 9.58 39.88 49.97 3.35
1290 59.02 31.09 59.56 105.68 7.92
1291 59.12 60.15 68.83 137.77 9.70
1292 59.05 87.72 59.42 84.01 6.43
1293 59.07 26.33 52.51 96.37 6.09
1294 59.17 4.92 33.83 45.22 2.43
1295 59.16 53.79 59.28 141.56 9.06
1296 59.20 57.93 65.29 149.29 9.15
1297 59.36 72.67 65.21 127.06 8.40
1298 59.37 1.84 16.20 34.88 0.72
1299 59.41 62.35 68.40 141.57 8.95
1300 59.35 79.88 65.01 106.68 7.87
1301 59.47 19.96 45.99 75.99 5.61
1302 59.53 70.08 65.32 135.08 7.84
1303 59.53 82.47 58.27 99.10 7.18
1304 59.58 24.31 53.17 95.20 6.71
1305 59.56 46.83 54.93 136.52 9.00
1306 59.58 67.03 60.90 131.90 8.88
1307 59.58 64.60 59.42 135.86 8.94
1308 59.70 42.11 52.18 132.18 8.89
1309 59.81 16.65 37.96 69.87 4.51
1310 59.79 28.73 55.46 105.65 7.04
1311 59.76 39.27 61.42 138.44 8.89
1312 59.79 90.12 56.15 85.18 5.63
1313 59.83 34.79 60.48 115.46 7.96
1314 59.81 44.46 59.45 148.62 9.38
1315 59.70 49.23 58.11 145.21 9.46
1316 59.87 36.98 63.57 130.59 8.88
1317 60.01 93.64 46.18 75.39 3.37
1318 59.65 98.08 13.08 30.62 0.85
1319 59.98 7.90 36.74 55.03 3.34
1320 59.90 55.40 62.25 154.57 8.56
1321 59.87 52.19 55.19 146.71 9.16
1322 59.98 77.47 61.00 115.54 7.06
1323 60.04 74.92 67.85 125.38 7.94
1324 60.13 85.73 56.43 96.94 5.96
1325 60.20 30.88 56.84 108.31 7.16
1326 60.18 13.96 40.27 63.67 4.21
1327 60.23 22.23 45.51 90.94 5.92
1328 60.29 95.98 27.04 54.65 2.11
1329 60.36 26.31 52.32 103.16 6.71
1330 60.28 57.82 67.27 164.83 9.03
1331 60.40 32.81 54.71 117.64 7.55
1332 60.36 4.09 25.55 47.38 1.72
1333 60.53 10.58 39.89 66.20 3.84
1334 60.39 60.03 64.19 151.41 9.17
1335 60.55 18.83 42.65 86.57 5.06
1336 60.50 62.42 64.50 153.75 8.06
1337 60.49 71.30 69.81 146.97 8.24
1338 60.26 80.03 47.50 115.81 6.56
1339 60.53 50.66 61.53 155.16 9.74
1340 60.53 68.42 61.17 147.40 8.02
1341 60.77 88.56 57.79 98.78 5.55
1342 60.56 65.51 62.28 151.46 7.75
1343 60.70 47.95 57.51 158.18 8.60
1344 60.71 83.68 56.80 106.14 6.21
1345 60.69 81.28 58.86 111.36 6.52
1346 60.83 40.94 60.85 142.27 8.82
1347 60.77 53.53 57.39 153.40 8.28
1348 60.85 73.38 65.22 149.73 7.16
1349 60.88 45.68 59.65 150.37 8.35
1350 60.98 7.26 35.24 64.12 2.68
1351 60.92 38.61 60.89 137.18 8.31
1352 61.00 43.36 58.66 139.72 8.32
1353 60.98 78.50 56.30 129.60 6.95
1354 61.06 91.75 55.42 94.98 4.29
1355 61.08 23.99 50.03 102.86 5.13
1356 61.03 35.80 54.62 123.43 7.17
1357 60.97 56.08 66.46 162.05 9.31
1358 61.03 28.91 56.29 116.38 6.47
1359 61.32 15.61 40.35 79.22 3.90
1360 61.23 75.90 64.06 141.10 7.10
1361 61.34 21.02 49.85 97.40 5.26
1362 61.34 63.82 62.81 159.47 8.82
1363 61.32 12.81 36.62 70.53 3.36
1364 61.40 67.10 67.97 159.94 7.59
1365 61.47 58.73 63.56 165.90 8.84
1366 61.35 69.79 66.61 150.74 8.15
1367 61.46 94.43 37.09 77.24 2.97
1368 61.18 5.98 31.00 67.17 2.33
1369 61.52 26.49 58.01 110.56 6.39
1370 61.47 49.63 57.23 154.74 8.10
1371 61.51 33.38 53.58 127.22 6.61
1372 61.52 61.12 62.87 155.55 8.23
1373 61.47 85.69 56.00 109.78 5.17
1374 61.58 31.20 57.69 121.02 6.97
1375 61.77 51.78 60.15 160.85 8.64
1376 61.76 3.82 21.43 51.69 1.27
1377 61.74 81.24 53.38 120.50 6.26
1378 61.74 11.51 33.80 71.90 3.84
1379 61.74 18.37 43.97 91.98 4.65
1380 61.79 54.34 62.42 162.80 8.85
1381 61.87 72.08 67.05 150.23 7.30
1382 61.88 37.23 61.27 138.52 6.77
1383 61.87 5.70 26.33 56.92 2.10
1384 61.98 8.31 33.82 66.09 3.02
1385 61.82 46.90 67.77 158.26 8.50
1386 61.95 41.86 60.45 147.12 8.27
1387 61.95 56.57 63.90 164.04 8.73
1388 62.19 39.47 66.28 147.13 8.01
1389 62.08 78.93 52.32 132.40 6.47
1390 62.14 88.76 54.80 109.74 5.38
1391 62.18 28.37 56.75 116.89 5.86
1392 62.19 65.12 68.88 159.15 7.96
1393 62.13 74.34 66.62 148.03 6.47
1394 62.27 22.60 48.54 98.89 4.98
1395 62.24 34.96 54.96 134.53 7.32
1396 62.23 44.22 67.63 164.68 8.81
1397 62.26 91.34 49.54 99.60 4.20
1398 62.30 62.80 64.34 159.34 8.12
1399 62.34 69.48 63.44 148.79 7.13
1400 62.61 76.63 61.63 141.01 6.32
1401 62.45 67.26 64.73 154.90 7.45
1402 62.78 13.84 41.13 81.86 3.83
1403 62.71 19.97 44.39 91.44 5.31
1404 62.56 25.06 55.52 107.25 5.90
1405 62.80 17.01 40.20 84.28 4.45
1406 62.58 49.19 64.72 159.92 8.09
1407 62.62 60.42 66.79 163.12 8.19
1408 62.71 30.37 55.38 122.33 6.32
1409 62.73 32.73 54.92 131.22 6.64
1410 62.65 58.15 65.19 170.19 7.32
1411 62.52 83.75 50.86 124.24 5.55
1412 62.76 93.59 36.09 87.16 2.92
1413 62.77 10.65 39.09 74.31 3.39
1414 62.69 53.07 64.97 161.37 9.05
1415 62.91 3.81 22.67 52.25 1.51
1416 62.82 46.43 71.30 158.66 7.55
1417 62.91 55.44 67.55 168.26 8.47
1418 63.00 81.19 49.65 129.20 6.14
1419 62.95 36.83 62.35 139.62 6.88
1420 63.09 86.03 52.79 120.81 5.27
1421 63.15 6.79 33.44 68.73 2.17
1422 63.05 41.67 72.54 149.76 7.82
1423 63.06 71.21 63.59 149.75 7.35
1424 63.27 27.81 53.84 117.71 6.11
1425 63.31 51.14 69.74 165.38 8.80
1426 63.22 73.95 73.04 149.66 6.59
1427 63.30 62.46 64.15 156.44 7.13
1428 63.31 65.45 65.35 160.25 7.39
1429 63.37 39.22 73.68 137.73 7.19
1430 63.39 78.75 66.77 158.10 7.17
1431 63.52 43.89 69.07 148.16 7.76
1432 63.51 88.31 47.52 114.52 5.12
1433 63.45 34.61 62.91 142.50 7.50
1434 63.44 68.33 60.04 153.82 7.01
1435 63.55 22.94 51.76 100.70 5.06
1436 63.57 83.35 51.88 132.48 5.45
1437 63.68 91.48 40.03 108.38 3.92
1438 63.65 48.55 76.45 161.34 8.62
1439 63.71 25.50 50.82 112.01 5.69
1440 63.62 56.98 68.96 170.63 8.16
1441 63.70 59.29 67.38 169.26 7.05
1442 63.73 53.59 76.81 172.06 8.57
1443 63.64 9.22 35.17 71.44 3.39
1444 63.82 30.43 57.11 126.53 6.22
1445 63.88 20.23 48.89 87.72 5.15
1446 63.88 76.50 64.56 134.73 6.78
1447 63.90 46.14 81.44 151.05 7.44
1448 64.06 94.44 25.39 77.32 1.66
1449 64.07 12.70 40.72 78.15 3.61
1450 64.02 15.62 39.80 80.86 3.62
1451 64.14 32.65 59.30 136.39 6.00
1452 64.06 36.97 66.10 132.97 6.76
1453 64.11 71.95 62.24 141.44 6.83
1454 64.24 41.68 71.29 139.45 7.55
1455 64.16 63.85 67.18 157.36 6.82
1456 64.24 61.15 71.14 165.27 7.45
1457 64.28 9.72 41.70 72.10 2.77
1458 64.59 17.74 43.36 80.87 3.98
1459 64.24 66.49 68.28 158.57 7.17
1460 64.35 69.68 65.83 143.97 6.44
1461 64.39 85.85 49.95 125.58 5.01
1462 64.51 6.40 37.65 65.06 2.15
1463 64.47 74.44 66.10 141.47 6.54
1464 64.50 79.77 56.99 133.28 6.08
1465 64.49 50.18 77.20 156.48 8.31
1466 64.48 55.13 72.45 157.27 7.80
1467 64.49 27.78 52.97 108.50 5.71
1468 64.57 39.18 67.14 131.03 6.44
1469 64.62 82.52 52.29 132.35 5.36
1470 64.61 57.67 74.52 167.46 7.87
1471 64.67 34.86 59.94 130.19 6.61
1472 64.74 52.38 77.03 154.39 7.73
1473 64.87 22.60 51.16 92.67 4.69
1474 64.84 25.41 45.86 96.97 5.08
1475 64.83 44.68 78.23 148.74 7.20
1476 64.75 47.62 74.91 142.67 6.81
1477 64.83 89.53 45.04 120.32 3.94
1478 64.95 29.85 60.96 117.82 5.79
1479 65.01 77.44 56.10 134.05 5.84
1480 65.05 92.64 34.21 101.10 2.92
1481 65.03 67.88 68.67 153.39 6.92
1482 65.17 19.96 45.11 85.65 3.97
1483 65.36 65.26 68.49 152.36 6.74
1484 65.20 59.66 70.68 162.92 6.90
1485 65.20 42.59 74.71 136.42 7.15
1486 65.33 11.40 39.17 73.59 3.33
1487 65.30 32.15 59.19 123.63 5.94
1488 65.34 37.02 57.34 121.14 5.85
1489 65.22 62.16 62.19 150.27 6.88
1490 65.31 14.69 39.58 75.93 3.44
1491 65.24 72.21 60.72 148.73 5.97
1492 65.61 7.95 36.95 65.27 2.13
1493 65.45 55.47 67.08 152.26 7.20
1494 65.63 69.94 68.92 144.76 6.08
1495 65.68 84.57 51.72 124.22 5.18
1496 65.62 40.03 62.32 119.01 6.64
1497 65.59 49.27 74.70 145.59 7.44
1498 65.75 27.40 51.98 100.02 5.31
1499 65.67 34.45 58.14 121.05 6.63
1500 65.65 46.61 80.61 143.71 7.03
1501 65.74 53.31 72.27 156.21 6.94
1502 65.80 79.69 61.73 126.64 5.55
1503 65.74 82.06 55.08 124.15 5.07
1504 65.77 57.38 69.65 156.75 7.28
1505 65.75 87.92 50.19 115.17 4.22
1506 65.92 24.26 47.50 92.97 4.82
1507 66.06 51.13 68.32 138.59 6.90
1508 66.13 30.23 54.78 106.43 5.82
1509 66.10 90.54 43.29 108.92 3.12
1510 66.29 18.57 40.99 75.81 3.52
1511 66.22 21.47 45.30 85.65 4.19
1512 66.16 63.60 57.66 144.56 6.59
1513 66.29 44.75 74.96 126.62 6.93
1514 66.24 61.28 61.71 149.60 7.60
1515 66.24 73.33 59.37 137.82 6.19
1516 66.30 42.45 67.10 125.88 6.87
1517 66.51 9.87 37.36 66.45 2.64
1518 66.43 15.87 41.35 77.79 3.59
1519 66.40 37.70 57.66 112.11 6.50
1520 66.42 58.99 69.58 149.95 6.82
1521 66.44 68.00 63.82 135.73 6.57
1522 66.58 11.98 38.24 70.65 3.12
1523 66.59 32.58 57.50 114.60 6.00
1524 66.50 54.69 64.51 140.87 6.43
1525 66.65 47.29 79.70 130.82 6.55
1526 66.69 77.92 59.10 129.00 5.14
1527 66.66 35.06 58.84 107.70 5.92
1528 66.68 70.91 63.48 139.98 6.13
1529 66.75 40.07 58.07 106.21 6.00
1530 66.60 13.63 43.07 71.77 3.40
1531 66.85 25.69 50.69 89.09 4.52
1532 66.88 28.45 51.77 93.25 5.48
1533 66.82 65.67 65.24 138.71 6.59
1534 67.06 81.56 60.05 120.74 5.07
1535 67.01 75.37 60.57 133.88 5.82
1536 66.82 86.99 50.94 119.38 4.51
1537 66.96 49.56 70.13 122.61 6.65
1538 66.98 56.64 70.65 148.65 7.42
1539 66.95 23.40 46.77 90.04 4.53
1540 66.98 83.82 58.70 120.21 4.34
1541 67.08 51.96 71.22 132.58 7.05
1542 67.25 7.38 30.84 57.69 1.89
1543 67.32 63.51 61.19 126.12 6.08
1544 67.03 79.78 56.10 123.60 6.50
1545 67.30 30.66 50.89 91.61 4.98
1546 67.39 61.09 66.07 137.37 6.51
1547 67.22 88.76 55.80 115.20 4.05
1548 67.57 20.61 41.95 68.17 3.86
1549 67.39 43.93 69.25 110.65 6.88
1550 67.41 72.67 61.68 134.77 6.48
1551 67.46 36.63 60.78 93.78 5.80
1552 67.53 92.69 33.84 85.91 1.58
1553 67.46 69.31 64.59 124.50 5.70
1554 67.61 17.44 38.40 68.53 3.66
1555 67.46 53.99 67.81 131.25 7.28
1556 67.50 58.83 66.00 132.15 7.04
1557 67.71 90.28 43.72 102.77 2.99
1558 67.39 22.48 43.15 84.00 4.55
1559 67.62 46.18 76.63 109.63 6.84
1560 67.63 33.91 59.77 99.61 5.68
1561 67.72 41.57 60.37 99.81 6.17
1562 67.73 14.20 37.29 59.06 3.29
1563 67.83 11.02 40.16 59.30 2.43
1564 67.76 39.14 62.03 93.33 5.76
1565 67.81 67.05 64.67 124.69 5.94
1566 67.80 27.03 46.38 78.34 4.19
1567 67.88 77.67 57.02 119.29 4.98
1568 67.95 48.49 71.25 104.69 6.35
1569 67.75 79.87 54.41 109.44 5.44
1570 68.09 84.06 58.76 113.55 4.70
1571 68.13 23.99 44.31 72.26 4.30
1572 68.12 55.95 69.04 125.31 6.21
1573 68.17 51.02 73.42 103.22 5.90
1574 68.30 64.95 61.42 111.52 6.48
1575 68.32 29.34 52.16 74.25 4.86
1576 68.24 32.00 55.80 87.37 5.65
1577 68.27 75.26 59.24 113.66 5.18
1578 68.40 87.95 49.95 108.89 3.58
1579 68.40 70.75 67.74 118.51 5.54
1580 68.40 62.65 65.77 111.79 6.60
1581 68.45 53.32 74.00 110.61 6.73
1582 68.55 72.94 66.58 113.59 5.51
1583 68.64 35.44 55.62 83.78 5.41
1584 68.58 37.60 58.60 87.94 5.90
1585 68.47 58.28 65.40 113.65 5.87
1586 68.55 44.30 65.52 94.02 6.37
1587 68.60 60.52 67.16 119.05 6.41
1588 68.76 81.66 62.25 108.16 4.67
1589 68.74 7.71 30.65 45.55 1.80
1590 68.66 16.03 38.30 59.38 3.00
1591 68.54 19.00 37.22 64.71 3.69
1592 68.75 68.75 63.94 106.02 6.31
1593 68.79 46.54 67.17 100.09 6.61
1594 69.04 12.65 34.11 49.60 2.67
1595 68.85 42.02 60.72 86.58 6.16
1596 68.89 26.41 44.16 68.22 4.01
1597 68.95 39.81 57.92 89.06 6.02
1598 68.95 78.88 59.18 107.86 4.84
1599 69.08 21.07 40.00 64.07 3.70
1600 69.03 49.42 69.46 88.93 6.97
1601 69.20 33.44 52.90 79.63 4.87
1602 69.19 66.77 66.65 103.04 5.76
1603 69.25 55.07 71.66 102.14 6.89
1604 69.09 18.20 36.96 56.62 3.04
1605 69.30 23.68 42.90 67.91 3.88
1606 69.39 76.32 69.93 118.33 5.57
1607 69.43 30.87 52.21 72.93 5.21
1608 69.37 52.07 68.72 90.72 6.36
1609 69.40 57.56 69.70 103.56 6.28
1610 69.59 28.35 51.81 63.06 4.59
1611 69.47 64.67 67.06 100.42 6.10
1612 69.68 9.46 34.35 44.01 2.04
1613 69.54 62.49 66.39 96.20 6.04
1614 69.67 83.68 61.16 100.19 4.24
1615 69.68 71.38 69.67 96.24 5.57
1616 69.71 89.77 41.38 98.48 2.81
1617 69.69 43.39 61.80 79.41 5.71
1618 69.78 73.94 64.58 99.59 5.50
1619 69.73 60.20 69.45 102.54 6.11
1620 69.69 47.54 68.06 78.67 6.04
1621 69.94 16.61 35.98 49.31 2.92
1622 69.92 36.22 55.17 74.60 5.59
1623 69.84 38.64 58.00 80.90 5.56
1624 70.06 69.15 70.38 93.59 5.26
1625 69.89 14.18 33.21 41.97 2.41
1626 70.12 40.96 58.00 77.10 5.83
1627 70.10 25.54 44.67 62.56 4.32
1628 70.12 45.32 62.18 78.92 6.28
1629 70.15 79.16 56.74 93.82 4.96
1630 69.95 87.81 50.88 107.64 2.76
1631 70.07 19.27 32.57 49.72 3.09
1632 70.25 49.52 68.62 80.45 6.43
1633 70.26 54.13 68.42 87.15 6.00
1634 70.30 86.36 46.47 98.60 3.44
1635 70.29 22.01 35.81 50.05 3.59
1636 70.34 13.38 37.21 46.02 3.60
1637 70.37 33.86 50.49 68.04 5.46
1638 70.33 66.79 68.97 85.26 5.48
1639 70.36 56.36 68.69 83.40 5.87
1640 70.51 81.83 59.04 96.22 4.66
1641 70.48 51.90 71.76 74.29 6.61
1642 70.51 31.53 51.27 62.92 4.98
1643 70.48 58.71 69.44 88.82 6.00
1644 70.78 11.69 34.21 37.60 2.73
1645 70.66 63.67 71.92 81.67 6.25
1646 70.77 76.52 61.18 88.14 4.26
1647 70.79 29.05 50.23 59.96 4.84
1648 70.82 47.01 64.83 72.00 6.48
1649 70.86 61.23 72.68 87.04 5.47
1650 70.85 38.10 53.34 71.14 6.21
1651 70.84 73.88 65.89 86.09 4.76
1652 71.05 71.31 67.85 83.45 5.29
1653 71.02 14.38 30.19 41.41 3.14
1654 71.06 44.05 52.96 72.44 6.26
1655 71.22 84.48 55.63 94.00 3.87
1656 71.10 26.66 42.28 52.70 4.12
1657 71.12 41.76 55.78 67.78 6.06
1658 71.06 16.15 32.91 41.91 2.86
1659 71.24 23.79 34.28 46.21 3.99
1660 71.16 35.95 51.66 63.70 5.41
1661 71.19 66.05 70.61 74.75 5.92
1662 71.52 20.79 33.04 43.88 3.36
1663 71.35 53.71 66.48 71.81 6.42
1664 71.46 69.04 67.92 76.66 5.16
1665 71.40 79.16 56.25 84.00 4.98
1666 71.43 51.00 61.52 67.60 6.13
1667 71.43 56.21 66.81 76.88 6.23
1668 71.62 39.75 53.39 65.04 5.63
1669 71.58 58.47 69.29 75.94 6.26
1670 71.36 87.16 41.97 89.76 2.76
1671 71.71 17.87 32.95 43.54 3.33
1672 71.47 33.60 47.88 54.26 5.11
1673 71.53 48.73 59.16 64.39 5.96
1674 71.56 14.99 37.00 31.33 3.14
1675 71.74 31.02 47.04 52.42 5.28
1676 71.86 45.97 57.09 69.00 6.50
1677 71.94 62.77 73.31 72.10 5.84
1678 72.09 82.44 58.17 86.11 3.81
1679 72.06 37.48 52.00 64.40 6.40
1680 72.07 60.50 70.21 70.49 5.64
1681 71.94 73.72 66.92 76.81 4.79
1682 72.26 13.15 32.03 34.48 2.70
1683 72.11 28.77 41.05 47.08 4.75
1684 72.13 65.03 72.41 65.44 5.45
1685 72.13 76.55 62.93 82.06 4.54
1686 72.15 26.06 36.92 44.34 4.69
1687 72.14 43.62 48.33 57.20 5.56
1688 72.37 89.36 37.85 72.09 1.59
1689 71.97 10.26 28.47 36.47 2.07
1690 72.05 87.05 47.93 84.96 2.72
1691 71.97 14.25 31.78 37.00 2.67
1692 72.35 67.62 69.03 64.73 5.26
1693 72.48 10.75 31.40 33.96 1.84
1694 72.35 41.57 49.07 56.48 6.07
1695 72.31 52.87 57.54 64.15 5.88
1696 72.15 71.12 58.97 71.12 5.15
1697 72.37 35.05 43.97 58.00 6.14
1698 72.60 22.66 31.95 40.21 3.94
1699 72.50 55.53 61.11 65.89 6.28
1700 72.48 50.12 58.20 62.44 6.11
1701 72.59 32.65 42.89 48.92 5.27
1702 72.68 47.88 55.80 58.24 6.16
1703 72.74 84.90 50.77 82.40 3.71
1704 72.69 79.24 59.66 75.62 4.27
1705 72.59 15.28 29.11 36.67 3.00
1706 72.95 16.50 30.21 35.71 3.49
1707 72.73 58.22 61.87 67.28 6.61
1708 72.78 71.93 67.60 59.52 5.15
1709 72.87 19.92 29.61 36.28 3.47
1710 72.92 39.38 48.69 55.40 7.13
1711 73.02 45.51 44.73 56.00 6.11
1712 73.11 69.53 59.65 58.39 4.59
1713 73.00 74.54 60.59 69.50 4.58
1714 73.16 61.80 66.24 60.58 5.54
1715 73.22 24.70 31.65 36.06 3.39
1716 73.22 37.26 42.34 48.76 5.82
1717 73.26 27.93 36.35 41.70 4.56
1718 73.26 30.51 39.44 44.59 4.90
1719 73.23 64.18 66.56 62.59 4.93
1720 73.41 82.01 52.92 69.51 3.86
1721 73.32 51.61 53.25 53.40 7.13
1722 73.40 66.53 66.84 56.88 5.15
1723 73.31 13.13 28.19 28.93 2.24
1724 73.35 43.29 44.90 49.29 6.19
1725 73.42 54.26 49.17 57.95 6.41
1726 73.48 87.16 39.11 68.76 2.13
1727 73.62 35.03 37.33 45.53 6.24
1728 73.49 56.68 53.24 61.86 6.00
1729 73.57 76.89 59.11 65.11 4.52
1730 73.62 41.17 44.29 49.60 6.71
1731 73.66 59.63 58.45 61.30 5.65
1732 73.62 11.59 27.15 31.56 2.26
1733 73.84 49.76 45.86 54.06 8.42
1734 73.84 17.90 28.22 31.14 3.22
1735 73.63 32.51 37.11 44.26 4.66
1736 73.85 47.48 45.48 51.84 7.62
1737 73.96 71.01 57.89 55.10 4.51
1738 74.13 72.87 58.33 60.55 4.18
1739 73.92 74.06 63.14 55.00 4.03
1740 74.17 20.63 29.56 32.73 3.71
1741 74.12 79.55 52.57 62.85 3.80
1742 74.12 26.05 32.20 36.24 4.02
1743 74.20 39.26 39.66 46.07 6.68
1744 74.17 45.15 41.13 49.00 7.90
1745 74.22 68.58 55.72 51.14 5.35
1746 74.33 16.28 27.98 29.65 3.16
1747 74.46 23.21 31.85 33.45 3.74
1748 74.30 63.74 56.50 54.42 4.89
1749 74.34 37.28 36.27 42.21 7.42
1750 74.37 57.90 46.79 57.44 6.69
1751 74.52 53.18 41.92 52.40 7.44
1752 74.38 61.44 55.16 52.16 5.39
1753 74.51 84.54 46.46 63.55 3.04
1754 74.56 28.20 32.93 35.28 4.30
1755 74.52 30.80 32.27 37.12 5.41
1756 74.48 42.71 44.16 43.84 7.00
1757 74.56 65.93 52.77 51.16 5.02
1758 74.69 75.73 53.82 52.85 4.56
1759 74.86 12.60 28.16 27.06 2.94
1760 74.54 33.57 33.79 40.47 6.56
1761 74.72 55.54 43.07 50.27 7.26
1762 74.74 51.08 42.08 47.06 7.47
1763 75.09 40.83 38.79 42.51 8.58
1764 75.10 59.80 45.22 51.33 6.06
1765 75.00 81.69 51.22 62.29 2.97
1766 75.10 46.21 38.85 42.76 8.19
1767 75.23 25.23 31.90 31.37 4.23
1768 75.23 17.35 24.91 27.65 2.60
1769 75.17 70.61 49.98 46.67 4.15
1770 75.26 78.13 50.81 54.81 4.16
1771 75.26 43.77 37.95 43.18 8.53
1772 75.42 35.55 36.51 39.81 8.92
1773 75.53 38.06 35.81 38.92 7.70
1774 75.37 73.32 50.09 50.21 3.97
1775 75.43 32.20 30.77 33.50 6.48
1776 75.45 67.96 48.13 43.92 5.33
1777 75.61 19.80 25.36 27.93 3.58
1778 75.46 62.21 48.26 49.83 5.50
1779 75.50 57.57 41.31 48.09 7.58
1780 75.39 21.70 27.33 33.89 5.17
1781 75.59 29.56 33.27 34.34 6.30
1782 75.67 53.01 35.93 44.86 9.66
1783 75.95 22.52 28.63 28.57 4.15
1784 75.91 27.18 30.33 30.67 5.00
1785 76.12 13.87 22.39 22.52 2.88
1786 76.01 80.19 44.51 51.78 3.03
1787 75.88 55.28 37.71 44.63 8.44
1788 75.95 47.80 36.86 44.77 10.18
1789 76.17 65.68 41.99 44.01 5.58
1790 76.27 45.36 36.45 41.57 11.52
1791 76.11 76.28 44.32 47.58 3.99
1792 76.13 59.40 41.55 43.70 6.71
1793 76.14 42.17 39.21 39.77 10.39
1794 76.24 70.37 45.13 43.49 3.84
1795 76.39 16.50 22.82 22.48 2.99
1796 76.44 39.99 38.92 37.63 10.60
1797 76.33 24.48 26.58 28.57 4.38
1798 76.51 31.13 28.18 31.45 7.02
1799 76.26 36.66 34.91 34.45 11.73
1800 76.59 61.28 41.73 42.47 7.41
1801 76.54 73.76 44.39 41.39 3.43
1802 76.64 57.29 39.72 44.83 7.06
1803 76.68 53.23 38.00 39.39 9.80
1804 76.67 67.77 41.21 39.52 4.67
1805 76.85 36.09 34.92 33.12 8.53
1806 76.66 63.59 34.87 42.47 6.63
1807 76.79 18.40 21.03 24.69 3.80
1808 76.82 37.92 35.16 36.61 9.35
1809 76.78 49.27 40.76 40.38 9.91
1810 76.96 20.23 24.46 22.81 4.58
1811 77.06 43.79 38.55 35.95 11.55
1812 76.90 78.07 41.48 48.05 3.45
1813 77.09 71.75 40.70 37.22 4.27
1814 77.02 25.86 27.24 27.11 6.17
1815 77.10 42.09 44.00 35.57 11.27
1816 77.19 83.05 45.37 45.83 2.33
1817 77.55 22.84 26.88 25.33 5.22
1818 77.27 59.20 39.02 40.47 7.38
1819 77.27 30.74 28.83 30.00 8.21
1820 77.35 51.41 37.06 39.19 11.34
1821 77.49 69.34 39.44 37.69 4.72
1822 77.34 79.52 46.19 39.63 3.60
1823 77.56 62.86 35.56 39.54 6.40
1824 77.75 65.45 34.76 39.59 6.35
1825 77.76 15.97 18.58 19.58 2.70
1826 77.94 73.62 36.80 34.38 4.45
1827 77.73 57.48 40.33 40.53 10.78
1828 77.73 37.41 32.25 32.33 11.61
1829 77.96 39.86 38.40 33.58 12.30
1830 77.88 49.35 38.44 39.94 13.64
1831 77.92 33.14 28.16 32.41 10.29
1832 78.01 61.13 38.78 35.92 7.34
1833 77.82 80.62 43.33 34.92 2.67
1834 77.94 25.75 26.34 25.19 6.92
1835 77.89 30.75 29.52 25.44 8.32
1836 78.27 28.29 29.13 25.75 7.83
1837 78.34 81.87 39.56 34.34 2.38
1838 78.01 29.41 31.36 24.64 10.18
1839 78.68 72.14 33.09 34.89 4.48
1840 78.48 78.77 35.89 34.49 3.16
1841 78.30 47.31 42.84 34.16 13.33
1842 78.24 17.29 19.97 19.29 4.29
1843 78.60 36.91 35.09 29.31 14.50
1844 78.50 58.91 37.38 34.83 9.09
1845 78.71 34.54 34.89 29.25 15.04
1846 78.88 31.01 32.08 26.01 10.46
1847 78.54 76.53 36.46 35.69 3.29
1848 78.64 22.04 23.82 22.47 5.76
1849 78.55 26.22 27.96 22.12 8.08
1850 78.52 48.97 42.60 35.30 14.30
1851 78.83 63.87 34.82 35.43 7.49
1852 79.10 41.87 40.25 33.38 16.29
1853 79.03 66.79 35.31 32.53 6.07
1854 79.23 50.66 39.50 36.23 13.90
1855 78.86 61.45 32.69 33.12 10.69
1856 78.74 17.77 20.00 23.00 4.00
1857 79.00 16.42 13.94 20.81 4.88
1858 79.16 18.49 21.80 20.65 5.09
1859 78.94 25.25 28.33 21.53 8.20
1860 79.36 28.90 29.72 25.15 8.76
1861 79.12 44.73 45.39 34.32 17.11
1862 79.27 21.21 24.45 20.15 5.88
1863 79.56 23.94 26.50 23.62 7.13
1864 79.30 27.01 29.00 24.24 9.33
1865 79.26 36.65 35.82 30.94 14.82
1866 79.49 38.67 34.98 30.92 18.60
1867 79.59 55.36 34.93 36.75 15.56
1868 79.93 62.33 33.52 32.89 9.56
1869 79.68 46.24 42.24 34.81 18.91
1870 79.38 19.63 22.17 21.50 5.17
1871 79.48 35.04 39.00 26.71 13.92
1872 79.66 16.99 18.85 19.85 4.90
1873 79.84 43.08 42.98 32.47 19.32
1874 79.49 69.31 28.33 35.00 6.83
1875 79.95 70.42 30.21 31.51 5.29
1876 79.92 79.02 29.61 31.88 3.05
1877 79.71 25.73 27.92 24.74 8.29
1878 79.97 48.61 40.61 31.03 16.63
1879 79.77 63.60 33.40 32.50 8.70
1880 79.94 67.58 31.69 33.57 5.94
1881 80.47 36.29 34.28 28.88 16.28
1882 80.14 76.86 31.85 29.53 3.81
1883 80.01 27.51 26.81 20.95 11.29
1884 80.02 34.06 35.87 26.87 16.16
1885 80.14 22.12 24.95 21.03 6.81
1886 80.31 19.14 21.95 19.42 6.12
1887 80.21 38.11 36.81 28.81 15.81
1888 80.12 50.19 36.30 34.90 12.00
1889 80.39 53.66 42.51 34.98 17.49
1890 80.26 31.76 34.43 26.18 13.45
1891 80.29 65.31 34.52 31.30 9.07
1892 80.47 28.99 29.34 24.58 13.37
1893 80.39 58.73 38.64 36.83 13.25
1894 80.44 60.70 36.52 29.85 12.20
1895 80.58 40.37 39.10 28.02 22.40
1896 80.54 44.97 43.69 33.38 18.79
1897 80.56 47.48 45.38 30.64 18.02
1898 80.74 55.55 42.14 33.97 21.78
1899 80.70 50.97 41.90 32.72 17.16
1900 80.68 24.87 28.23 21.71 8.58
1901 80.73 42.42 40.76 30.07 21.55
1902 80.91 26.58 30.42 20.48 11.56
1903 81.14 69.02 32.49 29.68 6.54
1904 80.92 17.46 18.62 18.57 4.00
1905 81.30 66.58 32.80 32.15 8.76
1906 81.32 78.40 24.98 26.07 2.93
1907 81.18 64.25 36.13 30.54 10.90
1908 81.26 48.78 45.92 32.91 20.66
1909 81.08 71.00 30.19 29.41 5.05
1910 81.28 76.71 25.93 29.23 3.68
1911 81.37 29.36 30.92 24.53 13.37
1912 81.53 19.88 23.94 19.15 7.04
1913 81.53 37.56 34.67 26.96 22.17
1914 81.67 45.88 43.84 31.45 22.58
1915 81.61 53.93 50.20 33.13 24.27
1916 81.57 61.73 38.23 29.68 13.27
1917 81.74 41.40 37.66 27.75 24.05
1918 81.93 33.84 34.27 26.77 18.20
1919 81.89 35.78 32.78 26.98 19.37
1920 81.86 39.21 34.35 29.58 24.48
1921 81.94 49.99 52.23 33.05 22.78
1922 81.67 71.69 28.76 29.38 5.21
1923 81.96 23.14 28.46 21.19 9.70
1924 82.09 57.78 44.02 31.84 20.44
1925 82.21 55.61 45.08 30.31 22.56
1926 82.11 63.60 35.15 28.02 11.42
1927 82.32 73.46 28.32 27.99 4.46
1928 82.17 68.72 30.91 28.60 7.29
1929 82.47 77.61 24.05 24.94 3.28
1930 82.63 52.34 46.63 32.97 25.79
1931 82.37 70.46 31.35 25.38 7.10
1932 82.42 20.36 23.38 17.10 9.95
1933 82.57 65.57 35.82 31.08 10.48
1934 82.52 44.92 40.03 29.28 25.48
1935 82.48 37.31 31.20 32.60 22.20
1936 82.87 32.60 33.33 23.41 18.92
1937 82.63 46.98 41.94 29.60 22.09
1938 82.82 42.38 38.93 30.78 27.92
1939 82.81 38.47 32.04 30.31 24.65
1940 82.95 40.07 36.78 29.88 26.50
1941 82.83 57.24 43.27 31.82 21.00
1942 83.01 22.74 28.89 19.54 13.06
1943 83.34 62.11 41.62 30.07 14.70
1944 83.00 70.89 28.96 26.54 8.57
1945 83.31 59.15 43.66 30.71 19.48
1946 83.20 28.10 31.00 22.92 16.73
1947 83.16 45.53 36.52 31.76 23.08
1948 82.98 20.38 22.00 13.33 8.33
1949 83.29 37.31 34.56 24.67 22.33
1950 83.35 54.91 43.07 28.32 25.05
1951 83.47 48.10 37.63 29.33 25.43
1952 83.56 56.68 43.75 29.96 24.60
1953 83.33 69.48 23.54 28.96 13.46
1954 83.58 72.30 29.55 22.95 6.92
1955 83.39 19.76 25.68 16.97 10.29
1956 83.47 77.13 21.62 21.38 2.28
1957 83.50 44.32 34.77 29.00 26.62
1958 83.68 21.26 26.49 19.11 11.51
1959 83.53 67.76 32.77 30.86 10.73
1960 83.67 46.36 32.86 32.05 25.36
1961 83.63 53.10 40.82 28.89 24.82
1962 83.85 41.39 33.37 27.16 25.24
1963 84.11 26.69 27.51 20.98 17.34
1964 84.25 32.43 29.91 24.72 21.35
1965 84.26 43.50 32.22 27.93 26.76
1966 84.17 68.27 30.84 29.25 13.46
1967 84.41 65.97 34.69 29.51 15.44
1968 84.27 74.56 27.62 22.06 4.75
1969 84.33 52.19 34.50 29.03 29.84
1970 84.28 24.98 27.04 20.16 14.04
1971 84.16 20.24 25.24 15.24 8.53
1972 84.27 70.07 31.70 27.63 10.48
1973 84.50 55.63 40.04 29.13 26.72
1974 84.38 22.17 23.41 20.85 13.90
1975 84.43 47.03 30.59 28.94 25.76
1976 85.10 35.98 25.96 24.60 22.85
1977 84.58 48.60 31.14 31.77 27.46
1978 84.71 71.99 30.82 25.21 7.51
1979 84.55 72.88 32.00 38.00 5.00
1980 85.11 22.97 23.59 16.41 14.08
1981 84.93 63.17 41.88 27.27 19.33
1982 84.87 24.14 27.94 14.94 15.18
1983 84.78 53.86 34.08 29.92 26.00
1984 84.89 70.50 30.39 26.82 13.09
1985 84.92 30.93 28.26 23.21 20.92
1986 85.19 68.29 29.82 26.98 12.36
1987 85.05 42.38 24.60 28.98 23.35
1988 85.50 65.09 39.10 27.06 18.51
1989 85.41 26.17 26.40 20.18 18.71
1990 85.38 52.00 27.58 29.82 27.15
1991 85.43 73.46 28.05 20.67 6.90
1992 85.15 25.01 23.62 24.75 19.00
1993 85.28 32.43 24.21 23.93 24.90
1994 85.46 40.66 24.24 27.49 26.06
1995 85.31 46.90 20.58 29.46 26.46
1996 85.42 53.64 28.90 29.40 27.81
1997 85.51 57.59 34.81 29.12 26.89
1998 85.53 60.95 40.32 28.91 23.13
1999 85.57 29.18 23.53 23.42 21.39
2000 85.62 55.14 29.56 28.03 26.61
2001 85.67 47.84 23.18 29.18 27.35
2002 85.65 59.51 36.45 28.82 22.91
2003 85.69 27.66 22.33 23.78 20.44
2004 85.82 33.44 23.85 24.68 21.53
2005 85.94 30.75 22.85 23.05 22.88
2006 86.56 45.52 21.22 28.18 26.57
2007 85.98 62.50 36.50 27.44 20.76
2008 86.18 49.66 22.84 28.64 27.47
2009 86.49 23.20 19.78 17.85 14.93
2010 86.43 34.97 22.67 27.51 25.30
2011 86.20 38.17 24.37 25.80 27.94
2012 86.15 70.39 31.25 22.53 9.75
2013 86.13 24.74 22.57 15.71 16.86
2014 86.40 67.79 33.96 24.62 13.58
2015 86.35 59.40 28.79 26.96 26.51
2016 86.55 40.64 21.00 27.85 26.76
2017 86.60 53.53 23.78 27.85 29.71
2018 86.44 27.46 23.34 22.66 20.15
2019 86.42 43.85 21.54 27.89 24.82
2020 86.29 52.05 21.09 30.09 26.91
2021 86.72 64.60 31.69 25.79 20.56
2022 86.54 71.86 29.17 20.40 8.00
2023 86.56 31.80 21.88 23.12 21.96
2024 86.87 48.16 21.54 26.67 25.73
2025 86.75 36.58 22.57 28.57 23.67
2026 86.75 33.28 19.78 25.03 23.91
2027 86.96 55.83 22.60 27.86 29.27
2028 86.86 30.09 21.37 24.56 24.30
2029 87.10 60.93 29.07 29.38 26.29
2030 87.04 26.57 22.25 20.07 20.40
2031 86.96 38.06 20.48 25.38 26.19
2032 87.27 51.24 21.22 29.37 27.30
2033 87.51 30.98 20.60 24.16 23.81
2034 87.51 58.56 23.55 26.82 28.26
2035 87.45 67.29 28.95 22.98 15.42
2036 87.52 32.52 21.67 23.42 23.62
2037 87.58 52.99 20.30 30.97 29.15
2038 87.91 68.96 27.84 20.39 10.73
2039 87.63 35.54 21.80 23.52 24.68
2040 88.05 42.61 20.77 26.72 28.28
2041 88.28 64.08 25.38 26.58 20.22
2042 87.71 71.24 25.26 18.98 7.28
2043 87.69 54.39 22.13 26.60 29.53
2044 87.96 25.69 17.21 19.46 20.71
2045 87.87 39.85 22.57 27.25 29.17
2046 87.81 46.86 20.50 28.38 26.56
2047 87.75 65.25 26.60 27.40 17.60
2048 88.11 33.44 22.33 24.57 25.94
2049 87.86 44.22 18.08 27.23 28.62
2050 87.96 29.75 19.50 20.21 25.50
2051 88.22 55.26 23.95 28.41 24.37
2052 87.98 66.66 26.50 22.56 14.67
2053 88.21 51.07 22.23 29.45 23.19
2054 88.33 48.78 17.84 28.77 22.63
2055 88.08 65.58 27.50 26.75 14.75
2056 88.59 45.39 20.00 28.89 22.35
2057 88.10 46.94 17.00 27.00 30.00
2058 88.35 53.29 21.31 26.33 28.75
2059 88.62 29.77 19.58 22.17 21.37
2060 88.77 52.40 19.27 33.82 22.91
2061 88.90 47.46 19.34 29.06 22.77
2062 89.16 33.96 19.73 22.69 28.13
2063 89.16 61.29 22.77 26.03 21.34
2064 89.26 50.17 21.04 27.30 23.32
2065 89.17 56.09 19.82 27.33 26.75
2066 89.17 58.01 20.57 29.49 26.37
2067 89.36 43.32 19.07 26.09 24.85
2068 89.26 54.07 20.10 27.67 27.42
2069 89.45 28.60 16.59 20.45 20.58
2070 89.24 31.90 19.10 23.13 23.23
2071 89.39 38.13 18.17 24.23 27.54
2072 89.34 52.10 19.86 27.23 24.86
2073 89.67 40.54 18.90 27.94 20.78
2074 89.61 46.69 19.54 29.66 21.43
2075 89.72 26.58 15.72 17.16 20.19
2076 89.60 30.15 18.21 22.57 18.07
2077 89.82 58.79 18.37 27.11 22.63
2078 90.55 32.26 17.19 22.64 19.75
2079 90.09 35.71 17.83 25.67 25.63
2080 90.12 55.68 19.05 23.87 25.72
2081 90.02 52.52 19.74 29.00 22.70
2082 90.15 65.55 18.74 22.33 13.39
2083 90.01 62.78 18.64 26.55 16.91
2084 90.39 37.90 18.18 28.13 22.66
2085 90.51 47.55 19.28 27.72 21.72
2086 90.56 43.44 19.71 25.50 21.04
2087 90.43 49.93 19.10 27.11 22.67
2088 90.80 30.19 17.03 20.21 20.66
2089 90.69 53.39 23.19 27.14 26.88
2090 90.44 54.50 16.33 28.00 20.33
2091 90.55 62.32 18.84 25.68 15.30
2092 90.82 59.99 18.76 25.02 21.45
2093 91.00 38.51 19.42 27.50 16.71
2094 91.23 58.44 17.09 26.00 16.18
2095 91.63 39.59 19.48 25.10 22.72
2096 91.52 34.22 18.80 21.67 23.35
2097 91.31 60.83 14.89 25.78 16.22
2098 91.78 42.35 20.72 26.64 22.94
2099 91.97 64.26 14.89 21.12 12.11
2100 91.91 44.49 19.19 27.18 25.26
2101 91.95 59.36 16.78 25.92 16.14
2102 92.08 52.09 19.25 28.00 21.82
2103 92.21 50.30 18.65 28.57 17.55
2104 92.24 46.79 20.22 26.32 22.27
2105 92.53 37.86 19.73 25.59 22.53
2106 93.07 32.61 14.62 19.52 17.38
2107 92.76 40.00 17.93 22.81 22.98
2108 92.55 36.40 18.80 26.70 16.70
2109 92.76 62.31 13.30 23.35 11.05
2110 93.02 43.80 19.56 26.10 19.85
2111 93.22 35.26 16.78 21.36 18.90
2112 93.04 51.67 19.90 24.97 23.12
2113 93.03 42.14 19.30 22.62 25.12
2114 93.22 59.34 15.15 23.43 14.96
2115 93.23 48.92 19.17 24.33 23.51
2116 93.16 56.32 15.06 24.40 20.02
2117 93.19 38.37 18.82 26.05 12.32
2118 93.75 45.71 18.05 25.57 19.30
2119 93.51 40.34 17.29 24.24 12.45
2120 93.72 53.09 17.35 22.26 25.39
2121 93.56 47.11 16.33 25.17 17.00
2122 94.01 38.70 19.06 22.39 22.75
2123 94.42 57.93 14.84 22.05 15.93
2124 94.26 55.38 16.15 23.03 21.77
2125 94.79 35.92 15.12 18.39 16.29
2126 94.73 40.83 18.24 22.71 16.46
2127 94.57 47.87 16.90 23.49 22.15
2128 94.67 49.98 17.46 22.54 20.44
2129 94.47 36.99 18.00 25.00 14.50
2130 94.82 45.69 18.12 24.59 9.25
2131 94.95 52.74 16.15 23.04 16.81
2132 95.47 38.22 16.02 19.72 17.96
2133 95.33 44.14 18.76 22.47 14.26
2134 95.60 56.61 13.22 21.56 15.08
2135 95.61 49.21 17.22 22.85 18.02
2136 95.74 53.63 13.35 20.20 16.89
2137 95.66 39.65 17.16 20.20 12.08
2138 95.97 41.51 15.74 21.79 14.95
2139 96.09 51.05 15.82 20.47 17.34
2140 96.47 44.38 16.21 21.21 12.05
2141 96.38 48.42 15.48 22.58 14.18
2142 96.60 40.32 15.06 20.74 16.46
2143 96.93 50.60 13.65 20.28 10.15
2144 97.28 46.61 12.96 17.64 12.19
2145 97.93 48.52 10.00 17.89 8.13

