#<Embryo name> <Cleavage cycle> <Temporal class> <Genes>
dm4 14A 3 even-skipped knirps hunchback

#Quantitative data
#<Nucleus number> <A-P coordinate> <D-V coordinate> <Fluorescence intensity: channel 1 - eve, channel 2 - kni, channel 3 - hb>
0 1.91 48.54 9.90 94.29 71.59
1 1.87 46.58 9.38 85.03 59.21
2 2.21 51.68 9.71 95.22 65.01
3 2.74 45.21 11.57 94.48 100.38
4 2.90 49.77 11.20 106.57 107.59
5 3.16 47.38 12.25 97.80 114.96
6 3.32 52.03 11.26 103.17 112.85
7 3.31 54.39 10.00 89.65 80.60
8 3.80 40.85 11.86 75.18 121.63
9 3.79 43.30 12.30 86.52 124.41
10 4.13 45.52 12.22 95.19 128.34
11 4.20 56.52 11.45 104.37 102.00
12 4.20 48.82 12.84 100.33 119.36
13 4.46 53.68 12.99 105.79 115.97
14 4.55 51.23 13.58 106.63 126.78
15 4.84 59.56 10.84 86.57 88.64
16 4.99 42.92 13.72 84.75 136.32
17 5.15 46.94 15.27 96.27 135.53
18 5.29 40.66 12.81 67.36 135.56
19 5.38 57.75 12.13 98.01 121.70
20 5.57 49.23 14.50 106.58 145.42
21 5.62 55.27 12.91 106.50 124.19
22 5.78 44.92 14.97 87.78 143.54
23 5.74 52.91 13.40 98.80 133.37
24 5.79 61.88 9.97 80.33 80.43
25 6.26 59.80 11.13 97.25 119.24
26 6.38 39.30 13.65 50.76 147.79
27 6.41 50.61 15.42 105.77 143.76
28 6.39 42.23 13.51 65.50 141.16
29 6.66 47.21 14.71 93.10 137.08
30 6.37 56.75 13.55 106.55 142.75
31 6.86 37.15 12.31 35.27 144.68
32 6.77 57.69 14.82 101.89 127.87
33 6.78 63.62 9.51 80.58 82.26
34 7.08 53.00 16.05 101.03 149.58
35 7.03 34.90 11.91 27.29 152.14
36 7.22 55.09 14.29 101.38 141.94
37 7.12 44.14 14.74 76.53 154.00
38 7.19 61.82 12.59 94.77 130.96
39 7.60 40.95 15.54 52.20 158.24
40 7.60 50.72 14.67 101.04 165.14
41 7.70 59.54 14.32 96.60 147.74
42 7.91 47.73 15.92 100.41 167.58
43 8.01 56.77 15.23 102.52 151.90
44 8.18 38.56 14.06 33.27 157.98
45 8.14 45.55 16.33 83.45 180.70
46 8.25 33.52 11.25 21.72 152.16
47 8.21 64.42 11.28 87.59 138.71
48 8.31 35.97 14.02 26.06 156.21
49 8.50 43.25 15.17 64.21 183.57
50 8.58 49.42 17.08 104.36 191.80
51 8.57 62.26 13.24 92.22 166.84
52 8.66 52.38 14.97 102.09 169.09
53 8.83 54.53 16.11 98.78 168.01
54 8.89 58.39 14.28 94.93 169.66
55 9.11 41.31 14.24 45.58 174.54
56 9.13 66.93 10.93 82.39 133.14
57 9.43 60.33 14.67 95.38 174.62
58 9.50 32.45 13.56 19.16 163.56
59 9.55 47.79 15.94 89.62 182.05
60 9.68 37.17 13.82 25.24 178.91
61 9.51 45.44 15.62 76.88 194.19
62 9.59 56.43 15.71 96.46 170.46
63 9.70 39.36 15.51 30.91 184.91
64 9.58 64.41 14.23 87.69 164.95
65 9.68 50.69 15.67 106.03 192.39
66 9.81 34.83 14.33 22.94 179.61
67 10.29 43.53 16.83 54.38 179.58
68 10.20 53.91 16.20 94.59 184.02
69 10.04 62.51 14.82 87.89 170.59
70 10.26 30.55 12.89 18.46 159.65
71 10.41 69.12 11.02 76.47 128.77
72 10.55 66.57 13.61 86.76 171.16
73 10.55 58.55 15.47 96.86 171.95
74 10.69 41.16 15.26 39.06 206.13
75 10.59 61.42 14.04 91.55 158.06
76 10.76 51.98 16.17 105.83 203.39
77 10.82 46.36 16.42 73.68 200.57
78 10.77 48.84 15.85 91.46 204.84
79 10.86 56.27 15.49 103.22 191.19
80 11.07 33.20 15.00 19.20 176.60
81 11.09 28.25 12.40 17.43 169.79
82 11.05 64.26 15.36 92.48 183.27
83 11.13 38.72 15.67 29.02 200.13
84 11.14 35.92 14.87 23.96 203.39
85 11.64 60.00 15.51 94.64 180.56
86 11.71 30.55 13.44 18.36 174.09
87 11.70 68.13 13.02 80.34 171.67
88 11.72 50.24 15.85 96.99 214.33
89 11.70 54.47 17.09 103.39 200.93
90 11.77 42.25 15.56 38.45 195.12
91 11.90 62.23 16.03 91.78 180.21
92 11.84 45.34 16.43 61.83 208.19
93 11.91 70.65 11.93 73.01 138.09
94 12.01 57.56 16.29 103.23 185.01
95 12.28 47.87 15.36 72.35 216.86
96 12.18 65.73 14.32 80.84 175.91
97 12.27 52.38 16.66 105.07 217.95
98 12.33 37.46 16.02 24.60 206.23
99 12.25 25.19 10.95 15.40 130.84
100 12.38 34.75 14.79 20.67 199.40
101 12.56 39.96 17.18 30.93 210.92
102 12.51 27.44 12.71 15.97 183.54
103 12.75 43.96 17.94 45.53 222.35
104 12.83 32.29 14.67 20.66 192.28
105 12.94 55.90 17.12 104.76 204.33
106 12.70 69.44 14.21 79.86 167.71
107 13.06 63.64 15.96 84.30 179.04
108 12.99 60.19 18.01 96.79 187.03
109 13.04 50.29 17.71 90.23 219.67
110 13.13 72.41 12.30 78.58 142.19
111 13.31 29.30 14.79 17.75 179.84
112 13.17 53.84 16.78 103.96 212.03
113 13.31 42.18 15.67 34.88 216.00
114 13.22 68.64 15.90 82.26 167.92
115 13.44 46.05 17.91 51.53 216.94
116 13.47 57.77 16.90 100.14 196.04
117 13.57 36.38 16.94 21.62 214.30
118 13.53 66.51 15.23 80.10 180.33
119 13.53 24.81 13.07 15.09 171.48
120 13.79 38.65 16.24 23.58 214.76
121 13.72 48.30 16.70 67.94 218.05
122 13.94 34.12 15.61 19.57 204.17
123 14.02 70.47 14.54 82.55 180.50
124 14.08 52.28 18.64 97.61 215.77
125 13.99 61.78 16.00 93.73 186.58
126 14.13 31.46 15.80 18.57 195.03
127 14.25 40.81 17.04 24.88 218.58
128 14.35 26.87 13.98 16.03 182.43
129 14.40 44.41 17.57 37.73 213.66
130 14.25 55.12 18.54 101.92 210.33
131 14.34 59.07 17.16 101.24 197.50
132 14.55 50.11 18.01 79.65 217.72
133 14.56 64.32 15.78 84.24 188.50
134 14.64 73.18 13.82 71.22 144.40
135 14.89 24.00 13.63 15.18 165.31
136 14.86 47.15 17.30 57.14 222.74
137 14.86 67.09 16.07 83.56 168.59
138 15.10 29.35 15.86 18.86 189.32
139 15.01 36.14 18.97 22.73 228.68
140 15.14 42.50 17.48 29.01 221.05
141 15.32 56.76 19.15 96.01 207.48
142 15.25 75.75 11.21 71.63 120.29
143 15.11 38.71 16.12 23.52 221.83
144 15.15 61.79 16.53 91.04 195.18
145 15.29 33.37 15.96 20.08 206.85
146 15.28 70.11 15.82 78.86 175.60
147 15.36 54.33 18.70 90.27 221.19
148 15.53 52.19 19.85 84.59 214.94
149 15.50 59.18 17.68 96.15 204.71
150 15.90 44.88 17.95 33.90 210.52
151 15.70 49.62 19.22 63.48 221.55
152 15.92 65.61 16.36 81.06 183.12
153 15.98 72.24 15.51 73.72 180.48
154 15.96 40.51 18.01 26.36 220.87
155 15.99 26.98 14.57 17.90 186.09
156 16.13 68.08 18.24 81.39 186.12
157 16.31 31.94 17.85 18.67 202.48
158 16.16 47.26 20.31 45.59 223.95
159 16.22 37.25 18.47 22.59 223.60
160 16.27 63.27 17.24 81.46 195.90
161 16.34 24.11 14.39 15.75 190.25
162 16.51 34.64 17.00 20.72 208.40
163 16.40 60.93 19.61 90.46 211.78
164 16.53 74.58 14.52 74.15 159.34
165 16.57 20.35 11.94 13.32 139.13
166 16.57 29.67 15.22 17.88 197.64
167 16.49 42.61 17.94 27.82 220.62
168 16.53 54.85 20.18 89.73 210.97
169 16.70 58.62 19.06 90.20 204.41
170 16.75 77.14 12.78 70.13 122.98
171 16.85 51.93 19.87 74.03 216.54
172 16.93 70.22 17.50 76.75 180.11
173 17.04 38.96 17.83 22.63 222.54
174 16.94 49.56 19.64 50.46 222.07
175 17.35 22.54 13.98 14.25 180.60
176 17.36 56.94 21.40 98.32 216.86
177 17.38 44.03 19.00 29.15 222.98
178 17.36 46.36 19.07 32.61 209.64
179 17.37 64.66 20.23 84.93 191.31
180 17.57 41.03 17.98 24.24 218.89
181 17.44 67.56 18.08 80.81 183.77
182 17.63 25.88 15.41 17.37 178.42
183 17.52 36.45 16.77 22.01 222.66
184 17.54 61.97 19.06 84.86 195.04
185 17.70 28.71 16.18 18.79 187.37
186 17.75 73.20 17.36 69.12 181.72
187 17.81 31.72 16.24 18.70 197.72
188 17.69 54.81 21.92 82.93 221.61
189 18.07 34.17 18.46 19.00 209.71
190 17.89 48.56 17.59 37.54 227.77
191 17.97 75.93 16.04 64.87 164.84
192 18.00 59.40 20.14 86.44 203.02
193 18.13 53.04 20.11 68.41 216.24
194 18.21 70.69 18.85 70.69 182.36
195 18.60 50.21 21.01 42.17 210.25
196 18.32 38.72 17.44 22.43 216.83
197 18.40 78.73 11.42 55.28 108.47
198 18.54 21.25 14.96 16.65 173.58
199 18.36 42.65 19.80 25.94 215.96
200 18.54 66.07 18.94 78.48 196.50
201 18.65 45.10 20.18 28.12 214.40
202 18.81 23.88 16.63 16.61 184.26
203 18.67 56.54 21.68 85.26 215.04
204 18.79 63.69 20.92 79.60 201.85
205 18.85 68.39 19.32 76.83 187.99
206 18.81 61.35 20.57 83.17 204.23
207 19.11 19.35 14.30 14.27 151.96
208 18.84 36.41 18.21 21.86 222.62
209 18.97 47.54 20.48 31.68 209.69
210 18.93 27.88 16.78 18.30 200.27
211 19.08 40.55 19.33 21.06 224.08
212 18.99 52.08 21.56 51.36 223.82
213 19.20 30.39 17.68 19.40 201.53
214 19.29 32.69 18.62 18.74 208.46
215 19.26 73.36 17.87 63.65 176.38
216 19.32 58.94 21.16 79.24 201.41
217 19.51 54.28 23.01 59.50 214.74
218 19.39 75.96 18.81 58.59 174.04
219 19.74 25.97 18.45 18.18 194.85
220 19.58 42.97 20.14 24.61 221.73
221 19.67 80.01 15.24 49.64 136.45
222 19.77 17.14 11.23 12.94 113.65
223 19.73 34.76 19.59 21.18 220.95
224 19.65 70.76 21.21 68.34 181.48
225 19.72 38.24 19.01 20.97 226.44
226 19.88 65.67 20.36 80.44 199.14
227 19.93 45.58 20.77 28.17 212.99
228 19.92 56.49 22.35 68.62 213.90
229 20.02 49.45 21.82 31.45 215.15
230 20.08 77.76 18.38 55.96 172.07
231 20.18 60.97 22.41 75.94 210.13
232 20.26 21.76 16.05 15.98 173.68
233 20.14 63.22 21.67 78.38 202.26
234 20.19 68.23 21.16 71.64 178.71
235 20.34 28.58 18.29 18.28 185.35
236 20.31 40.87 21.45 23.05 222.15
237 20.28 51.82 21.03 38.58 219.35
238 20.59 31.21 18.54 18.78 200.88
239 20.61 47.55 23.44 28.16 220.69
240 20.69 19.48 15.28 15.02 156.81
241 20.72 24.17 17.67 16.70 183.67
242 20.67 36.34 19.25 19.56 215.87
243 20.62 58.56 22.84 69.99 217.73
244 20.73 72.94 21.83 60.76 176.80
245 20.83 43.67 22.43 24.44 222.01
246 20.97 33.57 19.60 19.71 219.06
247 20.58 75.91 22.71 51.19 172.43
248 20.98 53.68 22.31 49.68 216.81
249 21.00 38.91 20.37 20.63 212.34
250 21.12 70.28 23.91 59.81 183.49
251 21.17 74.94 20.03 58.10 168.36
252 21.23 55.95 25.72 56.22 214.22
253 21.15 65.24 23.32 72.97 199.21
254 21.38 26.74 18.66 17.42 189.26
255 21.28 78.33 20.84 50.44 172.42
256 21.26 50.51 22.76 29.92 217.03
257 21.47 17.54 13.70 14.12 142.21
258 21.49 45.61 22.83 23.91 213.46
259 21.34 62.50 23.50 73.89 210.65
260 21.39 41.56 21.99 23.54 220.80
261 21.50 67.51 23.37 65.21 191.79
262 21.52 60.28 23.43 66.01 207.22
263 21.79 29.41 18.53 18.91 209.20
264 21.85 80.99 18.48 40.31 142.90
265 21.93 22.11 18.42 15.93 182.76
266 21.85 47.91 24.85 28.26 221.08
267 21.85 37.53 21.74 21.08 223.28
268 21.90 58.00 25.83 58.04 214.30
269 21.98 35.31 20.56 19.27 218.88
270 22.08 31.83 20.12 18.47 212.48
271 22.20 43.50 23.71 24.49 220.69
272 22.21 52.28 24.81 36.06 220.73
273 22.19 72.93 23.24 53.85 175.69
274 22.37 19.81 16.21 15.47 170.83
275 22.20 54.64 24.72 45.65 222.46
276 22.36 24.71 18.85 17.25 187.37
277 22.24 64.11 24.63 73.10 202.87
278 22.28 76.28 23.88 49.75 181.17
279 22.49 40.96 23.05 22.91 223.62
280 22.36 69.41 22.29 56.51 189.97
281 22.36 49.83 24.69 28.51 219.01
282 22.71 38.96 21.23 22.97 217.84
283 22.65 61.88 27.31 60.97 208.50
284 22.76 66.42 25.47 64.82 190.81
285 22.80 33.76 21.57 20.12 217.23
286 22.76 79.14 23.69 43.94 167.55
287 22.85 27.39 18.21 16.85 197.28
288 22.81 59.69 26.96 52.40 216.13
289 22.84 46.05 23.55 22.62 216.96
290 22.94 17.32 16.63 14.33 156.11
291 23.02 57.12 28.49 50.31 223.82
292 23.11 36.71 22.97 21.60 219.24
293 23.22 70.96 28.21 54.95 198.19
294 23.28 74.88 26.66 44.21 182.03
295 23.27 29.77 20.11 18.11 203.64
296 23.30 48.27 28.02 26.08 221.30
297 23.28 82.98 21.96 32.31 114.82
298 23.48 50.59 26.11 26.22 226.40
299 23.25 54.71 25.63 40.22 222.62
300 23.54 22.68 18.94 16.30 189.68
301 23.41 44.02 25.01 23.72 228.96
302 23.49 63.92 28.76 60.36 209.68
303 23.70 52.53 27.94 32.29 221.65
304 23.69 32.03 19.99 19.45 213.86
305 23.60 41.78 25.40 23.44 221.08
306 23.82 80.62 28.82 34.17 163.14
307 23.67 68.49 27.38 53.99 196.35
308 23.87 14.84 14.60 13.46 128.51
309 23.86 20.35 18.83 16.98 181.50
310 23.79 25.29 20.79 17.00 197.83
311 23.86 77.50 28.77 39.17 173.36
312 23.92 39.57 26.44 21.64 221.01
313 24.01 34.96 23.20 21.95 212.57
314 24.02 72.72 27.94 44.52 178.95
315 23.96 61.55 29.03 50.17 208.63
316 24.03 59.05 30.92 46.14 221.84
317 24.09 65.82 29.92 53.93 206.81
318 24.19 46.77 27.16 25.08 223.22
319 24.41 27.70 22.13 17.60 198.28
320 24.28 17.88 18.62 14.87 170.96
321 24.33 37.39 25.22 21.62 219.98
322 24.24 56.44 30.76 35.33 223.21
323 24.44 54.22 31.08 30.61 223.87
324 24.51 44.65 29.25 24.02 221.49
325 24.67 42.67 27.81 25.43 221.72
326 24.54 49.40 28.18 25.40 224.45
327 24.56 84.23 28.10 23.47 93.69
328 24.70 70.25 34.17 41.66 199.22
329 24.70 30.23 22.48 17.86 208.60
330 24.73 75.37 33.73 36.61 176.62
331 24.85 33.18 23.70 19.07 218.56
332 24.95 64.04 34.33 46.61 206.41
333 24.85 67.41 31.68 46.63 209.33
334 24.92 40.32 26.99 22.78 214.87
335 25.04 22.35 22.37 16.26 185.25
336 25.04 81.75 39.35 27.12 155.40
337 24.94 52.01 32.41 27.62 223.59
338 25.15 57.59 37.14 37.95 228.41
339 25.21 78.15 35.37 29.78 164.25
340 25.18 25.25 21.67 17.05 190.22
341 25.15 61.98 36.55 40.12 216.80
342 25.24 15.97 19.13 14.44 151.78
343 25.30 59.87 36.45 40.45 216.87
344 25.35 35.53 27.06 21.37 216.42
345 25.11 79.74 41.43 28.00 176.53
346 25.40 19.58 20.76 16.11 171.30
347 25.39 72.76 40.27 37.06 187.92
348 25.41 47.74 31.99 26.67 222.89
349 25.56 38.06 27.74 21.90 217.10
350 25.52 45.38 30.90 22.10 222.06
351 25.52 54.99 37.28 29.63 219.96
352 25.65 50.22 36.06 24.76 230.51
353 25.77 29.02 24.24 17.47 205.02
354 25.80 65.84 39.96 39.00 207.29
355 25.82 31.84 25.00 18.53 206.83
356 25.74 42.09 31.17 23.00 224.22
357 25.80 68.52 41.63 36.73 205.76
358 26.00 75.11 37.59 29.12 176.46
359 26.00 83.70 48.07 20.64 134.24
360 26.01 52.80 42.12 24.99 221.71
361 26.38 14.03 20.23 13.51 134.85
362 26.26 26.90 23.83 17.52 199.82
363 26.15 40.09 31.52 23.21 226.02
364 26.22 70.91 47.70 33.48 190.84
365 26.27 34.31 29.04 18.56 211.98
366 26.18 58.28 49.09 33.13 215.53
367 26.47 80.38 51.72 25.90 172.32
368 26.32 23.66 25.04 15.10 194.59
369 26.38 43.80 39.32 24.09 232.26
370 26.22 61.87 46.83 36.19 219.20
371 26.52 64.03 49.37 33.78 210.56
372 26.54 16.50 25.15 15.20 159.36
373 26.52 55.92 51.33 28.27 221.93
374 26.61 77.81 49.49 25.10 172.22
375 26.72 21.19 26.09 15.70 185.75
376 26.63 36.53 32.16 22.78 219.26
377 26.53 46.24 36.98 22.98 223.17
378 26.51 48.73 41.62 24.65 229.90
379 26.60 18.76 24.82 15.79 183.25
380 26.84 51.27 50.32 27.39 220.65
381 26.94 73.50 49.67 26.44 182.40
382 26.87 30.17 29.28 19.16 206.00
383 26.99 59.97 55.72 30.74 214.97
384 27.02 38.75 36.98 21.81 221.67
385 27.04 66.32 57.99 30.17 208.18
386 27.03 68.92 61.10 29.99 199.56
387 26.99 32.67 30.04 17.84 212.01
388 27.07 53.79 59.29 25.02 224.77
389 27.13 82.69 63.44 21.83 169.63
390 27.12 41.66 46.41 21.35 221.96
391 27.39 85.38 59.06 18.51 119.19
392 27.37 25.51 28.75 16.87 191.68
393 27.26 57.66 68.22 28.91 224.34
394 27.37 62.13 66.71 27.59 215.97
395 27.58 28.00 30.63 18.16 199.66
396 27.41 44.29 53.19 22.67 223.04
397 27.52 47.13 56.85 23.96 224.43
398 27.56 71.28 61.65 27.74 199.37
399 27.60 75.85 56.40 22.95 175.48
400 27.70 34.96 35.89 20.50 214.34
401 27.52 49.34 60.49 22.43 220.69
402 27.74 22.96 32.73 15.72 185.28
403 27.87 55.47 80.89 25.16 213.42
404 27.84 64.28 75.62 27.04 212.47
405 28.02 13.69 33.99 13.01 132.85
406 27.92 16.39 35.33 15.55 172.33
407 27.89 19.08 37.05 14.96 184.77
408 27.99 37.23 42.33 20.54 220.87
409 28.14 78.58 62.94 23.02 172.55
410 28.00 52.43 80.01 24.05 213.87
411 28.16 39.62 55.57 22.65 216.24
412 28.09 30.12 36.76 18.92 204.79
413 28.09 67.94 82.97 27.71 206.02
414 28.12 81.09 69.81 20.98 174.40
415 28.10 32.62 36.88 19.82 211.36
416 28.26 60.07 92.51 26.41 215.79
417 28.43 41.59 68.25 22.54 220.28
418 28.38 45.62 77.63 22.71 222.63
419 28.41 73.05 66.11 23.47 182.28
420 28.29 57.77 97.14 26.20 221.99
421 28.45 50.35 89.51 24.75 219.57
422 28.54 43.56 73.03 24.23 226.57
423 28.62 66.05 104.09 25.19 211.32
424 28.69 21.17 44.64 17.76 189.70
425 28.57 62.37 104.74 25.91 216.70
426 28.71 83.29 70.20 19.83 159.27
427 28.69 26.48 44.23 18.48 201.02
428 28.66 47.75 92.98 23.76 228.76
429 28.67 70.06 88.19 25.64 202.29
430 28.82 85.90 71.38 19.62 137.52
431 29.03 24.10 52.34 16.99 193.89
432 28.94 53.90 122.50 25.07 218.94
433 28.89 75.65 75.39 21.94 174.05
434 29.02 34.01 48.63 20.90 218.30
435 29.12 36.11 57.02 21.45 218.70
436 29.07 56.21 117.76 27.00 219.60
437 29.08 11.03 42.22 12.82 99.12
438 29.23 28.73 49.21 17.61 200.82
439 29.12 31.31 51.23 19.92 210.83
440 29.30 15.98 62.95 15.81 173.18
441 29.33 18.91 63.04 17.71 180.14
442 29.20 38.29 73.70 22.54 214.63
443 29.33 64.55 118.20 23.30 207.85
444 29.42 51.67 124.25 25.39 209.35
445 29.37 58.45 128.48 25.51 217.77
446 29.46 80.37 68.91 22.52 167.62
447 29.52 13.39 61.21 14.10 147.75
448 29.50 67.91 107.44 25.85 208.13
449 29.62 40.41 88.63 22.76 211.06
450 29.58 60.67 138.38 25.15 218.17
451 29.63 44.74 108.10 26.32 222.60
452 29.54 49.30 123.74 25.07 216.96
453 29.71 42.60 103.45 23.72 224.68
454 29.57 77.91 74.80 22.52 166.43
455 29.68 73.18 91.11 22.81 185.75
456 29.82 70.50 105.83 22.95 194.90
457 29.81 46.85 114.76 23.49 218.92
458 29.87 62.73 131.67 24.61 222.44
459 29.86 22.24 70.55 16.28 199.93
460 30.06 83.86 68.32 18.82 160.36
461 30.04 26.06 79.24 17.62 202.46
462 30.11 55.16 145.56 26.38 218.98
463 30.02 33.11 67.92 21.24 213.85
464 30.33 86.63 66.45 18.91 131.80
465 30.23 75.61 84.27 23.08 180.51
466 30.16 30.69 81.52 21.04 224.27
467 30.30 53.12 152.25 26.05 209.90
468 30.36 35.35 81.65 22.04 213.99
469 30.37 37.70 104.53 23.34 211.63
470 30.47 11.22 72.16 13.05 114.37
471 30.48 17.50 99.12 14.86 180.26
472 30.50 57.21 143.59 26.00 220.08
473 30.26 78.36 71.85 22.28 155.15
474 30.52 28.13 85.13 19.62 210.16
475 30.65 20.49 86.34 15.84 180.82
476 30.56 59.42 146.17 25.42 223.79
477 30.59 64.76 129.43 24.65 209.47
478 30.57 67.16 119.75 25.02 206.50
479 30.77 14.63 97.24 15.31 162.50
480 30.71 24.22 96.53 18.32 202.03
481 30.62 48.76 144.56 24.33 211.64
482 30.82 50.91 139.82 25.26 209.76
483 30.78 81.12 72.03 22.04 162.01
484 30.91 39.71 117.37 24.72 210.46
485 30.86 42.19 125.28 22.44 214.11
486 30.77 44.80 142.87 24.54 224.31
487 30.84 72.21 100.87 21.99 194.94
488 30.91 61.90 154.98 26.16 219.61
489 31.03 69.45 107.50 23.21 197.33
490 31.20 46.82 152.75 25.87 216.15
491 31.04 32.72 102.38 21.30 202.14
492 31.22 30.10 109.67 19.85 206.26
493 31.30 78.07 75.99 21.27 163.64
494 31.50 9.23 71.46 12.04 88.84
495 31.35 54.95 151.74 23.85 211.11
496 31.38 74.67 88.85 21.42 184.70
497 31.63 22.85 124.21 17.06 195.25
498 31.50 36.61 123.69 19.29 212.08
499 31.57 52.63 157.46 25.36 216.33
500 31.60 83.63 67.16 19.42 160.87
501 31.74 34.53 119.10 21.71 206.06
502 31.78 18.12 114.24 16.71 182.13
503 31.78 25.49 123.47 16.78 201.70
504 31.77 12.50 97.42 13.97 150.17
505 31.79 27.87 119.55 17.99 197.23
506 31.73 57.47 156.10 25.34 212.22
507 31.71 60.05 152.15 24.84 215.26
508 31.70 66.91 115.50 23.82 202.70
509 31.76 86.78 61.07 18.93 144.84
510 31.77 43.90 144.22 25.63 219.34
511 31.81 64.66 124.27 24.65 206.71
512 31.98 89.65 44.32 15.46 104.12
513 31.88 48.88 153.79 23.70 200.98
514 31.98 20.56 135.75 16.99 193.32
515 31.99 62.49 146.84 24.67 209.88
516 31.90 41.08 140.39 23.86 216.98
517 32.07 38.46 143.90 24.07 206.56
518 32.16 15.52 117.22 16.22 175.18
519 32.01 71.49 97.07 22.24 190.00
520 32.11 80.56 73.92 21.98 176.68
521 32.05 32.22 126.66 19.73 208.36
522 32.28 46.24 162.18 24.97 216.95
523 32.31 69.14 101.75 23.31 197.80
524 32.33 76.16 82.52 24.84 183.06
525 32.46 50.94 154.07 25.53 211.79
526 32.51 30.26 143.96 19.77 190.25
527 32.51 55.65 144.07 24.93 211.05
528 32.68 73.51 85.84 22.54 182.47
529 32.70 53.38 138.91 25.63 209.40
530 32.77 10.67 87.27 13.78 124.97
531 32.87 78.45 72.25 23.72 167.10
532 32.74 35.81 135.26 20.86 203.82
533 32.74 58.89 137.92 25.42 212.19
534 32.74 42.78 137.14 24.84 209.86
535 32.82 84.89 62.18 19.54 163.27
536 32.93 23.43 138.05 17.62 188.40
537 32.99 26.18 147.35 18.05 201.22
538 33.01 61.08 139.20 25.62 211.00
539 32.95 65.28 119.96 23.52 210.38
540 33.07 67.32 101.15 23.53 200.39
541 32.93 40.19 139.90 20.56 213.98
542 33.11 13.75 103.58 13.98 166.79
543 33.03 33.01 143.30 21.10 210.27
544 33.22 87.84 52.28 16.83 133.91
545 33.16 45.26 138.98 24.58 220.53
546 33.08 48.31 131.51 24.57 207.48
547 33.19 82.06 61.98 20.31 170.15
548 33.15 28.46 159.16 20.11 204.01
549 33.23 63.16 120.22 25.00 200.24
550 33.25 17.71 118.42 15.15 186.90
551 33.24 20.50 128.46 16.76 191.91
552 33.28 38.07 137.99 23.68 213.33
553 33.36 71.29 90.02 23.52 190.10
554 33.50 57.07 133.21 23.84 206.29
555 33.81 90.27 39.63 15.60 95.03
556 33.57 75.45 71.66 21.00 180.50
557 33.77 69.28 86.84 22.59 187.71
558 33.58 50.51 125.65 25.89 213.65
559 33.81 8.69 61.74 11.82 103.03
560 33.75 54.92 140.25 25.80 227.81
561 33.79 34.46 138.16 20.88 210.86
562 33.92 31.69 138.45 21.31 195.29
563 33.87 41.50 138.82 21.65 219.98
564 33.89 43.64 118.01 23.90 208.76
565 33.90 52.70 116.21 24.50 211.44
566 34.02 59.02 129.36 24.81 207.60
567 34.14 36.82 137.22 22.24 207.40
568 34.09 46.84 116.32 25.46 214.94
569 34.15 11.67 82.17 13.56 152.40
570 34.20 15.63 98.71 15.52 171.13
571 34.19 24.92 142.21 17.41 191.37
572 34.23 80.30 64.00 21.38 164.36
573 34.12 85.58 62.61 19.93 158.33
574 34.25 73.00 83.37 21.32 191.66
575 34.19 77.65 66.51 22.85 163.24
576 34.17 29.49 162.15 20.02 198.87
577 34.24 22.30 128.56 16.81 184.85
578 34.19 65.27 100.94 24.56 198.24
579 34.36 27.18 148.62 17.90 193.98
580 34.29 61.08 113.92 22.90 205.11
581 34.35 39.56 125.15 22.13 210.67
582 34.40 67.43 86.59 26.24 197.51
583 34.44 48.98 106.58 21.84 207.81
584 34.34 83.50 69.12 20.41 156.91
585 34.52 19.48 105.34 15.49 174.94
586 34.51 63.15 101.84 24.44 206.17
587 34.79 44.87 106.77 22.72 212.76
588 34.87 70.96 78.63 21.82 187.61
589 34.79 82.38 57.95 20.75 154.08
590 34.85 51.30 106.90 23.47 218.20
591 34.82 56.75 105.26 25.75 212.34
592 34.85 34.96 132.14 20.40 213.20
593 34.91 74.92 74.66 20.66 184.99
594 34.95 54.01 106.74 25.24 213.53
595 35.08 87.53 60.84 19.29 145.64
596 35.11 13.49 81.82 14.33 165.38
597 35.21 32.81 121.75 19.73 196.79
598 35.18 89.79 49.04 17.27 116.88
599 35.14 30.66 129.61 19.60 201.53
600 35.12 42.35 99.08 22.34 203.92
601 35.28 17.45 87.72 15.28 189.88
602 35.26 9.24 59.18 13.07 108.57
603 35.31 59.36 93.35 23.62 208.23
604 35.41 68.90 77.54 22.84 193.78
605 35.43 23.80 107.52 17.36 194.23
606 35.35 39.07 120.43 24.86 211.42
607 35.35 47.04 93.23 23.26 206.00
608 35.43 79.29 73.24 20.42 160.85
609 35.49 36.88 113.42 21.30 198.37
610 35.54 28.35 107.41 19.92 198.98
611 35.51 64.36 88.51 24.77 201.16
612 35.53 66.61 82.14 22.43 203.04
613 35.60 76.73 75.01 21.99 164.57
614 35.63 21.47 95.48 16.76 187.93
615 35.66 26.06 103.12 18.23 187.68
616 35.63 61.71 90.12 24.02 210.05
617 35.68 84.65 65.40 20.15 140.60
618 35.71 49.52 90.69 25.64 212.82
619 35.95 73.36 77.09 22.93 177.76
620 36.10 11.63 63.75 15.16 141.28
621 35.98 81.64 72.43 20.14 152.73
622 35.97 54.90 84.46 25.06 210.65
623 36.08 15.44 72.66 14.16 174.74
624 36.04 40.98 89.60 23.56 204.70
625 35.96 44.86 86.04 23.16 210.71
626 36.06 34.53 110.53 22.03 218.56
627 36.03 52.07 84.33 25.13 208.84
628 36.03 57.36 86.08 23.78 212.52
629 36.31 19.20 74.32 15.54 187.59
630 36.16 71.05 79.16 22.31 186.51
631 36.30 30.42 94.44 20.23 207.90
632 36.52 87.12 67.83 20.60 137.94
633 36.56 38.72 93.19 22.01 213.04
634 36.53 47.28 84.98 25.48 212.88
635 36.62 90.14 56.34 18.36 107.39
636 36.56 59.86 78.35 22.86 210.10
637 36.54 63.36 84.73 22.74 211.08
638 36.74 32.46 88.18 20.11 209.36
639 36.71 43.02 78.10 22.99 202.97
640 36.76 8.88 47.80 14.36 111.74
641 36.64 66.04 85.96 25.09 196.55
642 36.68 68.75 80.29 24.21 188.87
643 36.84 23.88 79.18 16.84 197.69
644 36.78 36.26 99.05 22.05 216.78
645 36.75 75.82 87.90 21.54 174.88
646 36.76 78.76 84.93 21.79 159.88
647 36.89 28.24 78.77 19.34 209.82
648 36.97 26.08 78.76 18.33 191.55
649 36.94 49.39 82.62 23.42 212.05
650 37.04 21.59 74.03 17.58 189.01
651 37.03 53.36 78.87 25.54 216.55
652 37.03 83.03 77.19 20.43 139.76
653 37.22 13.82 55.33 14.42 158.81
654 37.29 16.88 62.07 15.09 175.09
655 37.14 55.63 80.63 25.02 209.89
656 37.27 45.13 78.55 22.29 215.24
657 37.25 57.86 78.10 24.68 213.32
658 37.32 61.76 84.56 24.69 205.48
659 37.27 41.07 78.58 23.59 214.06
660 37.41 51.35 72.34 24.49 210.33
661 37.34 73.64 85.04 22.09 169.89
662 37.37 71.01 83.57 22.32 182.64
663 37.46 34.16 82.36 20.40 217.42
664 37.58 11.18 48.48 13.29 142.57
665 37.62 30.11 69.76 19.30 207.54
666 37.57 64.35 83.33 24.45 192.17
667 37.65 85.87 72.88 20.11 136.71
668 37.80 19.55 61.88 16.80 186.35
669 37.68 37.63 74.28 20.28 213.27
670 37.64 67.29 88.53 23.59 185.47
671 37.84 80.30 78.81 21.18 142.03
672 37.75 91.68 54.67 16.68 87.59
673 37.82 6.95 27.12 11.63 76.14
674 37.79 47.21 72.81 22.18 205.77
675 37.85 59.73 80.81 22.66 217.85
676 37.89 76.80 93.74 22.33 146.48
677 38.08 39.63 72.79 21.09 217.08
678 38.14 88.99 66.12 19.67 121.67
679 38.09 43.51 70.08 23.79 210.79
680 38.13 69.43 88.35 23.73 171.13
681 38.18 24.56 65.67 17.72 193.94
682 38.15 27.45 62.06 18.40 201.78
683 38.19 31.99 67.47 19.33 211.67
684 38.26 35.77 64.67 22.15 203.09
685 38.24 54.08 65.43 22.56 198.90
686 38.40 22.20 60.95 17.48 192.40
687 38.26 49.46 70.39 23.94 204.42
688 38.31 56.47 78.16 24.76 211.72
689 38.38 83.23 72.10 20.31 125.48
690 38.60 9.36 42.63 12.58 117.50
691 38.45 72.30 97.94 21.53 169.64
692 38.55 15.10 52.09 15.40 158.98
693 38.56 41.71 68.90 22.05 221.10
694 38.59 61.34 87.64 22.45 199.44
695 38.63 65.61 100.07 23.63 191.28
696 38.70 17.71 59.64 15.03 175.30
697 38.66 51.65 72.34 22.70 207.62
698 38.69 63.34 95.06 23.46 192.46
699 38.78 74.73 98.43 23.48 161.04
700 38.82 12.46 49.84 13.24 153.76
701 38.81 45.42 69.86 22.56 212.15
702 38.86 33.89 67.01 20.60 208.30
703 38.83 58.49 83.52 24.64 204.52
704 38.92 67.87 107.85 21.44 182.39
705 38.91 29.95 62.14 19.13 205.45
706 38.98 77.88 90.77 21.24 147.49
707 38.90 37.81 69.39 21.87 216.34
708 38.90 85.52 73.98 19.62 127.25
709 39.09 47.58 71.38 26.12 204.38
710 39.22 20.14 57.04 15.46 183.18
711 39.15 26.17 63.03 16.92 203.48
712 39.15 80.68 86.63 20.92 136.33
713 39.21 91.50 57.81 17.53 87.21
714 39.25 70.45 101.42 23.97 173.09
715 39.50 7.22 33.28 11.39 89.05
716 39.30 40.19 67.87 21.29 208.74
717 39.38 53.53 72.98 23.59 205.26
718 39.50 43.09 72.54 22.31 202.94
719 39.28 86.43 64.81 20.58 121.72
720 39.68 28.20 63.04 19.24 201.34
721 39.53 49.75 82.46 24.17 215.61
722 39.46 56.04 78.33 24.94 204.53
723 39.72 32.02 66.63 21.56 208.99
724 39.58 60.12 95.55 24.11 211.87
725 39.74 22.41 57.42 16.48 193.19
726 39.73 36.44 57.63 20.65 207.46
727 39.73 88.74 60.32 18.14 103.89
728 39.73 83.25 78.88 21.48 123.77
729 39.94 24.69 63.23 17.97 212.37
730 39.85 16.75 56.06 15.40 168.31
731 39.84 73.00 94.06 23.89 152.34
732 39.90 10.70 46.54 12.72 131.19
733 39.87 64.04 109.42 23.01 194.79
734 39.86 66.15 104.62 23.10 185.28
735 39.98 13.97 52.37 14.53 149.20
736 39.97 75.84 89.63 22.20 142.52
737 40.08 34.34 61.81 20.58 211.63
738 40.13 62.05 110.40 23.72 203.62
739 40.11 68.33 108.19 22.54 175.12
740 40.00 45.23 86.06 23.02 208.96
741 40.13 51.60 79.37 23.93 204.97
742 40.11 38.70 65.59 20.89 193.93
743 40.09 57.97 101.42 24.87 209.61
744 40.21 79.22 85.79 20.72 127.32
745 40.26 47.95 84.78 24.78 213.35
746 40.39 85.74 70.03 21.01 111.22
747 40.39 19.23 63.80 16.08 183.89
748 40.36 41.12 76.42 22.22 209.23
749 40.49 30.35 70.44 18.84 199.30
750 40.53 70.36 103.53 21.62 156.22
751 40.46 54.15 99.53 24.21 206.21
752 40.80 91.06 53.62 18.57 73.32
753 40.91 8.59 44.73 11.80 114.98
754 40.77 43.28 91.17 22.71 214.46
755 40.87 81.61 72.99 21.83 107.62
756 40.96 26.00 71.34 17.47 201.71
757 40.81 60.18 99.94 23.28 202.57
758 40.93 56.15 97.18 24.52 210.48
759 40.99 28.29 76.45 17.40 209.37
760 41.18 6.13 41.15 10.87 83.67
761 40.98 77.36 79.94 22.01 131.37
762 40.96 23.09 71.67 16.93 198.73
763 40.98 36.07 65.79 22.19 199.77
764 40.97 46.11 87.84 22.06 211.29
765 41.17 50.19 91.83 24.34 202.58
766 41.08 16.37 64.55 15.36 166.15
767 41.11 72.29 95.89 23.49 152.22
768 41.18 33.65 70.03 21.38 203.29
769 41.11 63.54 105.96 24.47 181.58
770 41.03 66.06 112.98 21.70 178.81
771 41.17 74.56 84.02 22.54 139.97
772 41.14 88.10 60.56 20.75 91.01
773 41.23 11.25 58.86 14.51 143.54
774 41.34 20.72 67.73 16.46 194.47
775 41.24 58.07 99.17 22.87 202.61
776 41.35 13.78 61.95 15.14 158.11
777 41.21 38.51 76.27 20.95 209.96
778 41.35 52.42 104.55 22.15 207.54
779 41.39 68.46 101.01 22.31 161.46
780 41.47 31.69 76.32 19.82 199.86
781 41.55 48.15 84.10 23.21 207.24
782 41.56 84.57 58.61 21.45 91.68
783 41.49 40.73 84.59 22.32 206.56
784 41.78 93.23 38.46 15.75 47.35
785 41.69 61.41 101.18 25.63 183.23
786 41.70 54.57 96.62 24.71 199.92
787 41.89 18.39 71.54 14.92 179.75
788 41.93 79.13 65.24 23.24 100.55
789 41.80 43.51 96.62 22.51 206.57
790 42.00 70.72 94.57 22.90 131.55
791 42.09 24.75 89.42 17.56 199.00
792 41.99 45.75 96.07 22.54 216.64
793 42.17 27.19 90.31 17.54 190.99
794 42.15 29.65 90.19 20.40 200.60
795 42.16 64.84 98.90 23.69 160.52
796 42.10 76.28 73.63 22.59 111.10
797 42.13 81.73 65.28 19.81 92.36
798 42.07 36.75 83.64 21.28 203.04
799 42.12 59.05 108.26 24.19 187.91
800 42.31 22.50 78.86 15.97 191.95
801 42.25 66.98 91.47 23.52 155.24
802 42.39 89.94 49.14 18.87 71.57
803 42.36 9.89 64.15 13.21 122.84
804 42.47 34.50 87.38 19.93 196.23
805 42.41 56.52 102.36 22.86 190.98
806 42.43 73.13 86.36 22.95 115.59
807 42.47 15.92 67.53 14.80 164.96
808 42.39 87.08 55.43 21.32 87.54
809 42.47 38.99 89.04 21.52 204.49
810 42.50 62.79 105.56 23.06 175.41
811 42.47 51.48 104.05 24.31 198.50
812 42.50 41.81 98.19 22.56 212.52
813 42.79 7.26 51.05 11.56 91.41
814 42.63 13.20 72.10 15.46 150.62
815 42.61 32.18 92.69 18.18 199.97
816 42.65 49.12 101.28 22.93 199.38
817 42.87 20.24 77.40 17.21 167.78
818 42.82 69.04 82.86 21.52 132.38
819 42.75 54.12 103.05 24.05 185.45
820 42.88 46.83 109.63 20.85 200.33
821 42.94 84.00 56.87 20.00 82.04
822 42.93 60.56 102.90 24.60 185.28
823 43.15 94.38 28.52 14.59 33.59
824 42.99 44.32 104.98 20.89 203.96
825 43.11 75.26 73.92 22.04 96.73
826 43.26 78.23 60.84 21.09 84.44
827 43.17 36.55 101.31 20.64 191.73
828 43.21 58.27 107.60 24.86 177.00
829 43.41 91.97 41.09 19.18 55.33
830 43.41 17.78 72.57 15.39 160.61
831 43.31 25.37 100.47 18.10 182.33
832 43.33 28.02 98.31 17.94 192.38
833 43.34 30.32 105.55 21.28 211.71
834 43.30 66.39 82.00 24.40 127.61
835 43.43 71.05 84.22 23.46 112.56
836 43.39 81.12 60.85 21.62 79.08
837 43.35 40.44 88.82 20.46 205.74
838 43.40 64.25 93.66 23.86 140.09
839 43.52 11.50 60.15 14.12 125.77
840 43.61 23.24 88.55 17.22 172.92
841 43.48 88.00 49.19 18.94 70.94
842 43.54 52.71 113.72 24.59 183.70
843 43.66 50.37 106.46 24.63 183.07
844 43.68 55.74 103.91 23.64 173.54
845 43.65 86.52 46.84 20.20 69.85
846 43.75 32.81 86.73 19.72 179.43
847 43.77 14.88 69.98 15.50 148.13
848 43.81 38.32 86.65 20.63 190.03
849 43.72 42.69 96.19 20.86 194.60
850 43.76 62.11 95.68 23.68 150.56
851 43.89 73.24 71.74 22.57 99.62
852 43.98 9.15 46.86 12.02 90.51
853 43.86 48.06 103.73 23.84 187.48
854 43.67 89.84 44.70 20.09 55.87
855 43.96 34.91 92.60 21.09 186.75
856 44.25 6.17 37.21 10.42 69.05
857 43.99 68.12 75.16 23.85 114.73
858 44.10 21.21 76.56 17.19 154.24
859 43.95 45.51 107.12 23.39 189.74
860 44.18 60.17 85.66 23.76 147.20
861 44.21 75.98 64.85 22.49 81.63
862 44.18 84.40 48.34 20.82 69.08
863 44.29 26.66 94.78 19.06 171.65
864 44.24 57.84 96.41 24.92 157.47
865 44.19 89.03 43.05 17.59 58.11
866 44.19 90.63 41.76 17.45 54.70
867 44.60 19.03 69.37 14.97 138.23
868 44.40 65.78 79.28 22.65 112.63
869 44.46 79.47 58.96 21.49 70.06
870 44.52 30.99 83.00 19.63 165.84
871 44.53 69.81 68.54 23.01 98.61
872 44.65 28.87 79.29 19.03 157.98
873 44.53 54.12 93.33 22.91 157.04
874 44.54 40.17 89.92 21.25 166.54
875 44.57 63.46 77.59 23.74 120.83
876 44.61 12.78 52.26 12.75 103.74
877 44.67 36.69 86.14 20.19 159.56
878 44.56 51.89 97.33 23.65 163.71
879 44.70 16.58 64.67 13.85 127.32
880 44.67 82.16 53.31 20.51 62.83
881 44.78 42.49 93.78 22.28 171.57
882 44.88 49.48 99.44 23.45 159.99
883 44.93 71.79 62.19 24.16 81.45
884 45.02 92.50 34.26 17.45 37.49
885 44.96 23.18 80.02 18.93 140.17
886 44.89 87.01 41.76 20.33 57.59
887 44.91 44.67 94.23 22.40 169.05
888 44.94 47.18 91.36 22.79 162.88
889 45.17 77.34 57.37 22.30 63.80
890 45.18 25.36 77.02 16.55 141.62
891 45.13 74.26 59.57 23.12 65.80
892 45.16 34.43 82.62 19.74 157.04
893 45.22 8.90 41.45 13.28 77.03
894 45.29 55.72 82.71 23.56 132.58
895 45.28 67.29 63.58 23.59 94.84
896 45.36 32.32 81.30 18.49 152.74
897 45.21 57.65 88.88 23.69 139.04
898 45.36 61.97 68.46 24.69 111.36
899 45.28 59.75 78.16 23.99 123.57
900 45.44 20.90 62.58 16.93 122.62
901 45.48 38.39 84.10 20.10 140.89
902 45.61 14.80 55.17 13.28 99.98
903 45.46 64.72 65.79 22.21 98.23
904 45.58 90.00 42.13 19.61 45.49
905 45.67 84.01 44.94 20.59 47.52
906 45.78 11.89 42.20 12.86 80.12
907 45.53 51.17 90.54 22.69 137.00
908 45.78 27.66 59.04 18.66 129.23
909 45.66 69.55 57.57 23.09 72.49
910 45.84 29.95 64.30 19.35 132.69
911 45.68 40.56 85.01 22.01 151.17
912 45.73 53.76 73.99 24.84 132.44
913 45.76 80.37 50.68 21.43 49.91
914 45.83 45.73 77.25 21.92 141.90
915 45.87 36.19 69.05 20.36 131.16
916 45.92 17.59 51.79 16.07 97.00
917 45.85 42.92 79.25 21.34 141.22
918 46.00 72.38 58.03 23.14 58.46
919 46.26 6.92 30.54 11.68 49.90
920 46.15 47.72 80.98 22.87 129.16
921 46.01 87.02 45.32 22.10 44.57
922 46.24 75.19 55.12 23.08 55.86
923 46.32 22.92 56.05 17.19 104.27
924 46.22 58.14 65.41 23.98 100.53
925 46.36 49.67 76.09 22.68 114.92
926 46.28 60.77 61.00 23.94 92.28
927 46.29 77.86 57.04 22.71 54.01
928 46.31 25.40 56.34 16.58 112.83
929 46.37 63.42 57.67 25.16 82.75
930 46.40 33.04 66.86 20.21 112.10
931 46.41 65.91 64.70 23.99 77.66
932 46.50 20.00 50.15 15.23 92.19
933 46.42 52.09 67.89 20.79 107.13
934 46.71 92.48 36.64 20.42 28.41
935 46.63 9.73 31.91 13.87 59.60
936 46.56 55.61 66.45 23.02 101.33
937 46.62 68.12 59.19 24.18 66.36
938 46.66 39.17 63.95 20.27 108.08
939 46.70 41.28 66.92 21.27 118.36
940 46.67 44.41 65.88 23.28 115.14
941 46.75 70.56 60.91 24.20 57.44
942 46.89 82.45 51.60 21.82 37.83
943 46.91 15.12 40.50 14.88 73.94
944 46.89 85.32 49.42 20.52 37.21
945 46.68 94.65 28.76 15.83 15.48
946 46.90 30.83 55.74 19.00 104.71
947 46.83 34.96 62.61 20.32 109.30
948 46.87 89.10 48.28 20.00 33.18
949 46.93 37.16 54.52 21.22 98.54
950 47.02 27.37 47.84 19.28 91.49
951 47.01 79.70 52.84 22.15 42.17
952 47.14 12.55 37.86 13.99 66.03
953 47.17 17.64 43.56 16.12 73.77
954 47.12 73.09 61.29 23.47 49.13
955 47.24 46.29 58.29 23.24 88.90
956 47.20 53.48 60.29 22.56 84.62
957 47.28 62.21 58.52 26.48 73.92
958 47.26 59.96 56.40 23.14 72.98
959 47.31 76.94 51.62 22.14 42.64
960 47.32 42.65 62.87 21.33 98.03
961 47.29 57.73 57.52 22.64 79.55
962 47.37 48.47 65.25 22.08 83.03
963 47.43 24.83 46.83 17.72 81.84
964 47.33 50.78 63.78 22.40 86.28
965 47.45 64.54 59.14 25.26 67.45
966 47.62 6.68 24.97 11.76 37.00
967 47.50 22.54 45.71 17.19 80.33
968 47.65 29.27 44.58 19.28 83.40
969 47.58 66.84 65.25 24.98 51.92
970 47.61 32.75 50.97 19.99 82.32
971 47.71 20.21 41.66 17.12 70.70
972 47.66 69.22 65.95 22.91 45.86
973 47.80 75.04 57.14 21.13 37.79
974 47.74 39.99 56.04 21.51 85.48
975 47.79 55.80 58.38 24.28 70.40
976 47.88 9.58 31.24 11.69 42.68
977 47.88 44.25 53.66 23.79 80.62
978 47.83 35.23 56.51 20.78 76.33
979 47.97 71.32 65.16 23.95 35.96
980 48.05 87.49 50.68 21.53 26.65
981 48.43 93.46 41.32 18.59 17.27
982 47.98 84.69 52.33 21.04 31.50
983 48.05 90.42 51.60 21.62 35.61
984 48.04 37.77 48.67 21.36 79.14
985 48.07 80.50 56.32 22.50 33.00
986 48.22 15.43 38.50 15.42 50.34
987 48.25 52.10 57.53 24.61 64.88
988 48.29 95.64 30.73 17.67 11.38
989 48.24 26.69 43.02 19.32 64.68
990 48.30 54.09 54.64 24.65 59.22
991 48.34 59.77 62.13 23.47 56.36
992 48.42 77.96 56.23 24.84 35.20
993 48.36 42.08 55.16 21.67 72.71
994 48.40 61.79 64.14 24.10 53.23
995 48.34 12.32 35.29 13.33 44.85
996 48.46 18.04 40.84 15.28 56.15
997 48.47 31.10 51.75 19.67 65.62
998 48.41 47.76 58.86 22.95 66.57
999 48.41 49.96 55.81 22.91 63.62
1000 48.51 57.76 63.34 25.28 51.01
1001 48.44 63.98 68.79 27.23 51.46
1002 48.48 45.69 53.52 21.95 64.45
1003 48.64 82.68 57.48 24.05 29.06
1004 48.60 73.33 61.94 24.70 33.46
1005 48.64 24.34 42.73 16.52 58.82
1006 48.62 66.15 69.50 24.90 38.29
1007 48.60 68.60 69.02 23.31 36.69
1008 48.75 22.23 41.38 16.65 52.53
1009 48.69 33.61 53.83 20.47 65.72
1010 48.77 28.88 46.34 18.40 57.13
1011 48.82 35.80 45.99 21.48 59.51
1012 48.96 8.13 29.55 11.92 30.73
1013 48.84 40.09 49.64 20.40 60.14
1014 49.00 75.65 56.42 22.74 28.79
1015 48.98 20.21 47.63 15.65 48.22
1016 49.07 55.91 64.22 23.11 45.72
1017 49.19 71.40 67.00 24.61 29.07
1018 49.12 37.84 49.21 20.36 59.87
1019 49.16 43.86 54.08 21.17 54.23
1020 49.27 86.00 54.24 23.13 23.58
1021 49.27 89.15 45.69 21.85 23.28
1022 49.29 13.79 36.48 13.89 36.10
1023 49.43 10.91 33.68 12.98 30.42
1024 49.38 53.74 67.65 25.01 41.99
1025 49.40 62.94 71.59 26.85 36.01
1026 49.44 80.05 56.67 23.08 23.95
1027 49.46 16.42 45.47 15.36 35.24
1028 49.32 26.43 47.17 19.41 45.41
1029 49.39 48.56 57.11 23.01 48.90
1030 49.36 51.26 61.37 23.94 46.18
1031 49.40 60.33 67.22 26.41 35.70
1032 49.47 31.92 49.87 20.08 45.86
1033 49.48 46.14 56.28 22.41 51.22
1034 49.57 67.39 68.79 25.35 34.83
1035 49.59 41.88 54.14 23.60 47.36
1036 49.68 65.09 67.28 24.28 34.90
1037 49.74 69.51 68.75 24.13 26.33
1038 49.69 57.99 61.54 24.29 35.93
1039 49.70 94.87 31.67 16.85 9.77
1040 49.85 92.18 43.47 21.37 16.77
1041 49.77 77.46 54.72 23.57 25.97
1042 49.91 18.82 51.80 15.26 28.51
1043 49.89 6.21 26.06 13.89 22.03
1044 49.79 28.93 47.15 20.30 36.52
1045 49.83 34.05 53.93 21.32 40.20
1046 49.92 74.01 64.24 25.43 23.91
1047 49.84 83.23 52.80 22.52 22.16
1048 49.86 24.25 48.54 18.86 35.97
1049 49.82 39.57 52.36 19.51 42.47
1050 49.92 21.74 47.82 18.06 33.96
1051 49.89 36.37 54.76 19.36 42.56
1052 50.18 55.75 73.13 24.13 30.65
1053 50.29 49.98 66.01 25.04 36.47
1054 50.37 52.46 66.19 27.94 31.92
1055 50.37 61.56 64.64 26.87 31.03
1056 50.46 14.34 39.77 15.99 24.00
1057 50.37 26.57 53.43 18.66 30.62
1058 50.36 31.00 51.29 19.86 34.08
1059 50.43 47.64 63.32 26.22 33.93
1060 50.44 71.76 61.34 25.38 24.00
1061 50.45 43.25 59.34 23.41 32.27
1062 50.41 88.99 39.88 25.10 17.06
1063 50.45 45.32 62.21 21.73 36.05
1064 50.44 86.63 44.34 25.01 18.57
1065 50.64 11.71 33.62 14.34 22.68
1066 50.53 59.42 66.34 27.51 30.75
1067 50.52 9.18 30.67 13.36 18.12
1068 50.60 38.25 59.05 22.98 35.01
1069 50.74 63.60 63.86 25.57 24.73
1070 50.53 66.56 63.95 27.19 27.67
1071 50.58 81.27 47.11 23.25 18.66
1072 50.68 90.35 36.75 23.25 15.80
1073 50.63 78.55 52.99 26.21 18.79
1074 50.75 40.80 59.96 22.35 28.54
1075 50.78 35.38 62.96 20.24 27.71
1076 50.78 76.00 58.11 28.50 20.98
1077 50.84 69.37 61.26 25.38 23.44
1078 50.93 22.63 47.25 18.71 25.79
1079 50.98 20.67 51.16 15.88 21.69
1080 50.97 32.98 60.94 20.65 26.35
1081 50.90 96.19 23.11 16.32 4.92
1082 50.90 24.65 53.13 19.29 24.47
1083 50.96 28.63 49.80 20.37 24.51
1084 51.06 54.62 72.18 25.37 27.82
1085 51.17 57.35 66.63 25.34 25.06
1086 51.08 84.26 46.74 25.33 17.34
1087 51.19 6.27 24.97 12.89 12.78
1088 51.25 93.26 30.82 22.88 10.68
1089 51.36 74.06 51.65 30.81 18.96
1090 51.27 50.62 67.01 26.93 28.27
1091 51.14 78.97 47.58 26.36 19.00
1092 51.29 46.03 67.75 23.49 27.36
1093 51.10 19.62 52.78 19.11 27.67
1094 51.50 30.56 50.83 20.15 23.05
1095 51.48 65.22 53.51 27.04 22.91
1096 51.45 9.19 29.13 13.31 14.79
1097 51.49 43.89 63.47 23.83 24.19
1098 51.49 48.45 72.53 26.47 26.05
1099 51.52 61.93 59.96 26.93 21.27
1100 51.48 67.45 56.27 27.23 20.95
1101 51.53 36.99 64.62 23.18 26.35
1102 51.45 86.88 43.59 27.31 18.43
1103 51.76 91.10 39.10 24.90 13.51
1104 51.66 26.38 57.14 18.93 22.38
1105 51.60 52.59 66.65 27.59 24.59
1106 51.56 59.65 58.45 27.34 24.57
1107 51.66 14.32 37.53 15.93 18.12
1108 51.61 71.50 48.26 27.31 20.45
1109 51.83 19.00 46.89 17.88 18.51
1110 51.83 95.12 25.03 20.40 6.82
1111 51.75 39.45 59.43 23.82 23.85
1112 51.82 41.71 60.71 24.31 24.89
1113 51.78 88.34 37.72 26.15 14.29
1114 51.82 77.08 46.41 29.68 15.60
1115 51.98 11.83 30.29 16.23 14.93
1116 51.51 46.98 73.25 34.25 24.00
1117 51.95 34.77 64.45 23.21 22.69
1118 52.01 80.28 42.14 27.00 14.18
1119 52.07 16.61 37.54 17.99 16.35
1120 52.08 23.40 46.58 18.97 18.32
1121 51.97 55.75 56.28 26.61 23.84
1122 52.07 69.30 51.78 28.96 18.89
1123 52.11 82.88 42.11 26.82 16.84
1124 52.07 32.31 55.58 22.33 18.15
1125 52.27 28.36 48.47 21.60 18.83
1126 51.93 45.96 66.56 25.56 17.89
1127 52.35 50.39 60.96 26.18 20.41
1128 52.37 85.48 39.85 28.26 14.76
1129 52.70 4.72 17.78 12.78 6.38
1130 52.43 7.61 27.51 14.23 9.00
1131 52.37 53.67 52.15 25.74 20.69
1132 52.50 58.55 51.60 28.01 17.23
1133 52.49 64.63 46.08 29.24 16.84
1134 52.46 73.41 43.26 31.71 14.47
1135 52.38 45.47 58.97 25.89 21.07
1136 52.61 62.80 52.61 29.49 19.32
1137 52.60 47.90 55.86 27.53 19.36
1138 52.59 60.72 53.03 30.24 19.30
1139 52.62 43.34 53.46 23.01 18.49
1140 52.57 66.97 43.15 31.76 15.91
1141 52.42 95.94 17.00 19.67 4.48
1142 52.63 30.31 45.61 22.84 17.85
1143 52.56 37.30 53.32 26.49 19.99
1144 52.76 70.92 42.94 32.20 15.28
1145 52.45 75.39 44.11 33.67 14.22
1146 52.92 9.69 25.72 15.87 10.05
1147 52.90 91.61 31.25 26.50 11.33
1148 52.67 94.41 26.35 24.43 7.86
1149 52.79 26.27 46.13 21.31 15.36
1150 52.82 56.37 49.22 31.69 19.16
1151 52.70 86.83 35.52 26.45 13.05
1152 52.94 15.18 32.68 17.81 13.22
1153 52.73 21.73 36.79 19.00 10.26
1154 52.89 33.51 46.34 24.31 18.45
1155 52.89 78.45 38.96 32.30 13.26
1156 52.81 89.13 35.33 25.39 11.45
1157 53.03 12.72 30.78 16.89 11.31
1158 52.88 39.56 51.64 23.90 18.35
1159 52.94 75.75 40.10 31.80 14.62
1160 53.04 18.85 37.88 19.42 12.72
1161 53.19 41.40 45.29 26.42 17.22
1162 52.89 93.42 23.29 27.41 8.47
1163 53.17 52.04 54.39 31.84 19.92
1164 53.12 24.15 38.53 20.74 15.81
1165 53.26 35.38 45.43 23.95 17.49
1166 53.34 54.24 44.78 31.43 16.95
1167 53.16 82.66 35.47 31.47 11.44
1168 53.51 81.06 36.99 31.42 10.70
1169 53.31 83.97 34.59 29.54 11.85
1170 53.31 45.64 49.81 26.20 15.11
1171 53.30 68.90 39.08 35.02 13.16
1172 53.46 49.83 47.27 29.93 17.79
1173 53.46 31.81 36.72 22.75 14.73
1174 53.33 88.17 33.84 29.81 13.19
1175 53.57 72.45 40.76 35.94 12.43
1176 53.60 37.65 42.30 24.84 14.69
1177 53.57 57.92 50.90 30.71 15.09
1178 53.51 66.15 45.56 35.11 14.99
1179 53.63 21.16 36.60 21.07 12.20
1180 53.57 29.11 35.84 24.03 14.38
1181 53.72 7.38 23.61 16.01 7.25
1182 53.72 16.71 31.74 19.50 12.28
1183 53.69 62.11 51.29 33.61 15.44
1184 53.45 94.65 17.80 24.10 4.00
1185 53.80 64.17 52.15 32.90 13.51
1186 53.79 86.24 34.49 30.87 11.87
1187 53.73 43.56 44.64 29.51 16.41
1188 53.73 47.83 48.12 30.27 15.22
1189 53.87 59.90 49.61 31.27 13.78
1190 53.97 77.29 38.72 36.70 11.33
1191 53.87 26.51 35.53 23.94 12.87
1192 53.83 79.70 25.94 35.06 11.00
1193 53.93 11.16 25.93 18.48 8.05
1194 54.01 74.58 40.83 37.12 11.84
1195 53.94 94.00 25.29 28.33 7.78
1196 54.03 23.40 36.42 25.71 11.74
1197 53.94 55.76 47.34 34.47 14.58
1198 54.04 89.23 27.68 34.21 9.36
1199 54.05 39.55 43.40 25.33 14.60
1200 54.15 13.66 31.38 18.92 10.35
1201 54.11 33.54 38.51 27.00 14.31
1202 54.18 70.65 40.49 40.44 12.66
1203 54.00 9.78 24.51 18.17 8.94
1204 53.98 91.98 25.55 32.76 7.37
1205 54.21 51.62 43.51 32.38 16.29
1206 54.41 41.49 39.74 29.23 12.68
1207 54.39 19.00 33.18 23.52 10.62
1208 54.30 67.99 45.25 37.76 12.69
1209 54.30 90.71 29.00 34.42 8.19
1210 54.34 35.75 36.64 26.34 13.86
1211 54.33 45.79 41.35 32.43 14.24
1212 54.35 83.19 38.00 35.83 9.52
1213 54.49 53.67 42.93 34.22 13.78
1214 54.46 95.89 14.89 25.30 3.99
1215 54.27 92.94 23.62 33.62 8.69
1216 54.58 28.21 35.89 25.39 12.47
1217 54.70 31.40 35.95 26.61 11.43
1218 54.61 65.87 52.13 47.19 14.11
1219 54.72 24.74 38.31 29.65 11.24
1220 54.72 49.92 43.09 35.78 13.45
1221 54.67 29.29 36.32 27.61 11.32
1222 54.73 58.12 50.01 38.56 12.58
1223 55.00 87.87 31.21 38.93 8.32
1224 54.85 21.84 42.13 26.66 8.25
1225 54.84 47.90 41.46 35.27 12.65
1226 54.74 61.16 52.46 39.09 12.58
1227 54.67 80.04 35.05 39.78 9.86
1228 54.96 8.81 25.92 19.85 6.70
1229 54.80 37.80 41.50 30.41 13.16
1230 54.84 16.38 34.29 25.39 9.91
1231 54.82 43.38 41.74 31.51 12.14
1232 54.88 55.90 46.96 37.25 12.19
1233 54.85 63.44 55.25 39.84 12.98
1234 54.84 82.46 32.02 41.43 9.41
1235 55.07 26.71 39.07 29.44 10.94
1236 55.12 73.29 47.28 50.61 11.28
1237 54.88 10.87 29.81 21.93 8.41
1238 55.06 75.88 44.23 46.87 10.68
1239 55.23 77.94 39.88 44.91 11.19
1240 54.82 94.79 17.70 28.75 4.45
1241 54.99 86.07 37.78 36.00 9.53
1242 55.18 92.41 26.95 38.68 7.00
1243 55.18 33.55 38.08 32.11 11.53
1244 55.21 69.34 53.74 48.32 11.41
1245 55.28 11.59 29.47 23.16 9.07
1246 55.16 6.87 23.05 21.45 4.63
1247 55.31 13.99 33.33 24.86 9.04
1248 55.04 79.19 34.38 44.85 8.00
1249 55.33 39.56 45.83 33.55 10.72
1250 55.44 71.35 47.83 48.28 10.30
1251 55.39 90.29 31.30 40.31 8.14
1252 55.31 93.99 23.58 35.58 6.69
1253 55.35 51.86 49.01 39.49 11.60
1254 55.16 84.73 36.96 38.79 9.54
1255 55.50 35.76 43.86 36.70 10.97
1256 55.59 59.57 56.13 47.92 11.71
1257 55.68 67.46 61.87 53.77 9.99
1258 55.55 19.88 40.46 30.17 8.61
1259 55.61 64.95 62.27 52.17 11.99
1260 55.51 96.26 15.51 27.55 2.88
1261 55.57 30.17 42.25 31.30 9.67
1262 55.72 41.54 47.44 38.08 11.31
1263 55.31 83.85 27.50 38.83 6.83
1264 55.81 17.53 39.83 29.02 7.30
1265 55.84 24.38 44.62 36.21 8.44
1266 55.73 53.80 47.08 43.60 11.34
1267 55.76 56.91 55.38 47.64 11.32
1268 55.87 6.23 24.04 22.48 5.02
1269 55.75 4.49 17.70 19.44 3.00
1270 55.82 43.52 47.98 37.29 12.10
1271 55.81 62.00 58.46 50.01 10.82
1272 55.86 28.24 47.34 36.48 9.77
1273 55.95 32.17 40.86 36.11 10.53
1274 55.92 47.01 45.51 41.42 11.05
1275 55.90 49.44 46.48 42.72 11.16
1276 56.12 82.30 44.69 50.73 8.14
1277 55.79 7.60 26.29 19.79 4.93
1278 56.13 22.27 45.05 37.26 8.22
1279 56.00 85.50 47.38 44.97 8.98
1280 56.12 79.82 48.08 48.19 8.95
1281 56.24 37.38 53.26 39.10 10.26
1282 56.17 75.20 58.31 51.46 9.59
1283 56.32 11.95 38.43 30.16 6.23
1284 56.29 87.98 35.79 49.13 7.88
1285 56.30 94.76 24.19 36.67 3.84
1286 56.08 9.21 29.95 22.30 3.98
1287 56.44 15.04 40.82 31.97 6.50
1288 56.38 92.91 31.90 43.62 6.14
1289 56.30 26.34 52.49 36.36 8.66
1290 56.47 34.36 50.22 39.98 8.93
1291 56.36 70.16 61.44 58.52 10.81
1292 56.50 51.49 50.25 50.46 11.22
1293 56.60 77.67 52.38 56.79 9.23
1294 56.56 39.43 52.59 44.94 9.78
1295 56.60 91.32 32.24 45.24 6.84
1296 56.65 73.06 56.85 61.57 9.39
1297 56.41 89.40 35.46 45.84 8.46
1298 56.56 55.36 64.87 51.40 10.47
1299 56.60 63.90 70.43 64.24 9.33
1300 56.61 58.07 60.82 59.10 10.43
1301 56.57 66.25 76.06 61.49 9.87
1302 56.74 42.43 60.79 44.64 8.93
1303 56.63 45.20 55.81 46.14 9.84
1304 56.63 60.38 70.19 58.88 10.39
1305 56.57 29.91 51.57 40.39 9.14
1306 56.56 84.25 38.81 52.05 8.84
1307 56.86 19.84 55.99 39.94 6.96
1308 56.99 6.96 30.12 27.31 4.51
1309 56.83 9.29 38.48 31.34 6.67
1310 56.95 47.31 61.65 47.07 10.27
1311 56.97 17.46 46.85 37.08 6.04
1312 56.94 53.28 61.13 57.51 8.76
1313 56.76 95.85 21.79 34.79 3.36
1314 56.99 32.23 50.69 48.82 8.93
1315 57.14 62.11 75.89 70.67 10.33
1316 57.08 68.33 77.07 71.47 9.08
1317 57.12 86.22 47.86 59.26 9.09
1318 56.89 25.80 53.19 42.06 8.25
1319 57.03 27.98 55.61 47.01 7.75
1320 57.04 49.56 57.01 53.78 10.14
1321 57.29 24.28 54.13 48.56 7.35
1322 57.24 36.10 59.34 50.01 8.40
1323 57.12 30.30 56.32 42.14 9.43
1324 57.18 13.50 44.78 37.65 5.57
1325 57.47 80.36 59.23 63.51 8.39
1326 57.41 71.46 64.95 68.86 8.63
1327 57.39 75.51 64.68 68.92 8.33
1328 57.51 22.01 55.85 49.69 5.98
1329 57.49 40.56 59.61 53.00 9.44
1330 57.69 4.38 27.73 24.35 2.53
1331 57.54 56.89 72.92 67.55 9.86
1332 57.53 59.45 76.83 70.60 9.86
1333 57.60 83.25 48.59 61.74 8.69
1334 57.57 65.70 87.28 77.49 9.55
1335 57.54 96.26 21.21 35.85 2.15
1336 57.69 12.82 43.49 39.85 5.21
1337 57.69 90.79 41.66 58.07 6.71
1338 57.82 93.06 36.11 54.75 5.37
1339 57.72 10.68 36.03 33.70 4.87
1340 57.81 45.25 66.02 59.93 9.36
1341 57.69 54.69 64.80 67.24 8.52
1342 57.80 51.79 67.02 72.20 8.95
1343 57.84 33.98 54.63 58.47 8.50
1344 57.87 42.88 71.74 59.44 8.84
1345 57.87 77.75 66.74 69.28 8.36
1346 57.96 88.11 49.02 61.07 7.16
1347 57.99 15.56 49.36 45.25 5.40
1348 57.97 26.79 62.04 59.88 6.33
1349 57.97 29.23 60.75 63.19 7.45
1350 57.92 47.78 76.22 65.28 9.34
1351 58.01 69.74 73.48 75.42 8.36
1352 58.03 63.67 80.11 81.97 9.44
1353 58.07 31.50 58.01 61.92 7.36
1354 58.08 73.67 64.01 80.28 8.36
1355 58.17 7.56 32.68 35.66 4.30
1356 58.06 18.06 52.67 49.71 5.63
1357 58.15 49.92 67.41 74.68 9.39
1358 58.21 67.64 89.96 82.19 7.97
1359 58.25 61.22 73.24 81.63 8.40
1360 58.01 95.34 26.18 44.15 2.51
1361 58.30 85.20 45.86 70.39 7.15
1362 58.31 9.32 31.28 38.98 4.76
1363 58.37 58.24 70.58 82.36 9.76
1364 58.60 19.97 44.03 62.62 5.69
1365 58.53 23.11 47.36 66.03 6.08
1366 58.49 39.54 61.79 73.48 9.61
1367 58.60 36.21 54.24 76.33 7.79
1368 58.69 12.40 37.07 47.45 4.69
1369 58.67 81.98 60.37 78.92 7.12
1370 58.77 25.26 52.54 71.72 6.86
1371 58.77 52.79 63.64 87.01 8.79
1372 58.72 71.56 68.01 91.01 7.90
1373 58.70 54.91 68.90 89.85 9.06
1374 58.80 65.60 89.22 96.14 8.72
1375 58.87 76.06 59.56 91.86 8.14
1376 58.90 79.16 67.95 88.54 7.45
1377 58.93 41.45 56.77 76.81 8.48
1378 58.80 90.23 41.28 68.56 6.22
1379 58.84 43.96 58.14 76.16 7.29
1380 58.84 46.54 63.52 82.60 8.04
1381 58.93 33.94 64.77 77.45 7.97
1382 59.11 4.77 22.42 37.46 2.67
1383 59.10 94.22 33.16 59.27 3.83
1384 59.13 56.85 63.29 93.09 8.54
1385 59.18 27.34 44.16 85.48 6.95
1386 59.13 29.44 48.59 83.62 7.23
1387 59.11 31.52 54.43 80.98 6.84
1388 59.17 38.04 50.06 82.75 6.96
1389 59.09 48.94 74.52 94.22 8.42
1390 59.06 91.85 39.08 66.33 5.35
1391 58.98 10.24 33.89 48.63 4.53
1392 59.21 14.92 38.69 62.33 5.15
1393 59.21 59.49 76.53 100.57 8.92
1394 59.25 63.34 74.88 100.85 8.46
1395 59.14 68.93 74.95 97.71 8.35
1396 59.23 87.84 46.92 74.10 6.27
1397 59.32 17.77 48.02 77.26 5.60
1398 59.32 73.56 65.21 102.90 7.04
1399 59.49 21.44 39.97 76.22 5.71
1400 59.42 51.17 57.86 101.56 8.33
1401 59.34 3.10 11.98 31.16 1.51
1402 59.52 7.53 29.31 44.17 3.84
1403 59.47 61.44 69.96 108.88 9.11
1404 59.44 84.69 50.93 86.72 6.83
1405 59.21 6.10 18.36 40.82 4.09
1406 59.50 10.04 29.54 50.93 4.80
1407 59.70 23.95 41.73 81.20 6.49
1408 59.74 67.05 73.32 108.63 7.72
1409 59.72 54.26 56.75 112.97 8.38
1410 59.78 70.88 61.35 108.80 7.72
1411 60.04 96.87 17.53 46.34 1.32
1412 59.92 35.12 48.56 94.29 7.10
1413 59.85 44.23 51.70 95.94 7.85
1414 59.93 82.48 59.31 95.26 6.44
1415 59.85 46.47 56.79 104.57 8.21
1416 60.01 77.40 57.59 105.78 7.07
1417 60.03 39.61 47.94 97.53 7.19
1418 59.96 41.84 46.37 94.57 7.54
1419 60.10 12.80 32.44 61.80 4.57
1420 60.04 32.81 53.65 102.84 7.20
1421 60.21 79.90 51.60 98.79 6.11
1422 60.22 89.25 36.90 84.36 6.03
1423 60.09 64.91 64.70 116.73 8.75
1424 60.18 25.83 44.08 92.72 6.29
1425 60.14 48.54 57.10 115.30 7.24
1426 60.08 58.36 62.69 117.65 8.02
1427 60.00 92.01 36.77 80.32 5.59
1428 60.22 37.22 50.60 101.41 7.59
1429 60.14 56.16 50.44 122.10 7.11
1430 60.33 15.78 34.79 80.76 4.95
1431 60.24 28.52 44.93 107.15 6.42
1432 60.29 75.08 55.90 114.11 7.23
1433 60.35 30.70 45.66 103.25 6.85
1434 60.34 93.48 39.29 80.39 4.35
1435 60.40 4.12 14.75 44.07 2.11
1436 60.11 5.81 14.47 45.00 2.74
1437 60.42 52.71 52.80 126.04 8.10
1438 60.42 69.12 64.69 121.44 7.61
1439 60.44 50.60 45.27 115.82 7.94
1440 60.56 18.17 38.60 91.39 5.07
1441 60.57 20.50 43.84 93.85 5.12
1442 60.50 60.61 58.38 137.86 7.49
1443 60.50 62.82 54.82 133.85 8.05
1444 60.58 72.47 55.90 123.56 7.13
1445 60.61 9.22 27.87 60.98 3.87
1446 60.49 6.65 21.23 56.32 3.03
1447 60.71 22.92 41.31 100.65 5.52
1448 60.69 85.54 45.64 99.57 6.41
1449 60.85 43.36 49.98 119.96 7.66
1450 60.89 66.35 58.68 133.16 7.28
1451 60.92 45.98 47.76 118.50 7.47
1452 60.92 54.72 53.18 145.95 8.12
1453 60.99 7.41 18.49 56.84 3.62
1454 61.04 33.40 48.47 115.23 7.32
1455 61.09 82.50 50.51 110.57 5.69
1456 61.13 26.87 42.82 109.26 6.33
1457 61.18 35.94 45.74 119.97 6.63
1458 61.15 57.07 52.56 145.24 7.15
1459 61.11 5.99 17.96 56.93 3.11
1460 61.24 40.81 45.81 122.65 7.55
1461 61.24 11.92 27.28 74.61 4.07
1462 61.21 38.53 47.14 117.12 7.16
1463 61.15 48.65 47.76 133.76 8.13
1464 61.25 59.15 50.35 149.82 7.39
1465 61.33 88.24 41.16 101.45 6.02
1466 61.19 98.36 6.00 25.00 0.15
1467 61.28 77.32 48.16 127.36 5.55
1468 61.41 14.46 35.56 86.98 4.80
1469 61.43 29.23 53.35 116.74 6.56
1470 61.42 64.29 53.41 147.47 7.57
1471 61.38 74.39 50.04 131.39 6.87
1472 61.43 94.90 25.58 70.05 2.65
1473 61.56 24.61 42.26 109.93 5.49
1474 61.45 51.15 49.14 152.81 7.66
1475 61.45 91.81 37.21 92.29 5.13
1476 61.53 70.90 54.75 142.76 7.05
1477 61.64 31.42 54.76 110.42 7.09
1478 61.47 68.31 57.20 144.11 7.70
1479 61.62 79.86 46.48 126.24 6.09
1480 61.56 61.89 46.37 151.19 7.48
1481 61.69 19.33 42.24 98.77 4.69
1482 61.73 4.06 11.34 50.57 1.99
1483 61.71 53.27 48.93 157.98 8.16
1484 61.82 21.71 45.66 109.85 5.12
1485 61.89 16.93 37.13 98.64 4.70
1486 61.94 42.58 49.08 136.73 7.84
1487 61.87 44.95 46.93 131.92 7.20
1488 61.94 9.83 25.10 76.07 3.48
1489 62.00 47.42 51.21 146.77 8.35
1490 61.97 96.83 9.69 47.17 0.63
1491 62.09 85.16 41.39 114.59 6.03
1492 62.01 55.67 52.54 168.03 7.34
1493 62.02 34.16 53.79 133.72 6.40
1494 61.96 6.01 17.22 66.45 2.85
1495 62.25 36.76 49.18 134.67 7.13
1496 62.22 66.47 50.45 153.81 6.96
1497 62.33 72.71 49.21 151.09 6.31
1498 62.24 27.65 59.80 122.59 6.04
1499 62.30 49.79 49.15 149.61 7.14
1500 62.18 60.24 48.97 168.73 7.23
1501 62.28 82.48 46.29 118.58 5.64
1502 62.39 38.96 50.62 137.30 7.19
1503 62.32 57.77 52.58 165.94 8.63
1504 62.43 12.65 34.14 86.26 4.11
1505 62.43 75.39 48.85 151.80 6.58
1506 62.44 6.71 22.39 69.10 3.08
1507 62.54 93.33 29.67 89.59 3.42
1508 62.52 63.61 48.58 162.80 6.92
1509 62.55 90.39 33.12 98.36 4.56
1510 62.47 69.23 55.84 157.26 6.63
1511 62.60 77.89 45.16 144.22 6.11
1512 62.74 25.56 60.09 120.55 5.27
1513 62.60 29.93 70.59 137.99 7.89
1514 62.67 23.42 50.08 120.75 4.93
1515 62.65 52.11 50.00 162.11 7.85
1516 62.73 87.49 36.92 118.86 5.66
1517 62.72 40.83 59.32 145.68 7.26
1518 62.84 32.37 57.04 121.61 5.38
1519 62.87 15.10 37.08 90.18 4.66
1520 62.83 54.20 55.51 168.41 8.25
1521 62.94 43.78 58.77 137.20 7.53
1522 63.01 80.42 45.37 140.04 6.07
1523 62.92 20.40 42.84 113.75 4.36
1524 62.94 4.32 11.59 59.18 2.02
1525 62.93 46.12 52.63 144.63 6.58
1526 63.04 61.39 53.46 169.96 7.71
1527 63.21 17.80 39.70 100.18 4.44
1528 63.10 34.80 52.88 138.29 6.98
1529 62.83 10.91 36.00 81.64 3.45
1530 63.15 59.21 49.20 170.91 7.53
1531 63.19 70.96 51.26 162.15 6.33
1532 63.14 9.85 36.77 86.40 3.49
1533 63.21 48.52 50.21 153.44 6.94
1534 63.15 56.26 62.10 171.59 6.89
1535 63.41 7.60 25.11 79.11 3.29
1536 63.55 95.00 17.06 79.66 1.85
1537 63.28 66.58 51.12 166.43 7.02
1538 63.41 83.72 42.18 126.38 5.35
1539 63.41 27.41 62.42 118.96 5.06
1540 63.48 37.45 59.16 137.50 6.48
1541 63.52 50.90 58.60 161.07 7.52
1542 63.55 73.21 48.11 153.90 6.35
1543 63.57 64.41 56.12 172.10 6.33
1544 63.54 68.74 57.18 173.54 6.14
1545 63.71 22.48 53.74 113.40 5.23
1546 63.64 41.85 81.33 144.94 6.72
1547 63.71 29.42 60.99 128.89 6.24
1548 63.62 75.83 45.65 153.00 6.35
1549 63.82 12.71 41.66 90.29 3.97
1550 63.81 89.51 33.62 120.52 4.65
1551 63.93 31.42 56.60 127.15 5.66
1552 63.85 39.65 70.08 146.25 6.77
1553 64.07 5.33 21.94 68.20 2.13
1554 63.90 53.10 64.68 162.75 7.09
1555 63.91 78.46 41.87 139.63 5.67
1556 63.95 86.03 37.16 126.31 5.38
1557 64.04 92.18 25.85 102.00 3.81
1558 63.97 62.48 54.67 172.58 7.16
1559 64.01 24.73 66.87 115.12 4.84
1560 64.02 45.98 61.96 147.57 7.44
1561 64.08 57.41 74.10 170.38 7.32
1562 64.24 20.37 42.24 105.59 3.50
1563 64.09 35.22 65.06 139.16 5.80
1564 64.09 43.82 72.78 144.80 6.91
1565 64.18 55.34 70.31 166.74 7.26
1566 64.11 15.26 40.43 93.36 3.89
1567 64.13 87.39 39.30 125.09 5.13
1568 64.29 81.50 41.50 134.41 5.97
1569 64.14 59.49 55.55 170.06 6.93
1570 64.42 33.25 61.41 137.00 5.73
1571 64.33 48.27 64.60 153.76 7.03
1572 64.41 9.37 37.21 81.62 3.52
1573 64.34 70.41 48.46 165.11 6.19
1574 64.38 65.73 56.63 173.47 5.86
1575 64.53 17.80 46.04 96.02 4.14
1576 64.57 26.77 59.38 114.02 5.04
1577 64.53 50.31 72.96 150.21 7.06
1578 64.59 67.90 53.51 163.64 6.52
1579 64.42 96.43 7.74 51.33 0.40
1580 64.75 36.66 67.18 132.05 6.14
1581 64.62 73.80 47.47 161.89 6.12
1582 64.73 84.38 45.48 139.74 5.86
1583 64.79 61.11 52.94 164.75 7.38
1584 64.83 29.52 56.94 120.61 5.71
1585 64.87 38.76 75.47 142.32 6.40
1586 64.78 41.48 83.49 141.23 7.00
1587 64.97 75.84 41.29 142.41 5.60
1588 64.94 63.78 60.63 170.05 6.95
1589 65.00 93.96 16.76 88.02 2.06
1590 64.86 77.04 50.37 148.22 5.56
1591 64.94 12.07 46.02 84.25 3.26
1592 65.17 22.30 56.24 103.05 4.46
1593 65.03 54.13 71.53 160.16 6.99
1594 65.11 52.13 70.95 150.49 6.53
1595 65.11 79.35 46.95 147.86 5.43
1596 65.15 90.25 31.97 116.14 4.43
1597 65.11 44.14 79.38 132.82 7.17
1598 65.14 46.91 82.42 146.27 6.80
1599 65.21 58.46 69.85 167.42 6.82
1600 65.24 71.29 48.96 163.78 6.57
1601 65.29 24.60 62.30 107.61 5.15
1602 65.35 6.69 26.75 73.83 2.26
1603 65.28 14.32 51.45 91.36 3.90
1604 65.31 31.82 58.49 119.07 5.87
1605 65.34 87.20 40.07 126.92 5.13
1606 65.30 56.37 84.80 167.97 7.04
1607 65.32 10.78 43.00 84.51 3.85
1608 65.47 19.81 52.59 93.49 4.07
1609 65.44 34.17 59.23 116.36 5.75
1610 65.46 65.89 54.33 166.64 6.47
1611 65.49 27.98 61.79 122.78 5.26
1612 65.61 82.29 46.39 146.04 6.11
1613 65.72 68.85 59.14 174.26 6.65
1614 65.64 8.93 30.51 80.87 3.14
1615 65.78 17.09 50.98 89.98 4.45
1616 65.64 49.87 70.87 145.42 6.76
1617 65.76 39.91 75.03 132.17 6.56
1618 65.80 60.33 64.35 164.02 6.26
1619 65.85 63.03 58.59 159.34 6.33
1620 65.75 73.46 50.52 157.84 6.10
1621 65.86 42.46 85.64 129.32 6.83
1622 65.89 37.30 71.78 123.67 6.47
1623 65.92 45.65 87.68 134.26 6.76
1624 65.98 77.40 58.50 144.88 5.69
1625 66.12 93.07 18.86 102.23 2.32
1626 66.14 26.31 58.15 94.17 5.08
1627 66.23 84.90 47.14 141.43 5.09
1628 66.20 47.88 82.90 142.39 6.49
1629 66.21 31.05 56.20 102.53 4.80
1630 66.13 54.94 76.69 148.50 6.77
1631 66.22 52.03 74.69 144.99 6.91
1632 66.35 11.85 42.01 73.94 3.48
1633 66.34 34.68 57.91 108.85 5.46
1634 66.35 79.95 47.43 147.30 5.35
1635 66.30 66.90 70.55 177.14 6.27
1636 66.32 57.53 74.59 155.57 6.57
1637 66.54 75.33 54.91 158.85 5.39
1638 66.49 89.90 33.29 119.76 3.96
1639 66.41 70.78 56.77 169.12 6.39
1640 66.52 5.20 15.69 58.36 1.78
1641 66.60 21.60 56.89 82.40 4.12
1642 66.54 24.02 58.23 88.24 4.55
1643 66.52 28.76 58.14 97.53 4.45
1644 66.52 14.69 49.78 77.02 3.65
1645 66.64 18.89 47.50 79.66 4.09
1646 66.68 44.32 80.48 118.22 6.41
1647 66.76 8.29 28.17 72.61 2.30
1648 66.69 61.76 63.91 160.97 6.26
1649 66.70 87.43 43.04 133.94 5.18
1650 66.69 41.13 74.92 115.33 5.71
1651 66.81 49.74 72.33 128.33 6.45
1652 66.87 59.65 74.41 153.30 6.04
1653 67.03 65.46 67.92 167.05 6.06
1654 67.00 38.74 69.15 109.38 6.39
1655 67.03 72.97 52.14 156.09 5.98
1656 67.07 82.61 47.68 140.86 5.32
1657 67.01 53.68 72.05 140.06 6.14
1658 67.00 36.59 77.56 96.46 5.13
1659 67.09 46.60 72.86 124.54 6.39
1660 67.21 63.54 70.25 164.37 5.37
1661 67.30 92.08 26.84 116.25 3.23
1662 67.30 67.80 74.17 166.84 6.53
1663 67.32 77.58 52.35 148.82 5.06
1664 67.31 31.55 56.53 86.61 4.93
1665 67.44 16.28 41.60 69.98 3.93
1666 67.38 34.34 59.34 91.33 5.05
1667 67.41 55.74 79.32 133.21 6.26
1668 67.44 26.26 49.96 79.32 4.62
1669 67.39 69.99 69.99 174.82 6.25
1670 67.37 57.82 92.69 144.62 5.52
1671 67.53 43.03 65.19 101.07 5.87
1672 67.62 51.82 68.26 123.14 6.27
1673 67.70 85.20 51.08 136.18 5.43
1674 67.70 10.66 35.31 63.61 3.18
1675 67.60 80.13 50.59 145.84 5.55
1676 67.64 13.38 34.74 64.33 2.88
1677 67.58 28.84 49.93 82.39 4.57
1678 67.69 23.35 46.51 69.78 4.37
1679 67.76 19.88 45.58 69.39 3.63
1680 67.90 93.98 14.62 73.91 1.30
1681 67.71 40.76 70.06 97.85 5.88
1682 67.66 7.90 21.04 61.54 1.58
1683 67.87 88.43 38.42 130.81 4.51
1684 67.84 6.58 23.28 60.09 2.07
1685 67.90 61.86 63.46 148.42 5.82
1686 67.91 75.08 54.55 155.61 5.59
1687 67.93 45.25 75.43 103.73 6.18
1688 67.89 50.01 69.06 118.94 6.16
1689 67.98 47.97 68.05 107.69 5.67
1690 68.07 37.28 67.64 80.36 5.53
1691 68.03 59.77 65.68 145.01 6.30
1692 68.13 71.70 55.76 161.99 5.28
1693 68.21 53.85 71.02 126.05 5.70
1694 68.17 64.55 64.55 152.72 5.62
1695 68.22 33.44 57.00 74.80 4.63
1696 68.40 57.71 64.19 132.95 5.62
1697 68.49 66.81 59.95 159.32 5.93
1698 68.63 17.54 43.29 61.01 3.36
1699 68.56 29.88 49.57 66.92 4.72
1700 68.46 39.72 71.90 86.66 6.01
1701 68.46 69.26 61.62 160.71 6.12
1702 68.34 82.30 48.18 132.50 5.20
1703 68.69 15.08 41.29 58.94 3.23
1704 68.55 91.34 27.71 103.10 3.02
1705 68.60 21.62 46.30 59.87 4.01
1706 68.60 25.21 46.23 64.85 4.28
1707 68.63 31.93 61.60 69.45 4.60
1708 68.65 35.42 65.03 70.12 4.80
1709 68.63 42.38 63.39 86.89 5.55
1710 68.68 77.27 54.35 149.55 5.62
1711 68.56 8.31 34.29 55.37 3.07
1712 68.70 27.38 44.45 67.02 4.50
1713 68.70 55.70 62.81 116.69 5.32
1714 68.80 79.77 58.11 148.50 5.58
1715 68.90 73.34 53.19 149.98 5.49
1716 69.08 12.11 34.90 54.96 3.44
1717 68.89 47.02 53.61 86.79 5.55
1718 68.90 9.44 31.42 55.47 2.22
1719 68.83 13.31 33.08 58.55 3.37
1720 68.97 49.98 55.74 95.67 5.61
1721 68.96 52.37 59.94 106.34 5.56
1722 68.95 44.66 62.44 86.12 6.02
1723 68.98 60.70 58.24 132.33 5.41
1724 69.11 84.96 41.67 124.46 4.73
1725 68.93 86.48 47.95 129.43 4.86
1726 68.92 82.88 39.89 119.51 4.91
1727 69.14 88.44 36.63 127.81 4.35
1728 69.21 62.82 59.31 138.20 5.60
1729 69.29 93.06 18.74 73.35 1.45
1730 69.35 23.45 44.89 50.32 3.81
1731 69.18 38.42 79.43 61.62 5.49
1732 69.22 64.66 66.89 146.38 6.48
1733 69.43 19.30 47.90 52.65 3.43
1734 69.43 75.32 51.37 148.73 5.47
1735 69.39 71.14 46.20 150.31 4.88
1736 69.39 68.44 58.08 155.36 5.48
1737 69.38 58.22 64.03 115.14 5.30
1738 69.62 40.67 80.17 62.00 5.02
1739 69.65 34.36 74.58 54.14 4.78
1740 69.61 28.82 47.17 55.54 4.12
1741 69.67 90.79 27.34 110.35 2.86
1742 69.70 36.68 82.96 53.60 5.05
1743 69.66 42.86 70.33 73.30 5.41
1744 69.74 48.49 58.66 85.07 4.97
1745 69.87 54.34 58.33 95.60 5.81
1746 69.77 32.10 63.30 51.89 4.43
1747 69.77 56.27 67.69 101.94 5.89
1748 69.84 66.32 61.99 142.75 5.76
1749 69.72 81.18 45.90 134.84 4.56
1750 69.91 25.50 47.05 48.36 3.88
1751 69.95 10.70 28.11 46.48 2.66
1752 69.97 7.37 19.73 42.18 1.66
1753 69.99 21.29 50.00 45.73 3.70
1754 69.81 45.89 58.10 75.77 5.19
1755 69.93 78.57 49.83 140.76 5.25
1756 69.87 93.42 14.80 62.98 0.76
1757 70.00 16.50 42.30 45.82 3.39
1758 69.96 13.44 32.12 43.38 3.03
1759 70.14 52.40 59.89 89.65 5.38
1760 70.01 59.98 59.80 111.50 5.47
1761 70.35 84.14 42.99 120.90 5.12
1762 70.24 50.41 57.39 76.87 5.40
1763 70.24 87.12 40.27 121.57 4.27
1764 70.30 62.04 57.79 119.34 5.20
1765 70.38 73.53 54.86 133.86 5.70
1766 70.38 38.68 90.00 46.98 5.21
1767 70.49 64.33 61.72 125.84 5.57
1768 70.46 30.43 56.33 44.23 3.89
1769 70.43 68.61 57.26 136.28 5.49
1770 70.48 71.04 57.35 137.22 5.48
1771 70.65 76.47 50.55 127.22 4.95
1772 70.55 27.39 44.01 42.86 4.37
1773 70.51 58.25 63.49 100.18 5.44
1774 70.50 13.96 32.63 41.19 2.81
1775 70.41 47.41 64.98 69.15 4.67
1776 70.67 42.10 72.81 51.58 4.96
1777 70.72 18.70 46.63 37.68 3.16
1778 70.76 23.06 51.03 39.29 3.85
1779 70.73 36.21 74.79 45.41 5.09
1780 70.82 33.51 63.58 43.39 4.63
1781 70.97 91.64 21.30 83.88 1.98
1782 70.89 56.53 63.61 77.75 5.41
1783 71.06 66.62 56.86 115.72 5.03
1784 71.20 88.91 34.81 113.49 4.17
1785 71.13 8.86 23.68 36.37 2.20
1786 71.02 54.56 69.67 69.57 4.60
1787 71.21 11.16 25.22 36.32 2.29
1788 71.33 44.37 76.02 49.37 4.99
1789 71.23 79.36 45.76 123.61 5.13
1790 71.28 25.35 55.16 35.43 3.48
1791 71.26 39.96 78.19 46.06 5.54
1792 71.38 48.76 70.33 54.84 5.64
1793 71.17 60.43 62.89 94.20 5.52
1794 71.39 15.00 38.84 37.37 2.86
1795 71.30 46.56 73.17 53.00 4.83
1796 71.26 50.86 76.28 63.73 5.60
1797 71.29 52.65 70.48 64.88 5.71
1798 71.36 28.95 50.26 38.97 4.05
1799 71.45 82.14 46.18 122.37 5.18
1800 71.38 62.56 63.56 97.19 5.01
1801 71.40 20.73 48.29 36.84 3.51
1802 71.55 69.26 59.42 108.81 5.30
1803 71.66 31.09 57.73 39.59 4.53
1804 71.54 72.21 59.62 115.52 5.27
1805 71.41 85.69 38.32 104.56 3.81
1806 71.58 74.85 48.24 111.46 4.61
1807 71.60 58.36 67.35 91.72 5.52
1808 71.69 64.72 59.99 99.54 5.33
1809 71.68 12.55 24.60 29.10 2.53
1810 71.87 37.58 64.60 37.66 5.27
1811 71.68 17.55 47.06 35.64 3.18
1812 71.85 35.39 69.06 35.90 4.50
1813 71.86 41.83 74.13 41.56 4.67
1814 72.08 26.98 40.93 31.84 4.24
1815 71.99 33.14 58.95 34.78 4.37
1816 72.07 23.30 52.73 31.50 3.14
1817 72.05 56.50 72.12 66.88 5.03
1818 72.23 77.73 44.88 108.07 4.78
1819 71.94 21.22 46.36 34.96 2.68
1820 72.08 54.46 72.91 60.61 4.99
1821 72.05 86.33 40.56 112.56 3.33
1822 72.29 91.32 15.35 72.32 1.25
1823 72.26 66.90 65.55 96.25 4.72
1824 72.14 16.31 41.42 31.00 2.92
1825 72.32 50.21 70.67 47.64 4.90
1826 72.22 60.23 68.76 75.46 4.99
1827 72.41 88.40 29.48 97.55 3.32
1828 72.50 83.78 37.27 100.46 4.54
1829 72.42 43.87 69.88 41.03 5.96
1830 72.49 45.90 71.59 40.61 5.39
1831 72.49 70.81 56.55 98.58 5.05
1832 72.55 19.30 42.41 31.06 3.44
1833 72.41 39.69 61.38 39.03 5.13
1834 72.47 48.04 65.91 46.60 5.55
1835 72.48 52.09 75.41 51.47 5.00
1836 72.40 63.05 75.64 81.35 4.63
1837 72.68 80.41 39.77 106.47 4.27
1838 72.47 13.73 24.78 25.84 2.72
1839 72.55 29.29 42.04 33.05 4.35
1840 72.70 75.41 52.12 101.31 4.99
1841 72.94 25.07 39.03 30.82 3.90
1842 72.99 72.96 59.48 93.62 4.80
1843 72.77 58.10 71.46 61.26 5.01
1844 72.84 68.71 69.54 87.70 4.78
1845 73.05 12.44 27.24 23.47 2.06
1846 72.72 21.93 41.17 26.29 3.54
1847 72.99 31.87 44.54 31.24 5.00
1848 72.97 65.18 68.27 81.95 5.37
1849 73.02 16.41 34.42 29.47 3.12
1850 73.06 34.30 47.45 30.18 5.13
1851 73.06 42.03 58.19 35.58 5.85
1852 73.05 53.70 71.03 49.31 5.33
1853 73.12 36.50 51.78 30.45 5.80
1854 73.04 61.63 78.40 64.91 4.70
1855 73.17 10.45 25.03 25.74 2.51
1856 73.21 38.72 46.75 33.72 5.53
1857 73.26 22.47 37.19 24.42 3.61
1858 73.35 55.66 69.11 49.96 5.25
1859 73.46 85.85 33.21 89.87 3.69
1860 73.47 46.91 55.80 35.97 6.33
1861 73.33 49.71 61.24 37.62 6.18
1862 73.48 89.57 20.43 75.66 2.01
1863 73.60 27.08 32.72 26.99 4.41
1864 73.43 30.68 38.27 24.73 5.33
1865 73.64 44.30 51.84 32.83 5.86
1866 73.68 77.47 44.30 85.11 4.92
1867 73.67 82.80 37.43 87.68 3.68
1868 73.60 59.66 74.29 53.28 4.90
1869 73.66 29.36 33.92 27.35 4.13
1870 73.76 51.94 62.47 39.69 5.16
1871 73.80 67.67 73.35 68.85 4.61
1872 73.83 19.37 33.71 25.23 3.18
1873 73.83 40.55 44.59 31.29 7.48
1874 73.81 63.47 87.05 61.41 4.53
1875 73.78 70.26 64.04 74.28 4.99
1876 74.05 14.06 27.31 23.69 2.65
1877 73.81 57.47 75.53 48.75 4.93
1878 73.96 74.90 54.61 82.59 4.67
1879 74.06 79.99 40.46 81.11 4.63
1880 74.06 23.85 30.96 25.68 3.38
1881 74.09 32.91 35.84 26.96 6.59
1882 73.95 35.11 37.87 26.10 7.82
1883 74.13 37.24 40.57 29.66 7.54
1884 74.22 48.35 52.42 35.48 7.81
1885 74.19 65.33 77.90 60.54 4.62
1886 74.13 54.02 58.03 40.06 5.07
1887 74.28 61.55 85.48 49.17 5.00
1888 74.07 72.34 59.39 76.65 4.29
1889 74.41 16.84 29.37 23.48 2.81
1890 74.29 42.48 44.08 29.24 7.86
1891 74.47 50.14 53.13 36.12 6.10
1892 74.60 30.95 29.73 24.50 6.83
1893 74.47 46.00 43.03 32.61 7.38
1894 74.57 87.92 26.30 70.77 3.18
1895 74.48 21.55 29.24 22.16 3.51
1896 74.58 28.90 30.54 25.28 5.00
1897 74.65 39.12 36.73 28.17 8.76
1898 74.68 72.71 61.68 72.60 4.70
1899 74.86 55.82 51.47 37.25 5.22
1900 74.83 58.02 61.51 38.75 5.43
1901 74.89 60.01 61.05 44.52 5.19
1902 74.73 35.29 34.63 27.71 7.78
1903 74.89 66.75 79.37 53.81 5.04
1904 74.97 85.82 31.10 67.84 3.07
1905 74.90 20.20 24.50 18.62 4.71
1906 75.00 70.70 67.05 61.89 4.69
1907 75.04 82.80 39.81 74.04 3.84
1908 74.97 44.16 40.16 28.93 9.51
1909 75.10 51.59 50.96 31.42 6.45
1910 75.17 47.71 41.94 29.86 10.92
1911 75.15 53.81 51.23 31.99 5.80
1912 75.30 68.52 76.12 51.32 4.50
1913 75.22 33.77 29.83 22.79 9.75
1914 75.33 77.80 48.55 67.63 4.02
1915 75.33 36.77 32.27 27.67 13.07
1916 75.12 40.83 36.74 26.63 9.68
1917 75.22 74.85 53.15 63.33 4.03
1918 75.24 41.95 36.78 25.02 11.05
1919 75.07 79.37 40.04 69.19 5.35
1920 75.01 14.97 24.83 19.33 4.25
1921 75.08 26.81 26.90 23.32 4.82
1922 75.38 62.56 67.72 46.60 5.10
1923 75.25 18.88 26.39 17.33 3.04
1924 75.51 22.62 25.09 19.70 5.24
1925 75.43 64.83 77.16 48.25 4.85
1926 75.45 13.25 21.77 20.24 3.16
1927 75.54 80.34 42.11 66.71 3.42
1928 75.60 15.55 24.57 20.26 2.84
1929 75.65 28.76 26.90 21.74 7.42
1930 75.84 45.37 40.87 27.05 12.78
1931 75.74 38.92 33.75 26.28 13.65
1932 75.63 24.95 24.96 18.98 5.71
1933 75.84 49.55 38.74 29.55 7.76
1934 76.03 72.62 54.20 54.49 4.31
1935 76.01 43.17 38.00 27.14 14.40
1936 75.90 58.09 48.06 31.77 5.44
1937 75.95 35.08 28.89 24.20 14.64
1938 76.02 56.20 46.17 31.03 6.94
1939 75.97 60.42 48.90 36.27 5.35
1940 76.14 20.61 21.78 19.57 6.00
1941 76.22 26.62 27.99 19.58 7.63
1942 75.84 18.87 23.77 19.69 3.08
1943 76.08 52.32 44.13 31.73 7.50
1944 76.10 84.80 35.46 55.70 3.44
1945 75.83 13.17 22.25 17.75 2.62
1946 76.21 69.91 61.86 51.12 4.46
1947 76.17 47.31 42.28 30.22 12.03
1948 76.38 66.60 62.81 40.06 4.92
1949 76.23 41.00 35.27 24.60 13.69
1950 76.48 54.34 40.49 30.28 7.73
1951 76.50 75.43 54.19 55.70 4.09
1952 76.39 32.96 29.95 22.46 14.46
1953 76.40 63.54 57.68 40.12 5.00
1954 76.48 37.44 31.97 22.56 16.15
1955 76.66 78.09 45.87 54.90 4.20
1956 76.26 12.71 13.39 16.94 2.94
1957 76.80 16.09 22.30 16.76 4.19
1958 76.70 23.86 25.60 17.62 6.84
1959 76.42 80.03 43.70 63.12 3.88
1960 76.65 81.42 41.61 53.53 3.67
1961 76.67 50.58 35.55 28.12 9.12
1962 76.84 29.65 29.47 19.96 13.56
1963 77.01 13.58 16.98 15.05 3.24
1964 76.68 18.72 24.55 15.90 6.08
1965 76.93 34.74 34.02 22.69 17.22
1966 76.93 61.52 42.28 33.13 5.45
1967 76.96 39.66 38.37 24.10 16.47
1968 76.97 58.90 37.16 33.11 5.98
1969 76.94 87.08 21.30 39.32 1.98
1970 76.97 44.36 38.65 26.36 15.36
1971 77.12 83.50 37.94 47.97 2.89
1972 77.27 31.67 34.87 19.51 19.55
1973 77.12 42.13 40.04 23.09 17.02
1974 77.17 68.43 55.91 39.11 4.00
1975 77.26 46.49 36.25 24.45 14.59
1976 77.08 56.54 37.15 31.38 6.91
1977 77.40 27.74 32.71 18.79 14.21
1978 77.16 52.42 32.20 29.30 8.12
1979 77.28 64.61 48.45 34.30 4.77
1980 77.33 71.11 49.94 41.90 4.17
1981 77.35 21.79 23.51 14.79 9.02
1982 77.52 73.56 49.56 46.29 4.14
1983 77.22 25.87 29.85 17.64 9.87
1984 77.78 50.55 33.21 24.84 13.78
1985 77.62 38.27 41.74 21.64 21.00
1986 77.76 20.40 21.05 18.53 9.76
1987 77.77 60.09 36.07 29.61 6.89
1988 78.08 16.60 21.12 15.39 7.88
1989 77.69 18.37 20.84 16.38 6.03
1990 77.83 53.91 34.83 28.66 11.38
1991 77.92 76.30 46.57 45.28 3.96
1992 77.71 25.28 30.84 17.14 11.78
1993 78.16 78.82 42.14 39.59 4.01
1994 77.93 36.21 42.74 20.86 22.59
1995 78.05 66.99 51.00 36.43 4.58
1996 78.11 81.92 41.12 40.84 3.48
1997 78.10 23.19 29.78 17.63 13.87
1998 78.01 33.69 44.87 19.74 26.55
1999 78.06 40.42 56.54 21.59 22.44
2000 78.07 44.80 41.51 24.08 19.24
2001 78.08 62.41 37.74 31.58 5.28
2002 78.05 42.84 48.84 22.85 22.05
2003 78.10 55.90 32.41 26.87 11.30
2004 78.20 57.89 32.16 28.24 9.52
2005 78.22 29.38 40.54 18.67 20.77
2006 78.49 69.44 43.79 36.64 4.07
2007 78.21 48.64 36.98 23.65 20.18
2008 78.20 19.40 21.53 14.05 13.00
2009 78.61 31.38 46.33 18.30 27.61
2010 78.51 46.72 44.44 22.85 21.97
2011 78.17 52.88 33.67 27.00 8.75
2012 78.58 64.74 41.01 30.70 4.87
2013 78.82 38.13 63.52 20.25 27.18
2014 78.73 72.06 38.45 37.09 4.61
2015 78.58 25.23 40.27 17.33 15.31
2016 78.87 27.16 46.09 16.03 19.65
2017 78.80 59.89 38.80 29.97 7.47
2018 78.69 84.35 36.12 28.24 2.12
2019 78.64 35.84 58.41 21.69 26.03
2020 78.89 21.23 26.64 16.03 16.72
2021 78.90 19.14 22.38 18.05 13.36
2022 79.05 50.41 41.49 23.72 21.56
2023 78.69 75.11 46.95 34.67 4.43
2024 78.93 41.35 65.47 22.37 28.21
2025 79.03 54.35 35.04 24.68 16.09
2026 79.26 74.18 35.56 36.14 3.94
2027 79.11 43.42 59.08 22.14 30.19
2028 79.24 56.40 36.47 26.34 14.39
2029 79.31 61.67 38.77 28.13 6.11
2030 79.07 80.37 38.64 36.20 3.09
2031 79.19 15.89 20.79 13.17 11.93
2032 79.14 33.74 53.85 19.15 28.36
2033 79.27 48.30 48.91 23.09 27.66
2034 79.32 66.78 34.11 29.08 5.18
2035 79.26 22.26 27.27 14.27 13.00
2036 79.38 45.20 53.38 20.85 31.22
2037 79.15 75.88 39.26 25.11 4.58
2038 79.60 78.06 37.20 32.75 3.59
2039 79.39 52.55 42.77 23.54 23.73
2040 79.13 84.35 29.75 20.38 2.25
2041 79.31 35.95 65.20 17.32 28.37
2042 79.62 58.37 37.19 25.37 11.81
2043 79.74 24.29 49.41 15.84 19.55
2044 79.53 81.58 34.06 32.38 3.07
2045 79.68 29.44 61.99 17.76 31.04
2046 79.88 31.60 61.54 18.29 34.65
2047 79.42 69.06 34.29 33.36 5.00
2048 79.80 39.90 69.92 20.85 32.65
2049 79.55 41.35 70.43 20.57 32.93
2050 80.03 83.60 20.15 24.79 2.00
2051 79.68 70.07 36.86 25.86 4.72
2052 79.56 71.17 35.11 33.67 4.78
2053 80.06 27.11 59.84 15.99 27.37
2054 80.02 46.85 60.07 22.36 31.82
2055 79.71 68.35 29.00 37.58 5.08
2056 80.13 72.00 30.35 30.67 3.87
2057 80.00 18.15 22.98 13.28 14.30
2058 80.04 60.22 39.06 24.83 8.43
2059 80.18 33.66 75.38 18.58 41.48
2060 80.09 37.97 77.65 20.33 36.29
2061 80.06 42.83 70.38 20.70 44.86
2062 80.20 75.00 32.23 30.36 3.77
2063 80.29 35.84 86.14 19.65 34.98
2064 80.13 49.64 55.32 22.52 30.11
2065 80.33 21.57 36.81 13.98 18.06
2066 80.35 65.14 35.23 25.78 6.05
2067 80.07 51.70 47.29 24.29 27.81
2068 80.23 54.04 43.58 24.24 29.11
2069 80.19 69.17 33.39 28.16 3.77
2070 80.38 56.21 42.80 22.91 19.67
2071 80.61 67.31 28.95 25.31 5.77
2072 80.51 76.23 30.02 31.15 4.07
2073 80.49 60.95 34.90 24.29 6.75
2074 80.35 19.35 28.20 13.73 13.66
2075 80.53 44.99 72.27 22.30 42.36
2076 80.65 63.16 38.49 26.64 6.26
2077 81.00 29.94 78.92 18.45 36.13
2078 80.95 39.44 84.05 20.77 43.59
2079 80.85 41.52 84.89 20.38 47.37
2080 80.86 48.17 66.16 20.61 34.15
2081 81.04 57.90 41.81 23.71 15.21
2082 80.76 77.84 28.70 30.74 3.65
2083 80.98 25.05 59.17 15.47 30.89
2084 81.05 73.73 28.87 27.11 4.63
2085 80.99 80.94 22.45 23.77 3.13
2086 81.20 37.34 97.21 20.20 39.24
2087 81.29 32.06 82.24 17.19 44.92
2088 80.89 59.63 42.70 24.50 10.40
2089 81.19 43.51 82.42 20.58 49.17
2090 81.21 52.86 60.29 22.20 31.49
2091 81.22 69.52 30.36 24.31 4.54
2092 81.26 27.59 73.96 16.60 34.95
2093 81.02 79.14 25.14 25.00 3.95
2094 81.27 55.29 50.59 22.80 27.24
2095 81.35 71.67 33.30 25.86 4.67
2096 81.31 20.48 44.53 13.81 23.62
2097 81.32 34.47 82.02 18.68 41.63
2098 81.39 50.08 63.13 22.56 31.47
2099 81.45 46.25 78.51 20.92 40.48
2100 81.41 59.94 38.98 23.67 9.81
2101 81.79 22.82 51.71 14.66 28.70
2102 81.78 66.31 31.75 21.64 6.18
2103 81.63 62.03 41.80 24.20 10.21
2104 81.40 77.91 24.69 30.00 4.19
2105 81.87 76.14 25.95 25.34 3.71
2106 81.65 18.38 37.36 13.26 18.44
2107 81.94 40.36 89.40 19.27 50.19
2108 82.03 48.06 80.26 21.83 42.85
2109 82.25 64.16 34.37 24.39 7.59
2110 82.28 79.15 19.66 22.41 3.06
2111 82.14 42.30 94.99 20.18 50.92
2112 82.15 51.64 67.40 21.37 37.86
2113 82.23 44.49 86.71 20.05 45.98
2114 82.27 25.62 62.08 14.55 35.23
2115 82.18 35.85 91.14 18.30 45.26
2116 82.21 58.81 45.25 21.28 17.25
2117 82.22 38.39 82.90 19.66 46.99
2118 82.18 54.36 64.15 22.76 29.85
2119 82.21 28.53 85.47 15.48 40.13
2120 82.22 73.35 28.83 22.59 4.39
2121 82.44 30.60 94.65 17.08 41.12
2122 82.41 33.13 89.79 18.08 47.52
2123 82.39 68.43 30.53 20.56 4.89
2124 82.41 56.37 53.91 20.74 28.85
2125 82.42 18.15 42.54 13.17 19.09
2126 82.70 70.93 29.23 23.23 5.37
2127 82.63 46.30 81.09 19.83 45.07
2128 82.74 49.50 76.17 21.10 46.33
2129 82.53 61.23 49.00 22.47 13.75
2130 82.92 53.22 74.59 20.84 43.50
2131 82.84 73.68 26.96 22.96 4.08
2132 82.80 20.02 42.57 10.57 24.64
2133 83.40 21.52 58.35 13.33 30.89
2134 83.10 40.33 89.80 19.09 49.59
2135 83.36 65.57 33.27 22.24 9.14
2136 83.24 35.99 83.52 19.53 48.19
2137 83.27 77.21 17.82 20.87 3.62
2138 83.16 38.18 87.70 19.25 49.54
2139 83.20 42.90 79.68 19.57 48.32
2140 83.13 61.47 49.98 22.33 14.87
2141 83.48 74.53 26.80 21.49 4.49
2142 83.36 23.78 67.62 14.61 35.22
2143 83.39 51.28 73.69 20.18 43.13
2144 83.50 55.28 72.12 21.27 34.53
2145 83.22 57.76 54.09 21.70 25.30
2146 83.42 33.76 80.55 18.07 44.49
2147 83.45 63.52 39.35 22.20 12.40
2148 83.42 18.88 42.93 12.15 25.45
2149 83.50 47.71 76.39 20.16 43.44
2150 83.45 45.08 72.90 18.84 46.58
2151 83.24 75.51 24.87 20.73 4.60
2152 83.67 26.04 68.54 14.57 39.34
2153 83.33 68.17 31.92 20.28 5.56
2154 83.61 31.26 80.57 16.15 46.18
2155 83.68 59.73 52.34 21.74 21.39
2156 83.63 28.62 74.33 16.69 42.26
2157 83.60 72.63 29.10 22.68 5.05
2158 83.80 67.30 32.31 20.97 6.88
2159 83.96 41.50 75.53 18.94 44.67
2160 83.90 53.12 76.75 19.61 39.20
2161 84.06 70.09 33.43 20.04 6.34
2162 84.18 49.69 74.57 20.27 43.31
2163 84.24 57.16 64.98 21.56 30.70
2164 84.14 37.16 72.54 19.72 51.85
2165 84.20 39.22 74.12 18.30 47.19
2166 84.36 61.97 47.44 20.52 17.43
2167 84.17 43.85 67.57 19.36 44.66
2168 84.37 34.83 65.34 17.59 46.52
2169 84.35 46.26 68.68 20.07 46.35
2170 84.61 20.29 43.81 11.05 29.34
2171 84.31 72.76 25.11 20.50 5.39
2172 84.66 23.56 50.27 11.84 39.23
2173 84.51 64.03 40.85 20.42 12.84
2174 84.58 32.37 63.36 17.58 46.09
2175 84.38 53.64 74.88 21.53 41.35
2176 84.64 29.48 68.04 16.91 41.72
2177 84.78 26.64 61.39 14.58 37.44
2178 84.97 66.72 34.61 20.69 8.64
2179 84.74 51.65 62.75 21.91 37.88
2180 84.91 75.98 21.91 18.04 4.79
2181 84.99 48.08 63.78 20.91 43.71
2182 84.97 54.58 70.21 20.18 40.06
2183 84.68 59.02 57.24 20.88 29.06
2184 84.94 40.63 68.30 19.03 47.66
2185 84.73 65.24 37.61 20.89 10.44
2186 85.26 71.46 28.80 19.72 6.99
2187 85.15 68.91 31.45 19.39 8.77
2188 85.14 37.25 57.07 17.25 48.59
2189 85.02 42.69 63.36 18.17 45.17
2190 85.12 60.04 53.92 20.44 26.75
2191 85.37 44.36 51.77 18.61 51.51
2192 85.38 46.22 51.72 18.86 46.53
2193 85.28 57.37 66.21 20.16 33.42
2194 85.21 63.99 38.46 21.36 14.43
2195 85.46 34.87 45.89 17.33 49.15
2196 85.37 21.83 44.09 12.44 31.72
2197 85.53 49.63 57.12 20.53 42.33
2198 85.65 30.42 50.33 15.60 45.04
2199 85.68 32.77 44.58 16.60 56.64
2200 85.75 51.66 61.65 20.02 42.84
2201 85.89 62.26 51.77 19.62 20.15
2202 85.73 20.70 37.57 12.63 25.57
2203 85.78 38.85 53.32 16.99 48.06
2204 85.87 74.31 25.59 17.16 5.57
2205 85.60 42.24 44.17 17.63 57.10
2206 86.03 23.98 42.26 12.56 36.85
2207 86.00 28.14 50.10 14.55 40.86
2208 85.98 56.10 70.93 21.61 40.03
2209 86.15 54.16 69.11 19.32 40.18
2210 86.13 40.92 46.65 18.56 52.20
2211 86.17 59.01 57.73 20.22 31.20
2212 86.26 64.69 44.71 19.62 15.47
2213 86.17 69.17 32.89 19.41 9.70
2214 86.28 36.49 33.99 18.21 56.40
2215 86.38 47.42 45.05 19.34 42.27
2216 86.51 66.97 35.92 19.08 11.17
2217 86.39 45.42 37.69 19.08 44.15
2218 86.74 72.60 26.68 18.18 10.25
2219 86.58 42.78 34.38 17.92 52.97
2220 86.74 34.05 28.19 17.06 53.89
2221 86.78 49.06 47.69 19.14 43.70
2222 86.73 31.58 31.47 16.47 49.97
2223 86.60 70.48 32.29 17.09 10.71
2224 86.79 52.71 64.22 21.67 49.52
2225 86.59 44.31 31.69 19.38 49.25
2226 86.95 29.21 32.49 15.73 45.68
2227 87.06 38.48 32.40 17.26 48.28
2228 87.09 56.99 64.16 19.94 38.81
2229 87.12 50.84 46.35 18.65 42.84
2230 87.16 40.44 29.67 18.62 53.54
2231 87.16 61.49 57.37 20.87 22.41
2232 87.37 25.18 26.08 12.43 34.87
2233 87.40 27.14 30.45 13.50 40.84
2234 87.37 36.44 26.38 17.41 50.26
2235 87.51 54.93 53.31 18.57 37.94
2236 87.56 43.98 27.70 17.28 47.64
2237 87.55 46.19 24.53 19.09 42.70
2238 87.56 58.89 53.19 19.89 30.62
2239 87.81 68.98 38.39 17.27 11.26
2240 87.48 63.24 55.63 20.51 23.14
2241 88.01 66.20 41.63 19.36 16.25
2242 87.77 64.48 46.81 20.33 16.33
2243 87.90 30.29 23.18 14.95 45.07
2244 88.02 32.37 22.63 16.61 46.71
2245 87.88 71.34 30.83 16.07 11.11
2246 87.91 41.95 22.49 17.84 47.09
2247 87.87 34.48 22.81 15.51 47.68
2248 87.96 48.38 28.18 17.31 45.00
2249 88.04 52.67 41.09 19.04 40.38
2250 88.03 23.59 19.02 10.63 28.14
2251 88.20 50.41 28.14 19.06 40.94
2252 88.47 60.46 48.27 18.46 27.27
2253 88.30 62.42 51.05 20.70 24.23
2254 88.59 28.21 19.71 13.88 37.93
2255 88.37 39.94 21.81 17.85 42.65
2256 88.52 56.91 43.14 19.75 31.54
2257 88.46 37.92 23.03 16.71 42.60
2258 88.65 35.77 21.25 16.05 44.90
2259 88.77 44.55 22.41 17.69 42.88
2260 88.70 46.82 22.17 17.11 41.72
2261 88.91 54.10 31.00 18.52 37.58
2262 88.92 25.53 17.09 11.73 30.90
2263 89.05 67.73 38.48 17.34 17.79
2264 89.06 42.19 21.95 16.50 41.80
2265 88.95 71.19 24.61 14.23 8.68
2266 89.10 30.58 19.03 14.19 39.58
2267 89.20 33.67 18.72 14.70 41.92
2268 89.23 49.64 22.45 18.77 38.82
2269 89.30 58.61 41.52 20.30 28.13
2270 89.36 64.17 42.42 17.66 22.14
2271 89.38 51.91 23.92 18.37 38.12
2272 89.50 40.11 21.99 16.87 39.41
2273 89.76 69.34 36.02 14.44 12.98
2274 89.74 38.20 21.20 17.88 43.45
2275 89.86 45.68 20.34 17.62 34.54
2276 89.82 47.72 20.92 18.00 38.49
2277 89.77 55.66 30.53 18.16 34.89
2278 89.84 36.15 20.41 15.49 43.60
2279 89.91 60.72 37.68 19.24 24.19
2280 89.88 26.96 15.24 13.15 32.57
2281 90.11 31.97 19.90 14.43 39.38
2282 89.98 43.33 21.36 17.80 34.02
2283 90.05 66.17 32.68 16.08 17.89
2284 90.30 29.52 16.95 13.34 32.62
2285 90.36 57.53 27.56 20.07 30.99
2286 90.47 41.25 18.12 16.62 32.59
2287 90.54 53.75 22.16 19.99 31.79
2288 90.50 49.37 20.03 17.31 35.29
2289 90.59 34.21 17.91 14.06 36.94
2290 90.56 64.50 36.11 18.80 19.89
2291 90.62 51.69 21.00 19.29 33.49
2292 90.89 62.38 35.74 16.81 25.09
2293 90.83 38.67 18.97 16.34 33.30
2294 90.94 44.63 19.44 17.62 30.49
2295 91.06 27.64 14.57 11.35 32.45
2296 91.06 55.74 22.93 18.37 29.56
2297 91.06 36.33 19.45 16.18 31.50
2298 91.07 47.23 20.35 17.48 27.76
2299 91.01 68.26 24.65 14.01 13.30
2300 91.46 60.35 27.57 16.10 24.48
2301 91.03 66.60 30.41 15.84 15.09
2302 91.45 30.42 16.89 14.86 28.95
2303 91.48 32.45 17.82 14.33 30.77
2304 91.54 42.50 22.02 17.58 26.29
2305 91.52 58.38 22.95 19.13 27.82
2306 91.48 65.74 26.43 14.94 17.18
2307 91.61 40.25 19.52 18.18 27.37
2308 91.59 49.92 20.75 19.21 30.40
2309 91.77 52.72 21.30 18.50 26.55
2310 91.89 34.44 17.29 14.85 28.47
2311 91.90 45.68 17.99 15.96 27.68
2312 92.06 37.61 19.90 16.25 22.66
2313 92.34 47.79 20.44 18.94 24.44
2314 92.25 62.50 24.21 15.56 22.92
2315 92.49 54.58 20.69 17.89 23.53
2316 92.53 43.83 20.90 16.58 27.07
2317 92.73 31.32 15.78 14.06 21.01
2318 92.61 50.83 21.51 19.09 23.15
2319 92.95 35.60 18.03 15.04 24.10
2320 92.59 56.48 17.75 16.10 26.70
2321 92.81 39.79 20.22 15.75 26.10
2322 92.82 41.98 19.67 17.06 27.96
2323 92.94 60.00 21.77 16.17 21.58
2324 93.08 58.12 18.38 17.53 24.59
2325 93.10 52.74 20.31 17.85 20.38
2326 93.14 33.23 18.04 13.51 24.57
2327 93.31 45.45 20.35 16.31 24.25
2328 93.24 61.99 15.36 15.72 21.83
2329 93.12 50.27 18.91 21.73 25.82
2330 93.54 48.78 19.12 17.43 21.01
2331 93.98 42.86 20.13 16.01 20.62
2332 93.85 56.17 17.24 16.37 21.28
2333 94.05 39.99 19.06 17.10 21.95
2334 94.11 51.46 18.72 17.12 20.26
2335 93.71 62.32 11.50 13.12 20.00
2336 94.13 34.27 16.35 13.06 19.44
2337 94.29 47.14 18.93 16.98 22.53
2338 94.43 36.35 18.75 14.47 19.82
2339 94.40 58.11 15.06 15.55 18.46
2340 94.44 60.77 13.85 14.16 17.27
2341 94.88 45.36 18.55 16.71 21.48
2342 94.59 49.76 18.79 17.64 21.17
2343 95.31 38.38 16.81 15.70 18.19
2344 95.05 55.95 16.38 14.42 17.68
2345 95.16 41.09 19.17 17.05 21.28
2346 94.90 58.73 11.62 15.69 15.31
2347 95.45 52.20 17.46 16.01 15.84
2348 95.33 43.31 18.30 15.26 23.79
2349 95.17 48.82 18.84 18.19 12.88
2350 95.25 50.44 18.94 18.32 13.16
2351 95.49 47.55 18.85 16.93 18.35
2352 95.51 54.51 17.65 16.27 11.76
2353 96.00 46.56 15.51 19.16 12.22
2354 96.09 42.12 21.25 17.00 17.19
2355 96.02 43.63 20.75 17.08 12.67
2356 96.47 50.61 17.35 15.97 15.76
2357 96.60 40.10 16.41 14.50 17.74
2358 96.58 55.17 13.16 13.19 13.31
2359 96.83 45.02 16.33 15.67 17.55
2360 96.73 48.15 16.87 16.43 15.99
2361 96.83 42.30 15.50 15.10 17.88
2362 96.51 52.82 14.04 16.22 6.91
2363 97.08 52.88 14.63 14.41 12.40
2364 97.58 46.93 16.63 14.38 16.06
2365 97.92 49.88 14.93 13.66 14.72

