#<Embryo name> <Cleavage cycle> <Temporal class> <Genes>
dm6 14A 4 even-skipped knirps hunchback

#Quantitative data
#<Nucleus number> <A-P coordinate> <D-V coordinate> <Fluorescence intensity: channel 1 - eve, channel 2 - kni, channel 3 - hb>
0 2.63 42.84 9.99 74.54 48.21
1 2.75 45.48 10.69 82.79 65.15
2 2.81 48.29 10.61 83.50 71.61
3 3.07 51.13 10.40 82.58 65.74
4 3.75 53.29 9.54 77.94 73.33
5 3.80 39.63 11.87 70.10 65.44
6 4.06 44.33 14.13 83.24 86.03
7 4.02 37.03 9.56 59.40 52.74
8 4.32 41.76 15.38 78.35 90.35
9 4.05 47.37 14.34 89.28 97.96
10 4.50 51.16 13.50 88.59 102.45
11 4.92 35.38 9.63 48.20 51.88
12 5.11 54.12 11.61 83.98 108.64
13 5.17 38.34 13.50 60.52 79.43
14 5.28 49.07 15.74 84.57 103.88
15 5.32 46.05 16.95 90.70 119.59
16 5.29 56.60 10.64 77.18 87.16
17 5.61 43.34 17.50 77.81 107.88
18 5.93 40.69 18.04 65.26 102.05
19 5.99 52.14 15.29 78.50 115.27
20 6.17 35.51 14.55 45.40 91.67
21 6.54 57.81 11.81 77.28 109.50
22 6.53 47.97 19.04 87.35 134.27
23 6.55 60.39 9.01 71.80 81.77
24 6.63 54.95 14.73 78.35 127.53
25 6.60 38.17 15.63 51.51 100.81
26 6.82 45.37 18.42 79.45 130.24
27 7.14 50.54 18.66 80.52 130.39
28 7.17 42.96 18.96 68.34 120.40
29 7.20 33.28 13.26 31.40 88.32
30 7.65 40.63 18.91 53.77 120.84
31 7.61 35.70 15.60 38.60 111.53
32 7.71 52.81 18.23 80.26 144.80
33 7.89 58.90 13.76 76.45 136.42
34 8.00 56.01 16.39 75.28 142.35
35 7.96 61.25 11.52 73.65 96.64
36 7.94 48.21 19.88 70.30 143.36
37 8.07 38.35 17.71 43.96 117.81
38 8.23 45.47 19.61 67.31 135.80
39 8.20 31.21 12.41 21.44 89.96
40 8.77 33.57 15.19 28.44 113.54
41 8.82 43.31 20.17 59.74 137.44
42 8.93 50.20 19.99 62.96 146.84
43 8.84 63.11 11.00 67.06 99.15
44 8.94 53.43 21.42 75.92 172.75
45 9.01 36.24 18.28 33.19 127.30
46 9.29 40.75 20.53 42.26 142.86
47 9.29 47.30 20.09 64.38 160.79
48 9.33 58.06 16.45 71.74 162.18
49 9.40 29.58 13.73 19.15 99.80
50 9.57 55.55 19.85 72.86 171.37
51 9.65 60.47 14.88 75.38 161.46
52 9.65 38.59 19.53 32.06 134.56
53 9.61 65.58 8.73 58.81 79.22
54 9.81 31.96 15.73 22.77 120.98
55 10.01 51.98 21.31 64.04 176.97
56 10.19 45.13 21.09 46.38 152.55
57 10.32 42.62 22.38 44.51 143.83
58 10.15 62.85 14.26 76.13 156.47
59 10.19 34.27 17.48 22.70 130.21
60 10.45 36.59 19.69 28.14 136.84
61 10.53 47.98 21.09 50.31 161.19
62 10.50 68.04 8.49 50.57 71.67
63 10.86 50.10 21.70 49.75 173.81
64 10.57 30.34 14.45 18.21 118.47
65 10.77 56.73 20.00 65.61 184.46
66 10.94 54.22 20.97 62.46 182.38
67 10.97 65.10 14.76 71.58 146.80
68 10.88 39.11 19.77 27.82 140.08
69 11.19 59.32 19.89 69.29 165.52
70 11.25 41.06 21.43 32.85 145.14
71 11.02 34.49 20.55 27.00 137.06
72 11.15 28.00 13.31 14.93 107.76
73 11.21 30.78 16.54 20.20 120.49
74 11.57 32.82 19.62 21.41 137.44
75 11.57 46.36 21.26 39.00 175.10
76 11.44 61.88 16.90 72.49 176.53
77 11.68 52.10 21.79 56.52 198.05
78 11.73 43.85 21.51 32.17 156.94
79 11.69 28.89 15.38 15.38 116.60
80 11.50 38.47 20.90 25.60 150.57
81 11.92 36.96 21.24 24.78 152.94
82 11.85 67.27 14.02 62.33 132.50
83 11.99 25.26 12.36 12.19 99.29
84 12.13 49.33 22.91 40.71 185.92
85 12.10 55.94 21.49 57.06 186.48
86 12.42 35.01 21.18 23.54 155.76
87 12.40 30.88 17.78 18.29 125.10
88 12.44 64.44 17.57 72.46 188.83
89 12.58 39.49 22.21 25.30 158.39
90 12.42 70.41 10.11 51.79 89.62
91 12.53 42.01 23.15 28.70 168.19
92 12.61 27.49 14.97 14.43 125.82
93 12.75 58.22 20.28 58.60 199.66
94 12.85 53.67 21.60 42.54 196.71
95 12.68 60.94 19.79 66.60 209.61
96 12.73 47.06 21.51 31.09 183.87
97 13.01 51.14 22.38 38.17 207.83
98 13.12 33.44 19.88 20.08 146.12
99 13.14 67.46 15.45 70.63 174.77
100 13.45 43.77 22.12 29.18 179.50
101 13.46 23.41 12.35 11.41 111.72
102 13.53 45.74 23.75 30.35 187.78
103 13.48 36.91 23.26 22.80 157.88
104 13.65 29.47 17.72 17.57 137.48
105 13.50 55.82 22.76 45.04 217.59
106 13.68 62.62 21.95 66.16 205.16
107 13.63 48.79 22.67 31.24 190.71
108 13.74 26.33 15.70 14.52 136.17
109 13.68 40.88 23.36 26.09 192.43
110 13.86 70.79 13.60 64.20 143.48
111 14.02 31.82 19.94 19.68 147.03
112 14.05 60.01 21.22 58.00 223.18
113 14.29 38.90 21.88 23.47 168.32
114 14.10 51.81 23.07 34.28 205.49
115 14.28 64.84 18.43 63.48 193.83
116 14.45 57.43 22.81 47.52 218.48
117 14.36 34.58 19.77 20.02 161.01
118 14.56 67.45 17.20 59.29 189.17
119 14.59 54.36 24.09 33.68 219.35
120 14.65 46.59 24.83 26.27 202.22
121 14.60 42.93 23.82 24.33 192.36
122 14.82 24.96 16.30 14.17 138.63
123 14.80 49.35 23.66 29.40 210.49
124 14.91 28.31 19.25 15.87 143.53
125 15.00 36.78 23.23 20.79 184.99
126 14.96 71.74 12.58 57.32 126.56
127 14.92 22.38 12.29 11.38 122.94
128 15.28 40.96 22.58 23.32 190.78
129 15.35 62.58 21.07 56.82 202.46
130 15.43 30.81 20.68 19.12 162.11
131 15.37 33.22 21.96 18.38 170.91
132 15.33 51.91 23.02 29.17 210.97
133 15.24 72.98 11.86 51.52 105.98
134 15.53 68.87 16.73 59.86 179.10
135 15.39 60.07 22.43 44.40 218.32
136 15.62 45.64 27.42 26.39 209.06
137 15.65 38.78 24.37 21.16 195.12
138 15.75 43.57 25.47 24.37 203.54
139 15.96 55.79 23.54 31.23 226.42
140 15.96 57.94 22.78 35.01 214.38
141 15.71 23.18 13.44 15.24 122.23
142 15.58 27.82 18.46 16.42 156.81
143 15.89 65.25 20.97 58.31 196.60
144 16.00 47.82 24.87 25.11 219.21
145 16.02 53.61 23.99 31.75 224.42
146 16.03 74.98 10.25 48.63 86.56
147 16.10 50.17 24.82 27.42 224.84
148 16.09 35.46 22.38 19.61 190.39
149 16.13 26.19 17.92 14.84 154.75
150 16.37 70.83 16.41 56.14 173.35
151 16.53 29.34 20.21 17.04 167.58
152 16.51 41.88 23.76 22.19 201.83
153 16.78 33.56 22.05 19.27 195.07
154 16.88 37.34 24.50 22.21 206.09
155 16.93 22.42 15.17 13.98 140.56
156 16.74 39.73 23.70 21.81 206.18
157 16.72 60.07 23.18 33.74 210.40
158 16.98 45.98 24.24 24.10 212.11
159 16.98 62.57 21.56 36.88 205.52
160 17.00 68.07 19.33 48.74 186.34
161 17.19 72.41 15.60 52.06 159.21
162 16.93 24.57 16.30 14.13 161.39
163 17.11 43.91 27.24 24.12 217.61
164 17.15 52.58 24.92 29.38 233.53
165 17.22 31.58 22.02 18.76 182.31
166 17.27 48.14 26.26 26.49 217.90
167 17.37 54.97 25.43 28.24 227.11
168 17.26 65.32 20.60 43.23 204.81
169 17.33 57.47 25.33 29.73 226.45
170 17.33 77.52 9.32 43.32 76.02
171 17.39 50.47 25.52 25.58 217.24
172 17.37 25.72 18.33 17.40 145.75
173 17.59 28.08 19.90 17.17 178.22
174 17.66 74.86 14.47 51.52 134.93
175 17.83 35.84 25.91 19.74 206.54
176 17.91 41.48 25.62 23.99 215.18
177 17.82 19.73 13.98 11.72 149.18
178 18.03 60.13 24.40 28.35 216.30
179 18.11 38.73 22.93 21.64 208.40
180 18.32 69.16 19.61 43.80 185.17
181 18.19 33.47 23.58 21.40 211.56
182 18.47 45.89 24.65 24.43 223.63
183 18.36 63.28 20.78 31.36 218.70
184 18.48 30.93 22.92 17.83 191.86
185 18.38 43.73 24.95 23.98 223.78
186 18.36 52.78 26.21 27.26 224.25
187 18.31 24.68 18.93 16.28 167.80
188 18.50 66.28 22.25 36.80 198.39
189 18.48 22.45 15.87 14.55 155.33
190 18.50 48.02 25.17 26.02 221.25
191 18.55 50.37 27.21 25.94 226.78
192 18.60 57.21 24.65 26.21 221.39
193 18.59 72.00 18.68 44.07 171.47
194 18.69 18.08 13.12 10.73 131.98
195 18.73 54.82 25.81 26.97 216.28
196 18.68 26.05 19.51 18.16 150.63
197 18.93 28.31 22.48 18.13 196.03
198 18.92 76.28 14.92 45.08 125.95
199 19.12 37.27 22.64 22.03 218.58
200 19.23 35.02 25.59 20.36 217.40
201 19.20 40.05 26.18 21.93 222.62
202 19.18 59.49 25.89 26.80 221.20
203 19.44 61.96 24.15 26.94 217.31
204 19.52 42.34 25.32 23.18 223.74
205 19.62 20.75 16.47 13.63 156.48
206 19.69 73.74 19.66 43.54 178.73
207 19.66 44.59 26.97 23.38 226.16
208 19.66 51.46 27.92 25.38 232.54
209 19.80 32.88 24.32 19.22 210.82
210 19.66 49.09 25.98 24.38 233.34
211 19.76 64.38 24.33 28.55 218.02
212 19.66 67.20 23.09 32.36 206.19
213 19.94 46.71 25.75 22.30 215.38
214 19.73 23.92 18.69 15.29 184.91
215 19.61 30.37 21.54 19.03 191.24
216 19.81 55.89 26.14 24.70 228.76
217 19.85 70.45 21.95 34.75 187.10
218 20.04 53.42 26.34 25.82 230.35
219 20.00 27.04 21.82 17.45 190.96
220 19.95 78.44 14.04 37.50 107.04
221 20.18 18.16 13.58 11.89 145.62
222 20.24 58.08 26.52 24.83 218.80
223 20.23 37.93 24.35 24.06 212.94
224 20.45 60.58 26.82 24.72 224.88
225 20.45 40.70 25.00 23.68 226.00
226 20.27 30.88 23.35 17.13 196.55
227 20.62 35.18 26.49 22.50 224.63
228 20.72 75.43 18.69 39.43 154.59
229 20.75 68.11 20.85 29.41 199.93
230 20.87 80.24 13.62 32.37 90.30
231 20.89 29.68 22.99 20.08 202.44
232 20.90 62.87 24.16 24.52 221.40
233 20.82 44.47 26.27 24.28 227.81
234 20.78 48.62 28.41 25.07 235.30
235 21.03 22.08 19.80 15.95 177.43
236 20.90 51.05 28.65 25.17 228.47
237 21.04 65.44 24.14 24.49 210.71
238 20.93 25.08 21.97 16.94 192.42
239 20.96 55.32 25.61 24.28 226.42
240 21.08 72.32 23.68 33.26 184.79
241 21.24 32.64 25.14 21.23 215.73
242 21.40 37.60 25.89 21.11 218.96
243 21.61 42.56 27.52 24.11 229.04
244 21.43 57.27 26.71 24.82 225.92
245 21.55 27.58 23.07 18.96 193.96
246 21.44 53.12 28.38 23.37 224.26
247 21.50 59.46 26.51 24.42 227.94
248 21.61 19.71 16.77 14.36 167.40
249 21.50 40.01 27.65 21.73 233.22
250 21.69 47.04 28.29 23.77 226.54
251 21.59 77.39 20.18 35.38 151.23
252 21.68 69.43 24.88 27.39 205.35
253 21.92 35.46 25.31 21.45 212.02
254 21.92 49.42 26.90 25.51 225.43
255 22.10 61.46 26.28 24.01 224.01
256 22.01 16.89 15.34 13.11 160.19
257 22.01 44.87 27.34 23.37 233.94
258 22.11 66.49 26.44 26.16 218.58
259 22.18 63.80 27.40 24.52 221.42
260 22.36 51.34 26.89 23.91 227.88
261 22.17 55.14 28.47 24.55 219.54
262 22.26 24.15 21.00 17.92 195.12
263 22.39 29.71 24.82 19.19 214.48
264 22.19 80.51 18.98 30.90 110.64
265 22.49 31.81 24.53 21.58 220.58
266 22.42 74.33 22.50 28.87 170.42
267 22.43 71.19 25.82 27.98 198.24
268 22.67 34.05 24.24 20.04 214.38
269 22.57 38.12 28.05 22.63 229.12
270 22.61 57.42 27.30 23.46 230.82
271 22.65 41.15 25.48 23.64 229.36
272 22.95 22.38 21.50 16.96 184.00
273 22.91 27.28 23.94 18.48 203.87
274 22.86 59.45 27.77 25.07 226.10
275 22.98 53.35 27.98 22.91 230.66
276 22.90 78.11 25.39 29.40 155.22
277 23.16 43.66 26.68 25.79 226.24
278 23.08 46.05 28.04 24.80 235.53
279 23.06 82.11 20.81 24.68 88.30
280 23.08 19.66 18.15 16.48 169.13
281 23.05 48.54 28.93 23.69 223.44
282 23.01 68.11 30.49 23.94 221.31
283 23.36 16.60 16.20 13.68 160.31
284 23.28 65.31 26.84 23.51 217.98
285 23.38 62.92 28.43 24.12 218.13
286 23.40 55.48 29.98 23.22 229.01
287 23.66 35.36 26.70 22.03 221.76
288 23.52 39.55 27.40 23.28 214.71
289 23.69 25.71 22.97 19.62 200.91
290 23.68 60.59 28.03 23.97 215.23
291 23.58 71.22 28.21 23.84 205.91
292 23.78 37.19 27.49 22.51 232.81
293 23.70 29.86 25.69 19.30 219.85
294 23.63 51.36 28.33 23.84 232.84
295 23.84 76.04 31.64 27.05 182.10
296 23.89 32.86 26.31 20.67 218.16
297 23.91 41.69 27.53 24.80 233.13
298 23.93 73.48 29.55 23.80 196.28
299 23.89 57.70 29.75 26.08 208.49
300 24.17 68.94 28.48 25.03 210.22
301 24.36 78.62 38.39 22.61 156.81
302 24.23 45.95 29.74 23.40 225.20
303 24.14 48.49 29.23 25.45 235.99
304 24.34 23.38 23.19 17.36 185.70
305 24.37 66.60 29.86 23.98 215.58
306 24.36 13.83 14.23 10.56 135.11
307 24.40 19.78 19.53 14.26 171.99
308 24.44 81.66 41.10 19.31 136.90
309 24.46 55.14 30.33 22.59 231.53
310 24.61 43.42 29.70 25.12 232.60
311 24.64 52.87 31.77 24.21 222.98
312 24.49 62.14 29.91 24.45 214.86
313 24.66 64.31 33.81 24.52 211.68
314 24.77 28.68 26.38 18.98 218.12
315 24.55 16.10 16.78 13.60 166.70
316 24.83 31.47 26.17 21.20 234.50
317 24.73 38.36 27.71 23.98 229.38
318 24.73 59.43 29.39 22.20 233.49
319 24.83 50.37 30.40 23.45 234.71
320 24.96 71.37 34.37 23.84 207.02
321 25.01 17.36 18.35 14.38 165.36
322 25.06 26.29 24.67 18.42 207.18
323 24.91 34.90 28.38 21.67 218.48
324 25.14 40.47 29.21 22.38 235.93
325 25.11 57.39 29.92 23.93 222.38
326 25.14 74.33 38.24 21.43 200.20
327 25.36 22.06 25.05 17.20 198.19
328 25.27 47.78 29.06 23.15 237.21
329 25.59 83.21 73.13 15.19 121.07
330 25.45 45.08 27.33 22.20 228.40
331 25.35 68.66 34.37 24.87 214.06
332 25.41 61.09 31.49 25.01 224.24
333 25.59 55.43 31.91 23.01 233.24
334 25.78 76.51 58.28 19.76 179.55
335 25.66 37.08 28.90 22.11 229.94
336 25.55 66.21 32.97 24.44 223.80
337 25.72 14.80 18.17 12.51 159.68
338 25.70 79.75 73.17 16.08 162.07
339 25.82 53.21 30.47 23.27 229.99
340 25.95 19.46 21.59 13.83 174.49
341 26.08 24.73 24.95 18.27 213.02
342 25.94 51.08 30.73 23.79 230.39
343 25.89 63.96 31.84 25.71 203.33
344 25.97 30.05 28.82 21.36 225.19
345 25.92 42.24 29.34 24.33 232.16
346 25.99 32.48 29.93 21.90 227.50
347 26.01 59.13 33.81 25.10 228.30
348 26.25 27.45 27.73 19.71 215.30
349 26.11 34.81 26.71 21.72 232.65
350 26.19 70.40 48.12 23.49 219.11
351 26.33 39.56 31.18 23.91 227.55
352 26.40 49.00 30.77 22.97 227.03
353 26.31 61.80 34.29 23.97 220.34
354 26.30 73.04 57.23 19.96 206.63
355 26.46 46.54 32.45 24.11 240.17
356 26.49 57.06 34.63 23.61 223.46
357 26.53 67.83 44.58 22.94 223.45
358 26.65 17.12 20.88 15.18 167.52
359 26.71 22.57 26.02 16.83 201.99
360 26.69 43.98 31.99 23.45 227.52
361 26.69 54.52 33.32 21.65 228.93
362 26.93 13.65 17.69 12.47 155.74
363 26.84 65.68 43.15 24.25 215.03
364 26.95 77.74 107.76 16.04 183.30
365 26.81 37.45 28.29 22.78 229.62
366 27.02 81.19 122.68 15.09 162.12
367 27.04 84.38 103.04 13.34 115.86
368 27.07 52.23 34.03 23.41 228.01
369 27.10 63.56 43.75 25.92 220.73
370 27.20 74.90 102.91 19.12 201.92
371 27.21 29.13 28.89 21.05 227.50
372 27.13 32.44 29.70 21.78 221.94
373 27.21 41.53 32.49 24.39 232.38
374 27.12 59.23 35.57 27.20 224.98
375 27.29 35.06 31.41 23.44 224.31
376 27.36 20.35 24.36 17.73 188.26
377 27.35 69.85 74.14 23.08 217.26
378 27.49 26.58 28.34 19.77 220.35
379 27.38 61.14 40.82 23.88 223.06
380 27.57 72.05 104.68 22.27 210.78
381 27.49 47.22 33.61 23.49 232.74
382 27.58 49.93 35.73 24.73 230.97
383 27.53 55.62 36.20 26.03 227.49
384 27.79 39.43 33.21 23.20 231.73
385 27.77 23.95 28.10 18.16 207.63
386 27.70 44.40 33.22 23.82 223.36
387 27.66 67.41 67.33 23.29 228.58
388 27.83 57.77 38.46 25.81 234.77
389 27.82 17.17 23.92 14.72 174.33
390 27.91 30.92 30.99 21.49 230.81
391 27.97 36.77 34.56 24.48 224.78
392 28.07 64.82 65.28 24.81 216.08
393 28.10 78.80 153.46 17.96 169.74
394 28.30 54.02 39.45 22.26 234.97
395 28.17 62.53 56.57 22.84 218.15
396 28.30 14.39 23.72 14.23 155.82
397 28.27 85.37 103.61 13.55 121.93
398 28.23 51.93 36.42 25.38 224.73
399 28.43 33.94 34.47 25.69 213.91
400 28.45 81.87 141.35 15.21 154.76
401 28.40 42.18 34.37 23.59 224.10
402 28.42 59.91 50.59 26.83 220.83
403 28.61 75.87 151.39 20.03 190.38
404 28.48 73.43 161.38 22.05 213.64
405 28.61 45.68 35.63 23.45 224.83
406 28.46 20.37 26.96 17.36 187.01
407 28.51 28.53 28.56 21.64 217.88
408 28.51 48.03 35.56 22.80 226.67
409 28.52 68.92 120.34 25.88 225.51
410 28.64 25.80 31.37 20.51 211.70
411 28.68 56.13 47.06 24.60 234.14
412 28.72 66.54 110.25 21.41 211.09
413 28.96 70.77 150.62 24.84 209.68
414 28.95 50.07 39.39 23.62 230.86
415 28.88 23.07 31.34 17.97 209.97
416 28.77 31.52 32.84 23.08 220.78
417 28.82 37.84 35.31 23.69 229.51
418 29.08 40.16 37.26 23.57 228.49
419 29.06 58.02 59.53 26.03 215.40
420 29.08 17.65 28.25 14.86 172.87
421 29.20 43.68 39.58 24.89 228.91
422 29.16 64.00 107.09 23.56 209.16
423 29.24 12.48 26.10 13.18 146.90
424 29.35 35.80 36.40 22.62 222.32
425 29.17 61.77 89.36 23.93 228.39
426 29.27 78.64 164.09 17.88 183.41
427 29.41 84.16 110.96 14.73 152.91
428 29.39 53.53 51.04 24.00 233.79
429 29.65 87.35 68.17 12.06 107.93
430 29.57 29.60 36.99 22.99 225.23
431 29.73 51.46 54.29 25.07 227.60
432 29.60 27.14 33.78 21.44 213.51
433 29.65 21.02 34.21 18.74 197.86
434 29.63 47.89 44.52 24.49 228.31
435 29.62 67.96 166.35 24.52 206.72
436 29.70 73.04 170.00 22.82 209.57
437 29.69 59.67 93.81 24.19 226.96
438 29.75 31.92 37.70 24.59 218.54
439 29.82 34.01 39.79 24.45 221.40
440 29.86 24.31 37.70 21.27 217.94
441 29.90 65.64 162.41 23.99 216.93
442 30.00 15.29 37.69 14.90 160.08
443 29.95 41.82 43.86 24.20 224.33
444 29.80 55.63 67.59 25.34 224.90
445 29.90 45.60 45.89 24.21 231.79
446 29.90 38.12 38.73 24.65 230.34
447 30.07 75.38 178.78 21.50 196.44
448 30.09 81.41 121.16 15.74 165.20
449 30.20 70.82 179.01 24.88 209.58
450 30.25 57.51 101.58 24.62 219.93
451 30.30 61.43 146.99 22.89 227.78
452 30.29 18.32 41.36 17.15 176.16
453 30.38 63.44 160.49 24.22 216.56
454 30.48 49.18 61.20 24.67 230.53
455 30.62 40.05 50.22 25.35 234.17
456 30.52 77.77 162.41 18.50 195.17
457 30.47 53.26 81.24 25.52 224.40
458 30.65 68.81 184.30 22.86 210.60
459 30.65 12.36 49.98 12.82 147.14
460 30.71 26.11 50.63 21.85 218.96
461 30.63 43.87 55.81 24.28 234.15
462 30.67 28.35 49.41 23.95 225.76
463 30.70 84.92 78.65 14.35 143.50
464 30.71 30.56 50.70 22.47 230.80
465 30.88 35.29 53.77 24.75 222.76
466 30.82 21.31 49.60 19.73 201.06
467 30.92 66.73 191.86 25.98 213.46
468 30.86 33.03 52.11 23.61 222.32
469 30.88 59.38 161.05 25.95 232.10
470 30.89 37.55 53.45 25.14 231.87
471 30.92 46.84 76.17 24.93 235.01
472 31.03 51.03 99.78 25.90 237.25
473 30.99 55.56 125.33 24.25 226.97
474 31.04 23.79 56.37 20.54 209.10
475 31.06 72.86 163.95 22.15 210.80
476 31.20 87.89 49.13 13.08 110.36
477 31.19 64.68 194.39 26.75 216.82
478 31.32 79.36 105.89 17.83 190.57
479 31.36 15.61 61.63 15.20 164.72
480 31.48 42.13 82.61 26.47 230.17
481 31.58 82.14 81.42 16.55 170.15
482 31.47 70.17 172.51 25.61 212.28
483 31.53 75.71 126.98 20.13 211.92
484 31.49 61.83 178.53 24.11 216.33
485 31.55 10.38 73.00 13.03 136.92
486 31.51 18.79 68.27 19.18 192.06
487 31.60 53.15 138.52 24.80 227.99
488 31.81 57.76 172.01 25.86 223.80
489 31.68 31.74 71.69 23.23 228.03
490 31.63 44.71 93.25 26.16 231.16
491 31.72 29.41 85.69 23.75 225.21
492 31.68 48.56 118.33 28.07 229.93
493 31.76 26.66 87.98 21.79 214.68
494 31.74 39.71 84.07 25.05 234.82
495 31.98 67.60 165.44 26.61 207.81
496 31.93 37.14 88.51 25.89 221.51
497 32.04 59.84 190.36 26.41 234.74
498 32.10 21.31 94.31 19.77 204.72
499 32.00 34.09 91.29 25.88 218.29
500 32.20 84.74 63.79 14.99 156.60
501 32.28 13.71 103.47 15.72 159.23
502 32.07 55.68 180.43 25.88 231.66
503 32.19 63.33 189.40 26.40 210.48
504 32.09 24.00 115.22 21.56 213.56
505 32.28 89.80 37.90 12.13 82.85
506 32.17 50.70 163.96 25.81 234.53
507 32.36 73.87 115.06 22.60 221.32
508 32.35 46.57 160.09 26.94 229.12
509 32.30 65.39 188.88 24.79 220.76
510 32.35 71.62 126.01 24.37 223.02
511 32.47 78.29 91.93 18.82 190.16
512 32.55 17.44 109.30 17.42 181.48
513 32.55 43.91 151.43 26.24 231.29
514 32.59 28.04 146.34 24.13 219.69
515 32.65 31.25 128.26 25.19 218.53
516 32.69 53.75 180.42 26.69 234.72
517 32.69 69.19 135.18 25.60 228.64
518 32.66 40.26 156.79 26.75 236.60
519 32.75 10.63 123.96 13.30 139.15
520 32.82 36.17 157.03 25.58 228.81
521 33.04 87.00 54.14 12.91 133.84
522 32.85 61.44 192.54 25.37 227.03
523 32.87 25.63 162.67 22.56 214.13
524 33.00 48.94 178.37 25.71 230.48
525 33.14 75.74 90.09 20.61 205.86
526 32.94 81.44 63.21 17.77 177.53
527 33.14 56.52 173.82 25.83 223.46
528 33.07 33.79 170.77 25.69 215.57
529 33.27 42.19 202.01 25.64 227.50
530 33.11 58.91 191.79 26.27 223.14
531 33.25 20.43 143.08 18.63 201.24
532 33.15 22.89 156.15 22.27 216.11
533 33.36 38.22 194.77 26.25 227.05
534 33.23 51.58 191.26 25.81 224.82
535 33.33 29.53 183.38 23.24 226.23
536 33.44 67.46 137.12 24.84 215.97
537 33.37 65.51 149.00 26.62 224.08
538 33.51 63.21 150.62 24.58 210.60
539 33.59 15.18 142.03 16.07 165.97
540 33.49 46.73 207.08 27.38 239.62
541 33.56 70.44 101.14 23.10 219.77
542 33.63 73.18 82.77 22.65 215.05
543 33.76 44.30 212.69 26.40 230.32
544 33.88 84.06 59.97 17.29 160.79
545 33.77 89.62 55.56 12.90 102.59
546 33.78 27.18 196.12 23.84 203.64
547 33.77 78.30 63.59 19.43 194.00
548 33.86 18.43 161.05 18.14 186.82
549 33.86 31.59 192.31 23.95 219.89
550 33.76 54.18 189.42 27.40 225.32
551 33.86 12.16 149.96 13.36 151.75
552 34.06 9.06 123.93 11.53 126.24
553 33.99 40.22 220.08 24.28 220.95
554 34.00 24.64 203.96 21.75 207.18
555 34.01 35.88 203.79 24.09 222.12
556 33.97 60.59 173.92 25.86 223.25
557 34.23 50.68 186.75 24.61 231.68
558 34.15 57.78 184.28 26.71 238.55
559 34.39 48.61 191.96 25.66 233.52
560 34.27 81.23 56.99 18.03 177.75
561 34.34 33.52 215.28 22.86 219.82
562 34.36 64.82 120.23 24.28 225.74
563 34.39 22.11 197.56 21.30 196.06
564 34.48 75.82 64.10 21.96 209.10
565 34.49 29.16 210.84 22.99 207.89
566 34.45 68.70 100.04 24.54 221.01
567 34.75 86.69 71.29 14.07 147.75
568 34.65 55.59 162.43 25.25 235.55
569 34.60 71.41 73.56 23.31 216.51
570 34.60 46.10 209.96 25.44 236.48
571 34.84 37.29 219.85 24.87 215.57
572 34.75 42.63 216.39 26.80 220.02
573 34.71 52.98 169.55 26.32 234.59
574 34.77 16.85 181.24 17.06 174.34
575 34.85 63.02 114.67 24.51 224.60
576 34.90 66.63 83.19 25.37 214.48
577 34.97 73.58 66.73 21.53 213.22
578 35.10 19.99 192.35 21.20 183.84
579 34.91 26.70 209.08 21.56 203.58
580 35.02 61.06 135.99 25.77 234.01
581 35.11 58.75 143.90 27.27 227.44
582 35.06 78.49 61.18 20.71 190.81
583 34.98 12.48 135.58 14.99 155.33
584 35.05 31.42 217.75 25.83 207.95
585 35.04 39.43 223.49 27.76 218.72
586 35.18 24.14 210.95 21.24 208.81
587 35.47 89.35 83.28 13.34 116.65
588 35.24 34.77 217.46 22.85 211.38
589 35.51 44.94 184.10 27.72 232.38
590 35.39 50.88 145.52 27.18 235.70
591 35.52 83.99 76.64 16.25 171.90
592 35.55 9.21 123.26 12.30 131.68
593 35.54 15.16 167.21 16.36 161.93
594 35.49 69.90 66.89 25.75 218.60
595 35.52 47.68 165.56 27.95 230.24
596 35.69 41.01 215.76 24.91 229.22
597 35.63 81.19 68.67 18.07 177.50
598 35.63 28.68 208.45 22.29 203.87
599 35.74 56.20 109.28 24.41 230.58
600 35.66 64.77 81.65 26.56 222.11
601 35.76 22.08 199.30 20.31 201.65
602 35.74 75.89 60.71 21.97 209.14
603 35.79 53.71 120.10 26.82 233.99
604 35.86 68.08 68.86 23.34 221.84
605 35.97 71.94 69.56 24.58 214.48
606 35.95 18.19 180.56 18.16 180.27
607 35.95 25.72 215.77 23.08 204.73
608 36.15 33.13 196.83 24.51 212.71
609 35.98 37.82 201.59 23.48 225.27
610 36.06 31.02 206.50 24.39 212.91
611 36.13 42.97 182.17 27.17 232.39
612 36.07 62.33 87.57 24.80 225.01
613 36.25 12.30 105.10 14.76 150.62
614 36.29 60.27 84.59 25.47 227.87
615 36.32 58.18 84.86 26.17 226.94
616 36.42 49.30 113.46 24.92 232.13
617 36.33 35.43 198.15 26.02 214.58
618 36.38 78.77 84.54 20.44 193.87
619 36.51 85.63 119.36 18.89 195.46
620 36.44 66.29 70.64 23.86 222.59
621 36.56 73.93 71.46 23.05 219.12
622 36.57 46.66 111.69 26.86 228.40
623 36.60 23.98 179.45 22.04 195.18
624 36.63 27.32 195.10 21.66 208.53
625 36.60 51.73 106.33 26.99 233.77
626 36.73 91.77 90.77 11.39 94.31
627 36.74 39.72 165.77 24.70 224.76
628 36.78 21.24 161.60 20.73 190.28
629 36.78 15.40 117.07 16.88 168.86
630 36.80 64.09 79.66 25.25 226.98
631 36.84 70.10 70.95 25.49 225.01
632 36.89 29.49 180.71 22.78 212.79
633 36.88 54.51 90.99 26.86 238.19
634 36.89 81.99 98.29 19.31 186.42
635 36.98 88.55 106.69 15.40 137.83
636 37.05 7.67 76.38 11.43 116.13
637 37.08 43.91 115.53 23.95 221.93
638 37.09 76.30 83.82 22.99 214.63
639 37.03 18.57 128.05 18.54 175.21
640 37.20 37.54 163.20 24.58 230.37
641 37.26 56.73 73.06 25.67 231.54
642 37.09 68.21 72.52 27.86 230.02
643 37.30 10.67 70.23 12.80 137.47
644 37.25 31.56 168.28 22.88 225.70
645 37.41 41.66 131.82 26.11 229.72
646 37.34 61.88 76.19 24.73 223.58
647 37.50 33.50 155.61 24.99 231.99
648 37.45 71.91 86.34 26.19 222.26
649 37.53 25.87 138.93 20.45 213.41
650 37.53 59.10 79.11 25.72 226.44
651 37.49 35.48 161.58 24.26 231.88
652 37.68 45.68 94.07 26.64 232.07
653 37.78 47.84 84.45 26.81 234.06
654 37.77 50.04 80.06 26.03 228.14
655 37.68 78.74 100.82 21.33 196.03
656 37.74 13.84 78.50 15.03 165.47
657 37.77 52.45 87.47 25.95 233.68
658 37.63 66.54 82.65 27.08 236.32
659 37.71 23.67 130.04 21.13 205.30
660 37.82 27.89 134.00 24.00 213.75
661 37.80 84.26 123.09 18.99 177.82
662 37.89 73.95 114.78 25.14 225.62
663 37.98 21.63 117.43 19.36 197.45
664 37.95 64.66 83.10 28.13 226.51
665 38.02 39.28 112.80 24.85 228.44
666 38.08 17.03 89.21 16.91 187.66
667 38.12 54.95 70.83 25.17 228.62
668 38.15 30.05 134.95 22.42 212.11
669 38.18 91.05 91.42 13.73 99.82
670 38.33 19.61 97.31 19.10 196.22
671 38.22 87.44 127.85 15.70 156.78
672 38.23 68.72 88.91 25.18 223.76
673 38.32 81.01 122.52 19.71 195.03
674 38.35 8.85 51.79 11.84 130.67
675 38.40 60.41 85.95 28.70 224.44
676 38.49 43.75 83.16 26.18 225.98
677 38.45 76.05 129.91 23.88 214.40
678 38.45 36.96 104.66 24.00 226.18
679 38.47 62.75 101.98 27.49 229.42
680 38.59 70.92 123.29 26.45 222.79
681 38.54 32.26 138.49 24.14 229.88
682 38.59 57.52 72.03 25.42 226.47
683 38.62 41.15 85.02 27.47 224.75
684 38.78 12.01 52.47 14.84 144.83
685 38.71 25.71 96.36 22.37 213.19
686 38.78 34.47 125.77 24.85 227.30
687 38.83 6.32 40.79 12.78 99.75
688 38.79 66.67 101.82 27.49 230.49
689 38.94 23.25 87.81 18.92 204.55
690 38.96 46.28 69.42 26.09 228.81
691 39.04 50.80 75.45 25.86 232.43
692 38.93 53.07 79.04 29.09 230.60
693 38.94 28.12 93.61 23.04 209.28
694 39.06 15.39 58.96 16.62 163.61
695 39.21 48.57 72.16 26.84 230.79
696 39.09 73.02 152.28 24.46 225.06
697 39.14 78.27 145.24 22.48 193.41
698 39.11 83.19 129.01 19.71 180.62
699 39.14 64.51 122.72 27.83 227.22
700 39.32 30.19 102.67 23.84 219.94
701 39.34 55.44 82.55 26.38 229.81
702 39.43 86.01 128.98 17.36 148.30
703 39.40 38.90 76.46 24.48 218.31
704 39.50 18.47 71.85 17.94 196.07
705 39.52 89.23 109.24 14.56 116.70
706 39.52 21.04 74.85 20.21 198.90
707 39.48 59.25 103.19 27.46 234.50
708 39.40 69.35 150.00 26.18 229.92
709 39.50 61.69 138.99 28.23 233.01
710 39.51 36.42 82.82 22.17 231.33
711 39.69 92.69 64.67 13.12 67.73
712 39.63 41.69 72.30 26.99 224.92
713 39.63 75.56 160.06 26.37 219.81
714 39.78 9.91 42.00 13.62 130.14
715 39.68 32.18 102.51 22.71 228.95
716 39.79 24.95 75.55 21.50 209.97
717 39.77 44.17 75.76 26.82 226.12
718 39.82 80.67 140.38 21.90 192.33
719 39.93 27.17 79.40 22.38 216.46
720 40.03 57.22 119.27 27.26 230.37
721 39.84 66.98 160.62 27.53 229.91
722 40.02 13.55 48.89 15.71 156.50
723 40.03 6.31 33.00 11.21 103.33
724 40.14 52.67 104.98 26.77 231.84
725 40.17 34.96 83.42 23.34 223.81
726 40.32 71.40 179.69 27.90 217.80
727 40.21 46.71 77.22 25.34 229.84
728 40.13 64.41 159.48 28.82 231.66
729 40.38 23.24 67.55 21.00 205.41
730 40.26 50.27 89.11 24.97 228.18
731 40.30 73.61 182.54 28.63 221.71
732 40.37 16.51 55.61 16.57 172.74
733 40.36 29.23 81.72 23.13 225.08
734 40.38 83.66 126.67 18.51 161.97
735 40.53 78.32 151.94 23.05 196.57
736 40.51 54.72 108.51 28.69 233.49
737 40.56 37.51 78.69 24.72 230.07
738 40.57 62.24 186.74 28.26 232.32
739 40.49 69.29 192.92 30.28 236.54
740 40.60 39.83 83.62 25.80 231.11
741 40.59 59.98 161.29 28.95 236.89
742 40.62 33.15 87.66 22.56 231.21
743 40.76 90.44 87.37 13.64 97.60
744 40.73 21.18 73.45 20.07 201.72
745 40.76 42.36 87.18 26.78 227.58
746 40.78 87.07 98.38 16.77 120.40
747 40.89 31.15 83.07 25.15 224.40
748 40.96 18.82 63.40 18.71 201.91
749 40.91 65.76 191.73 28.71 232.34
750 40.91 76.02 166.49 25.75 205.83
751 40.95 25.67 76.87 22.14 210.69
752 40.90 44.85 93.17 27.72 229.16
753 41.03 48.34 102.48 26.56 232.20
754 40.94 9.18 39.31 13.31 136.47
755 41.13 12.73 43.62 15.50 144.62
756 41.14 57.96 164.13 28.99 236.74
757 41.17 67.62 195.90 28.18 231.96
758 41.19 80.79 114.73 21.22 170.44
759 41.27 27.60 77.06 22.12 222.55
760 41.42 55.68 174.42 28.38 232.28
761 41.39 63.62 198.84 28.56 227.12
762 41.36 35.35 92.26 24.18 225.09
763 41.51 15.89 61.36 16.06 182.79
764 41.49 50.55 127.30 27.85 233.93
765 41.40 73.52 175.22 27.94 219.91
766 41.49 52.78 160.17 29.63 235.01
767 41.77 92.89 41.60 13.26 57.75
768 41.55 83.90 92.05 18.22 129.69
769 41.68 6.88 39.96 12.07 117.64
770 41.62 23.68 84.25 21.04 208.26
771 41.68 29.73 86.36 24.79 223.26
772 41.71 69.60 192.80 29.64 230.17
773 41.66 37.97 103.96 26.63 227.23
774 41.73 40.83 115.93 27.49 230.64
775 41.69 61.10 190.85 29.00 229.84
776 41.84 71.59 181.67 27.97 223.01
777 41.78 33.09 103.25 24.35 225.31
778 41.84 46.27 130.24 27.49 235.48
779 41.86 43.35 120.75 28.78 222.36
780 41.88 21.26 81.65 20.78 208.08
781 42.00 78.24 132.41 22.78 172.80
782 42.17 86.29 82.79 16.85 107.06
783 42.15 11.05 48.01 14.73 133.73
784 42.07 75.76 155.74 27.52 195.99
785 41.98 87.74 63.36 17.62 97.10
786 42.20 89.80 60.55 15.40 84.10
787 42.11 18.51 74.22 18.61 203.71
788 42.26 58.61 191.96 28.62 231.66
789 42.13 65.27 202.36 29.14 220.99
790 42.37 25.47 103.84 22.30 207.60
791 42.29 48.62 157.21 29.70 236.00
792 42.40 67.39 184.53 29.91 223.86
793 42.46 14.34 62.69 16.71 181.94
794 42.45 53.75 194.54 30.47 227.93
795 42.34 27.62 105.44 23.13 228.51
796 42.51 31.39 120.46 26.46 224.51
797 42.53 56.28 202.41 29.01 226.61
798 42.39 81.08 99.70 22.10 148.83
799 42.46 35.64 133.77 24.77 229.38
800 42.58 62.85 189.09 30.13 221.15
801 42.60 39.37 128.78 25.74 226.58
802 42.59 73.64 137.72 26.45 195.48
803 42.63 51.11 177.54 29.29 235.44
804 42.76 60.40 201.13 29.28 223.11
805 42.88 5.71 56.65 11.71 115.63
806 42.78 44.49 150.32 27.05 238.38
807 42.80 84.15 79.13 19.21 112.31
808 42.90 8.87 57.03 13.39 141.27
809 42.87 23.31 114.38 22.11 211.80
810 43.01 16.71 85.66 18.25 193.54
811 43.01 29.27 124.08 23.36 225.20
812 42.90 69.50 172.47 27.96 211.10
813 42.89 20.52 101.71 20.68 211.92
814 43.04 42.04 156.81 27.52 224.57
815 43.08 33.39 141.57 26.56 222.85
816 43.17 37.50 140.01 26.06 230.43
817 43.28 93.33 37.22 12.01 39.44
818 43.16 46.80 181.41 29.30 232.45
819 43.12 71.61 142.15 27.99 199.53
820 43.21 65.70 179.70 28.66 208.85
821 43.26 76.40 102.17 24.82 151.07
822 43.25 79.01 95.79 23.06 146.79
823 43.51 90.66 51.93 15.57 60.53
824 43.34 87.02 67.64 17.31 84.38
825 43.49 26.52 136.79 25.28 205.36
826 43.52 12.41 68.02 15.32 156.70
827 43.65 48.93 185.04 28.67 227.39
828 43.50 57.24 186.12 27.49 222.02
829 43.54 54.23 193.82 28.42 205.62
830 43.66 63.94 175.65 29.31 212.08
831 43.58 81.89 73.04 21.33 115.02
832 43.67 18.88 114.97 19.77 211.25
833 43.64 67.73 156.59 31.83 204.53
834 43.70 51.11 188.50 30.39 225.30
835 43.84 59.30 188.55 28.37 211.50
836 43.76 61.80 175.19 28.56 208.38
837 43.78 31.10 151.99 25.31 220.04
838 43.72 73.87 97.72 24.36 156.88
839 43.83 35.39 155.47 25.82 220.99
840 43.81 39.89 163.35 27.95 218.46
841 43.83 21.85 133.84 21.16 210.12
842 44.00 24.19 149.96 22.11 211.75
843 43.92 44.54 173.63 26.80 226.90
844 44.08 15.24 90.56 17.60 180.29
845 44.16 69.75 111.42 26.70 172.49
846 44.16 6.65 77.99 13.31 124.39
847 44.14 28.47 154.19 25.70 211.00
848 44.32 84.40 65.57 18.38 80.63
849 44.16 9.76 82.16 13.98 140.50
850 44.32 42.12 172.11 30.21 220.79
851 44.32 71.75 99.01 27.28 163.10
852 44.42 33.31 151.67 25.12 218.98
853 44.34 52.51 191.82 28.93 220.66
854 44.45 37.59 164.83 27.54 214.17
855 44.48 78.42 72.89 24.78 118.65
856 44.44 87.99 63.70 17.23 59.13
857 44.51 46.61 166.48 29.50 213.46
858 44.49 56.40 161.79 29.86 203.90
859 44.52 65.43 124.16 30.03 190.96
860 44.52 75.80 75.68 25.79 123.90
861 44.64 18.33 112.81 18.98 188.66
862 44.63 81.08 66.38 21.64 100.64
863 44.72 25.89 140.67 21.08 204.00
864 44.70 67.62 105.23 26.72 186.07
865 44.76 93.38 44.02 12.77 30.54
866 44.83 21.14 135.81 21.57 193.31
867 44.80 63.03 136.49 31.10 181.01
868 44.87 54.49 165.65 30.06 200.04
869 44.82 60.75 158.69 27.86 194.62
870 44.94 12.76 95.55 16.92 145.74
871 44.87 48.88 164.01 28.42 214.35
872 44.90 30.25 149.08 25.38 202.73
873 45.14 90.35 55.50 15.26 43.30
874 45.01 73.41 80.71 27.12 124.89
875 45.03 58.34 138.52 30.02 196.06
876 45.07 35.56 155.00 26.54 207.80
877 44.99 39.86 169.60 27.39 201.65
878 45.02 44.31 162.71 29.09 215.70
879 45.16 50.97 166.37 32.52 207.01
880 45.16 23.55 127.85 22.87 191.87
881 45.26 16.17 103.81 17.77 160.85
882 45.35 27.54 145.94 23.96 188.26
883 45.34 5.10 66.64 11.83 93.85
884 45.28 8.90 79.82 13.02 120.86
885 45.42 32.41 139.26 24.92 199.28
886 45.52 71.10 69.66 29.50 127.03
887 45.45 86.01 64.83 18.78 52.33
888 45.50 68.92 79.91 27.91 147.60
889 45.60 42.24 149.35 27.58 199.77
890 45.59 77.15 65.51 25.66 103.14
891 45.60 82.72 63.59 20.18 64.72
892 45.68 53.12 138.55 30.54 187.83
893 45.55 66.31 89.44 28.94 164.21
894 45.65 46.97 135.56 28.77 202.12
895 46.02 94.88 61.88 12.54 15.29
896 45.70 19.38 119.42 18.82 176.29
897 45.80 37.35 140.48 29.44 189.90
898 45.81 55.90 128.12 29.22 175.25
899 45.78 79.70 66.59 22.93 85.63
900 45.83 63.92 87.27 41.91 144.62
901 45.93 74.96 70.03 27.36 104.66
902 45.93 25.05 110.16 23.02 170.76
903 45.85 59.78 116.64 29.12 162.09
904 45.98 61.84 97.87 30.47 155.71
905 45.96 29.73 123.51 24.18 177.69
906 46.06 22.14 109.95 21.66 165.46
907 46.07 34.58 135.20 26.49 180.54
908 46.01 39.73 126.88 26.19 182.73
909 46.10 44.73 113.07 28.64 188.20
910 46.08 49.26 118.72 28.02 179.21
911 46.16 92.32 73.01 14.65 27.77
912 46.10 14.06 83.31 17.24 130.91
913 46.20 11.14 67.51 14.91 111.80
914 46.06 90.87 74.97 16.49 29.08
915 46.27 7.03 58.38 12.71 93.58
916 46.39 72.90 66.01 26.61 96.59
917 46.35 88.15 77.76 18.01 39.38
918 46.36 57.92 98.31 28.17 154.13
919 46.39 17.37 93.34 18.00 138.44
920 46.48 51.44 107.41 29.21 166.26
921 46.56 27.99 104.24 24.93 164.69
922 46.49 31.83 113.86 25.53 171.03
923 46.56 65.40 73.99 28.36 125.03
924 46.59 67.55 66.69 26.67 113.81
925 46.54 69.63 64.22 27.24 107.07
926 46.56 85.13 77.43 21.98 47.97
927 46.46 83.72 79.35 21.03 43.53
928 46.76 43.12 90.46 28.31 170.12
929 46.78 53.58 100.80 29.06 141.96
930 46.80 20.14 84.86 19.62 137.21
931 46.70 46.97 95.59 28.65 162.04
932 46.77 81.00 89.28 22.53 57.51
933 46.81 26.00 87.62 23.38 144.57
934 46.90 40.96 93.93 27.68 163.53
935 46.83 77.59 79.34 23.98 71.90
936 46.94 36.33 95.75 26.54 153.94
937 47.02 23.39 85.45 23.95 146.95
938 47.02 38.65 93.55 27.36 152.80
939 46.99 56.17 86.68 30.47 135.13
940 46.96 60.10 85.74 30.78 120.53
941 46.98 71.50 66.09 27.78 93.74
942 47.07 15.35 59.89 16.71 108.70
943 47.16 34.00 88.57 26.96 142.28
944 47.12 62.32 78.72 30.78 115.15
945 47.21 9.34 46.58 13.77 82.81
946 47.22 74.66 74.55 28.78 75.83
947 47.29 29.76 80.49 24.01 140.30
948 47.22 49.26 85.76 28.29 135.77
949 47.35 93.34 84.50 14.88 17.98
950 47.29 5.29 36.12 11.84 66.09
951 47.34 45.08 74.10 27.31 138.00
952 47.49 12.43 47.14 15.84 83.53
953 47.43 64.16 81.03 28.69 111.26
954 47.47 83.15 111.16 22.38 44.87
955 47.56 89.79 115.20 16.77 24.26
956 47.51 86.38 110.24 20.21 33.73
957 47.58 17.94 57.06 19.51 100.19
958 47.61 32.05 72.65 25.39 127.19
959 47.62 58.35 84.36 29.58 115.38
960 47.69 21.69 67.76 21.32 115.14
961 47.65 51.30 70.38 29.15 120.53
962 47.69 66.18 78.75 28.52 82.72
963 47.69 54.73 78.70 28.54 114.06
964 47.67 68.23 76.46 30.16 87.40
965 47.83 25.12 67.84 23.16 113.26
966 47.80 27.23 66.11 22.94 107.70
967 47.70 70.12 88.22 28.62 77.07
968 47.81 79.31 129.05 24.33 48.22
969 47.84 47.12 74.38 28.48 121.84
970 47.95 72.25 86.18 28.38 67.82
971 47.86 42.73 68.04 27.00 115.56
972 47.92 37.33 72.03 26.97 121.00
973 47.91 76.53 103.84 25.78 55.28
974 48.04 40.38 67.51 28.59 104.33
975 48.06 60.54 100.16 30.70 93.59
976 48.10 15.43 41.78 16.99 80.73
977 48.26 7.48 34.56 12.89 62.26
978 48.19 35.05 65.62 25.58 111.40
979 48.30 52.88 80.68 31.62 98.37
980 48.29 19.65 51.53 20.77 91.69
981 48.38 56.60 94.43 28.13 85.87
982 48.38 62.51 90.09 31.21 75.79
983 48.39 81.60 136.68 24.87 37.29
984 48.47 23.74 58.11 24.16 94.09
985 48.39 28.96 63.82 24.10 104.47
986 48.48 30.95 65.68 24.41 98.89
987 48.39 49.09 71.51 30.15 93.99
988 48.43 74.55 100.72 27.88 52.62
989 48.59 10.36 35.05 15.68 63.02
990 48.50 44.98 74.29 28.00 101.78
991 48.59 84.81 130.86 21.75 28.26
992 48.52 64.62 102.51 29.72 67.54
993 48.70 91.85 118.42 15.83 15.79
994 48.73 33.05 63.96 26.20 93.29
995 48.75 88.04 134.89 19.19 21.60
996 48.76 38.67 66.72 28.45 85.89
997 48.80 66.97 125.42 31.89 57.82
998 48.71 69.07 124.51 30.70 64.93
999 48.83 13.63 35.39 16.30 60.48
1000 48.86 77.66 146.00 26.62 39.87
1001 48.92 58.74 139.96 32.04 69.58
1002 48.96 21.83 51.48 20.45 75.80
1003 48.99 50.89 94.33 29.29 74.93
1004 48.97 17.03 44.05 19.75 66.73
1005 49.03 71.00 136.91 30.91 50.70
1006 49.05 27.18 54.50 23.29 82.04
1007 48.93 42.74 72.30 29.24 90.73
1008 49.00 54.55 109.41 30.45 75.06
1009 49.04 36.44 68.90 28.78 84.43
1010 49.11 47.06 89.52 29.53 78.16
1011 49.19 60.76 133.67 30.32 61.21
1012 49.28 73.09 143.56 29.51 41.82
1013 49.33 79.93 161.42 26.33 33.43
1014 49.29 25.28 59.57 24.04 79.68
1015 49.32 40.48 77.31 28.09 76.08
1016 49.46 19.44 48.54 19.91 59.87
1017 49.46 56.66 143.78 30.36 61.72
1018 49.54 62.94 142.51 33.85 52.57
1019 49.50 82.77 145.71 25.29 26.11
1020 49.55 29.04 62.91 25.19 69.85
1021 49.53 34.36 72.95 28.20 76.88
1022 49.55 52.41 134.17 32.92 68.48
1023 49.53 75.59 151.97 27.90 39.16
1024 49.52 65.06 150.48 31.07 54.13
1025 49.54 5.20 29.76 11.93 30.45
1026 49.64 8.00 33.27 13.24 36.68
1027 49.59 31.27 67.78 26.62 74.66
1028 49.66 49.16 112.25 29.26 60.35
1029 49.68 11.50 37.41 16.38 44.71
1030 49.70 44.80 100.48 30.20 68.88
1031 49.79 89.91 104.15 17.60 16.12
1032 49.90 94.09 64.68 15.58 9.95
1033 49.86 86.14 120.16 22.57 16.95
1034 49.90 23.58 62.08 21.44 63.50
1035 49.79 69.10 163.49 32.62 42.65
1036 49.88 37.94 88.82 27.85 57.91
1037 50.03 16.69 48.07 19.67 50.95
1038 50.09 67.17 176.54 34.05 41.66
1039 50.12 14.14 46.34 17.13 40.28
1040 50.04 42.43 101.28 29.92 56.55
1041 50.17 59.67 164.80 35.80 51.31
1042 50.16 78.01 164.44 29.32 28.89
1043 50.15 21.30 54.93 22.51 49.55
1044 50.13 54.37 149.96 32.00 48.80
1045 50.23 26.45 77.54 25.73 53.27
1046 50.34 32.79 85.91 28.14 55.62
1047 50.32 35.87 97.78 29.46 54.89
1048 50.31 47.03 133.88 31.34 52.67
1049 50.34 57.69 184.22 31.77 43.78
1050 50.36 71.33 162.38 31.07 34.86
1051 50.47 61.60 170.06 32.65 42.09
1052 50.36 73.58 178.14 32.74 33.95
1053 50.44 40.23 105.04 27.75 48.00
1054 50.60 51.65 157.06 33.20 48.43
1055 50.51 80.72 142.42 25.08 22.73
1056 50.63 28.36 87.50 25.76 48.82
1057 50.55 65.42 176.94 32.41 38.32
1058 50.60 83.72 105.31 23.58 18.17
1059 50.69 9.55 43.18 15.36 29.05
1060 50.60 18.84 57.23 21.68 44.64
1061 50.64 30.52 86.61 26.27 46.12
1062 50.98 6.61 40.71 13.95 20.59
1063 50.72 87.98 85.84 20.28 13.33
1064 50.70 75.84 157.75 31.29 27.29
1065 50.78 44.19 108.27 30.78 49.60
1066 50.72 49.36 154.48 32.32 46.43
1067 50.83 63.48 162.79 32.24 35.54
1068 50.88 69.11 155.57 33.39 31.92
1069 50.98 95.25 33.72 14.95 6.63
1070 51.03 23.04 83.01 25.46 39.35
1071 51.10 25.25 95.21 26.46 39.28
1072 51.02 55.91 173.13 33.68 38.04
1073 50.96 38.17 107.91 31.29 45.18
1074 51.13 13.30 52.24 17.24 26.64
1075 51.14 15.78 63.22 19.50 29.28
1076 51.14 91.84 52.20 18.14 10.14
1077 51.13 34.27 121.93 31.62 41.66
1078 51.36 42.15 115.98 32.37 38.26
1079 51.19 53.65 160.69 33.70 38.54
1080 51.33 20.69 70.37 22.84 33.94
1081 51.35 46.08 130.72 34.15 41.05
1082 51.38 78.94 122.16 29.85 20.45
1083 51.41 58.43 162.10 34.74 36.57
1084 51.42 60.47 145.20 35.49 34.22
1085 51.38 67.21 163.16 33.14 31.41
1086 51.41 11.88 50.78 17.97 22.23
1087 51.53 32.03 105.55 29.12 35.02
1088 51.56 36.25 113.18 31.38 38.18
1089 51.47 73.26 145.88 32.78 23.73
1090 51.44 85.68 69.23 24.86 16.63
1091 51.58 29.36 100.29 30.62 35.26
1092 51.61 40.10 127.72 30.60 35.38
1093 51.61 70.83 134.65 33.66 25.96
1094 51.75 48.12 117.45 32.38 32.91
1095 51.76 27.26 102.94 27.95 31.67
1096 51.70 50.29 140.61 33.96 35.39
1097 51.58 82.24 80.30 25.85 16.94
1098 51.64 65.11 148.40 34.69 27.29
1099 51.65 76.38 117.83 30.45 23.76
1100 51.74 18.23 60.35 23.11 27.45
1101 51.78 9.49 48.51 15.91 18.25
1102 51.93 62.76 140.89 33.33 27.98
1103 52.00 44.12 107.36 32.03 34.12
1104 52.04 52.25 127.47 36.79 33.44
1105 51.97 88.60 53.63 21.02 12.98
1106 52.21 23.78 75.59 27.65 26.00
1107 52.10 38.14 109.11 33.39 30.88
1108 52.13 56.78 150.85 35.63 29.67
1109 52.11 54.59 135.91 35.36 30.26
1110 52.13 68.77 131.59 34.57 25.59
1111 52.14 94.26 30.75 16.85 6.58
1112 52.42 5.25 34.34 13.81 9.36
1113 52.18 14.35 51.47 19.84 18.78
1114 52.19 34.51 100.87 31.37 30.66
1115 52.25 21.81 76.97 26.56 28.09
1116 52.50 25.58 81.07 29.35 25.74
1117 52.46 80.06 64.30 31.04 17.25
1118 52.50 30.64 83.15 27.87 27.16
1119 52.55 11.77 46.28 19.51 17.35
1120 52.51 74.81 82.91 31.98 20.42
1121 52.42 85.19 47.65 25.45 13.97
1122 52.47 92.02 36.19 21.28 10.21
1123 52.50 66.58 106.47 35.78 26.16
1124 52.55 46.12 89.82 34.96 28.30
1125 52.45 60.80 112.77 35.21 26.36
1126 52.62 16.49 52.95 22.12 22.40
1127 52.56 32.46 81.64 31.58 30.40
1128 52.58 72.46 87.91 34.14 20.59
1129 52.57 77.40 66.80 31.35 18.35
1130 52.64 7.73 38.29 15.97 14.10
1131 52.70 40.62 90.72 33.63 28.35
1132 52.75 58.59 107.53 38.71 25.69
1133 52.73 90.56 40.01 22.23 8.13
1134 52.68 82.60 50.50 28.52 14.32
1135 52.74 42.68 81.73 34.51 29.31
1136 52.76 49.87 87.97 36.18 28.04
1137 52.74 64.49 99.65 34.46 24.79
1138 52.87 28.98 79.35 29.51 25.35
1139 52.88 36.45 80.15 35.36 26.49
1140 52.76 19.88 55.08 26.23 23.49
1141 52.89 70.19 86.26 37.38 20.55
1142 53.16 27.27 64.42 26.95 22.09
1143 53.08 47.81 74.69 37.52 25.67
1144 53.13 53.98 99.45 38.25 23.82
1145 53.15 87.67 40.61 24.96 11.69
1146 53.14 51.88 81.72 34.64 26.96
1147 53.13 62.60 85.38 37.71 23.46
1148 53.15 33.96 68.56 31.17 24.05
1149 53.16 38.49 73.72 34.79 24.69
1150 53.19 56.23 99.15 38.36 24.81
1151 53.10 68.03 79.67 34.98 21.58
1152 53.34 44.42 65.65 36.68 25.68
1153 53.46 94.28 25.53 22.36 5.90
1154 53.35 18.17 46.28 24.04 19.58
1155 53.35 22.19 56.76 28.58 21.08
1156 53.40 13.89 36.99 22.51 14.39
1157 53.44 5.60 23.71 15.91 9.38
1158 53.45 24.11 59.03 30.66 23.59
1159 53.45 60.52 86.67 41.86 21.54
1160 53.51 78.42 49.01 35.87 15.34
1161 53.61 73.76 56.21 35.60 17.22
1162 53.56 75.82 55.36 34.13 17.06
1163 53.55 81.05 46.12 33.39 14.46
1164 53.54 84.77 40.67 30.90 11.97
1165 53.48 96.56 14.42 17.86 3.70
1166 53.48 9.89 33.25 22.21 11.42
1167 53.63 31.55 55.90 35.81 20.36
1168 53.62 65.63 64.96 40.83 19.61
1169 53.68 71.76 61.61 39.80 17.29
1170 53.60 6.80 26.59 15.34 8.69
1171 53.58 11.51 33.81 22.48 12.74
1172 53.69 41.91 64.17 37.73 22.27
1173 53.85 89.39 37.07 26.54 7.59
1174 53.82 35.45 61.85 36.93 21.85
1175 53.80 49.35 62.24 42.58 20.65
1176 53.86 91.29 32.71 26.88 9.48
1177 53.91 16.16 36.58 23.66 14.84
1178 53.85 20.41 44.33 31.97 18.01
1179 53.89 25.87 49.65 31.15 21.25
1180 53.88 29.51 55.69 37.02 22.50
1181 53.86 46.31 59.65 43.32 23.97
1182 53.93 58.25 80.75 41.05 21.55
1183 53.96 67.76 57.67 43.96 18.87
1184 53.95 69.70 61.96 46.52 20.67
1185 54.02 39.49 58.29 39.71 20.49
1186 54.25 37.15 54.75 41.17 20.19
1187 54.15 51.43 63.03 42.22 24.37
1188 54.04 62.78 72.12 44.42 20.92
1189 54.12 33.37 56.03 42.19 20.32
1190 54.13 53.55 65.85 43.35 21.67
1191 54.32 8.04 26.02 22.14 8.85
1192 54.24 55.77 69.73 45.65 20.82
1193 54.31 27.62 48.98 37.59 19.41
1194 54.34 43.87 54.34 47.69 19.79
1195 54.38 82.90 43.51 37.63 12.06
1196 54.44 86.79 45.41 31.82 9.53
1197 54.33 12.42 28.05 24.64 12.31
1198 54.34 10.29 25.97 22.21 9.61
1199 54.39 60.57 72.26 46.09 19.25
1200 54.42 24.11 47.74 37.46 18.68
1201 54.53 77.65 49.68 41.95 14.41
1202 54.49 80.06 45.00 39.11 12.70
1203 54.54 18.65 38.01 36.22 16.22
1204 54.60 64.44 67.73 48.46 19.70
1205 54.44 75.71 44.94 44.09 16.15
1206 54.78 5.91 23.48 23.00 7.37
1207 54.65 47.90 57.46 49.43 20.59
1208 54.59 66.39 61.67 46.53 16.25
1209 54.60 21.84 41.36 41.97 16.59
1210 54.64 30.57 52.22 42.22 19.52
1211 54.59 41.26 57.38 45.24 20.44
1212 54.72 93.76 31.65 27.37 5.56
1213 54.70 72.83 54.28 46.94 17.07
1214 54.72 74.71 48.72 42.62 14.22
1215 54.78 15.50 32.40 30.80 12.79
1216 54.88 70.59 65.81 51.60 15.54
1217 54.83 45.86 55.91 49.71 19.10
1218 54.95 89.28 45.27 34.00 7.51
1219 54.94 32.53 50.80 42.59 17.03
1220 54.85 34.89 50.06 44.18 17.44
1221 54.84 49.83 60.69 54.38 21.12
1222 54.98 57.13 72.22 53.12 18.10
1223 54.96 68.60 73.97 54.21 16.44
1224 54.99 59.05 68.00 53.40 16.98
1225 54.98 26.19 48.79 45.13 16.11
1226 55.01 38.65 58.89 50.44 18.95
1227 55.03 53.85 65.53 52.44 21.35
1228 55.04 62.36 80.67 53.90 16.77
1229 55.09 28.58 54.70 46.56 18.44
1230 55.23 51.68 68.13 55.42 17.21
1231 55.33 9.38 32.34 29.84 8.68
1232 55.36 12.50 30.88 32.29 9.42
1233 55.29 84.60 58.66 41.69 10.01
1234 55.33 23.90 48.43 48.04 15.19
1235 55.42 19.95 44.74 43.06 13.23
1236 55.43 42.40 64.47 54.85 17.07
1237 55.46 81.82 61.49 45.90 11.07
1238 55.48 36.82 56.95 54.33 16.29
1239 55.52 17.44 34.46 41.54 10.61
1240 55.58 79.29 62.60 51.63 12.53
1241 55.64 44.53 72.36 63.94 17.00
1242 55.60 55.60 88.77 62.44 16.23
1243 55.54 76.66 58.39 53.61 13.69
1244 55.63 30.63 59.15 58.66 15.26
1245 55.60 40.27 67.56 56.82 15.97
1246 55.55 66.72 91.73 56.70 14.05
1247 55.63 74.19 65.28 58.16 13.19
1248 55.74 60.52 101.85 69.51 17.46
1249 55.72 87.10 57.29 42.79 9.17
1250 55.82 95.64 36.89 29.84 3.21
1251 55.74 22.01 54.50 49.16 13.47
1252 55.68 48.93 64.69 58.25 16.42
1253 55.70 64.52 88.88 62.08 15.64
1254 55.81 72.11 79.86 61.25 13.93
1255 56.00 7.07 29.63 33.91 6.68
1256 55.85 46.90 68.32 66.06 17.25
1257 55.75 92.11 51.00 36.54 6.39
1258 55.84 34.76 64.04 56.74 14.34
1259 55.99 14.66 39.26 40.03 10.91
1260 55.98 25.85 58.97 57.94 14.63
1261 55.96 27.82 70.95 64.11 14.84
1262 55.95 32.70 70.82 56.37 14.37
1263 56.08 58.39 113.84 72.26 15.75
1264 55.98 69.93 91.58 64.02 15.23
1265 56.09 62.55 118.36 70.66 15.56
1266 56.09 53.54 108.34 70.34 15.95
1267 56.18 51.08 98.59 65.92 15.41
1268 56.30 38.30 82.93 71.21 16.06
1269 56.37 68.01 102.91 67.48 14.49
1270 56.39 10.72 37.60 36.80 7.47
1271 56.37 89.27 67.78 48.70 7.84
1272 56.40 84.19 83.62 55.06 9.13
1273 56.47 20.36 65.25 60.67 12.99
1274 56.45 23.77 65.66 59.70 12.07
1275 56.50 17.59 49.86 52.46 10.31
1276 56.51 29.50 72.69 69.98 14.31
1277 56.58 56.76 127.22 72.79 15.49
1278 56.60 75.73 83.93 67.45 11.01
1279 56.51 80.91 90.31 61.04 10.17
1280 56.59 42.79 109.52 76.24 16.05
1281 56.60 78.10 84.11 69.38 12.09
1282 56.57 40.64 101.30 76.39 15.67
1283 56.68 65.92 117.62 79.73 14.63
1284 56.74 4.44 31.02 36.57 5.11
1285 56.72 36.17 102.54 71.35 14.18
1286 56.70 45.09 103.91 79.47 13.21
1287 56.66 96.88 29.62 27.03 1.81
1288 56.73 49.11 99.19 71.96 14.63
1289 56.84 73.65 99.27 78.31 11.85
1290 56.87 31.50 92.02 75.99 11.91
1291 56.90 60.05 152.51 83.17 13.11
1292 56.85 71.45 118.06 74.67 12.96
1293 56.94 54.81 127.35 76.48 13.88
1294 56.95 63.96 129.67 86.03 14.67
1295 56.93 33.75 103.01 70.80 12.93
1296 57.01 47.13 114.99 88.40 15.97
1297 56.96 93.22 70.67 45.41 4.91
1298 56.79 14.38 42.68 52.05 8.11
1299 57.02 27.74 81.27 85.38 13.32
1300 57.07 25.78 77.37 78.37 10.98
1301 57.11 52.28 133.27 90.68 15.50
1302 57.18 87.06 91.75 63.90 9.52
1303 57.24 12.34 44.01 51.56 7.10
1304 57.12 15.37 47.90 58.92 8.92
1305 57.16 62.04 152.28 94.49 13.84
1306 57.08 95.65 38.76 35.28 2.98
1307 57.13 7.07 41.20 43.69 5.86
1308 57.20 21.94 75.19 75.14 11.15
1309 57.22 69.47 132.60 83.32 12.88
1310 57.39 19.25 76.52 77.42 10.79
1311 57.37 39.40 127.00 97.48 14.73
1312 57.45 90.28 88.74 55.34 6.09
1313 57.46 82.09 108.68 68.59 9.13
1314 57.59 9.56 46.90 51.31 6.55
1315 57.63 50.27 143.96 102.67 14.67
1316 57.48 67.39 122.13 100.04 13.82
1317 57.57 84.59 99.56 63.02 9.16
1318 57.53 29.71 91.29 95.75 11.68
1319 57.68 58.73 150.14 98.25 13.15
1320 57.62 79.42 107.13 77.02 10.07
1321 57.63 23.83 78.99 93.42 11.17
1322 57.68 37.52 125.12 100.83 13.03
1323 57.65 43.62 118.60 98.04 13.49
1324 57.60 76.93 104.45 84.27 11.11
1325 57.80 17.11 63.08 79.35 9.14
1326 57.73 41.71 120.81 115.34 14.31
1327 57.73 56.59 146.91 100.16 14.46
1328 57.82 35.60 134.03 107.03 12.75
1329 57.78 45.69 135.95 105.02 14.48
1330 57.84 54.12 139.79 104.47 14.65
1331 57.87 74.51 125.87 90.35 11.63
1332 57.86 72.15 131.06 98.23 11.51
1333 57.97 4.52 33.97 53.56 3.84
1334 57.92 33.44 124.43 113.02 12.43
1335 57.88 65.44 131.13 101.91 14.25
1336 58.04 31.59 106.38 115.78 11.31
1337 58.04 48.31 131.72 111.52 14.94
1338 58.20 95.69 47.60 45.78 3.02
1339 58.08 6.26 32.66 58.87 4.66
1340 58.04 26.77 98.52 113.23 12.10
1341 58.18 14.61 47.89 75.80 7.54
1342 58.13 60.96 159.09 113.96 14.45
1343 58.16 21.16 71.46 98.19 8.94
1344 58.20 63.45 145.14 113.28 13.22
1345 58.28 28.77 79.48 124.30 11.57
1346 58.25 70.29 133.49 118.62 12.54
1347 58.35 92.83 73.25 57.98 4.89
1348 58.27 52.11 129.61 119.70 13.58
1349 58.36 68.04 131.64 112.36 12.16
1350 58.36 39.89 126.17 131.95 13.14
1351 58.47 86.68 98.69 75.44 7.92
1352 58.53 11.57 47.49 73.57 6.10
1353 58.50 24.97 82.83 126.58 11.45
1354 58.49 81.23 120.13 87.96 9.69
1355 58.49 89.61 87.54 67.13 6.76
1356 58.64 18.90 58.11 105.34 8.90
1357 58.62 8.54 43.39 73.94 5.37
1358 58.67 83.79 114.05 91.82 8.85
1359 58.63 44.48 103.18 135.25 12.77
1360 58.60 76.56 122.04 104.25 10.21
1361 58.67 46.72 127.70 131.85 13.61
1362 58.73 78.77 127.70 103.10 9.23
1363 58.82 22.97 66.04 118.04 9.78
1364 58.74 55.91 131.43 126.53 12.41
1365 58.68 58.02 135.54 118.79 13.35
1366 58.74 35.12 92.09 148.54 12.34
1367 58.78 37.82 88.90 147.21 12.76
1368 58.83 42.19 106.33 151.39 13.85
1369 58.85 50.22 102.37 140.03 13.12
1370 58.82 65.77 106.88 137.50 12.55
1371 58.89 30.53 78.00 146.23 11.45
1372 58.92 54.09 111.10 137.02 14.62
1373 58.83 72.47 114.49 126.53 10.91
1374 58.98 32.97 82.82 163.39 12.47
1375 58.99 74.45 125.64 132.60 11.46
1376 59.05 16.58 47.01 100.88 7.27
1377 59.01 27.67 77.50 144.79 11.11
1378 59.09 62.04 110.63 140.72 12.70
1379 59.60 7.54 33.53 91.71 5.33
1380 59.17 60.12 113.39 148.02 12.75
1381 59.13 69.43 103.38 148.41 12.16
1382 59.25 20.62 56.31 123.76 9.44
1383 59.23 63.91 99.63 150.23 12.50
1384 59.27 13.52 40.02 95.03 6.31
1385 59.36 5.12 30.75 84.37 4.48
1386 59.41 48.56 92.39 160.28 12.97
1387 59.31 52.14 93.45 150.25 12.88
1388 59.37 67.28 93.67 150.79 13.16
1389 59.45 25.30 67.64 152.42 10.34
1390 59.39 40.16 83.07 166.53 13.25
1391 59.81 94.81 43.96 60.62 3.10
1392 59.46 80.71 98.71 119.83 9.49
1393 59.51 71.32 100.90 154.40 11.65
1394 59.48 89.14 90.13 87.58 6.20
1395 59.59 36.01 62.03 180.16 12.33
1396 59.61 85.80 93.04 107.79 8.23
1397 59.60 43.99 84.15 167.34 11.93
1398 59.64 46.24 86.33 172.45 12.79
1399 59.59 77.35 107.62 128.46 10.86
1400 59.72 58.19 88.63 174.18 13.22
1401 59.80 29.80 61.79 181.84 11.33
1402 59.80 83.09 81.37 110.35 9.15
1403 59.90 10.98 36.34 106.20 5.65
1404 59.84 31.93 65.34 189.14 11.27
1405 59.87 38.16 64.20 194.20 12.06
1406 59.84 56.16 78.30 173.31 13.39
1407 59.94 75.40 92.39 152.53 10.83
1408 59.90 22.49 51.72 149.40 9.41
1409 60.03 17.41 43.92 132.04 7.55
1410 59.97 27.51 56.74 176.66 10.40
1411 60.13 34.09 52.85 192.98 11.80
1412 60.11 42.36 72.06 174.20 12.40
1413 59.96 53.97 85.77 178.32 13.17
1414 60.06 64.80 81.39 169.74 12.92
1415 60.06 73.29 82.61 161.48 10.73
1416 60.15 68.68 78.47 177.06 12.81
1417 60.16 14.69 39.98 127.33 7.78
1418 60.20 51.46 75.50 184.04 13.10
1419 60.19 62.42 90.08 182.26 13.11
1420 60.18 79.14 83.40 139.57 9.49
1421 60.25 19.71 43.94 158.04 7.61
1422 60.40 49.46 70.16 190.72 12.87
1423 60.28 59.92 94.30 186.65 13.77
1424 60.38 66.71 70.40 187.82 11.83
1425 60.37 91.94 60.48 89.91 5.19
1426 60.45 40.29 63.45 197.48 13.10
1427 60.36 70.66 79.93 181.17 11.00
1428 60.47 25.60 52.18 187.42 9.58
1429 60.59 47.35 65.39 192.21 13.46
1430 60.46 87.40 76.09 104.32 6.53
1431 60.43 89.51 68.21 101.52 6.39
1432 60.54 98.22 7.97 31.05 0.36
1433 60.67 5.92 23.32 108.33 4.29
1434 60.70 23.67 51.97 185.73 9.45
1435 60.63 36.53 57.82 206.49 11.16
1436 60.63 45.15 65.73 198.41 12.96
1437 60.74 28.77 53.88 194.68 9.86
1438 60.79 81.99 60.01 137.12 7.85
1439 60.84 85.17 64.53 125.24 6.77
1440 60.80 94.28 36.98 84.41 3.52
1441 60.89 55.35 67.37 198.48 12.46
1442 60.88 57.62 73.01 200.06 13.63
1443 60.90 76.93 60.81 158.33 9.67
1444 60.97 30.59 57.20 201.74 11.70
1445 60.97 32.50 55.54 213.86 11.59
1446 61.05 12.21 31.11 131.39 5.81
1447 60.99 53.21 69.55 205.60 12.61
1448 60.99 21.27 44.38 181.41 7.73
1449 61.03 72.25 68.12 187.11 11.58
1450 61.05 9.08 29.14 123.90 5.63
1451 61.03 74.63 67.52 186.41 10.14
1452 61.08 38.70 53.55 211.94 12.43
1453 61.13 17.60 37.76 160.92 7.38
1454 61.11 64.98 62.12 201.31 11.75
1455 61.09 60.93 77.06 206.09 13.29
1456 61.24 15.03 32.85 142.27 6.99
1457 61.17 79.30 59.82 168.54 9.26
1458 61.24 26.97 55.18 207.31 10.52
1459 61.22 42.01 61.01 208.32 11.75
1460 61.28 51.19 65.87 209.34 12.87
1461 61.19 69.59 62.24 185.76 11.14
1462 61.35 34.28 51.45 211.61 11.13
1463 61.40 43.99 62.90 210.86 12.79
1464 61.41 63.08 66.87 210.30 12.29
1465 61.37 67.45 65.70 201.89 12.56
1466 61.41 3.77 16.86 106.53 2.53
1467 61.50 48.81 63.92 218.84 12.21
1468 61.51 92.37 44.96 104.85 4.45
1469 61.48 89.22 54.91 125.74 6.34
1470 61.69 19.31 39.51 187.59 7.79
1471 61.70 36.22 56.07 213.73 10.56
1472 61.68 59.04 65.43 215.89 13.05
1473 61.80 95.58 18.43 76.77 2.50
1474 61.72 25.21 50.22 207.43 10.04
1475 61.74 46.68 64.04 217.16 12.69
1476 61.69 22.90 48.63 197.58 8.62
1477 61.90 28.52 57.43 214.49 10.98
1478 61.96 56.21 61.80 212.94 12.42
1479 61.92 83.81 52.32 151.80 7.84
1480 61.93 40.58 60.50 221.63 11.80
1481 61.99 75.63 55.46 200.08 10.84
1482 61.91 80.99 49.28 168.36 8.29
1483 61.94 53.77 69.16 213.62 12.55
1484 61.97 65.94 62.94 214.42 12.67
1485 61.95 73.35 59.30 206.70 10.92
1486 62.03 71.20 61.42 209.23 11.09
1487 62.09 86.59 51.73 139.65 7.34
1488 62.07 30.48 63.14 220.71 10.83
1489 62.12 38.12 56.58 221.94 12.30
1490 62.04 77.87 52.43 191.84 9.22
1491 62.04 8.20 30.66 135.12 4.81
1492 62.31 32.55 59.21 213.62 9.94
1493 62.09 61.13 65.85 216.91 13.44
1494 62.12 68.92 64.25 214.50 11.43
1495 62.18 12.45 33.44 151.06 6.22
1496 62.31 15.63 36.02 168.88 6.20
1497 62.33 21.08 51.14 204.45 7.80
1498 62.19 50.61 71.78 214.29 12.80
1499 62.41 5.00 25.77 124.00 3.44
1500 62.42 42.63 74.66 224.57 11.76
1501 62.40 45.03 70.55 223.88 11.94
1502 62.59 34.40 64.38 218.11 10.51
1503 62.52 57.97 70.70 221.72 12.00
1504 62.61 93.41 34.93 112.90 3.81
1505 62.55 18.22 42.34 178.40 7.51
1506 62.60 26.68 58.00 216.66 9.13
1507 62.61 64.57 62.80 222.16 11.79
1508 62.54 90.18 45.21 127.39 5.58
1509 62.61 24.18 52.59 210.93 8.69
1510 62.66 48.34 67.01 219.87 12.01
1511 62.63 62.72 70.24 224.75 11.17
1512 62.68 67.23 64.41 225.23 12.36
1513 62.91 52.52 80.72 219.46 11.53
1514 62.91 10.42 37.86 147.78 5.20
1515 62.87 39.89 70.02 225.64 11.15
1516 62.93 36.47 64.71 220.36 10.68
1517 62.87 59.91 73.84 223.52 11.83
1518 62.89 79.44 54.77 193.04 8.91
1519 62.87 54.75 69.63 211.63 12.55
1520 62.91 82.25 49.79 176.91 8.02
1521 62.92 69.80 64.18 221.03 11.61
1522 62.90 74.22 59.87 212.28 10.51
1523 63.08 72.03 65.67 224.53 11.23
1524 63.03 77.00 57.18 210.27 9.29
1525 63.14 95.00 19.11 97.89 2.76
1526 63.18 28.76 72.37 215.23 9.77
1527 63.16 22.43 58.01 203.45 8.90
1528 63.18 46.53 71.17 222.51 11.12
1529 62.93 92.16 39.85 117.10 4.20
1530 63.14 30.90 75.98 221.33 9.65
1531 63.14 50.35 77.50 224.36 12.37
1532 63.20 85.55 49.03 155.70 7.24
1533 63.26 96.31 11.70 75.17 1.52
1534 63.22 7.10 37.01 141.41 4.04
1535 63.28 14.01 38.29 160.44 6.11
1536 63.34 19.80 53.22 194.94 7.84
1537 63.40 43.76 85.33 227.45 10.75
1538 63.39 57.28 79.20 214.70 12.16
1539 63.50 38.17 82.37 222.75 9.79
1540 63.49 88.87 46.54 139.64 5.19
1541 63.43 16.93 41.98 183.99 6.61
1542 63.53 41.65 92.45 230.93 11.63
1543 63.49 61.70 94.86 224.73 11.97
1544 63.54 66.12 74.10 223.90 11.52
1545 63.66 68.18 75.33 226.41 12.14
1546 63.61 24.57 66.30 202.72 8.53
1547 63.66 34.72 68.11 215.29 10.60
1548 63.67 64.08 86.15 231.07 12.68
1549 63.71 26.70 65.10 204.31 8.60
1550 63.80 32.58 77.98 218.14 10.90
1551 63.79 75.47 68.69 212.41 9.73
1552 63.87 55.53 79.28 216.67 11.56
1553 63.88 59.21 87.55 219.64 11.65
1554 63.94 93.01 37.85 123.68 3.45
1555 63.96 49.05 81.16 211.96 11.10
1556 63.91 80.62 59.25 198.33 9.12
1557 63.85 70.42 75.90 226.62 11.28
1558 64.08 4.65 32.33 116.72 3.01
1559 63.97 51.61 88.20 218.77 12.34
1560 64.01 83.57 55.53 173.46 6.63
1561 64.04 12.02 46.06 155.73 5.56
1562 63.98 9.12 47.41 148.34 4.72
1563 64.13 45.16 93.67 225.56 10.98
1564 64.11 53.65 93.35 217.85 10.88
1565 64.04 73.24 78.42 216.45 9.91
1566 64.14 78.21 71.09 209.72 8.98
1567 64.18 30.03 83.18 206.25 8.52
1568 64.21 21.50 64.23 199.41 7.98
1569 64.22 39.57 90.60 217.24 10.96
1570 64.32 47.20 91.94 215.87 10.83
1571 64.34 16.11 45.62 173.36 6.79
1572 64.38 36.62 74.41 209.14 10.57
1573 64.38 18.75 56.60 186.51 7.28
1574 64.43 62.66 102.13 223.79 10.92
1575 64.41 86.85 51.55 158.98 6.51
1576 64.59 95.28 18.33 88.53 1.90
1577 64.57 28.10 71.75 200.18 7.64
1578 64.49 60.79 110.70 224.77 11.18
1579 64.53 23.92 72.96 193.48 8.48
1580 64.54 90.01 69.04 164.35 6.10
1581 64.58 65.38 97.97 224.93 11.46
1582 64.61 57.26 108.43 215.04 11.31
1583 64.65 41.47 80.45 214.47 10.53
1584 64.67 67.30 98.80 227.24 11.03
1585 64.71 71.56 96.27 222.96 10.62
1586 64.81 34.30 76.98 207.49 9.06
1587 64.86 43.53 95.14 219.85 10.65
1588 64.74 69.21 88.97 228.12 11.09
1589 64.89 25.97 73.74 194.38 8.03
1590 64.85 6.94 47.20 125.03 3.79
1591 64.88 14.06 41.75 153.43 5.30
1592 64.81 31.83 88.76 208.13 10.35
1593 64.76 75.89 90.99 211.93 9.49
1594 64.96 50.41 88.22 209.57 10.96
1595 65.00 55.17 107.41 208.84 11.38
1596 65.04 52.63 90.50 210.29 11.71
1597 64.97 81.63 77.45 184.62 7.47
1598 65.11 59.03 122.39 215.96 12.03
1599 65.07 10.08 46.01 129.03 4.64
1600 65.14 20.37 62.14 181.87 6.99
1601 65.22 38.80 74.19 203.92 10.06
1602 65.22 73.76 100.43 212.47 9.81
1603 65.16 85.12 65.74 172.08 6.41
1604 65.24 92.57 49.99 133.30 3.47
1605 65.25 45.79 87.59 207.86 11.58
1606 65.19 63.84 131.43 223.31 10.52
1607 65.24 78.04 91.58 199.49 8.55
1608 65.34 48.24 78.93 205.46 10.83
1609 65.36 22.57 64.65 181.06 7.34
1610 65.40 29.99 70.02 190.32 8.87
1611 65.39 17.06 53.82 157.78 6.37
1612 65.50 36.50 71.53 201.45 9.64
1613 65.49 61.17 128.44 219.02 10.47
1614 65.69 66.27 128.93 225.97 10.75
1615 65.62 89.23 62.48 143.32 4.69
1616 65.68 27.63 64.54 175.18 7.97
1617 65.76 32.90 69.06 191.16 8.28
1618 65.79 12.39 39.93 132.13 4.90
1619 65.90 24.36 67.13 171.72 7.35
1620 65.74 41.75 69.57 203.04 9.76
1621 65.76 68.12 108.09 218.06 11.25
1622 65.74 70.03 112.25 225.34 10.36
1623 65.77 71.89 115.11 215.75 9.61
1624 65.78 57.11 118.30 203.58 10.51
1625 65.89 75.55 109.53 201.13 9.57
1626 65.84 80.19 93.12 195.26 7.93
1627 65.97 54.74 101.70 205.33 10.83
1628 66.04 19.46 61.57 162.27 7.53
1629 66.00 49.92 83.12 189.72 10.51
1630 66.12 8.03 38.12 110.25 3.88
1631 66.14 34.76 64.81 186.34 9.19
1632 66.07 44.19 66.33 200.63 10.62
1633 66.03 52.46 83.03 196.11 9.68
1634 66.07 62.67 127.60 217.39 11.00
1635 66.03 83.08 82.45 178.44 7.37
1636 66.10 64.62 140.49 223.16 11.04
1637 66.11 59.52 113.11 216.89 11.13
1638 66.31 14.75 39.87 122.85 5.37
1639 66.29 39.71 69.68 186.10 9.17
1640 66.23 46.86 75.92 192.45 10.17
1641 66.36 86.31 72.30 154.58 5.56
1642 66.38 26.02 61.73 166.46 8.32
1643 66.37 21.91 61.58 166.80 6.99
1644 66.49 31.40 69.23 167.85 8.20
1645 66.50 10.12 32.76 113.32 4.33
1646 66.43 29.24 64.89 165.30 7.64
1647 66.49 37.55 65.37 171.62 9.26
1648 66.46 77.77 89.61 188.78 7.79
1649 66.58 17.35 42.86 131.13 5.44
1650 66.57 73.32 107.06 202.78 9.98
1651 66.63 92.19 55.82 128.34 3.66
1652 66.74 61.00 100.90 201.79 10.63
1653 66.74 56.25 91.72 192.32 9.43
1654 66.72 70.32 104.58 206.11 10.41
1655 66.78 67.92 102.66 206.02 10.97
1656 66.77 89.84 62.12 137.70 4.26
1657 66.82 41.97 61.42 173.25 9.14
1658 66.88 51.22 75.11 189.74 11.39
1659 66.87 58.35 94.07 195.32 9.87
1660 66.88 65.99 107.31 208.08 10.81
1661 66.97 80.32 87.06 172.87 7.73
1662 66.97 48.98 68.89 169.06 8.99
1663 67.12 27.42 66.69 141.91 6.96
1664 67.02 53.76 76.27 175.75 9.58
1665 67.07 75.57 100.39 189.43 8.41
1666 67.18 33.13 65.56 160.25 8.68
1667 67.01 63.78 126.24 197.19 10.39
1668 67.08 44.40 69.30 174.41 9.16
1669 67.09 83.58 84.32 158.84 6.73
1670 67.13 88.35 84.89 139.39 4.29
1671 67.19 20.00 50.29 134.11 5.99
1672 67.10 35.29 58.43 152.69 8.26
1673 67.26 12.12 33.61 97.90 4.09
1674 67.29 22.80 52.13 134.56 7.52
1675 67.29 24.89 57.74 139.35 6.81
1676 67.24 46.77 64.96 166.68 9.39
1677 67.39 39.83 64.02 153.20 8.85
1678 67.43 7.91 29.28 88.90 3.34
1679 67.48 15.04 36.56 95.15 5.18
1680 67.44 29.79 66.31 136.37 7.99
1681 67.53 71.42 88.64 188.83 9.22
1682 67.61 37.52 61.41 142.82 8.42
1683 67.56 62.00 99.78 182.76 9.78
1684 67.64 68.91 101.11 190.43 9.92
1685 67.62 73.65 96.68 180.38 8.80
1686 67.71 17.65 42.28 105.67 5.61
1687 67.66 55.44 81.40 166.44 9.64
1688 67.67 59.82 83.06 181.22 10.70
1689 67.69 77.64 85.80 174.32 8.23
1690 67.79 51.93 73.30 164.05 9.62
1691 67.90 31.67 79.19 135.78 7.28
1692 67.81 57.40 75.20 178.73 9.60
1693 67.94 86.15 77.88 142.83 5.52
1694 67.87 42.29 65.65 147.16 8.63
1695 67.87 66.50 93.85 189.15 9.82
1696 67.92 92.07 64.43 127.98 3.17
1697 67.89 64.36 100.46 185.38 10.18
1698 67.97 49.76 70.27 150.21 9.64
1699 68.07 21.08 55.70 114.03 5.86
1700 68.16 82.91 87.47 154.10 6.34
1701 67.89 9.63 32.83 78.00 4.09
1702 68.06 44.82 64.45 137.79 9.39
1703 68.15 80.23 82.70 166.53 7.86
1704 68.21 28.10 74.36 114.97 6.67
1705 68.23 26.08 64.73 111.00 7.53
1706 68.15 35.20 65.62 131.70 8.50
1707 68.30 89.38 72.33 140.99 4.31
1708 68.19 47.41 60.87 138.80 9.20
1709 68.29 53.90 67.44 151.35 9.12
1710 68.39 75.45 83.99 168.91 7.93
1711 68.45 10.23 33.72 71.60 3.84
1712 68.43 23.53 54.62 112.87 6.60
1713 68.44 13.01 38.42 71.81 4.05
1714 68.41 40.00 68.11 127.00 7.77
1715 68.39 62.61 88.70 159.79 9.46
1716 68.49 70.29 82.81 175.12 9.11
1717 68.61 33.25 73.51 118.78 7.34
1718 68.51 67.70 81.72 168.93 9.69
1719 68.50 72.36 83.31 164.45 8.61
1720 68.74 18.91 49.98 89.97 5.60
1721 68.64 29.83 80.36 107.90 6.91
1722 68.71 7.38 33.34 65.68 2.79
1723 68.64 15.93 44.26 83.38 5.40
1724 68.64 58.33 77.48 158.69 9.21
1725 68.64 60.49 76.23 156.52 9.15
1726 68.71 37.38 77.74 120.08 7.95
1727 68.77 56.07 79.18 149.46 10.28
1728 68.80 64.87 91.46 160.57 8.55
1729 68.84 77.90 73.06 153.29 7.69
1730 68.84 42.30 75.90 113.67 8.79
1731 68.80 52.08 75.62 143.84 9.00
1732 69.11 49.86 81.00 128.85 9.24
1733 68.98 45.10 71.92 116.00 8.35
1734 69.10 21.40 61.88 90.10 6.62
1735 69.16 25.09 73.43 102.31 7.35
1736 69.13 47.64 69.71 116.89 8.31
1737 69.25 31.41 84.31 100.48 6.70
1738 69.21 73.91 74.28 153.80 7.62
1739 69.16 84.90 72.92 138.26 5.46
1740 69.07 92.33 53.08 120.35 2.70
1741 69.23 35.40 81.62 109.16 7.35
1742 69.21 69.01 71.41 148.38 9.11
1743 69.29 81.13 72.79 135.81 6.35
1744 69.35 27.33 92.17 99.27 7.56
1745 69.34 38.99 84.25 103.03 8.32
1746 69.40 87.92 69.13 127.70 4.44
1747 69.44 91.34 63.24 118.41 3.56
1748 69.29 62.41 80.13 140.31 8.41
1749 69.42 66.45 75.46 154.42 8.69
1750 69.36 54.08 88.18 124.89 9.15
1751 69.41 11.50 35.49 57.99 3.76
1752 69.47 59.34 80.96 140.86 9.39
1753 69.61 14.27 42.12 62.06 4.05
1754 69.71 71.67 69.38 149.59 8.38
1755 69.70 17.31 49.61 65.21 5.10
1756 69.64 57.26 82.52 127.18 8.79
1757 69.75 10.07 39.77 54.95 3.36
1758 69.84 75.92 64.76 135.46 7.69
1759 69.73 33.58 83.40 98.03 7.64
1760 69.72 43.28 79.51 101.88 8.03
1761 69.90 29.25 100.05 82.76 7.23
1762 69.74 51.61 95.19 120.61 8.88
1763 69.85 7.74 29.96 54.17 2.67
1764 69.94 23.31 73.49 81.28 6.91
1765 69.82 64.33 76.25 134.80 9.16
1766 69.92 40.92 87.53 100.11 8.62
1767 69.92 45.95 79.03 101.38 8.46
1768 69.88 78.53 66.60 131.03 6.76
1769 70.12 36.48 79.27 85.15 8.27
1770 70.03 60.94 97.25 127.41 8.87
1771 70.10 55.32 100.38 110.56 8.89
1772 70.12 83.43 63.90 124.78 5.66
1773 70.13 20.78 62.68 73.51 5.67
1774 70.09 69.88 68.60 132.16 9.98
1775 70.17 48.26 92.67 102.48 8.70
1776 70.23 67.81 71.10 140.67 8.62
1777 70.28 25.74 93.33 77.87 6.64
1778 70.35 31.36 91.18 89.11 7.34
1779 70.34 73.60 65.70 126.67 7.99
1780 70.47 52.93 99.30 97.19 8.13
1781 70.39 62.63 92.12 125.00 8.27
1782 70.46 86.54 56.41 114.19 4.30
1783 70.43 90.39 56.28 112.30 3.47
1784 70.43 38.98 96.89 84.05 9.11
1785 70.52 12.69 37.32 52.47 4.26
1786 70.65 18.44 52.78 63.22 5.54
1787 70.52 50.16 97.63 100.49 9.15
1788 70.46 59.02 101.32 118.52 9.44
1789 70.51 65.74 78.46 136.75 9.51
1790 70.61 27.73 102.14 76.00 7.17
1791 70.60 80.87 66.73 116.50 6.54
1792 70.71 44.05 92.21 83.71 7.82
1793 70.79 57.06 106.83 105.06 9.60
1794 70.67 16.06 42.53 54.69 4.84
1795 70.77 33.64 96.48 80.93 7.61
1796 70.67 10.70 41.08 42.45 3.12
1797 70.89 8.54 35.34 46.10 3.09
1798 70.96 41.83 102.45 83.88 8.75
1799 70.93 77.82 64.34 116.46 6.88
1800 71.00 46.51 91.78 90.27 8.54
1801 71.08 63.86 93.35 116.89 9.17
1802 71.15 71.72 80.53 104.68 7.61
1803 71.09 75.42 67.95 116.30 7.32
1804 71.05 15.04 52.09 51.21 4.13
1805 71.12 22.44 69.65 63.64 6.25
1806 71.01 69.44 82.02 117.76 8.31
1807 71.13 24.58 76.61 70.23 6.80
1808 71.20 54.95 108.23 89.15 8.66
1809 71.11 61.07 117.43 109.08 9.14
1810 71.28 29.40 94.13 70.54 7.86
1811 71.19 37.53 87.46 78.11 8.53
1812 71.28 67.31 81.51 115.30 8.96
1813 71.29 84.05 59.32 99.14 4.67
1814 71.44 20.05 61.96 55.04 5.73
1815 71.39 35.46 88.69 73.16 8.66
1816 71.38 48.67 103.89 83.58 8.62
1817 71.39 51.10 97.48 88.80 8.18
1818 71.44 88.49 46.42 99.13 3.16
1819 71.52 31.38 96.00 74.33 7.61
1820 71.56 39.96 97.97 73.47 9.18
1821 71.57 59.11 129.00 91.31 8.56
1822 71.66 52.95 101.37 81.34 8.80
1823 71.77 10.28 37.61 42.04 3.34
1824 71.68 27.07 80.16 68.08 8.63
1825 71.75 13.49 45.02 43.68 4.45
1826 71.62 80.30 73.45 107.42 6.41
1827 71.76 17.43 48.98 46.27 5.60
1828 71.75 65.31 106.36 105.37 8.27
1829 71.84 73.95 75.24 95.71 7.76
1830 71.80 44.46 94.44 80.65 8.44
1831 71.86 56.98 126.08 88.11 8.33
1832 71.92 33.61 87.51 66.14 7.84
1833 71.98 69.41 110.53 97.44 8.06
1834 72.00 77.54 77.07 104.61 6.43
1835 72.11 42.39 97.84 70.41 8.97
1836 72.09 61.19 131.29 91.82 9.09
1837 72.14 63.31 116.60 101.12 9.53
1838 72.13 24.71 67.60 55.59 8.32
1839 72.16 46.37 103.09 74.25 8.94
1840 72.27 86.26 54.55 90.11 3.59
1841 72.22 21.80 56.00 49.12 6.44
1842 72.34 36.47 81.40 61.01 10.38
1843 72.30 54.89 119.23 76.59 8.78
1844 72.46 71.53 98.63 87.72 7.51
1845 72.41 38.81 96.96 64.14 10.32
1846 72.35 67.19 102.78 99.43 8.14
1847 72.52 15.25 44.19 37.92 5.22
1848 72.49 48.31 103.22 73.44 9.38
1849 72.38 50.74 92.40 74.75 8.80
1850 72.47 29.59 77.99 63.84 7.92
1851 72.50 83.69 65.04 89.16 4.43
1852 72.71 7.90 32.27 33.20 2.46
1853 72.62 31.97 76.71 59.74 8.82
1854 72.60 58.51 141.53 77.22 9.11
1855 72.55 87.99 46.74 90.67 3.59
1856 72.75 18.65 46.55 42.49 5.94
1857 72.72 80.44 78.45 84.08 5.58
1858 72.74 90.19 39.28 80.56 2.66
1859 72.73 27.30 71.77 51.08 8.47
1860 72.78 52.75 103.73 71.24 9.12
1861 72.67 9.27 31.20 35.20 2.90
1862 72.88 41.08 92.52 64.87 10.84
1863 72.91 11.86 35.60 34.78 4.31
1864 72.85 65.03 114.44 87.79 9.01
1865 72.99 76.41 90.48 79.27 6.81
1866 72.89 34.16 74.71 63.11 10.89
1867 72.99 73.67 100.77 79.87 7.16
1868 73.03 43.95 85.31 65.69 9.82
1869 73.01 56.36 122.92 75.31 9.41
1870 72.97 62.06 133.10 83.62 9.49
1871 73.04 69.58 123.75 87.01 8.57
1872 73.15 23.13 50.82 48.73 9.00
1873 73.21 25.21 55.33 51.58 10.65
1874 73.22 60.05 133.74 77.95 8.66
1875 73.27 46.01 91.81 63.49 9.55
1876 73.31 49.86 87.44 62.94 9.60
1877 73.23 20.65 41.27 42.55 7.34
1878 73.35 37.66 74.30 53.22 12.28
1879 73.46 16.43 38.90 37.92 6.56
1880 73.43 67.52 108.35 76.42 8.55
1881 73.55 31.05 68.62 52.68 11.92
1882 73.45 54.20 103.30 70.62 9.83
1883 73.50 85.27 65.37 74.06 3.97
1884 73.66 28.84 58.00 50.53 11.77
1885 73.65 39.71 75.81 58.45 13.75
1886 73.63 35.70 66.38 56.08 13.05
1887 73.71 79.13 92.52 68.96 5.84
1888 73.70 63.51 117.89 70.35 8.15
1889 73.53 86.88 52.26 72.94 2.97
1890 73.94 12.63 34.04 29.09 4.69
1891 73.77 47.91 86.11 62.63 11.35
1892 73.73 89.03 48.56 67.06 2.63
1893 73.82 10.28 31.08 29.41 4.03
1894 73.79 51.84 80.44 63.44 10.45
1895 73.70 57.69 114.00 69.94 9.42
1896 73.84 42.07 73.15 57.10 11.96
1897 73.93 82.14 82.00 71.87 4.41
1898 73.82 65.50 114.87 74.77 9.24
1899 73.97 72.06 106.88 72.91 7.55
1900 74.00 26.64 48.17 45.94 12.21
1901 73.95 33.66 65.25 52.20 14.50
1902 74.05 61.37 121.17 69.02 8.90
1903 74.12 74.61 98.62 70.88 6.97
1904 74.02 9.15 32.03 27.46 3.60
1905 74.08 21.88 39.42 39.65 9.07
1906 74.27 18.92 34.13 34.60 8.16
1907 74.22 55.52 98.28 64.70 10.22
1908 74.11 69.81 114.67 73.62 8.23
1909 74.31 24.21 40.46 41.86 11.33
1910 74.35 43.88 65.15 49.53 13.95
1911 74.31 59.26 105.96 59.34 9.15
1912 74.44 77.04 90.30 58.49 6.07
1913 74.36 45.87 71.79 55.92 13.37
1914 74.40 50.03 65.92 59.11 11.42
1915 74.42 38.02 57.90 51.76 16.93
1916 74.50 15.59 30.20 29.96 7.03
1917 74.35 14.04 32.04 28.21 5.29
1918 74.46 53.50 83.79 64.67 11.77
1919 74.50 67.07 103.21 67.37 8.81
1920 74.68 30.28 46.46 45.35 17.41
1921 74.71 32.58 54.19 49.83 18.74
1922 74.66 87.06 66.33 59.66 3.29
1923 74.68 36.00 50.58 45.41 19.88
1924 74.73 40.33 57.64 50.16 20.34
1925 74.82 27.89 45.48 42.59 18.09
1926 74.75 47.91 61.74 56.82 14.82
1927 74.74 57.21 85.67 53.41 10.26
1928 74.79 62.74 106.99 59.51 9.00
1929 74.87 64.87 108.59 63.71 9.08
1930 74.96 80.73 90.98 55.23 4.99
1931 74.72 10.83 26.50 30.00 5.64
1932 75.19 21.41 30.32 31.82 12.34
1933 74.97 51.72 65.69 51.61 13.55
1934 75.18 12.36 24.04 27.31 6.43
1935 75.02 68.86 116.29 60.34 8.90
1936 75.25 84.08 82.55 55.10 3.86
1937 75.35 71.23 108.18 58.10 8.22
1938 75.14 73.60 93.36 60.16 6.57
1939 75.19 25.78 36.91 39.81 15.99
1940 75.16 42.25 55.65 48.06 16.72
1941 75.17 60.34 92.90 55.96 9.42
1942 75.17 10.20 22.20 22.20 4.98
1943 75.35 35.16 43.41 42.36 22.85
1944 75.28 54.47 76.98 52.27 12.61
1945 75.47 23.72 34.77 35.45 16.87
1946 75.50 44.43 48.45 47.97 20.32
1947 75.51 17.01 26.31 27.74 10.67
1948 75.43 38.31 48.24 44.26 24.41
1949 75.46 46.43 52.98 47.92 20.00
1950 75.49 49.12 51.16 48.04 19.22
1951 75.64 78.30 87.37 53.64 6.06
1952 75.74 75.85 94.43 56.60 6.35
1953 75.65 56.13 71.25 51.88 15.03
1954 75.66 58.27 71.90 51.99 14.15
1955 75.67 66.35 85.89 56.95 9.63
1956 75.76 31.53 45.12 39.72 27.46
1957 75.80 13.46 25.83 22.55 6.81
1958 75.68 29.63 42.76 39.28 29.15
1959 75.86 63.92 85.66 53.75 9.80
1960 75.83 87.07 67.48 50.42 2.62
1961 75.88 27.70 39.75 37.46 21.84
1962 75.92 33.36 45.51 39.44 26.09
1963 75.98 61.90 87.11 51.95 11.30
1964 75.89 40.41 45.88 44.17 24.33
1965 75.97 50.84 52.11 48.30 19.11
1966 75.95 52.99 63.69 46.90 16.94
1967 76.04 68.86 85.20 54.29 8.78
1968 76.00 11.54 21.79 21.42 6.00
1969 76.29 80.68 82.24 41.97 4.49
1970 76.26 35.92 49.38 39.40 30.41
1971 76.44 25.72 40.53 37.32 29.87
1972 76.24 42.74 46.68 41.84 26.72
1973 76.37 73.67 83.10 45.53 6.92
1974 76.34 59.75 72.94 47.84 14.77
1975 76.15 22.04 24.50 32.83 14.00
1976 76.41 38.06 48.87 39.42 27.38
1977 76.43 46.62 46.76 41.45 28.94
1978 76.44 48.66 47.31 46.69 28.04
1979 76.52 54.96 55.61 46.31 24.15
1980 76.33 83.70 80.97 44.88 3.72
1981 76.50 16.67 25.91 27.49 16.62
1982 76.62 57.07 54.40 50.01 19.37
1983 76.69 71.20 75.31 44.45 7.93
1984 76.48 10.86 21.84 22.11 7.42
1985 76.58 14.57 25.67 21.61 12.69
1986 76.72 21.32 32.14 26.33 20.84
1987 76.77 29.93 45.72 36.58 38.25
1988 76.71 66.93 65.50 47.44 10.42
1989 76.80 64.96 65.55 47.23 12.59
1990 76.85 44.81 54.04 39.82 32.09
1991 76.75 18.57 28.77 24.73 17.80
1992 76.88 51.80 50.38 39.41 25.17
1993 76.85 84.62 70.30 42.49 3.28
1994 76.88 34.32 53.65 39.29 34.59
1995 76.92 77.40 77.88 43.40 5.65
1996 77.03 87.46 59.78 38.47 2.26
1997 76.92 40.97 53.20 38.05 35.97
1998 77.04 32.06 48.49 36.25 36.04
1999 77.07 60.89 54.32 45.98 18.32
2000 77.10 62.80 55.92 48.97 18.32
2001 77.15 28.01 49.18 33.83 41.65
2002 77.15 49.80 52.75 41.91 31.91
2003 77.16 68.95 67.23 43.54 10.39
2004 77.17 53.54 51.75 43.41 28.59
2005 77.20 58.84 46.67 43.73 23.31
2006 77.33 11.33 22.51 17.96 10.75
2007 77.16 17.47 31.50 21.84 16.50
2008 77.11 13.14 25.12 19.62 11.88
2009 77.36 36.81 58.29 36.58 39.71
2010 77.36 39.15 57.11 37.33 38.51
2011 77.11 23.36 40.40 28.10 29.30
2012 77.36 43.08 63.78 39.43 40.88
2013 77.40 81.29 67.85 36.29 3.66
2014 77.47 47.83 56.02 38.85 35.76
2015 77.56 25.62 52.48 30.18 37.36
2016 77.57 74.01 69.22 37.35 6.89
2017 77.62 13.86 29.04 19.25 15.47
2018 77.64 15.38 28.79 21.73 17.65
2019 77.68 22.55 41.91 26.33 31.79
2020 77.73 55.06 49.78 42.17 38.34
2021 77.78 33.68 63.98 33.85 44.49
2022 77.86 46.05 70.19 38.68 43.97
2023 77.82 66.17 47.79 41.27 14.29
2024 77.84 71.00 68.25 39.97 10.37
2025 77.79 84.43 53.52 30.80 2.89
2026 77.89 20.06 36.28 26.04 26.27
2027 77.90 30.62 60.85 32.56 47.75
2028 77.78 56.89 47.04 39.60 34.51
2029 77.91 63.96 47.67 42.41 20.52
2030 77.82 18.15 32.91 22.45 22.68
2031 77.91 50.84 64.64 37.03 38.62
2032 78.11 68.31 45.40 40.07 14.19
2033 78.05 77.13 65.29 37.71 5.60
2034 78.06 16.94 32.86 19.05 20.02
2035 78.04 60.98 46.00 44.45 31.08
2036 78.19 28.10 64.23 30.13 50.21
2037 78.16 35.55 74.03 34.35 48.53
2038 78.20 41.95 81.97 35.31 49.91
2039 78.24 86.08 53.06 32.98 2.65
2040 78.19 52.93 58.53 37.14 46.73
2041 78.07 58.82 45.98 40.67 37.21
2042 78.24 44.18 79.73 35.44 47.73
2043 78.30 40.03 80.83 34.71 41.86
2044 78.57 80.25 65.13 33.57 4.88
2045 78.48 38.06 91.91 34.49 50.35
2046 78.51 24.38 58.90 26.22 41.86
2047 78.46 48.96 87.37 35.62 49.48
2048 78.48 82.63 61.60 31.50 3.44
2049 78.55 32.42 79.94 32.87 57.57
2050 78.74 72.46 44.83 36.98 8.79
2051 78.66 57.00 50.70 39.00 51.80
2052 78.69 62.76 45.94 39.83 32.07
2053 78.64 54.97 56.55 38.09 54.19
2054 78.93 47.31 96.10 37.94 56.35
2055 78.85 75.10 50.84 34.45 7.48
2056 78.85 21.67 47.85 24.02 38.95
2057 78.79 19.05 41.36 21.55 34.46
2058 78.82 83.80 53.50 29.86 2.60
2059 78.81 13.83 33.26 16.76 20.59
2060 78.84 51.12 86.05 40.47 59.95
2061 79.07 69.90 41.11 36.48 15.08
2062 79.00 15.42 34.68 19.64 24.46
2063 78.97 30.11 88.41 34.15 58.77
2064 78.93 58.90 56.92 39.43 51.55
2065 79.05 61.01 53.71 39.17 41.67
2066 79.03 64.81 45.52 36.11 27.24
2067 79.03 26.74 69.08 27.53 58.05
2068 79.06 36.47 111.48 34.57 63.38
2069 79.08 17.54 39.34 16.24 27.80
2070 79.14 45.31 103.50 37.72 59.72
2071 79.20 34.25 106.10 32.91 65.29
2072 79.14 43.02 112.35 34.22 58.51
2073 79.21 53.14 82.23 35.05 62.09
2074 79.38 77.80 49.11 31.66 5.61
2075 79.33 40.54 111.92 34.22 55.58
2076 79.51 49.44 124.54 35.21 69.91
2077 79.56 23.86 64.49 25.62 49.85
2078 79.57 32.08 108.12 32.24 67.28
2079 79.53 55.60 83.65 36.77 58.38
2080 79.75 19.34 50.88 20.53 35.63
2081 79.68 28.72 90.91 29.80 62.41
2082 79.79 62.93 58.84 36.10 43.38
2083 79.68 38.47 119.06 34.82 63.97
2084 79.73 57.59 81.30 39.14 59.10
2085 79.85 72.97 35.43 31.20 9.81
2086 79.77 60.10 72.59 35.71 50.88
2087 80.04 83.77 42.82 27.06 2.96
2088 80.00 12.74 39.35 16.41 22.40
2089 79.87 51.50 129.06 35.64 76.59
2090 80.22 80.95 39.47 28.94 3.86
2091 80.07 16.22 47.58 17.11 29.44
2092 79.72 79.15 45.14 24.52 4.43
2093 80.08 21.42 59.58 22.80 41.38
2094 79.84 76.06 36.96 32.52 8.48
2095 80.07 26.00 74.39 26.44 58.20
2096 79.99 36.03 133.97 32.77 77.86
2097 79.97 46.40 139.73 36.30 72.62
2098 80.01 41.98 137.66 35.59 63.46
2099 80.09 53.85 106.90 34.98 68.32
2100 80.08 67.86 41.49 33.54 23.65
2101 80.15 70.65 36.74 33.45 17.24
2102 80.14 75.03 37.31 30.85 8.42
2103 80.10 65.39 48.02 35.52 35.72
2104 80.22 44.23 145.89 35.83 71.97
2105 80.14 17.77 50.17 19.80 37.83
2106 80.35 33.98 119.07 31.78 68.23
2107 80.32 48.34 148.96 35.96 79.17
2108 80.65 29.78 113.27 28.33 73.33
2109 80.51 31.59 118.57 31.00 75.60
2110 80.47 59.00 105.91 39.02 70.16
2111 80.53 39.89 154.62 34.34 69.73
2112 80.58 55.67 123.77 34.33 73.28
2113 80.69 61.38 90.43 34.96 56.92
2114 80.57 79.07 33.03 31.39 5.87
2115 80.64 37.67 127.00 32.77 72.57
2116 80.72 50.16 162.52 35.89 88.86
2117 80.79 27.85 89.52 27.54 74.48
2118 80.82 23.49 66.81 22.56 52.93
2119 80.81 52.31 149.77 35.23 89.34
2120 80.97 57.30 136.49 37.36 75.97
2121 80.92 63.66 77.44 34.87 52.59
2122 80.88 42.47 153.64 32.77 70.34
2123 80.90 46.56 159.88 36.50 81.39
2124 81.11 69.00 44.37 31.16 28.99
2125 81.06 66.32 57.78 33.42 38.17
2126 81.18 73.55 36.08 28.91 13.72
2127 81.07 17.66 57.28 18.87 41.55
2128 81.07 35.57 124.49 31.73 78.06
2129 80.96 13.34 47.46 17.38 25.79
2130 81.22 71.09 40.05 29.55 19.24
2131 81.09 77.50 28.97 25.48 6.91
2132 81.23 19.94 61.34 18.96 43.99
2133 81.16 54.05 145.68 36.38 81.57
2134 81.30 44.52 157.18 33.59 80.05
2135 81.39 26.21 74.10 23.25 65.44
2136 81.35 16.03 56.76 15.33 33.29
2137 81.35 33.15 124.97 30.19 75.16
2138 81.44 14.31 50.61 14.53 31.30
2139 81.35 48.42 162.52 34.84 86.33
2140 81.39 40.72 153.15 31.94 75.37
2141 81.46 59.62 120.30 36.00 65.99
2142 81.56 38.73 131.48 32.15 79.81
2143 81.42 80.35 26.00 24.40 4.86
2144 81.54 51.32 164.34 35.18 100.04
2145 81.64 31.00 111.61 29.18 80.39
2146 81.76 61.83 123.15 34.58 66.61
2147 81.78 55.62 156.93 34.23 75.65
2148 81.59 75.14 32.50 23.86 8.86
2149 81.93 76.17 29.47 25.52 9.17
2150 81.86 79.12 23.84 22.20 5.60
2151 81.81 36.88 124.02 29.23 84.82
2152 81.95 28.98 93.21 27.06 76.85
2153 81.90 64.79 101.40 31.90 56.18
2154 82.03 24.29 66.80 22.12 62.21
2155 81.83 42.80 135.94 34.15 88.67
2156 81.85 46.21 172.90 32.10 98.44
2157 82.05 67.82 65.13 28.49 39.55
2158 82.03 57.49 154.70 34.68 83.25
2159 81.87 22.40 55.00 21.27 61.67
2160 82.11 34.95 116.98 30.51 86.34
2161 82.00 53.40 163.52 35.22 91.68
2162 82.14 49.76 173.68 35.32 104.02
2163 82.31 17.77 59.19 17.64 45.24
2164 82.23 21.32 61.85 20.12 55.55
2165 82.15 80.57 24.10 23.56 4.93
2166 82.25 40.85 142.84 30.73 84.40
2167 82.29 70.69 49.94 28.05 29.87
2168 82.34 32.38 99.93 28.71 87.35
2169 82.30 47.79 171.68 35.37 108.63
2170 82.64 73.25 38.06 22.97 18.68
2171 82.44 26.94 72.58 24.21 70.43
2172 82.45 45.00 131.82 31.56 100.04
2173 82.54 59.16 146.98 34.98 82.85
2174 82.59 63.11 119.88 30.86 60.72
2175 82.56 38.82 120.40 33.15 94.02
2176 82.54 51.66 166.38 34.85 93.51
2177 82.69 43.11 115.23 32.04 101.38
2178 82.91 77.13 32.16 22.10 11.96
2179 82.78 55.64 161.78 32.56 89.10
2180 82.83 61.06 134.91 31.68 81.27
2181 82.84 37.03 110.38 29.68 95.37
2182 82.92 66.09 87.27 31.92 57.19
2183 82.87 30.10 78.60 28.65 84.26
2184 82.75 74.96 36.70 21.47 17.13
2185 83.01 19.71 51.64 17.53 54.05
2186 82.91 53.56 173.34 35.77 89.43
2187 83.05 22.95 60.90 23.32 59.18
2188 82.97 34.02 96.66 28.25 93.39
2189 82.92 79.26 22.89 22.27 7.73
2190 83.20 46.96 154.40 34.15 106.48
2191 83.18 57.42 151.49 35.36 93.64
2192 83.06 81.30 17.54 20.17 4.29
2193 83.07 40.95 109.36 32.06 95.36
2194 83.19 48.83 152.18 35.20 106.46
2195 83.29 68.64 69.58 27.35 45.66
2196 83.39 25.49 51.26 21.88 61.16
2197 83.33 50.50 150.87 34.24 102.54
2198 83.36 27.88 57.98 23.65 72.23
2199 83.30 45.22 131.96 31.96 108.36
2200 83.42 32.28 72.33 24.73 84.84
2201 83.39 35.81 86.55 28.83 93.02
2202 83.53 16.11 46.23 15.11 44.63
2203 83.54 64.11 108.66 31.51 65.26
2204 83.72 71.20 60.22 24.08 36.48
2205 83.49 39.14 98.48 31.06 98.84
2206 83.55 43.59 96.58 33.64 115.69
2207 83.64 59.51 128.06 33.06 84.93
2208 83.65 52.23 148.39 36.86 106.78
2209 83.66 54.56 139.19 32.23 100.58
2210 83.81 61.84 113.20 31.96 76.34
2211 83.99 76.37 39.34 21.48 16.65
2212 83.91 20.80 46.84 19.36 58.80
2213 83.94 30.45 54.68 25.79 79.35
2214 83.79 41.86 90.10 33.21 111.71
2215 84.05 34.57 58.32 27.94 93.17
2216 84.06 56.41 129.98 32.67 96.69
2217 84.15 66.60 100.51 26.32 57.30
2218 84.00 37.50 78.69 31.74 102.31
2219 84.00 28.44 51.38 22.19 78.16
2220 84.09 48.69 125.12 34.71 105.18
2221 84.39 73.75 51.46 21.68 26.04
2222 84.17 22.42 47.43 21.70 62.45
2223 84.19 46.83 106.83 31.24 105.67
2224 84.30 45.23 84.58 31.94 106.22
2225 84.25 40.40 70.85 31.11 101.67
2226 84.36 58.13 117.80 31.96 91.76
2227 84.43 17.59 40.73 16.93 49.84
2228 84.31 50.82 116.78 33.85 99.59
2229 84.52 25.86 40.83 22.41 60.71
2230 84.53 23.81 38.26 19.92 55.18
2231 84.41 32.69 44.27 27.65 89.47
2232 84.44 43.31 71.44 32.60 105.04
2233 84.47 52.84 104.87 32.96 114.67
2234 84.65 64.52 100.00 28.11 59.64
2235 84.64 69.15 84.14 25.61 46.23
2236 84.69 60.25 107.12 30.54 91.84
2237 84.67 54.84 101.85 30.57 110.88
2238 84.66 19.09 36.76 15.00 57.98
2239 84.74 36.12 46.00 28.36 87.97
2240 84.78 38.63 53.33 30.20 91.63
2241 84.71 28.65 43.17 25.57 71.45
2242 84.87 62.48 104.31 26.43 71.69
2243 84.97 49.65 86.66 33.09 103.13
2244 85.19 31.25 32.94 24.56 75.51
2245 84.97 47.93 71.77 31.86 98.16
2246 85.23 72.07 64.08 21.13 34.42
2247 85.16 20.34 31.14 16.74 58.01
2248 85.16 33.89 34.78 27.15 86.64
2249 85.10 40.77 48.22 30.25 97.84
2250 85.24 56.70 84.56 28.63 104.05
2251 85.30 76.14 40.58 17.69 14.95
2252 85.44 26.96 29.83 23.05 68.89
2253 85.20 42.62 48.36 32.00 93.40
2254 85.30 51.36 65.06 32.96 103.58
2255 85.25 44.77 48.13 32.42 101.24
2256 85.34 53.28 65.33 30.89 103.58
2257 85.29 58.69 79.02 30.17 92.10
2258 85.46 66.85 106.16 25.53 52.91
2259 85.47 46.64 50.08 31.62 97.35
2260 85.44 37.30 35.78 28.73 89.51
2261 85.68 22.41 27.01 18.95 57.74
2262 85.57 77.68 38.63 17.33 14.78
2263 85.52 28.94 29.17 24.63 68.69
2264 85.70 55.02 72.50 31.52 99.93
2265 85.76 61.32 84.42 27.91 70.49
2266 86.00 25.23 26.15 21.97 59.49
2267 85.83 35.37 29.82 27.13 82.63
2268 85.86 39.40 33.43 30.45 88.50
2269 85.89 69.79 87.24 23.08 46.30
2270 85.92 63.55 94.39 26.47 67.30
2271 85.94 48.22 42.77 30.92 87.46
2272 86.06 32.82 29.50 24.65 79.57
2273 86.22 41.21 31.49 29.41 86.78
2274 86.02 43.23 31.02 28.15 83.04
2275 86.09 50.04 49.34 29.41 93.55
2276 86.15 58.23 58.80 27.07 81.64
2277 86.33 30.16 25.36 24.45 70.19
2278 86.18 52.52 53.00 30.79 95.06
2279 86.15 45.35 33.46 33.20 87.02
2280 86.26 59.97 65.78 27.82 73.33
2281 86.38 75.05 57.29 16.24 25.55
2282 86.31 19.36 21.41 17.07 56.76
2283 86.31 37.60 28.79 27.68 90.84
2284 86.51 65.58 98.05 24.56 58.23
2285 86.65 27.64 24.60 22.56 60.46
2286 86.50 56.27 50.24 30.23 92.67
2287 86.71 72.50 70.06 18.53 35.74
2288 86.69 54.12 39.10 30.28 83.88
2289 86.88 34.86 25.51 26.24 74.64
2290 86.77 67.83 93.83 24.03 54.08
2291 86.97 21.06 18.57 15.27 53.55
2292 86.78 47.67 31.44 31.15 76.84
2293 86.88 43.22 27.37 26.46 75.56
2294 86.86 51.40 40.92 30.32 91.09
2295 86.98 32.62 24.54 24.28 73.35
2296 86.96 61.83 66.36 26.24 64.47
2297 86.98 23.66 19.92 18.13 52.81
2298 86.87 26.34 20.50 19.91 52.64
2299 86.99 39.37 24.90 27.65 75.02
2300 86.99 45.65 27.86 30.00 77.14
2301 87.06 49.47 34.66 28.73 78.91
2302 87.32 57.87 36.93 26.20 71.15
2303 87.19 37.01 26.06 29.32 82.88
2304 87.31 63.95 70.36 25.83 61.58
2305 87.17 69.69 84.70 22.86 44.92
2306 87.29 41.42 24.31 28.08 72.10
2307 87.34 29.10 23.35 22.92 59.00
2308 87.45 59.93 42.14 25.24 60.73
2309 87.47 55.78 31.40 26.42 73.79
2310 87.65 53.01 29.48 28.73 72.78
2311 87.61 71.03 77.89 18.66 40.49
2312 87.84 25.03 17.77 18.76 50.37
2313 87.78 44.11 27.43 27.85 63.73
2314 87.77 47.04 26.90 27.75 64.14
2315 87.98 51.16 27.93 27.28 65.32
2316 87.64 30.70 22.39 22.84 53.89
2317 88.03 39.74 24.64 25.25 61.36
2318 88.10 35.86 22.57 25.04 61.32
2319 87.85 67.72 76.04 20.53 47.29
2320 87.97 73.01 65.43 16.78 30.96
2321 88.04 33.72 23.69 24.88 58.41
2322 88.03 26.99 18.28 21.90 52.84
2323 88.21 49.30 26.80 28.22 60.48
2324 88.06 31.48 21.48 23.57 51.88
2325 88.34 37.93 23.17 25.51 60.77
2326 87.85 41.83 25.28 26.89 62.72
2327 88.10 65.73 59.84 20.72 56.28
2328 88.29 54.75 25.81 26.17 64.13
2329 88.11 62.00 41.96 23.14 53.42
2330 88.18 22.26 14.53 14.92 44.40
2331 88.52 45.48 26.19 26.69 57.07
2332 88.45 58.62 26.67 25.13 54.68
2333 88.29 68.94 66.73 17.73 44.80
2334 88.49 41.88 22.58 27.15 52.04
2335 88.72 56.84 26.06 25.18 55.92
2336 88.85 64.02 37.70 20.70 51.16
2337 88.81 70.84 65.71 18.59 38.44
2338 88.75 29.16 18.54 21.62 46.08
2339 88.72 47.68 25.55 28.04 54.84
2340 88.85 60.56 29.58 23.45 49.02
2341 88.83 53.01 24.53 25.78 56.49
2342 89.04 32.23 21.07 22.48 46.41
2343 88.69 22.97 15.35 16.30 39.57
2344 88.74 66.42 54.00 19.69 50.46
2345 89.26 34.76 21.88 24.80 48.10
2346 89.14 43.32 24.35 25.51 51.02
2347 89.05 67.65 51.65 19.41 51.41
2348 89.20 24.30 14.34 15.34 41.05
2349 89.12 51.14 26.36 27.00 48.79
2350 89.28 26.69 16.13 17.75 39.78
2351 89.25 40.13 23.39 24.57 52.13
2352 89.51 37.23 21.49 23.42 50.66
2353 89.47 49.34 24.73 26.79 49.56
2354 89.73 47.20 24.49 25.04 46.63
2355 89.49 55.24 22.16 24.62 47.89
2356 89.77 45.27 22.83 24.74 43.57
2357 89.48 68.97 48.38 18.59 43.76
2358 89.65 62.32 25.27 20.28 42.40
2359 89.69 30.24 19.46 22.07 40.49
2360 89.86 60.02 22.00 23.60 41.37
2361 89.69 65.43 30.65 21.61 47.31
2362 89.89 57.83 22.69 22.69 45.07
2363 89.93 52.60 23.53 25.75 43.68
2364 89.86 54.11 22.73 25.30 44.50
2365 90.33 32.87 18.96 22.40 36.98
2366 90.06 66.42 27.73 18.91 43.73
2367 90.38 41.16 23.56 24.89 40.55
2368 90.33 50.75 23.01 25.16 40.63
2369 90.59 27.84 16.42 17.40 30.80
2370 90.21 43.21 21.49 27.56 39.10
2371 90.29 35.48 21.48 22.16 39.34
2372 90.40 38.98 21.52 23.56 42.12
2373 90.38 24.89 14.06 15.25 33.16
2374 90.38 68.52 31.87 15.88 39.94
2375 90.65 64.36 19.23 18.34 40.47
2376 90.75 61.79 18.95 19.69 36.59
2377 90.82 48.62 21.93 24.85 37.60
2378 90.82 54.51 21.58 23.65 40.75
2379 90.89 56.62 20.49 24.48 36.73
2380 91.02 37.09 21.50 23.23 35.73
2381 91.01 46.43 23.36 24.80 37.61
2382 90.90 30.40 17.64 19.22 34.36
2383 91.02 59.08 18.87 19.51 36.44
2384 91.27 66.86 18.70 15.08 35.68
2385 91.23 44.20 21.30 23.13 33.53
2386 91.33 52.29 21.13 24.28 37.23
2387 91.40 34.17 19.11 20.73 30.94
2388 91.59 39.77 19.61 21.40 27.55
2389 91.59 41.91 20.60 21.97 34.72
2390 91.93 31.50 17.40 18.93 29.43
2391 91.97 64.32 15.96 16.30 31.55
2392 91.55 59.70 18.65 18.82 31.88
2393 91.63 60.99 17.00 19.80 32.50
2394 92.06 28.89 14.99 16.06 29.65
2395 92.01 55.21 19.44 22.54 32.75
2396 91.99 48.74 21.03 24.69 31.46
2397 92.28 36.01 17.94 20.69 30.74
2398 92.17 50.99 19.54 21.83 30.32
2399 92.13 61.73 15.94 18.19 30.13
2400 92.19 57.62 17.35 19.74 28.93
2401 92.28 45.89 21.60 23.51 29.40
2402 92.34 38.11 19.64 21.64 27.04
2403 92.45 43.49 20.70 21.01 33.15
2404 92.64 59.75 15.16 19.90 28.54
2405 92.54 33.90 17.27 19.95 30.24
2406 92.55 26.82 13.20 14.82 26.73
2407 92.81 53.29 18.96 20.50 25.67
2408 92.92 41.26 18.28 20.10 26.71
2409 93.08 47.77 19.63 22.80 28.07
2410 93.07 63.22 12.34 17.07 24.17
2411 93.28 50.50 18.14 21.58 27.33
2412 93.39 55.95 16.31 17.95 25.34
2413 93.34 31.18 15.84 17.37 25.31
2414 93.69 39.18 17.81 20.06 23.63
2415 93.30 28.68 12.35 14.10 24.10
2416 93.51 44.61 17.62 21.30 27.09
2417 93.56 37.17 17.99 20.23 26.72
2418 93.61 58.18 14.38 17.33 23.39
2419 93.63 34.93 16.78 19.03 23.81
2420 94.04 60.99 12.13 16.48 20.57
2421 94.19 42.18 18.34 20.12 23.48
2422 94.31 46.79 16.30 19.36 23.42
2423 94.26 52.56 16.14 20.21 25.14
2424 93.99 58.98 11.80 24.40 25.80
2425 94.45 49.65 16.49 18.28 24.88
2426 94.40 54.61 14.13 17.68 23.45
2427 94.39 34.16 13.65 17.20 24.16
2428 94.40 36.89 17.28 17.64 22.04
2429 94.59 44.42 16.84 18.74 25.55
2430 95.16 57.52 11.86 16.16 17.33
2431 94.61 40.27 14.57 21.21 14.57
2432 95.07 55.14 13.14 17.96 19.78
2433 95.11 36.12 14.28 17.64 22.06
2434 94.96 39.05 16.68 17.79 21.68
2435 95.32 33.91 12.58 15.92 22.00
2436 95.37 47.97 13.74 18.34 22.42
2437 95.18 44.08 15.45 16.49 22.55
2438 95.74 51.22 13.44 17.19 17.79
2439 95.81 40.78 13.92 16.06 21.59
2440 95.47 38.45 15.61 20.74 19.13
2441 96.13 45.56 13.33 15.15 20.93
2442 96.29 43.05 13.04 17.67 16.43
2443 95.99 55.66 10.58 14.81 18.49
2444 96.20 37.65 11.70 15.20 20.15
2445 96.39 53.07 11.15 15.40 20.30
2446 96.68 49.02 11.74 16.54 16.48
2447 96.67 55.30 10.40 16.77 13.17
2448 96.89 35.72 10.37 15.76 6.22
2449 96.91 40.65 11.65 16.48 11.98
2450 97.34 46.78 10.46 14.69 13.85
2451 97.37 37.64 9.04 15.68 6.96
2452 98.06 41.93 9.98 15.23 5.33

