#<Embryo name> <Cleavage cycle> <Temporal class> <Genes>
dm10 14A 5 even-skipped knirps hunchback

#Quantitative data
#<Nucleus number> <A-P coordinate> <D-V coordinate> <Fluorescence intensity: channel 1 - eve, channel 2 - kni, channel 3 - hb>
0 1.89 44.66 13.39 151.19 58.75
1 3.06 43.56 14.76 151.28 68.85
2 3.21 46.60 14.94 148.85 71.72
3 3.89 41.59 16.36 150.82 73.03
4 3.96 48.99 14.05 151.88 67.88
5 4.03 52.40 12.82 147.41 54.53
6 4.40 44.66 16.60 153.84 75.17
7 4.69 37.74 16.69 141.89 77.63
8 4.80 39.95 17.04 149.25 77.52
9 4.52 36.37 12.79 152.18 73.67
10 4.94 55.13 12.28 135.45 54.29
11 5.22 47.78 17.34 154.38 88.84
12 5.43 50.27 16.81 142.02 78.43
13 5.40 53.01 15.61 157.15 81.43
14 5.72 41.88 18.54 144.29 86.70
15 5.66 45.22 18.25 152.61 87.20
16 6.06 37.45 17.79 131.70 80.05
17 6.28 56.26 13.65 143.76 70.19
18 6.72 43.75 18.95 152.36 95.56
19 6.65 53.91 14.88 154.86 99.12
20 6.76 47.37 17.26 149.16 98.72
21 6.72 51.59 17.43 147.62 99.33
22 6.44 33.60 15.37 130.30 88.96
23 6.87 39.90 18.44 148.17 97.18
24 6.87 34.80 17.87 121.74 86.05
25 7.37 58.28 13.78 140.54 85.93
26 7.15 50.14 19.96 145.67 98.79
27 7.57 55.35 16.58 139.48 97.32
28 7.44 36.90 18.73 124.92 99.18
29 7.59 49.32 18.25 148.66 88.57
30 7.97 42.33 19.57 140.99 102.65
31 7.91 45.22 19.60 144.24 110.70
32 8.06 33.79 19.08 104.73 95.45
33 7.98 39.58 20.56 126.03 104.31
34 8.35 47.71 18.90 144.42 108.69
35 8.24 53.19 18.91 148.91 111.48
36 8.66 50.75 19.75 154.64 125.98
37 8.21 36.91 19.75 126.77 110.34
38 8.61 56.83 17.02 150.49 133.14
39 8.76 59.14 15.71 147.30 122.36
40 8.70 31.88 16.94 80.78 116.29
41 8.74 39.53 19.51 129.63 117.83
42 9.10 36.27 20.32 114.05 119.11
43 9.22 54.81 19.31 154.74 143.11
44 8.76 60.95 14.46 137.38 108.62
45 9.14 44.78 18.56 135.73 118.21
46 9.47 41.77 20.76 124.69 112.94
47 9.39 61.43 15.56 134.27 114.58
48 9.64 34.12 18.52 83.98 120.97
49 9.36 31.69 16.31 74.28 112.69
50 9.88 30.08 15.91 50.89 117.49
51 9.64 39.01 20.73 119.92 115.31
52 9.54 47.42 19.62 145.51 137.61
53 9.98 52.50 19.84 150.20 142.63
54 10.06 57.48 17.73 147.54 155.13
55 10.20 59.83 18.55 146.36 154.68
56 10.40 50.16 20.21 147.84 151.24
57 10.47 32.45 18.19 56.42 115.78
58 10.56 43.38 20.88 131.48 137.32
59 10.38 63.77 14.37 131.93 130.21
60 10.39 37.44 19.89 99.61 138.00
61 10.66 46.11 20.70 134.66 144.54
62 10.80 55.23 19.62 147.33 162.96
63 10.88 40.57 20.60 110.38 134.16
64 10.82 35.21 19.48 75.26 134.83
65 11.11 61.70 16.62 145.12 168.68
66 11.17 66.45 13.82 124.51 116.23
67 11.40 48.05 19.66 147.96 165.94
68 11.57 30.24 17.87 34.02 124.15
69 11.52 52.99 19.51 148.02 164.40
70 11.34 27.66 14.80 27.61 136.39
71 11.62 59.04 19.03 141.07 167.12
72 11.68 50.49 19.46 146.04 165.37
73 11.69 32.47 18.56 45.79 143.74
74 11.80 44.62 21.30 127.50 169.95
75 11.80 64.15 15.32 130.10 159.64
76 11.78 37.81 19.50 82.51 147.26
77 11.99 56.50 20.27 139.89 177.60
78 12.08 42.07 21.12 104.40 165.14
79 12.09 69.13 12.14 106.62 94.88
80 12.03 28.18 15.00 26.02 143.56
81 12.33 35.18 19.10 48.97 142.64
82 12.39 26.35 14.89 20.52 115.70
83 12.55 39.86 19.77 82.58 161.28
84 12.56 66.34 15.73 128.12 166.68
85 12.58 46.66 20.82 129.65 178.99
86 12.55 62.00 18.35 139.08 183.18
87 12.93 54.47 20.24 148.34 186.14
88 12.85 49.47 18.88 136.28 176.26
89 12.93 52.10 20.50 148.57 190.21
90 13.08 59.52 19.02 135.28 179.01
91 13.08 29.66 17.51 24.94 144.64
92 13.08 37.51 20.73 52.73 158.99
93 13.19 43.59 19.56 99.03 172.16
94 13.29 57.11 20.32 149.86 198.04
95 13.28 33.03 18.75 32.15 146.11
96 13.34 68.45 16.11 117.76 146.82
97 13.58 64.05 19.03 125.18 180.62
98 13.69 71.12 12.57 105.14 102.57
99 13.46 41.09 20.31 69.43 181.79
100 13.84 35.43 19.19 36.24 172.33
101 13.62 27.36 16.06 19.12 140.40
102 13.85 45.49 21.60 107.48 200.22
103 13.97 47.94 22.74 130.66 198.71
104 14.08 61.23 20.13 142.50 207.02
105 14.11 66.20 18.16 134.99 182.90
106 14.21 38.57 19.60 47.63 176.39
107 14.15 50.49 20.79 141.58 219.79
108 14.23 31.83 18.37 24.43 153.84
109 14.44 52.98 21.67 140.14 206.84
110 14.43 55.52 21.24 144.67 208.29
111 14.10 41.30 19.42 71.61 194.28
112 14.61 29.42 18.47 21.21 153.50
113 14.65 58.26 21.17 142.68 204.98
114 14.68 25.78 15.49 16.82 139.48
115 14.64 69.38 16.65 120.58 156.21
116 14.80 43.27 20.63 68.68 185.91
117 14.84 34.37 18.64 27.69 159.64
118 15.04 63.00 19.61 130.75 179.86
119 14.93 40.67 19.61 52.44 178.49
120 15.09 36.90 19.67 36.55 182.31
121 15.10 45.91 21.11 98.76 202.86
122 15.05 73.96 12.28 97.58 88.94
123 15.35 71.75 15.53 120.66 146.05
124 15.13 23.09 13.57 12.79 130.58
125 15.30 48.47 20.87 120.59 205.86
126 15.43 50.83 22.36 128.81 217.74
127 15.36 60.47 19.55 144.39 193.01
128 15.58 65.09 18.78 130.65 180.72
129 15.51 32.46 18.17 23.83 167.03
130 15.73 67.73 18.70 125.15 174.57
131 15.74 54.41 20.42 140.12 219.02
132 15.96 27.33 16.22 17.98 161.37
133 15.98 38.33 20.98 32.05 185.64
134 15.97 56.63 21.99 147.23 214.08
135 15.97 29.73 17.91 19.97 160.78
136 15.90 25.01 16.08 16.31 139.64
137 15.96 41.25 20.79 40.41 193.29
138 16.10 44.40 21.81 64.73 213.59
139 16.22 35.47 20.25 25.43 184.69
140 16.31 52.23 21.25 132.29 227.84
141 16.37 58.91 21.32 143.38 211.00
142 16.35 22.52 14.62 12.58 119.60
143 16.41 47.12 23.35 91.14 221.13
144 16.59 69.87 18.44 122.40 185.08
145 16.63 61.52 20.45 136.86 199.12
146 16.76 49.79 23.34 105.64 223.37
147 16.77 63.87 22.05 128.96 197.84
148 16.70 32.34 18.40 20.37 165.93
149 16.73 72.88 16.63 105.02 130.46
150 16.58 25.40 15.39 17.45 137.27
151 16.98 42.53 21.13 42.87 210.11
152 17.00 39.58 21.99 28.64 199.90
153 17.02 66.71 20.24 128.33 186.88
154 17.21 53.60 24.34 123.12 215.31
155 17.29 29.97 18.15 18.65 165.76
156 17.26 56.89 21.28 131.60 213.35
157 17.42 44.97 23.24 50.66 217.41
158 17.40 21.08 13.88 13.13 113.30
159 17.45 34.67 20.71 23.32 179.00
160 17.42 37.06 20.51 26.07 206.84
161 17.44 24.34 16.81 14.78 144.12
162 17.54 27.27 17.14 16.58 161.86
163 17.67 71.30 21.24 119.35 167.10
164 17.61 47.73 23.77 66.16 223.14
165 17.78 59.55 23.08 143.25 214.10
166 17.74 75.77 16.13 107.39 131.79
167 18.02 50.62 23.51 94.60 223.44
168 17.98 62.13 22.82 142.15 200.12
169 18.06 68.13 19.16 122.82 177.46
170 17.99 41.12 22.14 29.84 208.33
171 18.15 54.98 22.13 126.42 212.94
172 18.02 64.75 21.19 129.71 182.25
173 18.14 32.67 19.44 19.74 180.06
174 18.41 73.50 20.20 111.64 162.68
175 18.45 38.66 22.04 26.55 207.06
176 18.13 69.58 22.38 128.48 179.76
177 18.52 43.47 21.86 35.36 221.57
178 18.50 52.72 24.10 100.71 215.39
179 18.54 22.89 15.93 13.54 149.03
180 18.58 29.61 19.63 17.78 188.99
181 18.58 57.21 23.17 130.64 210.96
182 18.62 46.05 22.87 43.48 223.06
183 18.84 36.42 20.62 22.09 185.08
184 18.76 25.75 17.86 14.50 156.30
185 18.89 48.56 24.04 58.78 232.57
186 18.90 78.26 14.93 91.16 103.76
187 18.98 65.92 24.05 129.11 186.15
188 19.26 34.24 21.38 20.49 203.13
189 19.14 70.77 21.95 119.53 187.69
190 19.26 20.91 16.76 12.09 143.30
191 19.20 61.36 25.01 137.85 214.09
192 19.24 41.01 22.89 25.68 216.31
193 19.41 59.04 24.10 136.29 209.40
194 19.33 75.75 21.00 107.06 162.08
195 19.40 31.82 19.64 19.64 163.92
196 19.51 28.07 19.01 17.33 159.57
197 19.57 63.55 24.65 134.04 201.05
198 19.55 51.57 24.04 70.09 208.98
199 19.71 53.91 25.38 92.16 208.66
200 19.54 68.14 23.61 127.38 194.24
201 19.77 56.25 24.65 116.55 220.93
202 19.92 38.76 22.26 22.88 205.08
203 19.78 43.57 23.71 29.14 228.14
204 19.78 46.16 24.18 36.24 210.35
205 19.90 73.23 21.68 106.47 170.99
206 19.90 23.67 19.18 15.65 157.69
207 19.94 49.61 24.97 50.45 219.36
208 20.09 25.85 19.12 15.64 175.28
209 20.27 36.29 21.21 19.17 196.59
210 20.38 19.86 16.22 12.67 150.12
211 20.41 78.23 20.29 99.95 150.95
212 20.37 30.57 20.50 17.50 176.67
213 20.30 65.43 25.36 122.30 197.67
214 20.40 80.52 16.68 83.74 90.77
215 20.63 40.91 25.19 27.51 210.87
216 20.61 70.73 24.74 116.38 182.31
217 20.51 61.26 26.65 130.76 212.11
218 20.68 33.56 21.40 20.08 193.59
219 20.69 47.97 25.02 38.16 218.53
220 20.68 58.11 27.40 121.09 213.38
221 20.60 26.68 17.40 15.45 167.80
222 20.80 75.53 22.99 98.96 169.75
223 20.90 45.53 25.06 32.42 216.52
224 20.79 52.39 22.80 61.68 205.30
225 20.90 67.73 25.57 123.18 193.07
226 21.04 22.69 18.86 14.41 163.84
227 20.98 55.51 27.59 94.44 215.50
228 21.20 28.48 20.19 16.41 178.87
229 20.95 43.18 24.27 27.67 221.30
230 21.26 50.24 24.10 43.70 220.22
231 21.32 37.96 22.09 21.44 202.30
232 21.39 73.13 25.38 110.65 186.38
233 21.40 64.53 26.83 121.55 198.50
234 21.32 24.82 20.00 15.11 183.03
235 21.59 35.55 22.77 19.91 204.20
236 21.48 82.03 16.89 77.37 89.01
237 21.56 59.36 26.85 112.14 211.58
238 21.65 30.95 21.53 18.03 185.20
239 21.73 62.19 27.25 125.67 206.78
240 21.81 19.79 16.67 12.82 155.43
241 21.73 26.05 20.79 15.50 173.59
242 21.83 53.13 26.67 61.10 219.02
243 21.94 39.84 24.35 23.06 208.35
244 21.92 47.11 24.47 30.10 220.36
245 21.83 77.17 28.34 99.66 179.90
246 21.93 79.77 24.64 87.36 139.39
247 22.01 42.16 25.16 24.56 216.65
248 22.00 44.55 24.30 26.58 200.19
249 22.11 70.62 28.13 108.69 191.57
250 22.11 33.27 22.31 20.68 191.50
251 22.06 67.68 29.61 116.40 185.98
252 22.18 55.23 28.23 69.78 225.05
253 22.43 57.52 28.27 90.85 206.22
254 22.34 22.49 21.50 14.77 157.30
255 22.46 48.83 26.45 30.99 218.48
256 22.26 75.18 27.73 100.27 185.34
257 22.51 51.14 28.46 41.00 210.58
258 22.62 17.66 16.49 12.59 148.77
259 22.53 28.22 21.96 17.12 181.44
260 22.61 60.10 30.75 111.41 209.70
261 22.56 24.59 19.34 14.84 182.36
262 22.70 64.73 30.38 122.93 205.56
263 22.70 74.06 27.16 95.41 179.54
264 22.81 36.45 23.75 22.25 204.62
265 23.15 38.65 26.43 21.91 212.01
266 23.00 31.06 21.90 17.16 188.73
267 23.03 62.39 30.88 111.71 199.94
268 23.06 25.79 20.83 15.52 169.62
269 23.24 53.19 27.60 42.25 213.16
270 23.12 77.79 28.36 81.50 165.02
271 23.11 41.14 27.07 23.15 214.78
272 23.18 43.62 26.52 25.99 216.93
273 23.18 45.93 26.63 25.17 227.93
274 23.34 69.29 33.80 111.94 186.06
275 23.30 71.99 33.53 101.89 181.34
276 23.26 33.82 23.45 20.17 195.92
277 23.20 66.98 33.27 113.57 192.66
278 23.39 20.81 18.65 13.95 148.53
279 23.36 55.55 30.37 56.09 210.65
280 23.52 49.70 29.07 33.59 231.20
281 23.81 47.64 31.71 30.61 233.74
282 23.86 79.99 34.37 71.08 163.77
283 23.71 28.38 23.09 15.81 187.14
284 23.81 57.59 30.84 68.73 210.89
285 23.71 60.14 33.14 90.65 203.06
286 23.87 24.02 22.13 16.44 166.82
287 23.83 74.89 38.21 93.44 188.77
288 23.86 17.85 18.65 13.08 143.33
289 24.01 65.25 37.63 110.12 196.15
290 24.06 36.36 24.85 20.16 204.06
291 24.16 51.18 31.43 30.92 222.85
292 24.10 40.49 26.34 22.97 217.00
293 24.14 62.71 33.66 97.82 192.64
294 24.34 82.86 39.61 70.24 148.97
295 24.27 31.39 22.71 17.48 193.84
296 24.18 44.55 27.70 27.36 199.22
297 24.42 54.37 33.21 46.94 217.61
298 24.45 70.28 44.03 102.33 202.50
299 24.48 33.84 26.00 19.61 208.16
300 24.56 26.36 25.79 16.82 189.79
301 24.71 38.38 27.51 23.18 203.15
302 24.73 67.71 44.89 98.64 210.37
303 24.78 72.45 48.85 85.84 184.23
304 24.73 77.56 46.71 80.05 186.95
305 24.86 41.86 28.87 24.20 206.52
306 24.75 15.92 18.25 12.04 133.55
307 24.77 21.79 22.83 13.67 168.52
308 24.89 19.28 22.54 13.71 160.43
309 24.80 58.59 35.48 67.19 218.22
310 24.93 29.37 23.67 17.68 182.90
311 24.80 47.27 30.60 27.22 205.22
312 25.00 60.79 40.05 83.68 207.14
313 25.05 56.24 36.72 50.76 211.92
314 25.05 52.21 35.81 35.31 226.14
315 25.11 74.80 55.13 77.09 197.50
316 25.22 24.40 23.64 15.31 173.21
317 25.19 85.29 39.96 46.51 85.63
318 25.16 44.01 30.49 24.30 211.63
319 25.28 49.77 34.55 29.12 213.05
320 25.20 65.04 47.91 101.88 216.87
321 25.05 80.46 49.52 64.14 170.86
322 25.09 27.11 21.64 17.24 169.20
323 25.25 35.98 27.37 21.18 206.08
324 25.48 62.71 48.09 89.96 202.73
325 25.55 33.04 27.52 18.24 200.04
326 25.67 39.87 31.77 21.82 213.15
327 25.81 45.65 33.43 25.90 226.91
328 25.72 54.02 39.25 36.69 222.65
329 25.71 69.72 63.68 86.00 204.54
330 25.94 82.87 65.22 48.81 156.23
331 25.85 13.88 20.52 11.30 113.46
332 25.68 80.92 55.44 62.09 172.37
333 25.90 16.89 23.96 12.68 148.19
334 26.04 30.84 27.46 17.13 192.84
335 25.80 78.48 64.65 61.50 180.50
336 26.02 47.86 37.54 27.67 221.97
337 26.12 66.65 66.21 83.28 208.22
338 26.05 28.01 26.95 18.55 185.74
339 26.23 37.47 31.61 22.26 214.52
340 25.93 58.46 44.66 57.02 217.58
341 26.10 42.39 32.78 24.04 223.10
342 26.19 72.63 75.08 70.48 200.59
343 26.19 19.52 25.14 15.35 169.34
344 26.18 22.36 26.60 15.31 174.39
345 26.29 75.74 77.21 60.54 176.92
346 26.37 50.89 42.07 32.70 227.90
347 26.40 61.04 58.90 70.64 210.54
348 26.40 25.69 26.92 16.98 177.01
349 26.38 56.16 46.63 46.13 206.71
350 26.40 35.09 29.12 20.61 207.18
351 26.47 63.83 68.05 75.82 212.68
352 26.41 85.33 66.34 34.00 108.92
353 26.68 52.97 47.32 35.91 225.16
354 26.52 78.26 77.23 54.69 190.56
355 26.90 32.88 34.74 19.56 203.20
356 26.72 39.42 31.08 24.94 207.88
357 26.88 44.31 39.25 26.36 227.71
358 27.01 69.86 99.55 65.96 202.83
359 27.01 80.18 83.99 42.50 160.58
360 27.01 15.69 28.49 13.39 137.99
361 27.00 58.83 62.38 51.52 219.26
362 27.18 12.94 26.76 11.70 116.86
363 27.04 46.54 40.00 26.06 220.81
364 27.14 49.26 44.67 30.93 224.16
365 27.15 67.30 98.89 67.48 217.21
366 27.17 41.85 38.56 25.15 223.08
367 27.12 29.98 31.42 20.26 184.90
368 27.25 23.92 32.62 18.03 175.52
369 27.26 18.45 33.19 15.32 160.99
370 27.40 82.49 94.77 36.45 161.35
371 27.50 54.57 62.63 38.43 219.45
372 27.44 27.49 33.57 18.95 182.65
373 27.47 72.24 127.73 57.12 204.03
374 27.50 64.64 113.41 63.78 220.44
375 27.46 21.09 33.12 17.78 154.11
376 27.56 56.78 69.59 41.76 222.51
377 27.52 74.80 120.93 50.74 195.32
378 27.49 35.56 36.31 23.23 213.34
379 27.61 77.51 110.49 42.16 177.71
380 27.51 61.63 89.54 52.60 212.32
381 27.70 37.91 38.15 24.00 190.61
382 27.65 51.95 56.04 31.25 222.92
383 27.78 85.30 103.41 27.39 143.26
384 27.79 40.00 40.58 23.25 207.14
385 28.00 47.81 53.40 31.40 229.68
386 27.88 43.91 44.87 29.20 225.18
387 27.97 32.01 37.32 20.91 202.78
388 28.02 59.29 105.12 42.48 220.23
389 28.23 25.41 39.52 18.17 176.95
390 28.30 17.23 43.89 15.65 152.52
391 28.40 45.75 58.08 29.84 221.96
392 28.22 67.48 157.66 46.25 210.63
393 28.38 29.66 40.86 22.38 194.67
394 28.32 50.26 69.58 29.51 224.25
395 28.42 14.49 42.85 13.70 139.64
396 28.36 62.90 150.26 41.51 212.76
397 28.45 22.77 41.85 18.85 168.43
398 28.57 34.17 43.30 21.35 213.35
399 28.42 41.98 47.32 27.25 217.44
400 28.49 70.11 180.20 42.67 211.45
401 28.56 80.53 122.35 28.91 156.45
402 28.58 19.99 46.88 17.77 165.46
403 28.61 36.67 49.90 24.33 210.76
404 28.77 86.81 87.52 22.19 102.14
405 28.63 53.13 88.90 31.59 216.43
406 28.61 55.59 99.94 33.07 226.36
407 28.67 65.23 184.11 41.27 214.46
408 28.75 75.52 148.40 36.04 192.29
409 28.73 72.86 164.38 38.98 199.60
410 28.86 57.79 140.30 33.59 221.30
411 28.89 27.50 45.75 21.55 183.84
412 28.96 78.03 144.57 33.98 199.15
413 28.81 83.17 116.36 27.68 160.19
414 28.86 60.66 169.93 34.63 215.69
415 28.92 39.61 50.50 24.41 217.19
416 29.17 43.55 67.62 26.58 218.98
417 29.11 11.95 53.88 13.04 115.71
418 29.20 31.67 55.82 24.66 206.20
419 29.19 47.65 80.77 29.80 226.12
420 29.25 49.75 90.87 29.51 224.47
421 29.37 68.02 203.28 36.98 217.04
422 29.40 16.59 70.22 15.18 154.08
423 29.51 63.39 196.78 32.34 213.60
424 29.45 24.94 61.61 21.05 184.86
425 29.66 51.71 130.84 30.09 221.15
426 29.53 54.14 135.52 31.95 215.05
427 29.59 45.59 84.61 28.48 219.17
428 29.52 70.96 195.77 37.28 218.10
429 29.75 29.15 66.46 22.14 199.59
430 29.70 36.15 66.44 22.81 218.20
431 29.86 84.77 112.13 23.52 154.51
432 29.68 22.19 72.61 20.85 161.38
433 29.78 41.34 89.95 26.35 221.36
434 29.81 19.46 80.79 18.38 171.66
435 29.74 56.37 176.12 28.83 217.64
436 29.81 33.84 68.22 22.12 214.46
437 29.85 38.36 62.55 24.25 200.16
438 29.80 58.96 187.43 34.90 225.72
439 29.93 65.86 207.60 33.61 219.78
440 29.84 73.90 179.10 32.65 217.58
441 29.92 13.81 80.93 13.67 123.51
442 30.00 61.15 206.74 31.70 205.93
443 30.01 79.40 126.63 28.51 177.32
444 30.15 82.06 130.44 25.03 183.77
445 30.30 87.04 90.56 20.72 123.56
446 30.02 10.41 90.35 11.78 98.52
447 30.24 49.03 133.99 26.63 220.92
448 30.29 76.41 158.64 26.84 204.04
449 30.37 26.87 85.85 20.94 194.41
450 30.32 43.70 115.31 25.80 218.67
451 30.32 69.14 204.30 33.88 206.26
452 30.42 31.05 91.01 20.92 201.74
453 30.41 11.60 98.46 11.90 98.73
454 30.48 16.23 107.67 16.45 156.39
455 30.59 46.84 142.86 28.20 226.96
456 30.58 71.70 186.31 30.95 197.79
457 30.63 39.87 111.27 24.67 223.90
458 30.58 52.93 188.28 28.57 211.82
459 30.69 24.23 114.50 18.10 185.30
460 30.67 55.23 205.42 28.20 220.97
461 30.69 58.05 204.37 28.85 203.63
462 30.68 62.83 215.60 30.19 204.49
463 30.89 21.68 135.38 18.10 178.61
464 30.87 33.42 115.62 22.76 220.13
465 30.77 36.21 97.21 19.43 203.96
466 30.91 18.91 121.29 15.35 160.08
467 31.00 50.52 190.03 26.81 222.27
468 31.12 64.87 205.07 28.66 223.12
469 31.12 67.22 203.94 30.21 211.70
470 31.08 13.69 138.24 12.43 141.68
471 31.20 42.72 159.21 26.07 222.11
472 31.14 60.28 210.56 30.23 215.16
473 31.15 74.09 174.07 28.45 204.04
474 31.24 28.97 133.09 19.19 192.74
475 31.30 45.19 163.33 27.63 220.09
476 31.27 77.93 130.86 25.13 188.28
477 31.27 84.40 96.01 22.91 156.80
478 31.39 80.61 116.09 24.32 177.07
479 31.38 38.10 140.88 23.04 212.93
480 31.52 48.19 199.67 28.63 218.14
481 31.56 69.48 199.22 30.13 207.56
482 31.53 56.85 222.43 26.32 221.10
483 31.61 26.56 156.27 17.90 187.54
484 31.57 31.71 169.54 20.46 196.96
485 31.68 40.84 168.56 25.11 228.36
486 31.71 87.42 83.52 21.12 140.01
487 31.65 52.23 210.07 29.52 221.82
488 31.51 16.54 148.11 14.74 161.23
489 31.68 34.87 155.16 22.35 208.97
490 31.79 54.28 219.58 28.39 213.96
491 31.82 62.59 204.80 29.29 220.42
492 31.89 71.97 170.24 29.23 210.61
493 31.93 23.94 172.50 16.71 174.02
494 31.90 17.85 157.30 15.18 147.73
495 32.08 75.35 143.61 29.03 198.19
496 31.98 20.63 171.03 16.51 166.49
497 32.18 12.67 172.36 11.09 137.17
498 32.20 58.88 211.98 29.37 221.27
499 32.21 82.67 86.97 24.19 159.40
500 32.37 15.15 172.65 13.37 147.32
501 32.24 50.06 217.20 28.52 218.76
502 32.33 64.86 182.97 28.70 224.63
503 32.37 30.58 188.67 19.14 207.31
504 32.42 36.53 180.36 22.38 209.95
505 32.25 44.67 195.43 27.07 216.00
506 32.42 67.31 178.24 28.50 218.42
507 32.48 38.95 193.38 23.28 215.38
508 32.49 9.91 128.37 10.74 107.24
509 32.51 42.55 199.51 26.52 216.80
510 32.53 46.77 203.52 23.75 221.48
511 32.61 61.04 197.99 26.91 224.49
512 32.57 28.00 198.67 20.29 196.87
513 32.56 33.60 190.24 21.33 206.10
514 32.61 77.53 115.84 25.30 202.21
515 32.53 56.23 212.48 27.48 224.22
516 32.79 85.45 88.62 21.76 164.62
517 32.77 69.93 159.00 28.86 221.09
518 32.85 80.23 105.19 25.34 187.36
519 32.92 88.47 78.20 21.06 125.34
520 32.91 52.15 211.06 27.22 216.10
521 33.05 17.46 181.58 14.32 161.90
522 33.04 25.54 186.62 17.44 180.27
523 33.02 72.91 134.64 27.70 215.11
524 32.97 22.58 180.96 17.55 182.15
525 33.09 48.62 213.33 27.42 225.13
526 33.10 54.42 211.76 28.06 228.19
527 33.23 20.03 183.25 15.57 164.55
528 33.22 40.55 208.03 23.81 217.14
529 33.31 63.12 158.57 28.57 220.82
530 33.26 44.58 206.28 25.21 211.20
531 33.33 57.61 194.58 29.66 220.54
532 33.45 29.96 208.86 19.76 190.44
533 33.47 65.51 160.70 28.55 230.59
534 33.54 12.08 150.76 11.87 131.58
535 33.49 32.35 210.14 20.25 219.74
536 33.50 35.39 200.38 22.54 216.58
537 33.54 60.04 180.39 28.23 230.65
538 33.66 74.81 108.77 26.48 205.10
539 33.59 82.94 95.67 24.09 176.20
540 33.60 37.84 198.16 23.24 215.60
541 33.84 90.83 67.74 18.84 84.15
542 33.66 67.96 139.90 26.63 222.66
543 33.83 15.35 153.41 13.72 142.14
544 33.73 50.38 191.56 27.32 217.00
545 33.87 42.44 193.86 25.52 212.82
546 33.80 46.61 191.48 27.35 215.89
547 33.88 27.68 196.28 18.25 192.55
548 33.84 77.32 98.47 26.45 190.85
549 33.92 70.70 125.53 27.75 214.58
550 34.11 23.66 171.59 15.88 173.48
551 34.03 53.40 180.84 27.91 231.62
552 34.25 55.82 163.42 28.05 221.20
553 34.28 80.15 93.99 25.50 172.72
554 34.17 88.02 96.57 21.57 144.98
555 34.29 61.88 149.11 28.28 231.99
556 34.33 85.33 105.66 22.13 180.43
557 34.37 33.90 194.08 21.84 209.43
558 34.42 40.11 194.55 25.06 214.99
559 34.31 58.33 163.88 29.74 221.49
560 34.46 18.34 153.43 14.53 160.35
561 34.48 21.09 164.19 15.72 164.70
562 34.38 48.45 188.17 27.73 224.84
563 34.47 9.66 106.14 10.63 100.47
564 34.50 44.45 178.27 27.79 222.50
565 34.58 72.68 114.25 26.03 216.55
566 34.64 65.82 129.62 28.53 224.79
567 34.69 25.92 173.90 17.21 193.70
568 34.56 30.32 196.40 18.55 199.32
569 34.66 51.80 152.12 26.16 225.30
570 34.84 63.77 124.84 27.43 221.40
571 34.72 38.02 185.78 23.97 214.18
572 34.74 13.49 129.77 12.79 144.85
573 34.78 68.15 114.31 28.48 219.30
574 34.99 35.97 176.28 20.18 209.66
575 35.05 60.30 127.26 28.58 216.93
576 35.00 75.14 102.40 26.98 191.98
577 35.03 82.47 106.90 24.57 174.81
578 35.13 31.98 183.87 21.54 202.92
579 35.10 46.46 168.95 24.79 231.04
580 35.19 28.33 175.99 18.56 203.42
581 35.09 77.76 115.47 24.45 205.53
582 35.14 41.93 174.45 25.20 216.37
583 35.15 54.15 136.67 27.36 228.97
584 35.22 49.93 153.08 25.85 229.53
585 35.36 70.11 108.06 28.08 216.01
586 35.42 16.36 111.41 13.93 149.82
587 35.30 89.31 113.89 20.61 138.56
588 35.28 57.96 138.63 28.14 232.32
589 35.55 24.02 143.62 16.95 193.64
590 35.65 11.40 112.71 11.03 151.52
591 35.63 85.50 122.33 22.25 160.44
592 35.79 56.28 122.62 27.22 217.45
593 35.84 91.97 85.05 18.00 81.71
594 35.71 33.99 160.81 20.55 207.36
595 35.67 43.98 147.44 24.98 221.51
596 35.93 9.16 87.19 11.39 124.89
597 35.76 21.58 120.85 15.03 177.44
598 35.84 62.07 119.48 28.36 227.55
599 35.80 19.07 115.33 16.20 168.08
600 35.94 40.08 146.80 23.12 214.32
601 35.77 72.42 108.96 26.61 213.75
602 35.76 67.15 105.18 27.98 218.02
603 35.85 79.88 121.67 25.13 183.93
604 35.93 48.26 142.73 24.22 232.53
605 35.87 38.07 144.08 22.73 211.26
606 35.89 52.08 126.77 26.24 225.31
607 35.94 26.32 142.10 16.98 200.69
608 35.99 64.70 110.96 25.29 223.93
609 36.09 14.23 102.12 13.04 149.95
610 36.09 29.97 144.18 20.74 209.24
611 36.23 76.81 135.97 26.20 197.36
612 36.18 58.96 122.03 26.99 224.09
613 36.31 35.99 133.36 21.59 205.45
614 36.33 46.06 127.25 24.00 222.70
615 36.34 54.49 124.12 27.85 235.95
616 36.38 74.31 115.65 26.45 194.70
617 36.42 82.61 122.73 24.66 167.78
618 36.50 32.34 132.18 20.60 214.88
619 36.60 42.04 128.38 22.29 221.44
620 36.53 87.59 124.34 23.12 155.83
621 36.52 69.12 112.59 29.20 206.98
622 36.67 50.45 108.03 27.15 217.49
623 36.83 27.87 120.16 17.73 212.31
624 36.89 17.65 91.18 14.88 172.19
625 36.92 61.00 110.09 27.77 229.34
626 36.86 66.48 118.55 28.46 218.26
627 37.01 89.90 109.15 20.17 128.39
628 36.94 23.12 95.35 15.25 184.05
629 36.93 7.62 57.89 8.96 100.10
630 36.94 71.54 135.68 27.54 215.34
631 36.97 11.92 79.40 11.97 145.54
632 37.08 20.66 91.27 15.49 169.61
633 37.08 25.44 101.37 17.37 193.28
634 37.12 44.17 112.42 24.09 218.61
635 37.06 63.50 112.25 26.14 228.14
636 37.04 78.95 150.96 25.76 188.65
637 37.18 37.78 115.04 22.37 217.62
638 37.09 52.78 107.54 26.15 228.57
639 37.13 58.12 110.16 24.94 222.81
640 37.13 84.85 140.55 24.39 160.31
641 37.21 48.61 111.72 25.95 230.67
642 37.26 34.66 116.65 22.39 212.03
643 37.33 55.62 126.41 28.74 229.75
644 37.33 15.04 79.63 13.66 159.60
645 37.38 29.91 113.20 20.15 208.33
646 37.42 40.08 106.03 22.56 216.45
647 37.56 91.97 85.95 19.20 85.38
648 37.40 75.62 155.12 26.96 196.12
649 37.63 46.35 106.14 25.60 218.52
650 37.60 81.66 144.50 25.00 169.85
651 37.73 32.16 102.29 20.03 198.90
652 37.69 68.26 141.65 26.96 217.77
653 37.86 73.11 153.66 26.13 211.20
654 37.79 9.99 63.76 11.23 127.40
655 37.70 85.84 129.91 23.80 149.54
656 37.92 42.42 105.45 22.61 227.44
657 37.95 50.76 116.39 28.80 224.54
658 37.87 65.33 129.09 29.42 222.50
659 38.00 60.03 113.01 29.77 230.22
660 38.00 26.99 94.34 17.89 191.94
661 38.09 70.63 160.38 27.09 216.90
662 38.03 19.22 81.28 14.68 167.80
663 38.03 62.46 123.85 27.28 225.37
664 38.10 88.06 108.56 23.44 121.84
665 38.14 53.59 121.55 27.61 232.92
666 38.24 7.58 44.12 9.66 90.37
667 38.22 12.83 69.46 13.52 145.90
668 38.17 23.76 87.65 15.74 177.58
669 38.17 57.40 127.30 26.56 234.61
670 38.27 79.29 151.63 26.01 176.43
671 38.23 35.80 107.97 23.79 226.81
672 38.43 76.94 160.86 27.04 194.62
673 38.43 48.29 112.40 26.76 233.14
674 38.48 83.60 135.46 25.20 159.51
675 38.45 37.91 100.68 23.28 214.61
676 38.51 15.96 79.14 13.16 164.43
677 38.49 44.86 107.32 25.65 222.28
678 38.65 30.69 96.74 18.37 206.80
679 38.66 33.66 101.85 20.20 211.70
680 38.84 21.55 90.76 13.79 182.21
681 38.84 39.95 111.00 22.31 222.88
682 38.76 55.64 138.58 27.35 238.96
683 38.89 66.40 180.82 26.36 224.62
684 38.88 74.58 175.01 27.57 201.76
685 38.96 90.19 103.53 21.30 116.53
686 38.96 28.32 98.79 17.55 201.61
687 38.88 69.03 178.00 27.30 214.73
688 39.07 92.95 72.18 19.94 72.48
689 38.97 64.04 165.75 28.00 225.28
690 38.95 52.03 140.05 26.85 231.23
691 39.01 86.24 107.36 23.89 131.27
692 39.09 10.08 70.64 11.23 139.86
693 39.01 42.29 116.80 24.19 222.86
694 39.16 80.95 133.50 24.18 164.12
695 39.03 58.84 142.57 27.90 231.27
696 39.15 61.47 151.55 27.65 222.28
697 39.22 25.85 107.10 16.36 203.99
698 39.26 72.06 180.00 27.24 210.83
699 39.18 18.56 86.79 15.20 168.71
700 39.28 49.83 144.01 26.19 235.17
701 39.39 47.00 123.96 26.38 226.52
702 39.38 35.99 113.23 22.19 210.41
703 39.54 12.84 74.75 13.16 153.29
704 39.52 54.28 145.23 27.26 226.21
705 39.66 44.68 127.02 24.35 218.21
706 39.68 78.12 138.50 24.49 180.60
707 39.76 23.73 105.62 15.93 181.78
708 39.69 32.47 125.56 21.59 211.67
709 39.69 15.12 83.74 13.28 155.12
710 39.85 30.04 122.80 18.94 208.51
711 39.89 56.62 148.74 26.70 229.27
712 39.80 68.02 174.78 27.52 207.00
713 39.96 38.21 119.60 21.09 216.80
714 39.92 16.36 88.00 14.30 154.28
715 39.99 83.87 104.26 24.17 144.28
716 40.04 87.96 93.10 22.91 126.88
717 39.99 40.48 132.64 24.10 221.47
718 40.05 20.95 101.55 15.56 177.88
719 40.06 70.28 176.90 28.14 214.55
720 40.08 75.50 148.52 27.84 186.17
721 40.11 59.05 176.17 27.52 232.68
722 40.12 8.24 69.33 9.90 111.91
723 40.06 52.00 173.42 29.21 229.15
724 40.17 63.70 177.77 28.12 214.21
725 40.31 65.95 179.30 26.51 206.98
726 40.27 34.39 139.64 21.90 212.95
727 40.32 42.63 146.99 24.11 219.60
728 40.28 61.30 164.51 28.49 206.55
729 40.44 72.92 164.53 27.62 197.54
730 40.41 91.21 67.27 21.09 86.55
731 40.40 80.76 117.80 24.47 147.93
732 40.51 26.29 133.98 18.35 196.11
733 40.35 49.53 175.12 29.29 226.99
734 40.59 93.96 49.57 17.55 53.01
735 40.48 18.37 109.01 15.58 176.85
736 40.57 47.30 158.39 25.98 226.17
737 40.82 10.36 98.56 11.22 143.51
738 40.75 28.68 146.38 19.78 199.26
739 40.63 54.00 181.14 26.90 230.69
740 40.81 36.48 152.90 21.10 210.74
741 40.87 13.41 99.83 12.13 140.50
742 40.90 31.33 161.39 20.89 204.26
743 40.83 44.89 173.94 26.26 218.33
744 40.95 77.66 119.76 26.39 160.67
745 40.89 23.20 130.61 15.65 188.85
746 41.04 85.64 79.39 23.13 114.18
747 40.98 57.71 177.82 29.48 220.49
748 41.03 68.32 166.49 29.89 206.50
749 41.11 40.14 156.75 24.84 215.96
750 41.23 16.27 116.82 13.11 161.87
751 41.16 51.72 187.46 27.73 221.17
752 41.26 70.70 155.72 28.14 190.65
753 41.36 55.73 172.14 27.93 216.00
754 41.20 88.65 65.50 22.62 101.99
755 41.28 62.56 187.22 28.79 219.01
756 41.42 20.11 139.52 14.28 164.59
757 41.41 74.79 127.64 27.23 172.34
758 41.32 33.69 167.94 21.97 198.57
759 41.43 60.12 176.78 30.64 219.92
760 41.45 82.37 89.00 24.80 136.03
761 41.45 65.48 165.36 29.72 200.39
762 41.63 38.23 171.58 23.82 216.62
763 41.62 42.33 186.60 26.43 209.01
764 41.54 49.38 190.95 27.65 225.02
765 41.81 8.06 90.94 10.30 96.77
766 41.75 25.46 146.64 16.17 182.34
767 41.71 47.12 190.74 27.19 231.88
768 41.65 89.65 62.57 23.03 93.92
769 41.89 79.53 90.39 24.04 138.78
770 41.84 28.13 162.99 17.99 195.46
771 41.96 92.12 47.34 19.41 70.15
772 42.07 72.17 126.95 26.67 176.48
773 42.05 54.07 162.14 27.24 219.72
774 41.92 44.70 193.22 26.27 227.12
775 41.98 22.63 151.97 16.40 179.31
776 42.08 35.82 166.19 22.56 197.59
777 42.09 58.05 169.89 27.41 218.89
778 42.16 30.51 176.12 22.00 198.80
779 42.11 14.16 136.44 12.97 158.56
780 42.21 86.73 60.46 23.43 95.29
781 42.22 10.94 110.85 11.63 131.21
782 42.17 67.82 151.30 28.26 198.60
783 42.37 16.88 131.42 13.08 149.40
784 42.39 76.64 98.61 26.47 149.41
785 42.30 32.93 181.06 22.28 197.51
786 42.26 51.78 174.02 27.66 202.17
787 42.22 63.47 165.26 28.83 204.67
788 42.42 83.77 64.28 22.66 110.71
789 42.56 40.73 174.72 23.72 213.58
790 42.62 60.34 164.22 28.04 206.87
791 42.75 69.84 114.75 27.53 163.84
792 42.74 19.47 142.89 14.89 155.25
793 42.68 49.47 180.18 26.65 208.14
794 42.68 56.06 165.24 29.90 211.63
795 42.76 65.64 140.51 28.26 183.73
796 42.80 74.28 94.95 25.76 161.41
797 42.83 89.75 46.43 22.93 76.44
798 42.70 38.52 177.06 22.04 209.47
799 42.71 46.73 178.66 25.70 206.40
800 42.89 43.21 186.28 26.29 212.52
801 42.97 24.73 153.88 17.14 174.41
802 42.99 27.31 161.36 18.30 171.57
803 43.00 6.12 64.55 9.30 68.93
804 43.09 21.99 144.81 14.39 146.14
805 43.13 78.97 72.12 25.79 111.84
806 43.37 81.42 61.16 24.70 101.03
807 43.37 8.86 106.28 10.53 109.44
808 43.24 34.31 164.21 20.69 186.44
809 43.14 62.86 139.84 28.75 185.71
810 43.21 14.54 117.61 12.78 135.62
811 43.31 36.62 164.28 22.22 202.04
812 43.45 29.67 150.21 20.34 171.31
813 43.34 54.21 136.97 26.99 206.89
814 43.50 31.95 163.44 21.78 182.74
815 43.48 71.97 96.28 27.71 150.85
816 43.36 51.78 143.00 27.20 198.56
817 43.51 92.60 43.83 19.19 54.29
818 43.48 11.78 109.47 11.94 111.25
819 43.55 57.17 128.02 27.58 191.92
820 43.45 67.82 111.43 26.24 156.60
821 43.46 87.11 52.11 22.33 81.25
822 43.56 44.93 168.94 26.06 210.54
823 43.42 84.76 55.90 22.20 83.98
824 43.75 47.38 150.39 27.63 198.44
825 43.82 17.20 107.67 13.71 136.02
826 43.68 41.21 158.47 26.43 203.28
827 43.70 60.70 127.81 27.83 171.40
828 43.91 77.08 73.56 25.39 119.14
829 43.87 38.79 149.78 23.48 185.67
830 43.90 49.60 140.78 24.86 183.29
831 43.94 83.61 55.20 23.70 87.03
832 43.86 65.39 112.25 27.29 173.56
833 44.05 74.53 78.83 26.84 128.44
834 43.99 20.20 118.19 15.98 135.22
835 44.12 23.44 130.69 16.42 142.40
836 44.23 26.03 133.13 17.83 156.50
837 44.23 58.79 111.78 28.27 176.20
838 44.32 69.80 89.25 28.24 126.43
839 44.20 63.20 111.28 28.11 166.86
840 44.21 89.83 51.74 21.56 60.41
841 44.46 43.01 134.42 24.99 187.33
842 44.38 14.52 97.09 13.87 115.24
843 44.47 28.29 125.34 17.48 165.45
844 44.38 35.21 131.62 22.06 162.03
845 44.49 54.48 101.54 26.58 176.48
846 44.52 52.30 110.41 26.56 185.66
847 44.60 79.82 63.13 23.69 85.44
848 44.57 67.19 93.68 28.44 145.24
849 44.66 8.35 71.55 10.35 86.43
850 44.73 32.79 129.26 21.00 163.20
851 44.54 86.13 59.50 23.69 69.45
852 44.79 45.38 113.22 25.73 174.10
853 44.76 72.20 81.22 25.62 111.45
854 44.81 11.54 84.43 12.23 101.27
855 44.95 30.49 124.00 19.01 159.22
856 44.81 40.28 120.50 24.65 164.74
857 44.94 56.46 94.07 26.12 162.33
858 45.07 92.49 55.93 20.47 35.92
859 45.00 37.51 111.64 22.40 154.42
860 44.97 47.79 110.48 23.78 179.54
861 45.00 60.94 95.84 26.52 152.32
862 45.01 82.60 63.89 23.91 75.15
863 44.91 93.80 47.74 20.40 33.12
864 44.92 18.49 99.47 14.80 113.78
865 45.02 50.17 102.08 25.33 170.49
866 45.04 21.91 103.77 15.98 119.23
867 44.77 90.81 56.46 21.57 55.14
868 45.09 77.10 70.92 24.69 94.55
869 45.23 65.51 82.09 26.82 125.54
870 45.30 74.40 81.91 26.44 91.78
871 45.31 88.41 66.54 23.05 49.84
872 45.35 24.72 100.20 16.74 128.64
873 45.35 63.25 85.12 28.02 138.80
874 45.39 58.60 87.00 27.35 139.94
875 45.49 68.56 73.63 27.74 104.98
876 45.52 14.49 71.63 12.02 87.20
877 45.61 6.00 35.09 8.38 47.30
878 45.59 27.52 92.56 18.28 130.87
879 45.53 35.09 99.27 20.24 143.69
880 45.76 41.80 89.41 24.46 138.71
881 45.49 85.79 74.60 23.72 51.69
882 45.77 44.03 91.25 23.99 149.06
883 45.72 52.08 82.64 26.75 139.51
884 45.75 54.48 80.29 26.62 132.49
885 45.76 71.11 84.45 25.22 98.52
886 45.87 20.36 78.69 14.42 103.01
887 45.87 8.85 52.82 10.00 69.47
888 45.98 80.93 76.74 26.26 57.65
889 45.99 17.35 67.13 14.70 89.20
890 45.95 32.53 96.60 19.72 137.45
891 45.99 46.44 79.76 23.09 126.48
892 46.01 39.26 92.58 23.38 140.46
893 46.18 91.11 78.58 21.47 36.42
894 46.12 78.47 84.15 25.63 64.12
895 45.73 89.49 72.44 22.78 48.89
896 46.00 49.30 79.29 24.01 139.41
897 46.15 11.48 55.34 12.46 73.30
898 46.29 30.30 83.86 20.23 126.08
899 46.26 76.04 93.49 27.23 69.50
900 46.24 57.15 81.93 27.47 120.74
901 46.23 60.05 83.60 29.16 126.10
902 46.38 83.51 85.91 24.40 49.92
903 46.33 23.08 80.23 16.93 86.56
904 46.38 36.95 88.25 21.86 122.31
905 46.33 64.65 77.74 28.96 96.04
906 46.29 66.88 82.88 29.70 88.68
907 46.36 62.37 82.00 30.26 107.46
908 46.40 73.37 96.78 26.25 65.30
909 46.72 93.55 77.59 19.23 20.71
910 46.54 87.74 90.85 22.68 37.58
911 46.56 25.81 71.28 17.89 92.65
912 46.63 34.65 80.44 20.60 112.31
913 46.68 69.07 89.86 26.79 69.35
914 46.74 14.04 57.36 11.84 65.34
915 46.84 28.42 70.83 18.84 91.33
916 46.81 52.83 83.25 27.11 119.80
917 46.84 6.88 36.40 9.36 47.13
918 46.90 43.43 78.70 25.03 116.38
919 46.91 47.96 78.87 24.75 119.41
920 46.91 50.53 81.88 25.71 121.57
921 46.84 55.09 85.63 27.81 109.49
922 46.89 19.72 64.53 15.14 74.50
923 46.95 41.14 80.14 24.29 113.78
924 46.99 71.45 100.92 26.92 62.74
925 47.03 45.62 75.64 23.44 120.43
926 47.03 9.11 41.02 10.06 50.53
927 47.12 16.78 53.34 14.06 67.79
928 47.19 79.60 103.99 27.41 43.06
929 47.25 38.97 73.68 22.38 98.37
930 47.26 32.11 73.34 20.10 94.51
931 47.17 59.12 87.42 27.05 83.94
932 47.12 61.37 85.48 28.56 91.38
933 47.38 10.26 44.13 13.07 48.24
934 47.40 82.45 108.73 25.36 38.54
935 47.39 56.99 101.36 26.72 86.04
936 47.39 65.73 102.89 29.26 66.55
937 47.50 77.06 123.62 25.47 47.34
938 47.44 22.04 64.09 14.84 65.08
939 47.49 74.59 137.98 27.31 50.66
940 47.48 85.72 113.36 24.59 34.89
941 47.56 89.39 102.94 23.19 29.21
942 47.54 63.62 105.22 26.15 65.08
943 47.57 24.62 59.49 17.35 60.81
944 47.67 12.39 51.45 12.34 46.57
945 47.63 36.66 77.74 21.17 89.04
946 47.77 67.73 114.36 28.03 52.95
947 47.65 34.30 71.62 21.31 89.81
948 47.75 27.13 68.72 17.75 75.82
949 47.92 30.00 70.56 18.77 81.26
950 47.93 95.22 73.09 18.27 12.36
951 47.89 5.97 39.52 10.19 30.05
952 47.86 49.05 100.05 24.99 88.34
953 47.85 51.82 104.45 26.69 84.37
954 47.87 54.16 111.33 25.40 75.18
955 47.91 70.08 121.68 29.46 50.83
956 47.92 18.98 61.68 14.37 53.77
957 48.00 43.36 87.00 25.25 87.13
958 48.01 61.28 119.81 27.99 63.24
959 48.14 92.37 97.55 19.94 22.70
960 48.12 41.28 93.14 22.55 87.95
961 48.20 15.65 64.27 13.20 45.27
962 47.98 45.82 89.07 24.85 83.72
963 48.25 72.49 143.90 28.41 43.58
964 48.05 7.30 41.37 9.47 23.53
965 48.24 58.69 133.47 28.44 57.77
966 48.39 8.67 52.88 10.54 32.39
967 48.21 38.86 87.19 23.47 78.76
968 48.38 80.29 136.15 26.66 34.92
969 48.51 23.67 77.19 16.84 51.15
970 48.50 32.38 83.87 21.63 61.31
971 48.45 56.11 136.88 27.86 66.41
972 48.63 21.17 71.85 14.31 48.87
973 48.66 83.12 125.97 25.88 26.92
974 48.60 86.02 130.96 25.64 25.80
975 48.79 66.18 145.20 28.36 41.14
976 48.74 77.70 152.58 29.14 30.53
977 48.66 97.20 38.62 15.90 4.69
978 48.73 34.81 92.11 21.36 58.19
979 48.64 47.74 112.66 27.29 66.42
980 48.73 10.84 65.35 11.65 28.71
981 48.80 28.34 87.21 18.18 51.36
982 48.71 63.72 153.37 27.80 46.86
983 48.82 74.92 154.93 27.55 34.55
984 48.92 26.07 91.80 19.06 46.55
985 48.77 50.74 137.77 27.92 59.43
986 49.03 88.62 111.75 24.79 23.18
987 48.90 13.20 76.88 14.08 32.94
988 48.92 37.38 99.62 22.72 54.22
989 48.99 68.55 145.33 30.45 37.83
990 49.00 44.89 122.74 26.36 59.30
991 48.96 53.31 147.53 29.67 52.05
992 49.13 18.71 80.32 15.36 31.68
993 49.00 17.40 81.18 14.87 43.44
994 49.08 60.89 169.47 29.20 44.04
995 49.13 40.23 116.51 25.25 55.47
996 49.23 70.67 156.14 30.90 37.52
997 49.40 6.61 66.17 10.30 16.71
998 49.23 30.25 102.99 20.23 50.70
999 49.37 42.81 147.96 25.12 49.81
1000 49.35 91.31 96.02 22.57 19.00
1001 49.41 94.60 65.68 18.30 13.01
1002 49.29 58.45 165.01 27.94 44.18
1003 49.43 55.93 171.78 28.79 44.03
1004 49.64 15.94 89.16 14.09 28.96
1005 49.60 72.68 154.42 29.58 30.57
1006 49.62 81.18 140.53 26.30 23.80
1007 49.71 23.59 97.74 16.54 28.87
1008 49.71 46.92 148.92 27.84 45.72
1009 49.67 49.17 148.62 26.08 44.01
1010 49.43 10.76 68.76 13.59 31.18
1011 49.72 20.87 100.89 14.32 30.06
1012 49.69 33.11 120.52 21.85 40.59
1013 49.73 36.16 135.56 25.31 43.65
1014 49.89 51.45 169.38 30.22 45.97
1015 49.84 62.62 163.54 31.97 34.08
1016 49.80 85.33 106.17 26.90 20.36
1017 50.23 9.62 88.37 12.20 16.73
1018 49.99 65.05 151.56 29.38 29.75
1019 50.10 78.99 134.37 28.50 22.50
1020 50.00 76.53 148.28 27.76 25.61
1021 50.15 12.91 86.86 12.65 20.51
1022 50.12 26.26 121.00 18.32 32.66
1023 50.16 38.53 129.68 25.20 35.50
1024 50.06 53.89 179.37 31.76 42.03
1025 50.12 67.69 142.56 29.95 31.31
1026 50.38 28.52 141.56 18.74 29.04
1027 50.16 41.07 155.02 25.90 41.55
1028 50.35 44.70 159.25 28.23 37.96
1029 50.25 30.85 140.45 20.56 34.52
1030 50.35 60.52 158.27 31.53 32.33
1031 50.30 74.22 146.76 30.19 26.18
1032 50.48 18.92 112.04 14.46 23.69
1033 50.38 58.36 166.61 33.04 32.73
1034 50.41 69.92 137.51 32.53 28.00
1035 50.21 88.39 91.22 25.05 16.76
1036 50.58 82.87 100.46 27.26 19.74
1037 50.63 35.15 159.54 24.20 33.95
1038 50.57 92.14 61.01 23.68 12.85
1039 50.56 89.70 81.00 21.25 14.92
1040 50.57 56.13 174.25 31.54 33.06
1041 50.72 7.20 100.67 10.81 14.72
1042 50.86 16.64 101.18 14.10 18.05
1043 50.87 33.08 142.85 21.93 28.79
1044 50.85 49.71 161.36 28.66 31.28
1045 50.94 72.05 116.06 31.45 24.02
1046 50.88 95.07 39.93 19.40 8.64
1047 51.00 21.59 114.80 17.58 23.64
1048 50.98 86.15 76.39 25.69 16.91
1049 51.07 24.26 125.93 19.49 21.32
1050 50.91 47.26 165.79 29.70 31.35
1051 50.95 62.69 142.64 30.49 25.23
1052 51.00 52.52 165.07 28.48 31.43
1053 51.03 66.34 129.17 31.49 25.83
1054 51.23 41.68 147.84 25.00 32.05
1055 51.30 80.14 102.96 26.84 17.41
1056 51.28 13.88 87.46 13.53 17.82
1057 51.27 77.62 104.07 33.57 18.24
1058 51.40 36.75 148.44 25.05 25.67
1059 51.27 39.26 148.93 27.84 27.93
1060 51.31 43.70 158.41 27.73 32.21
1061 51.44 26.86 135.71 19.59 20.51
1062 51.45 31.21 131.92 22.20 22.55
1063 51.38 74.97 108.50 30.20 19.26
1064 51.52 54.84 141.62 28.21 26.01
1065 51.67 11.24 85.85 13.81 12.28
1066 51.51 57.72 131.75 32.11 25.78
1067 51.56 64.41 120.96 32.27 24.31
1068 51.56 60.52 118.24 31.52 24.20
1069 51.68 68.00 98.20 32.23 21.25
1070 51.75 90.69 48.59 24.68 12.41
1071 51.81 8.57 81.50 11.21 10.16
1072 51.75 70.38 92.41 30.54 18.62
1073 51.89 45.67 138.63 28.87 25.41
1074 51.80 82.57 67.43 29.26 15.57
1075 51.93 19.30 105.00 18.00 15.60
1076 51.95 29.16 120.62 21.67 19.89
1077 51.88 50.89 139.46 29.03 25.55
1078 51.94 88.07 56.62 27.59 13.72
1079 51.99 93.46 37.97 24.26 9.98
1080 52.12 5.65 53.40 10.12 6.24
1081 51.93 48.18 133.70 27.95 24.61
1082 52.02 33.82 128.78 23.14 20.93
1083 52.16 16.77 84.27 15.89 15.54
1084 52.17 72.98 81.73 32.92 19.07
1085 52.19 95.75 23.31 22.34 4.97
1086 52.30 21.95 95.48 17.70 15.92
1087 52.18 53.10 125.36 32.00 24.62
1088 52.36 85.29 55.43 30.01 14.12
1089 52.36 63.02 91.67 33.08 19.49
1090 52.37 76.61 68.62 32.79 15.08
1091 52.35 38.48 113.38 25.22 23.39
1092 52.46 24.42 102.96 20.08 16.05
1093 52.50 13.98 69.83 14.23 12.19
1094 52.34 41.29 126.46 27.21 22.82
1095 52.49 58.88 99.07 32.82 21.30
1096 52.51 56.37 108.56 31.00 20.19
1097 52.48 65.70 83.63 33.87 19.89
1098 52.59 44.03 105.40 29.49 21.48
1099 52.63 36.13 116.90 26.16 20.51
1100 52.57 79.38 64.98 34.41 16.10
1101 52.68 26.84 95.76 21.91 17.52
1102 52.75 69.56 70.06 34.53 17.66
1103 52.85 31.15 105.38 24.55 17.43
1104 52.83 60.93 81.86 35.04 17.46
1105 52.82 49.75 95.77 30.90 19.97
1106 53.04 7.45 46.84 12.93 6.65
1107 52.98 10.48 56.80 13.63 8.68
1108 53.01 81.93 52.46 33.88 12.82
1109 52.99 47.31 98.92 31.73 19.17
1110 53.11 54.81 87.01 32.97 18.14
1111 53.09 74.57 58.53 38.16 14.49
1112 53.18 89.04 41.46 32.88 11.89
1113 53.21 67.55 65.86 37.94 15.94
1114 52.97 92.03 35.31 25.45 7.26
1115 53.15 33.78 91.14 25.57 16.43
1116 53.09 52.16 92.07 31.89 19.49
1117 53.21 71.67 61.49 35.74 13.76
1118 53.30 20.15 64.94 19.51 12.03
1119 53.29 94.18 28.47 28.61 6.31
1120 53.37 28.75 78.52 24.44 16.41
1121 53.32 39.97 89.67 29.21 18.06
1122 53.28 17.04 59.18 17.53 10.33
1123 53.38 42.43 85.72 30.95 17.20
1124 53.44 57.85 76.99 37.37 17.61
1125 53.57 37.67 80.11 28.82 14.83
1126 53.50 45.56 78.41 35.21 19.61
1127 53.52 62.89 71.53 39.08 16.84
1128 53.61 85.99 41.38 33.95 10.00
1129 53.55 12.84 46.30 17.77 9.05
1130 53.65 23.24 66.17 21.59 12.49
1131 53.54 65.35 63.54 38.64 15.35
1132 53.60 77.39 55.58 38.00 11.99
1133 53.76 25.93 69.80 22.57 12.42
1134 53.79 79.92 54.87 36.79 13.08
1135 53.64 91.43 32.47 33.58 8.21
1136 53.84 49.15 72.47 35.18 16.20
1137 54.00 69.09 62.61 43.01 14.20
1138 53.87 60.43 71.75 41.07 16.38
1139 54.05 32.35 72.36 27.61 14.72
1140 54.00 35.35 70.52 29.98 13.89
1141 53.98 73.17 60.21 42.63 13.34
1142 54.06 51.70 68.72 35.81 16.81
1143 54.09 9.88 41.40 15.65 6.74
1144 54.21 82.90 48.56 40.22 11.04
1145 54.21 44.15 67.92 35.79 16.07
1146 54.11 54.27 68.05 40.05 15.81
1147 54.30 30.02 67.44 28.71 12.30
1148 54.35 46.87 73.10 37.21 16.75
1149 54.32 75.47 72.14 49.21 13.57
1150 54.36 7.56 34.64 15.63 4.64
1151 54.27 41.03 67.29 32.86 15.73
1152 54.33 56.75 72.20 40.83 15.30
1153 54.33 15.69 42.66 19.76 7.41
1154 54.35 18.80 51.89 20.82 9.28
1155 54.57 70.94 67.66 49.47 12.68
1156 54.60 88.38 39.51 38.79 8.91
1157 54.59 91.19 41.25 38.49 8.29
1158 54.50 21.68 57.53 25.10 9.44
1159 54.62 66.75 68.84 48.52 13.44
1160 54.52 94.09 30.67 37.29 6.37
1161 54.42 6.16 36.30 15.41 5.07
1162 54.65 27.43 56.81 28.88 10.93
1163 54.45 64.33 65.66 50.66 13.53
1164 54.56 12.75 40.00 18.68 6.45
1165 54.61 38.75 63.61 35.32 14.00
1166 54.62 59.03 69.96 40.45 13.16
1167 54.89 85.45 46.42 42.16 9.24
1168 54.81 24.55 57.33 27.91 10.28
1169 54.79 61.92 70.83 48.07 13.20
1170 54.96 33.92 60.93 33.14 11.25
1171 54.93 77.70 73.49 49.88 9.72
1172 54.85 50.25 64.65 45.07 14.79
1173 54.94 36.52 62.50 33.29 11.98
1174 54.97 80.49 61.99 50.30 10.46
1175 55.01 42.82 67.21 38.20 13.29
1176 55.24 4.84 34.78 17.58 3.10
1177 55.04 52.60 77.52 47.15 13.78
1178 55.12 73.18 80.80 58.27 10.73
1179 55.09 55.27 72.40 47.07 12.35
1180 55.15 47.84 76.35 44.55 13.14
1181 55.17 95.98 24.25 31.40 3.15
1182 55.26 10.34 44.11 20.96 5.74
1183 55.27 69.22 85.18 53.31 12.05
1184 55.25 31.49 66.07 34.40 9.96
1185 55.34 17.76 49.00 24.06 7.17
1186 55.47 45.01 85.56 44.91 12.72
1187 55.46 40.53 67.63 40.22 11.59
1188 55.56 14.88 47.54 24.01 6.78
1189 55.50 20.81 62.45 26.04 7.19
1190 55.45 57.43 83.38 53.41 12.63
1191 55.60 28.85 69.50 34.45 9.53
1192 55.45 63.93 87.07 54.07 12.23
1193 55.55 7.48 46.07 20.81 4.61
1194 55.62 92.23 45.35 45.46 6.38
1195 55.68 82.93 73.39 54.62 8.88
1196 55.62 59.72 91.53 58.19 12.25
1197 55.70 75.49 96.03 57.87 10.38
1198 55.86 23.39 74.03 36.99 8.44
1199 55.82 26.16 71.05 36.55 8.32
1200 55.88 38.19 81.51 41.55 11.14
1201 55.81 49.47 87.88 48.29 12.32
1202 55.82 53.87 95.66 55.56 11.41
1203 55.95 65.96 93.04 59.52 10.99
1204 55.98 35.46 79.70 39.20 9.88
1205 56.01 78.56 101.63 57.48 8.83
1206 55.99 11.87 57.33 25.50 5.65
1207 56.05 85.76 61.98 61.86 9.82
1208 56.11 61.66 110.14 63.80 11.75
1209 56.09 71.78 113.00 67.17 10.50
1210 55.98 87.63 57.77 47.09 7.27
1211 56.16 90.24 56.64 49.12 7.04
1212 56.11 42.35 87.61 48.34 11.79
1213 56.20 47.11 104.91 51.81 11.21
1214 56.13 51.78 106.04 59.64 11.59
1215 56.16 68.25 112.76 66.49 10.10
1216 56.38 32.94 98.80 45.53 10.51
1217 56.25 56.03 108.55 58.68 11.73
1218 56.44 96.36 35.71 36.58 2.58
1219 56.22 13.09 60.38 26.17 5.25
1220 56.41 30.79 99.49 45.92 9.42
1221 56.46 17.42 67.42 31.88 6.24
1222 56.61 5.46 66.54 24.80 3.62
1223 56.63 9.33 65.78 26.85 4.27
1224 56.54 58.24 127.68 72.81 13.25
1225 56.67 20.11 81.27 36.58 6.32
1226 56.78 39.96 111.28 55.33 10.78
1227 56.55 14.23 69.14 29.48 6.10
1228 56.78 45.12 125.05 58.91 10.97
1229 56.69 74.68 131.72 76.24 10.11
1230 56.86 80.69 122.11 68.30 8.39
1231 56.74 93.77 58.93 50.09 4.88
1232 56.77 63.80 111.74 68.62 10.71
1233 56.75 28.32 97.05 47.91 7.81
1234 56.94 25.34 95.91 49.46 7.31
1235 56.79 50.08 133.71 70.79 11.71
1236 56.63 98.61 12.62 22.77 0.15
1237 56.98 60.27 132.41 76.13 11.56
1238 56.94 70.11 136.67 75.45 9.27
1239 56.99 83.50 102.07 71.60 8.38
1240 56.96 15.17 75.17 28.60 4.78
1241 57.05 53.61 138.96 74.07 10.56
1242 57.10 22.68 97.05 47.22 6.58
1243 57.09 37.45 114.24 55.69 9.76
1244 57.05 43.04 124.96 64.13 11.30
1245 57.11 66.73 133.14 76.42 9.97
1246 57.38 91.58 80.76 62.48 5.58
1247 57.29 88.89 86.32 68.85 7.03
1248 57.19 34.65 119.18 60.85 9.71
1249 57.18 77.46 129.98 84.35 9.60
1250 57.36 86.10 89.74 67.75 7.74
1251 57.34 48.35 151.51 76.73 10.69
1252 57.33 55.67 150.85 76.90 10.23
1253 57.41 72.66 146.41 88.37 9.79
1254 57.35 98.08 18.46 29.19 0.68
1255 57.57 51.49 151.88 82.93 10.29
1256 57.57 30.85 115.29 63.34 8.15
1257 57.63 57.79 143.33 78.59 10.68
1258 57.73 12.97 90.76 39.11 4.76
1259 57.72 17.14 92.80 42.79 5.18
1260 58.02 96.54 38.33 43.83 1.72
1261 57.72 46.27 157.31 83.68 10.19
1262 57.71 62.05 135.13 86.57 9.10
1263 57.82 64.85 128.26 87.58 9.89
1264 57.79 41.06 137.02 74.26 9.87
1265 57.89 6.54 77.34 34.24 2.74
1266 57.90 10.45 80.72 34.75 3.96
1267 57.83 27.85 121.03 65.46 7.58
1268 57.84 8.96 90.84 42.33 3.98
1269 58.01 20.09 101.09 48.58 5.18
1270 57.88 68.47 129.95 89.78 9.88
1271 57.91 75.03 141.96 93.71 9.55
1272 58.08 33.24 112.17 73.10 8.01
1273 58.17 93.66 72.72 70.27 4.39
1274 58.11 80.52 135.44 90.19 8.31
1275 58.22 25.16 118.81 63.86 6.13
1276 58.24 70.77 139.46 96.46 9.80
1277 58.19 43.62 146.89 82.13 9.56
1278 58.20 59.66 133.40 94.94 10.11
1279 58.21 36.13 109.96 79.30 8.24
1280 58.34 38.79 118.70 87.20 9.58
1281 58.22 83.62 121.03 86.04 7.32
1282 58.36 22.63 114.42 65.77 6.57
1283 58.34 49.78 157.03 101.32 10.65
1284 58.41 77.67 134.25 107.64 8.99
1285 58.40 52.94 155.07 98.37 9.92
1286 58.48 55.14 153.94 103.44 10.40
1287 58.64 29.56 104.34 79.91 7.61
1288 58.66 66.62 128.96 118.16 10.25
1289 58.53 86.97 99.42 79.93 6.67
1290 58.79 15.22 98.38 52.77 4.46
1291 58.67 47.52 142.08 98.08 9.73
1292 58.65 63.21 124.17 104.32 10.74
1293 58.70 72.76 136.47 124.06 10.05
1294 58.72 88.66 99.05 76.50 6.36
1295 58.82 90.95 80.55 69.72 5.31
1296 58.73 57.31 152.63 114.16 10.27
1297 58.96 12.10 94.07 48.78 4.24
1298 58.86 45.22 144.80 99.15 9.11
1299 58.98 18.32 89.53 62.53 5.29
1300 58.91 41.11 121.83 101.45 9.16
1301 59.18 97.62 23.70 37.72 0.86
1302 59.03 5.93 64.09 47.46 2.84
1303 59.03 26.98 109.41 88.22 6.40
1304 59.05 31.71 96.00 95.44 6.91
1305 59.15 61.18 117.15 114.05 9.74
1306 59.16 9.12 77.02 52.18 3.84
1307 59.21 34.12 101.24 97.46 7.74
1308 59.27 74.79 112.95 127.77 8.71
1309 59.18 68.79 107.63 124.33 9.27
1310 59.30 51.31 132.22 124.88 10.61
1311 59.39 82.25 112.62 113.49 7.38
1312 59.30 36.44 101.55 112.09 7.91
1313 59.27 79.94 125.13 115.67 8.38
1314 59.36 64.70 110.49 116.30 9.50
1315 59.47 21.62 94.59 79.96 5.63
1316 59.23 94.51 51.74 73.74 3.00
1317 59.52 24.53 85.66 95.11 6.63
1318 59.47 48.99 120.72 125.43 9.83
1319 59.50 53.68 127.87 135.42 9.31
1320 59.52 58.75 127.22 135.14 10.30
1321 59.60 85.24 107.33 99.65 6.47
1322 59.59 38.56 99.60 121.58 8.71
1323 59.54 43.24 121.79 122.15 8.15
1324 59.72 77.24 127.38 144.76 8.47
1325 59.28 86.39 113.14 65.57 7.14
1326 59.78 93.76 48.88 82.24 3.47
1327 59.59 55.98 128.52 141.46 9.02
1328 59.70 71.16 98.36 137.74 9.31
1329 59.88 28.82 91.82 116.55 7.32
1330 59.77 46.22 113.92 131.12 9.17
1331 59.87 86.68 98.63 99.82 6.08
1332 60.13 88.62 80.73 103.58 5.59
1333 59.96 15.94 69.62 76.79 5.24
1334 60.17 4.63 35.41 55.55 2.04
1335 60.05 19.28 80.78 93.62 4.95
1336 59.88 79.63 99.50 123.93 7.93
1337 60.06 41.03 99.64 131.74 8.39
1338 60.05 66.54 90.95 129.77 8.97
1339 60.06 91.12 63.38 99.73 4.74
1340 60.26 30.97 77.24 120.78 7.30
1341 60.27 10.18 67.72 71.67 3.60
1342 60.28 12.69 72.23 75.02 4.16
1343 60.18 63.19 90.39 142.19 9.24
1344 60.34 7.49 49.07 62.47 2.86
1345 60.37 26.51 67.48 121.50 6.78
1346 60.32 33.35 82.83 131.83 6.69
1347 60.44 73.30 87.20 160.29 8.12
1348 60.53 97.44 18.69 46.34 0.70
1349 60.26 60.77 95.66 152.70 9.42
1350 60.49 69.07 80.48 151.64 8.40
1351 60.42 48.36 97.64 163.68 8.52
1352 60.45 50.78 97.15 155.66 10.57
1353 60.41 36.16 81.82 139.80 7.36
1354 60.57 44.07 94.41 154.31 9.19
1355 60.54 53.11 100.56 161.86 9.59
1356 60.49 57.80 101.53 175.07 10.22
1357 60.55 23.14 66.04 104.27 6.00
1358 60.76 75.60 90.19 175.77 8.53
1359 60.75 81.18 87.52 136.10 7.88
1360 60.74 84.35 86.64 120.62 5.87
1361 60.58 55.57 94.03 174.16 8.95
1362 60.85 17.12 58.50 94.40 4.62
1363 60.76 38.91 85.43 144.02 8.28
1364 60.93 78.22 85.02 150.26 8.15
1365 61.02 64.70 81.28 161.25 9.11
1366 60.91 46.39 87.39 161.79 8.71
1367 61.01 71.28 79.70 160.10 9.40
1368 61.08 92.55 52.37 117.83 4.26
1369 61.46 95.13 29.87 91.56 2.43
1370 61.20 20.51 63.18 105.49 5.02
1371 61.18 28.50 72.43 144.73 7.24
1372 61.07 41.81 86.44 158.00 8.15
1373 61.21 67.02 75.94 160.43 9.23
1374 61.29 87.35 64.29 120.26 6.06
1375 61.32 14.12 55.11 93.95 4.51
1376 61.30 25.19 66.35 141.42 6.57
1377 61.23 59.61 78.76 178.30 9.02
1378 61.27 62.17 79.52 169.00 9.39
1379 61.23 5.56 30.85 75.37 2.26
1380 61.31 34.40 67.92 149.63 7.97
1381 61.36 31.21 72.92 154.28 7.23
1382 61.53 49.50 80.65 178.75 9.49
1383 61.43 10.52 46.27 77.14 3.36
1384 61.53 7.14 39.33 76.36 2.33
1385 61.61 51.78 85.05 186.65 9.23
1386 61.59 54.11 83.22 186.91 9.83
1387 61.55 56.59 88.63 186.52 9.45
1388 61.75 90.05 50.63 123.12 4.71
1389 61.54 37.26 80.57 164.27 8.44
1390 61.71 3.76 23.25 68.84 1.25
1391 61.74 44.88 84.41 174.24 8.71
1392 61.81 23.02 59.52 130.08 5.86
1393 61.87 39.96 78.38 159.70 8.51
1394 61.91 69.15 67.21 167.17 8.77
1395 61.81 74.92 72.00 183.97 8.34
1396 62.00 47.31 83.45 186.57 8.81
1397 61.90 82.33 71.54 163.28 6.83
1398 61.96 17.79 52.49 108.51 4.42
1399 62.09 72.38 69.94 175.74 8.62
1400 62.05 97.60 8.87 47.84 0.29
1401 62.07 42.68 82.30 185.04 8.66
1402 62.07 85.16 61.38 140.62 6.38
1403 62.10 79.15 74.78 163.28 7.60
1404 62.14 32.69 73.56 165.91 7.12
1405 62.23 26.48 63.83 143.35 6.17
1406 62.18 63.50 69.43 183.04 9.21
1407 62.23 29.31 67.94 158.77 6.62
1408 62.32 58.49 81.31 194.26 9.53
1409 62.27 60.67 78.55 192.58 9.29
1410 62.33 35.70 73.94 163.77 7.34
1411 62.46 11.98 47.39 96.06 3.67
1412 62.32 66.11 66.20 179.30 9.39
1413 62.37 14.50 48.92 104.15 4.63
1414 62.59 93.15 38.01 131.48 3.47
1415 62.62 8.12 40.08 90.72 2.65
1416 62.52 55.63 84.16 198.76 8.90
1417 62.60 20.97 56.53 126.59 5.01
1418 62.74 76.59 68.36 178.69 8.38
1419 62.75 5.11 34.40 88.86 2.20
1420 62.74 49.44 85.96 202.81 9.53
1421 62.83 51.42 80.54 196.04 9.22
1422 62.79 88.01 50.55 143.94 5.43
1423 62.83 38.37 81.09 183.80 8.01
1424 62.83 53.59 79.83 196.41 9.25
1425 62.77 15.64 51.88 101.85 3.60
1426 62.87 44.81 92.26 192.01 8.65
1427 63.04 23.64 62.88 142.70 5.72
1428 63.06 31.12 70.95 159.68 6.62
1429 62.96 70.52 74.05 188.40 8.98
1430 63.09 81.46 67.58 171.55 6.93
1431 62.95 41.20 86.64 187.99 8.98
1432 63.13 33.57 78.04 171.89 7.40
1433 63.20 73.96 68.65 179.58 8.31
1434 63.14 84.55 57.55 161.74 5.70
1435 63.18 95.79 16.21 84.47 1.56
1436 63.19 18.21 59.21 117.42 4.87
1437 63.20 61.81 72.74 192.77 9.26
1438 63.10 47.25 88.00 193.49 8.48
1439 63.19 57.42 87.40 206.53 9.24
1440 63.19 28.42 72.53 162.27 6.20
1441 63.40 90.84 40.40 138.38 4.21
1442 63.27 64.71 67.47 185.23 8.70
1443 63.25 67.71 77.58 196.87 9.12
1444 63.51 79.01 71.08 187.20 7.29
1445 63.51 10.11 51.40 96.97 2.98
1446 63.47 25.87 72.85 163.93 5.73
1447 63.48 36.39 89.04 176.74 7.46
1448 63.64 59.46 81.07 201.83 9.35
1449 63.66 43.28 97.01 195.42 8.93
1450 63.75 13.37 60.43 106.05 3.98
1451 63.70 55.59 96.39 211.61 9.87
1452 63.87 20.68 72.19 130.64 5.02
1453 63.83 49.11 97.91 206.69 9.22
1454 63.93 15.86 61.18 112.75 4.41
1455 63.83 39.86 94.55 192.41 8.33
1456 63.82 52.65 92.09 202.78 9.33
1457 63.69 11.93 47.67 104.22 4.33
1458 64.11 71.96 78.97 196.02 8.40
1459 64.15 5.18 41.48 96.80 2.25
1460 64.04 46.25 98.08 193.15 8.33
1461 64.05 76.54 75.80 205.48 8.08
1462 63.88 87.50 49.52 159.80 4.88
1463 64.17 93.37 27.27 129.32 2.73
1464 64.17 69.33 84.27 195.53 8.46
1465 64.16 7.53 51.75 101.04 2.78
1466 64.11 34.32 95.91 176.77 7.65
1467 64.14 28.36 91.91 167.00 6.41
1468 64.29 30.97 105.90 176.93 7.37
1469 64.28 63.34 85.68 201.17 8.94
1470 64.37 22.98 83.14 140.55 5.18
1471 64.43 37.86 93.71 176.48 8.11
1472 64.40 81.94 62.12 182.43 6.66
1473 64.37 85.13 58.73 178.07 5.70
1474 64.42 60.92 92.30 208.68 9.67
1475 64.44 88.67 47.66 154.43 5.11
1476 64.58 41.82 103.69 196.40 8.78
1477 64.62 50.76 101.56 202.73 8.72
1478 64.45 57.48 105.67 212.51 9.60
1479 64.64 25.80 90.21 159.06 5.93
1480 64.69 74.71 95.62 203.05 8.37
1481 64.65 17.95 72.66 126.91 4.72
1482 64.69 55.01 113.18 208.87 9.37
1483 64.77 44.26 107.90 193.63 8.58
1484 64.80 78.75 70.26 195.84 7.21
1485 64.85 90.73 39.75 147.94 3.83
1486 64.67 8.35 50.66 93.19 2.94
1487 64.93 10.42 61.59 99.25 3.28
1488 64.94 67.26 90.96 193.98 8.48
1489 64.80 48.35 114.64 207.77 8.92
1490 64.82 52.98 113.57 207.72 9.32
1491 64.91 33.04 107.15 182.35 6.67
1492 65.07 12.69 63.80 104.37 3.75
1493 64.87 14.48 71.80 106.73 3.77
1494 65.12 35.59 93.91 160.32 7.04
1495 65.14 39.86 96.62 181.50 7.10
1496 65.19 59.29 111.90 209.28 8.96
1497 65.22 20.19 89.30 123.31 4.66
1498 65.24 28.45 105.54 170.65 6.34
1499 65.29 46.47 120.24 198.03 8.64
1500 65.38 70.30 98.11 196.70 8.27
1501 65.37 62.34 105.18 199.88 8.53
1502 65.35 64.78 110.87 204.32 9.26
1503 65.42 72.89 100.29 195.44 7.90
1504 65.42 94.63 19.99 99.73 1.16
1505 65.52 5.90 44.89 90.75 1.89
1506 65.52 86.79 61.57 164.07 5.61
1507 65.49 23.84 98.17 150.59 5.88
1508 65.54 83.82 67.44 182.64 6.26
1509 65.56 31.24 105.68 165.53 6.65
1510 65.62 16.21 75.87 112.21 3.94
1511 65.59 56.97 109.90 199.50 8.82
1512 65.68 81.02 80.32 190.37 6.64
1513 65.74 37.70 95.78 169.86 7.43
1514 65.75 42.18 103.76 190.10 7.96
1515 65.77 52.14 99.12 198.67 8.36
1516 65.77 8.55 58.73 94.74 2.47
1517 65.78 49.38 112.30 197.62 9.07
1518 65.79 54.70 113.33 193.54 8.54
1519 65.92 75.58 97.12 196.98 7.68
1520 65.93 26.19 97.64 143.80 5.67
1521 65.97 44.44 104.52 177.32 7.46
1522 65.97 78.43 87.81 195.47 6.99
1523 65.95 92.15 37.87 135.80 3.46
1524 66.10 89.45 57.08 171.85 4.29
1525 66.11 33.47 97.84 163.18 6.68
1526 66.18 21.69 90.40 125.82 5.25
1527 66.24 61.01 109.33 197.91 8.22
1528 66.20 68.61 108.30 182.85 7.72
1529 66.25 66.09 109.67 203.93 8.59
1530 66.38 13.44 68.74 97.46 3.22
1531 66.24 29.33 97.67 161.89 6.17
1532 66.29 39.99 94.97 166.31 7.71
1533 66.39 18.22 75.44 107.87 4.05
1534 66.42 35.75 90.26 161.49 6.95
1535 66.36 46.94 117.90 185.20 8.37
1536 66.34 58.75 108.88 192.39 8.68
1537 66.44 63.62 115.77 191.09 8.22
1538 66.52 72.44 108.84 194.62 7.97
1539 66.67 51.10 97.31 183.39 8.07
1540 66.70 9.83 49.60 87.88 3.19
1541 66.75 85.05 80.92 180.24 5.49
1542 66.81 23.76 90.28 126.75 4.57
1543 66.87 54.65 108.26 188.36 7.86
1544 66.83 56.68 105.34 179.73 8.30
1545 66.94 6.93 48.77 77.25 2.41
1546 66.86 31.63 88.07 141.88 6.71
1547 66.89 11.19 63.07 79.93 2.80
1548 66.98 27.43 87.34 134.38 5.15
1549 66.80 42.80 98.16 160.18 7.60
1550 67.03 77.72 104.14 193.22 6.87
1551 66.83 81.71 91.42 183.37 6.49
1552 66.91 49.01 101.48 172.16 7.84
1553 67.09 87.62 65.94 168.53 4.93
1554 66.95 94.31 22.65 99.38 1.47
1555 67.06 15.99 71.45 93.80 3.43
1556 67.07 38.42 88.23 140.86 6.76
1557 67.20 70.54 120.92 185.21 8.03
1558 67.22 20.18 67.83 99.15 4.13
1559 67.21 52.91 97.69 184.72 8.23
1560 67.21 74.83 110.95 187.37 7.21
1561 67.25 45.46 99.26 160.52 7.32
1562 67.22 59.77 98.40 184.82 8.27
1563 67.30 67.65 101.96 186.71 7.79
1564 67.42 29.74 81.54 130.99 6.00
1565 67.34 33.90 83.27 137.20 6.40
1566 67.37 61.96 107.64 189.92 7.61
1567 67.49 65.00 97.01 189.46 7.94
1568 67.56 91.66 45.29 143.77 2.96
1569 67.58 36.07 84.98 127.75 6.79
1570 67.58 40.88 85.59 133.66 7.04
1571 67.64 25.40 73.53 117.21 5.09
1572 67.51 14.71 59.28 88.87 3.15
1573 67.63 47.69 100.48 165.64 7.72
1574 67.75 57.94 88.68 173.45 8.00
1575 67.52 93.93 26.61 105.11 1.50
1576 67.92 89.13 55.60 155.75 4.06
1577 67.87 12.95 58.60 75.62 2.85
1578 67.86 43.65 86.88 140.12 7.41
1579 67.84 50.89 85.21 163.39 7.23
1580 67.86 8.92 51.23 70.60 2.31
1581 67.86 80.84 89.57 189.72 6.64
1582 67.93 84.49 72.01 170.23 4.94
1583 68.00 22.93 73.13 106.30 4.41
1584 68.08 17.37 62.12 85.83 3.74
1585 67.99 31.98 79.60 119.45 5.75
1586 68.03 55.61 90.99 163.28 7.83
1587 68.08 72.62 111.12 187.64 6.88
1588 68.22 27.87 75.82 108.02 4.93
1589 68.70 63.72 87.03 162.99 7.37
1590 68.28 78.30 93.16 182.79 5.50
1591 68.22 38.04 88.21 118.33 7.16
1592 68.36 53.29 89.47 158.06 7.81
1593 68.33 69.76 97.72 183.52 7.32
1594 68.32 75.64 110.32 182.53 6.80
1595 68.38 5.90 36.51 61.00 1.48
1596 68.41 60.31 87.06 162.90 8.25
1597 68.38 46.31 96.77 136.55 7.57
1598 68.47 66.78 83.38 169.64 7.65
1599 68.45 20.35 67.90 86.43 3.82
1600 68.52 49.32 96.83 142.66 7.39
1601 68.58 34.28 87.14 108.81 6.63
1602 68.77 93.79 29.41 100.49 1.45
1603 68.59 42.33 92.05 114.33 6.75
1604 68.83 87.24 62.66 156.89 4.12
1605 68.77 30.01 80.95 102.24 5.38
1606 68.72 39.96 91.87 107.82 7.13
1607 68.94 14.67 57.16 65.25 3.09
1608 68.81 82.84 77.33 170.63 5.74
1609 68.92 25.92 73.54 95.14 5.04
1610 68.74 57.64 87.56 150.31 8.03
1611 68.92 10.23 47.48 61.03 2.81
1612 68.95 36.31 89.70 97.13 6.33
1613 68.96 12.11 49.86 52.32 3.00
1614 68.94 45.01 110.89 118.57 7.20
1615 69.07 90.72 52.96 138.12 3.15
1616 69.11 23.63 73.58 90.66 4.05
1617 69.04 51.42 90.32 135.65 7.73
1618 69.14 55.23 89.51 140.67 7.04
1619 69.17 73.70 90.33 168.14 6.31
1620 69.18 32.15 88.12 90.11 5.23
1621 69.16 47.77 101.90 120.02 7.27
1622 69.21 80.39 85.31 170.73 5.45
1623 69.30 7.34 38.64 53.32 1.95
1624 69.21 61.90 86.98 146.55 7.43
1625 69.42 71.32 93.25 165.32 7.00
1626 69.30 18.20 62.91 65.25 3.65
1627 69.54 68.95 78.00 152.81 6.63
1628 69.43 76.79 77.17 163.90 6.17
1629 69.45 59.52 94.55 139.82 7.92
1630 69.56 85.02 59.60 160.82 4.60
1631 69.55 21.56 79.89 74.40 4.29
1632 69.58 38.31 108.76 85.82 6.39
1633 69.54 28.36 82.83 81.83 4.82
1634 69.62 40.99 113.16 84.93 6.72
1635 69.52 43.59 124.78 98.07 6.96
1636 69.53 66.37 75.00 152.67 7.45
1637 69.66 53.34 98.92 123.33 6.97
1638 69.82 34.14 109.47 71.95 6.16
1639 69.64 57.03 98.55 120.26 6.71
1640 70.05 45.91 118.19 83.30 7.29
1641 69.85 49.26 126.27 100.78 7.17
1642 70.04 88.48 47.38 136.94 3.61
1643 70.14 11.16 59.52 45.85 2.56
1644 70.08 51.54 117.16 107.84 7.68
1645 70.14 24.93 92.26 63.76 4.13
1646 70.07 36.25 116.69 67.80 6.91
1647 70.21 30.37 98.84 70.50 5.40
1648 70.18 82.45 56.50 151.55 4.74
1649 70.26 13.69 63.73 51.40 2.68
1650 70.27 62.81 92.17 125.96 7.23
1651 70.30 91.79 31.86 104.50 2.04
1652 70.11 16.50 69.19 53.42 3.27
1653 70.30 79.25 69.56 151.32 5.09
1654 70.45 8.53 51.99 43.57 2.21
1655 70.38 65.01 86.24 124.51 6.87
1656 70.28 55.52 115.43 103.86 7.29
1657 70.32 73.79 71.65 142.04 6.41
1658 70.38 19.53 84.65 53.45 3.76
1659 70.35 60.71 105.06 122.68 7.17
1660 70.42 27.17 95.34 64.14 5.11
1661 70.42 58.36 112.18 106.71 8.04
1662 70.18 67.11 67.73 134.46 5.64
1663 70.52 39.68 127.90 66.50 6.64
1664 70.75 22.91 86.92 49.52 4.07
1665 70.73 32.33 113.98 57.31 5.69
1666 70.49 42.88 139.55 74.36 7.30
1667 70.67 71.35 73.25 133.79 6.03
1668 70.65 76.26 70.82 147.77 5.84
1669 70.69 48.02 135.23 75.91 7.11
1670 70.58 67.97 78.02 129.45 6.63
1671 70.61 85.39 46.78 133.44 4.20
1672 70.90 50.23 142.05 80.87 6.91
1673 70.91 54.22 125.59 78.46 7.33
1674 70.95 86.82 52.30 142.72 4.40
1675 71.16 34.48 129.35 54.82 6.10
1676 71.10 36.92 123.05 53.65 6.98
1677 71.15 57.01 132.90 84.81 7.06
1678 71.33 28.55 107.65 48.39 5.40
1679 71.34 52.28 143.75 69.96 6.41
1680 71.44 46.27 144.92 58.73 7.32
1681 71.32 69.56 81.29 122.33 6.08
1682 71.38 44.22 133.72 53.54 8.18
1683 71.29 62.13 116.81 92.07 6.97
1684 71.25 66.40 93.30 112.58 6.75
1685 71.53 17.38 79.10 38.56 3.34
1686 71.51 41.90 132.32 53.68 7.01
1687 71.41 60.13 128.24 92.21 7.51
1688 71.36 83.94 51.01 118.57 4.35
1689 71.51 20.46 93.86 40.16 3.85
1690 71.44 78.44 65.72 133.50 5.11
1691 71.42 80.71 54.51 139.00 4.90
1692 71.30 82.10 67.51 144.28 4.69
1693 71.49 89.05 47.45 125.00 3.30
1694 71.55 25.65 102.57 43.70 5.05
1695 71.51 10.85 72.65 35.01 2.55
1696 71.55 39.22 129.95 52.13 6.84
1697 71.57 14.40 70.86 35.76 3.49
1698 71.58 64.34 116.85 95.35 6.47
1699 71.55 73.82 79.41 128.50 6.35
1700 71.73 91.60 22.60 82.75 1.62
1701 71.70 30.82 118.66 48.06 5.70
1702 71.79 7.69 49.13 28.46 1.80
1703 72.13 48.59 137.46 53.37 6.79
1704 72.01 23.03 93.46 37.77 4.42
1705 72.00 76.23 79.74 126.20 5.15
1706 72.01 58.39 134.49 68.54 7.09
1707 72.11 50.49 150.15 63.24 7.68
1708 72.05 53.78 152.06 68.64 7.94
1709 72.35 35.64 119.68 42.90 6.17
1710 72.25 56.09 143.54 63.42 7.53
1711 72.11 68.19 110.42 91.61 6.35
1712 72.09 71.94 88.07 104.32 5.91
1713 72.29 86.48 48.24 114.11 3.67
1714 72.27 33.10 119.53 42.69 6.78
1715 72.36 62.70 129.40 74.81 5.87
1716 72.37 65.91 115.64 75.27 6.25
1717 72.63 27.26 102.07 36.74 6.06
1718 72.61 38.07 112.71 43.51 6.91
1719 72.56 44.15 118.27 44.96 7.60
1720 72.65 40.78 107.77 41.39 8.27
1721 72.51 82.76 55.84 105.90 4.34
1722 72.63 19.14 85.57 32.85 3.69
1723 72.60 79.75 66.59 108.79 4.73
1724 72.68 11.65 79.95 26.29 2.59
1725 72.68 29.86 109.35 41.81 6.55
1726 72.70 60.40 133.10 64.20 6.57
1727 72.71 46.58 129.17 44.45 8.15
1728 72.66 10.01 74.21 28.08 2.64
1729 72.76 70.58 113.90 91.39 5.72
1730 72.83 89.66 33.09 87.85 2.43
1731 72.98 16.37 81.56 28.60 3.50
1732 72.80 74.67 96.87 99.52 5.43
1733 73.01 13.70 75.18 25.66 3.15
1734 72.95 51.46 144.10 51.10 7.53
1735 72.96 24.70 94.29 32.59 5.39
1736 73.05 54.42 140.81 54.97 7.32
1737 73.24 21.59 76.84 28.55 4.80
1738 73.15 57.93 141.30 54.64 7.40
1739 73.18 77.29 82.83 100.40 4.57
1740 73.23 32.22 98.84 36.55 7.89
1741 73.34 65.02 134.73 68.36 6.14
1742 73.23 67.56 126.15 68.60 5.80
1743 73.33 43.01 95.43 39.12 9.22
1744 73.39 84.68 56.77 91.32 3.93
1745 73.37 62.61 127.58 59.51 6.47
1746 73.43 73.19 116.36 79.18 5.34
1747 73.59 36.36 82.71 34.45 8.37
1748 73.57 48.24 110.56 43.29 9.39
1749 73.67 39.15 80.49 36.61 9.23
1750 73.77 56.12 136.40 51.40 7.90
1751 73.90 91.60 16.97 50.27 1.27
1752 73.71 81.66 70.50 89.79 4.21
1753 73.76 28.99 79.87 29.64 8.08
1754 73.79 60.02 133.22 53.23 6.44
1755 73.81 70.03 130.87 67.39 5.48
1756 73.81 10.16 67.82 19.90 2.14
1757 73.84 45.50 90.66 39.67 10.19
1758 73.86 52.92 122.34 47.95 8.62
1759 73.78 18.56 69.37 25.39 4.56
1760 73.92 34.16 71.28 33.24 10.25
1761 74.04 26.16 81.18 29.08 9.21
1762 74.08 86.84 53.33 82.15 2.66
1763 74.00 88.83 45.16 78.36 2.53
1764 74.04 50.06 94.62 39.53 9.29
1765 74.23 23.41 64.97 24.78 7.35
1766 74.19 41.14 68.53 33.40 11.40
1767 74.23 79.40 84.62 80.02 4.07
1768 74.21 76.67 100.59 85.14 4.98
1769 74.46 12.29 59.09 19.39 3.50
1770 74.28 15.36 66.53 22.18 4.53
1771 74.43 31.66 69.44 28.17 10.62
1772 74.45 67.72 132.84 58.38 6.01
1773 74.42 57.88 117.23 43.48 7.93
1774 74.46 62.79 111.84 49.11 6.36
1775 74.46 72.57 117.38 62.70 5.24
1776 74.35 90.02 38.50 68.10 1.90
1777 74.49 43.33 72.92 32.15 15.56
1778 74.69 54.38 100.19 39.74 9.76
1779 74.55 65.44 127.37 53.01 6.49
1780 74.57 20.56 61.54 23.32 6.44
1781 74.57 37.93 61.69 30.88 12.56
1782 74.59 51.77 84.18 35.89 11.34
1783 74.88 84.91 77.84 71.73 3.55
1784 74.75 74.93 119.51 65.67 4.94
1785 75.00 29.61 55.48 25.99 12.18
1786 74.85 45.91 71.81 33.12 15.37
1787 74.97 36.10 58.11 28.69 14.29
1788 74.93 59.99 101.92 41.55 7.16
1789 74.94 82.71 83.44 74.29 3.80
1790 75.07 33.53 57.00 26.75 15.77
1791 75.11 69.96 123.83 56.66 5.20
1792 75.09 27.13 54.66 25.91 12.65
1793 75.21 17.72 47.80 19.34 6.59
1794 75.10 55.98 85.75 36.40 9.69
1795 75.43 24.31 50.82 21.43 13.62
1796 75.31 41.49 64.41 30.46 18.32
1797 75.32 39.15 57.45 29.08 17.97
1798 75.54 64.20 93.17 45.56 7.71
1799 75.24 75.97 101.18 49.32 4.14
1800 75.57 80.74 88.85 63.15 4.47
1801 75.33 90.16 31.81 45.11 1.18
1802 75.56 78.08 102.63 60.75 4.53
1803 75.53 87.23 56.61 54.61 2.89
1804 75.45 14.63 48.45 17.89 5.47
1805 75.67 43.98 58.78 30.43 19.34
1806 75.56 52.41 72.03 33.83 14.39
1807 75.61 57.60 76.11 39.77 9.44
1808 75.58 66.78 113.36 48.31 6.93
1809 75.64 20.58 45.75 20.55 11.22
1810 75.46 22.10 46.88 18.97 8.67
1811 75.61 61.87 77.30 40.26 6.93
1812 75.65 73.48 116.02 54.26 4.90
1813 75.89 31.53 49.56 25.12 20.08
1814 75.87 46.31 64.25 30.69 22.07
1815 75.98 55.23 63.62 33.19 13.27
1816 76.01 34.46 58.07 26.45 23.46
1817 76.12 36.60 56.86 26.97 23.18
1818 75.93 13.41 39.12 16.73 5.81
1819 76.11 59.75 70.96 38.71 9.33
1820 76.03 26.65 47.90 21.31 18.57
1821 76.21 71.15 114.72 46.05 5.18
1822 76.35 84.97 77.96 43.84 3.41
1823 75.94 89.33 43.60 46.53 1.43
1824 76.18 29.26 51.79 24.00 20.08
1825 76.03 39.18 64.12 27.15 23.56
1826 76.40 16.32 37.84 17.49 9.83
1827 76.19 48.56 65.75 31.29 22.05
1828 76.49 76.35 97.19 50.09 4.48
1829 76.29 83.20 84.86 54.49 3.05
1830 76.40 50.65 62.33 33.19 21.11
1831 76.34 41.72 63.74 29.83 26.19
1832 76.52 68.76 106.16 42.74 6.50
1833 76.40 19.11 40.15 16.56 11.63
1834 76.56 11.80 34.48 14.62 6.21
1835 76.42 32.83 56.05 23.43 23.05
1836 76.37 22.54 43.06 18.59 15.54
1837 76.58 53.61 59.12 31.09 19.27
1838 76.76 58.11 57.03 30.16 13.37
1839 76.75 64.24 75.34 37.87 7.89
1840 76.71 66.47 86.90 38.18 6.52
1841 76.82 24.76 44.96 19.21 20.87
1842 76.77 62.00 63.28 34.21 9.86
1843 76.59 73.39 100.38 42.00 5.76
1844 76.81 79.75 80.39 49.86 4.03
1845 76.88 87.75 45.85 34.23 1.96
1846 76.81 44.31 67.34 28.67 31.33
1847 76.93 46.66 66.83 28.12 29.29
1848 76.92 56.08 55.95 33.43 17.54
1849 77.07 37.61 77.08 24.68 31.15
1850 77.09 48.85 66.21 28.59 31.16
1851 77.09 74.18 94.19 45.53 4.86
1852 76.92 21.73 43.59 17.19 16.70
1853 77.01 33.36 63.51 23.26 30.41
1854 77.30 14.31 33.29 13.95 10.58
1855 77.15 52.29 62.90 30.46 24.93
1856 77.46 30.98 69.31 21.74 29.73
1857 77.02 18.79 37.73 16.54 12.22
1858 77.19 28.55 57.24 20.30 26.74
1859 77.42 39.99 78.38 26.77 37.94
1860 77.41 82.38 80.40 46.17 3.24
1861 77.40 35.32 80.84 23.81 33.84
1862 77.36 71.54 81.51 38.85 5.87
1863 77.52 20.96 45.18 18.07 17.84
1864 77.70 85.33 62.47 38.48 3.00
1865 77.74 26.45 60.37 18.24 27.06
1866 77.85 78.50 75.51 42.02 4.05
1867 77.81 23.60 53.84 17.31 21.61
1868 77.87 50.71 73.42 26.96 32.83
1869 77.79 66.11 62.54 32.82 9.26
1870 77.80 68.64 70.97 34.46 6.71
1871 77.84 11.83 28.53 12.95 8.59
1872 77.72 55.06 57.60 29.94 26.00
1873 77.76 45.72 88.11 27.75 41.66
1874 77.97 17.59 38.36 15.03 17.38
1875 77.77 57.68 55.10 29.90 18.35
1876 77.95 62.78 50.51 31.19 12.00
1877 77.73 19.52 41.16 16.06 19.94
1878 77.92 75.85 80.71 39.60 4.57
1879 77.90 36.12 89.35 23.09 38.57
1880 78.13 48.03 83.25 27.00 37.33
1881 78.20 38.10 98.12 24.86 50.58
1882 78.16 53.21 74.23 29.32 28.62
1883 78.13 28.83 71.84 19.18 33.00
1884 78.42 71.20 63.85 35.00 5.92
1885 78.53 81.38 64.43 40.47 3.27
1886 78.32 43.78 92.52 25.68 46.20
1887 78.46 60.43 56.51 28.16 18.79
1888 78.32 74.30 75.79 38.97 4.36
1889 78.55 41.42 105.03 23.13 51.81
1890 78.38 13.11 29.60 13.65 6.60
1891 78.92 33.17 110.04 21.07 47.85
1892 78.50 19.80 48.67 14.67 19.94
1893 78.69 57.40 58.83 27.60 25.77
1894 78.75 64.78 47.61 29.45 11.67
1895 78.74 22.01 56.41 15.51 24.76
1896 78.75 35.53 108.72 22.20 47.19
1897 78.84 55.41 68.78 25.32 34.29
1898 78.53 14.85 38.58 14.63 17.26
1899 78.85 45.88 119.82 26.00 52.76
1900 78.57 73.05 64.76 36.65 4.88
1901 78.83 83.81 45.13 31.44 2.63
1902 78.92 31.04 96.32 21.01 41.66
1903 78.63 52.14 85.50 28.21 38.07
1904 79.04 39.19 113.45 23.30 51.22
1905 78.94 49.74 102.06 27.05 47.52
1906 79.01 67.23 45.60 29.38 9.48
1907 79.12 13.69 37.31 13.54 16.47
1908 79.29 28.28 89.33 18.67 43.46
1909 78.98 69.27 47.34 34.91 8.28
1910 79.10 24.86 76.52 18.76 31.76
1911 79.27 62.26 47.64 27.67 19.16
1912 79.06 86.04 36.11 25.61 1.56
1913 79.13 16.51 43.63 14.04 20.62
1914 79.10 74.23 64.97 33.20 5.61
1915 79.25 76.85 56.72 33.79 4.38
1916 79.38 79.28 49.84 29.94 4.02
1917 79.36 43.54 124.67 23.04 57.74
1918 79.40 53.60 98.77 26.73 47.04
1919 79.25 59.52 55.79 27.50 25.17
1920 79.47 47.88 127.35 25.24 47.35
1921 79.30 51.58 100.47 25.89 49.65
1922 79.28 19.41 50.58 15.84 25.09
1923 79.71 36.79 111.60 21.16 53.54
1924 79.71 41.10 132.56 24.06 61.68
1925 79.39 70.05 44.77 30.54 7.54
1926 79.74 71.82 42.76 27.94 6.53
1927 79.82 57.07 76.32 25.62 34.84
1928 79.91 81.77 41.31 31.03 3.25
1929 80.23 84.26 28.39 23.69 1.98
1930 80.02 34.60 128.46 22.03 53.36
1931 79.90 64.32 43.44 25.65 17.90
1932 80.06 45.76 135.45 26.31 60.31
1933 79.82 61.00 57.18 24.12 24.88
1934 80.22 21.13 71.11 14.10 35.33
1935 80.14 25.95 98.89 16.40 42.84
1936 80.14 66.95 42.65 26.14 14.73
1937 80.34 15.27 47.28 12.78 22.61
1938 80.28 29.98 112.89 18.89 55.30
1939 80.14 69.14 40.47 27.64 9.72
1940 80.26 38.80 121.35 23.38 66.12
1941 80.09 49.99 120.91 26.23 58.79
1942 80.29 74.43 43.60 26.21 5.40
1943 80.22 54.91 98.40 26.26 48.33
1944 80.46 17.81 57.17 13.17 29.03
1945 80.50 32.24 128.09 19.78 55.35
1946 80.53 23.25 89.38 15.58 42.31
1947 80.38 52.12 117.27 24.61 56.39
1948 80.34 59.38 77.08 26.95 26.97
1949 80.58 42.82 138.38 24.65 68.79
1950 80.85 79.65 35.98 25.96 4.09
1951 80.63 77.06 38.65 26.06 4.78
1952 80.86 19.42 66.46 13.96 30.75
1953 80.90 62.97 55.45 24.92 25.33
1954 80.55 70.28 37.30 26.20 8.40
1955 80.98 40.78 125.27 22.04 65.77
1956 80.74 57.03 100.54 24.77 40.31
1957 80.96 36.50 118.64 20.60 65.34
1958 80.97 65.57 48.84 24.58 18.30
1959 81.11 44.79 133.39 22.56 67.32
1960 81.09 72.16 41.14 23.49 7.33
1961 81.24 27.94 106.90 17.08 55.09
1962 81.17 50.29 140.36 26.61 62.28
1963 81.20 54.51 116.31 25.55 56.33
1964 81.00 59.51 84.64 25.32 36.00
1965 81.24 82.50 28.06 21.62 2.63
1966 81.40 33.99 119.73 18.70 65.50
1967 81.34 69.17 43.70 22.12 11.27
1968 81.43 46.90 122.00 23.22 65.60
1969 81.46 24.28 100.43 15.02 51.20
1970 81.34 13.12 37.48 9.68 17.30
1971 81.49 38.82 116.60 21.34 75.09
1972 81.50 52.38 135.61 26.69 65.69
1973 81.70 56.63 112.06 24.84 51.01
1974 81.48 61.23 72.42 24.19 32.59
1975 81.52 30.68 109.30 19.54 63.70
1976 81.68 16.13 60.08 11.92 29.42
1977 81.70 74.80 35.63 23.75 6.12
1978 81.60 25.65 96.30 15.09 46.80
1979 81.78 21.05 74.31 13.22 39.06
1980 81.81 22.55 80.13 14.82 41.93
1981 81.94 43.08 123.20 22.57 79.23
1982 81.80 18.74 66.99 13.89 35.41
1983 81.97 48.66 119.45 24.32 69.71
1984 81.74 77.46 31.98 21.60 4.52
1985 81.89 58.96 109.79 23.70 49.24
1986 82.03 66.87 55.55 22.53 17.85
1987 82.03 64.51 61.77 23.58 25.48
1988 82.09 36.20 118.01 20.08 77.66
1989 82.19 80.84 27.26 19.69 3.66
1990 82.16 40.76 119.92 23.12 79.82
1991 82.09 78.73 30.06 20.12 4.16
1992 82.22 71.45 41.64 23.11 10.13
1993 82.38 32.11 96.39 19.12 63.96
1994 82.41 45.30 117.83 23.74 70.91
1995 82.39 51.26 139.39 23.58 77.83
1996 82.17 76.52 31.06 21.67 5.50
1997 82.62 27.02 82.47 16.21 61.05
1998 82.47 53.83 127.98 22.75 68.93
1999 82.49 62.73 81.90 23.38 36.46
2000 82.35 15.01 57.69 10.83 30.17
2001 82.60 29.47 91.52 16.03 61.59
2002 82.61 38.14 105.62 21.12 81.40
2003 82.58 69.31 50.16 21.78 14.91
2004 82.78 24.26 75.30 14.24 56.11
2005 82.89 73.27 37.87 21.85 8.23
2006 82.87 18.19 62.89 11.70 41.47
2007 82.87 60.65 100.49 21.35 44.32
2008 82.95 34.19 96.07 18.72 75.38
2009 82.98 58.38 116.38 23.68 56.59
2010 83.07 56.00 116.00 25.72 60.32
2011 82.99 75.98 37.70 21.23 6.29
2012 83.06 47.40 111.60 23.64 71.24
2013 83.09 49.83 119.05 24.39 73.86
2014 83.12 21.30 74.36 12.83 53.04
2015 83.17 78.68 32.70 19.08 5.32
2016 83.12 41.66 106.70 20.74 82.16
2017 83.24 65.46 81.85 22.55 30.36
2018 83.32 67.82 69.49 21.71 20.92
2019 83.20 44.04 107.14 21.41 74.16
2020 83.37 52.59 122.34 24.74 76.31
2021 83.47 36.41 88.75 18.93 80.04
2022 83.51 39.29 104.64 19.86 83.96
2023 83.59 71.02 50.18 20.87 13.53
2024 83.32 74.39 36.40 20.15 7.80
2025 83.70 31.33 74.03 18.43 73.16
2026 83.64 54.45 119.98 24.73 69.84
2027 83.69 63.18 99.93 20.23 44.07
2028 83.81 45.71 102.19 20.54 77.36
2029 83.90 25.95 65.74 16.28 63.72
2030 83.83 28.57 73.24 17.88 72.96
2031 84.13 23.39 68.62 13.58 61.72
2032 84.20 33.46 73.07 18.27 73.97
2033 84.17 42.76 87.07 20.82 83.81
2034 84.10 48.87 87.32 22.46 65.41
2035 84.24 18.71 58.19 11.93 42.89
2036 84.17 57.85 111.24 22.45 56.98
2037 84.30 51.21 96.89 23.38 74.15
2038 84.35 73.34 43.72 18.40 11.90
2039 84.30 76.36 37.17 18.43 7.08
2040 84.34 79.70 25.12 16.41 4.07
2041 84.54 37.90 80.01 19.10 86.81
2042 84.48 40.36 77.23 21.84 83.49
2043 84.46 65.23 93.71 20.34 30.09
2044 84.62 68.16 82.60 20.23 26.75
2045 84.65 21.10 61.97 13.44 53.44
2046 84.64 35.61 68.18 16.94 78.63
2047 84.66 53.52 97.66 20.60 71.95
2048 84.60 55.80 100.25 22.32 65.36
2049 84.80 29.48 59.72 16.14 82.36
2050 84.82 47.11 77.16 20.21 80.24
2051 84.87 70.71 64.91 20.19 17.26
2052 84.90 44.41 73.59 20.42 76.96
2053 85.00 62.32 107.31 21.75 42.86
2054 85.14 26.90 53.92 15.15 70.56
2055 85.08 59.38 98.41 22.26 58.63
2056 85.33 24.27 53.26 14.45 61.95
2057 85.36 31.37 52.26 15.26 74.45
2058 85.33 49.38 65.68 22.08 79.59
2059 85.57 75.38 39.89 16.31 10.21
2060 85.50 78.01 30.44 15.22 6.07
2061 85.40 41.68 57.35 20.00 78.49
2062 85.59 33.78 54.74 18.97 81.88
2063 85.58 51.97 68.48 20.24 73.24
2064 85.70 64.30 97.92 20.05 37.63
2065 85.70 72.88 56.70 18.15 12.51
2066 85.62 39.10 56.39 19.19 80.65
2067 85.65 57.19 77.61 21.95 62.05
2068 85.94 18.50 43.08 10.19 47.89
2069 85.75 54.56 74.37 20.53 67.97
2070 85.89 21.04 47.19 11.97 56.67
2071 85.72 36.36 48.91 18.63 79.81
2072 85.80 45.76 61.38 20.49 80.72
2073 86.02 60.31 87.32 20.16 55.18
2074 86.15 69.19 75.43 18.98 23.37
2075 86.15 28.35 45.56 14.84 75.75
2076 86.15 43.24 54.44 19.46 80.96
2077 86.25 47.89 53.09 19.16 81.49
2078 86.58 23.02 41.77 12.32 66.61
2079 86.43 50.37 46.54 20.29 68.09
2080 86.64 71.32 72.70 17.86 18.71
2081 86.63 25.78 39.75 14.04 67.49
2082 86.59 30.43 40.79 15.80 74.98
2083 86.62 58.18 70.42 21.16 65.78
2084 86.77 62.22 87.17 20.11 46.11
2085 86.67 37.60 44.31 17.33 75.82
2086 86.63 40.54 40.52 19.41 75.04
2087 86.77 34.89 38.37 16.23 69.40
2088 86.77 55.64 54.60 19.57 66.57
2089 86.88 52.64 48.37 20.87 70.58
2090 86.89 66.87 83.43 18.73 32.81
2091 86.95 76.14 38.59 14.50 8.54
2092 87.04 32.46 35.16 15.44 69.51
2093 86.98 64.49 82.03 21.25 38.62
2094 86.92 45.58 46.43 19.93 72.51
2095 86.74 73.51 56.06 16.76 11.59
2096 87.42 20.62 33.42 10.51 50.03
2097 87.29 43.35 37.79 18.74 66.05
2098 87.44 47.88 35.33 18.07 70.29
2099 87.52 60.43 71.57 18.88 54.38
2100 87.36 73.73 53.59 16.54 13.48
2101 87.56 28.02 33.14 14.63 61.98
2102 87.46 50.49 36.91 17.94 69.88
2103 87.61 69.75 77.09 17.95 24.24
2104 87.70 38.71 31.89 17.28 68.99
2105 87.70 54.36 45.25 19.04 67.94
2106 87.67 57.54 54.86 19.13 64.15
2107 87.93 41.01 30.90 19.05 67.11
2108 87.92 23.52 29.35 12.70 56.43
2109 87.91 36.37 27.96 18.23 61.38
2110 87.95 30.21 29.15 15.08 63.08
2111 87.97 33.95 30.34 16.62 67.26
2112 88.21 25.83 26.40 14.63 55.66
2113 88.06 45.61 32.28 18.09 67.81
2114 88.14 66.49 75.55 18.08 33.45
2115 88.19 63.81 71.70 18.86 41.98
2116 88.01 75.41 43.99 14.49 10.30
2117 88.26 52.37 34.41 18.71 62.36
2118 88.38 49.46 28.91 17.99 62.18
2119 88.39 43.23 26.21 18.20 61.09
2120 88.62 71.89 60.63 16.11 17.10
2121 88.84 31.63 24.43 14.69 63.86
2122 88.54 56.12 39.31 18.55 62.26
2123 88.65 59.37 46.27 18.70 55.85
2124 88.86 69.07 70.45 17.15 27.85
2125 88.94 61.72 53.78 18.17 45.82
2126 88.95 47.18 25.60 17.63 63.91
2127 88.89 38.74 27.50 17.24 59.32
2128 89.07 28.78 26.38 14.52 62.54
2129 89.06 54.29 30.85 18.07 62.12
2130 88.91 74.26 47.54 14.51 10.17
2131 89.21 33.94 25.77 15.30 60.12
2132 89.23 51.23 30.12 18.65 59.38
2133 89.34 44.58 24.05 16.95 57.24
2134 89.42 36.19 22.77 15.65 51.62
2135 89.46 23.55 21.75 11.66 48.19
2136 89.40 42.22 24.97 17.44 51.26
2137 89.50 57.55 34.36 18.73 61.85
2138 89.26 66.63 65.83 17.30 33.74
2139 89.49 26.31 23.37 12.51 65.02
2140 89.61 64.06 53.21 15.87 36.69
2141 89.91 40.37 23.91 16.35 51.81
2142 89.75 49.00 24.74 16.57 51.03
2143 90.05 71.18 55.55 13.58 21.91
2144 90.12 53.29 27.60 18.38 49.72
2145 90.21 59.46 34.51 18.60 49.94
2146 90.31 31.51 21.95 14.55 53.01
2147 90.14 37.97 22.15 15.64 48.84
2148 90.17 46.17 24.24 16.86 52.78
2149 90.29 55.79 26.87 17.29 51.98
2150 90.28 28.89 21.84 14.75 60.58
2151 90.46 61.70 31.61 16.02 38.45
2152 90.51 51.11 24.51 16.40 44.26
2153 90.56 33.77 20.01 14.39 44.78
2154 90.63 43.03 22.94 16.07 46.83
2155 90.74 66.19 44.45 14.69 29.79
2156 90.75 68.89 44.29 14.02 21.39
2157 90.80 26.37 18.41 11.88 52.21
2158 90.91 48.19 25.61 16.71 45.05
2159 90.94 36.28 22.16 15.12 42.81
2160 90.86 63.93 39.31 16.89 38.50
2161 91.14 39.64 21.03 15.77 45.42
2162 91.30 45.27 21.29 16.26 43.80
2163 91.33 57.81 25.58 16.03 47.14
2164 91.30 54.73 23.39 18.05 40.28
2165 91.47 29.35 19.57 13.14 43.96
2166 91.62 60.30 24.05 15.68 37.02
2167 91.67 49.99 22.03 15.19 39.53
2168 91.81 52.50 21.05 15.91 36.32
2169 91.51 64.38 31.50 18.03 34.53
2170 91.82 34.20 20.05 14.20 43.19
2171 91.99 31.59 19.88 12.98 39.15
2172 91.78 42.49 23.92 16.31 38.34
2173 92.09 66.77 29.75 13.75 25.46
2174 92.20 62.50 22.16 15.95 36.70
2175 92.23 36.77 22.76 15.24 41.09
2176 92.13 47.23 22.05 17.15 36.59
2177 92.44 27.63 14.10 11.30 37.29
2178 92.25 39.65 24.53 16.77 45.67
2179 92.51 57.09 22.09 16.84 42.32
2180 92.62 54.79 19.60 16.68 32.10
2181 92.74 44.88 21.03 15.71 32.80
2182 92.70 64.58 21.87 13.23 25.20
2183 92.90 59.56 19.87 14.64 33.28
2184 92.82 50.53 21.34 17.39 33.16
2185 92.96 41.90 21.47 15.60 37.13
2186 93.04 29.67 16.92 11.41 31.97
2187 93.14 33.66 20.48 13.15 37.40
2188 93.30 47.54 22.82 15.43 27.02
2189 93.42 38.57 21.26 14.53 42.45
2190 93.42 53.07 20.27 15.14 26.51
2191 93.57 62.45 17.04 14.70 27.12
2192 93.79 36.10 18.96 14.35 38.99
2193 93.83 31.51 16.85 11.79 34.65
2194 93.99 57.60 21.34 14.27 27.29
2195 94.11 43.68 21.77 14.67 28.67
2196 94.05 50.42 20.50 14.92 26.36
2197 94.32 41.01 21.73 14.31 32.49
2198 94.28 60.47 17.38 14.29 26.42
2199 94.23 55.22 18.84 13.56 24.68
2200 94.63 47.85 20.51 15.36 27.01
2201 94.91 45.52 20.86 15.61 29.43
2202 94.80 34.58 18.04 12.70 37.45
2203 94.83 52.78 18.64 14.03 25.76
2204 94.97 38.70 18.55 13.64 27.55
2205 95.38 59.38 16.45 12.90 18.54
2206 95.51 49.62 18.12 14.52 23.56
2207 95.58 56.88 16.94 12.99 20.93
2208 95.68 42.80 18.86 14.77 21.22
2209 96.09 54.45 16.47 13.25 18.98
2210 95.86 51.81 18.38 13.42 17.93
2211 96.49 41.01 17.05 13.38 22.93
2212 96.45 45.40 18.54 12.65 23.77
2213 96.72 38.62 15.15 11.87 23.06
2214 96.61 51.42 17.63 14.35 18.58
2215 96.83 48.07 16.98 13.52 19.08
2216 97.78 44.80 14.99 12.90 18.23
2217 97.76 49.88 13.44 10.67 8.41

