#<Embryo name> <Cleavage cycle> <Temporal class> <Genes>
fa2 14A 6 even-skipped knirps hunchback

#Quantitative data
#<Nucleus number> <A-P coordinate> <D-V coordinate> <Fluorescence intensity: channel 1 - eve, channel 2 - kni, channel 3 - hb>
0 2.09 48.90 14.24 86.62 41.05
1 2.44 54.88 12.31 82.59 27.24
2 2.83 46.95 15.20 96.79 50.04
3 2.74 51.64 14.88 93.23 54.66
4 2.55 45.53 15.79 94.87 45.08
5 3.21 42.71 15.19 97.88 47.62
6 3.07 54.62 15.39 98.39 64.02
7 3.70 49.16 16.73 92.16 59.06
8 3.60 57.12 15.15 86.67 46.13
9 3.62 59.93 11.52 74.87 39.15
10 3.92 44.75 17.34 96.77 53.37
11 3.71 54.63 15.23 88.14 54.02
12 4.23 51.86 18.17 91.97 63.64
13 3.82 53.17 16.69 91.55 49.17
14 4.48 38.26 16.08 91.93 58.95
15 4.29 41.43 16.49 96.94 68.38
16 4.74 46.91 18.11 96.03 61.62
17 4.79 59.15 16.34 87.61 66.66
18 4.83 62.21 12.04 75.37 47.56
19 4.80 54.93 17.29 91.95 67.12
20 4.99 41.83 17.24 93.24 49.12
21 5.23 49.54 20.38 100.60 75.68
22 5.51 44.01 18.79 87.74 69.97
23 5.59 57.00 19.06 95.04 82.70
24 5.70 39.61 17.30 85.41 65.12
25 5.63 52.21 20.47 97.82 78.59
26 6.24 36.75 16.58 67.47 79.24
27 6.18 47.05 20.26 101.47 74.92
28 6.17 62.30 16.96 81.76 80.92
29 6.37 54.60 20.36 95.45 86.15
30 6.35 59.72 18.60 87.98 84.36
31 6.67 41.71 19.07 80.34 79.57
32 6.76 49.72 20.09 100.10 82.15
33 7.09 44.46 19.80 84.77 85.30
34 7.16 34.66 15.28 46.90 83.32
35 7.13 57.29 20.74 104.72 103.36
36 7.01 38.51 18.26 66.01 84.12
37 7.20 52.24 22.32 101.45 95.07
38 7.03 67.42 10.81 68.48 49.62
39 7.45 64.98 16.63 75.15 81.58
40 7.50 61.85 19.13 84.86 96.12
41 7.62 47.16 21.81 96.94 96.19
42 7.80 54.83 21.18 100.58 114.55
43 7.92 32.07 13.35 26.86 86.03
44 8.16 59.02 20.55 95.97 102.24
45 8.14 36.84 18.61 42.51 97.38
46 8.20 41.79 19.68 70.44 95.91
47 8.25 50.23 21.38 97.72 104.34
48 8.42 68.06 14.47 70.29 79.95
49 8.71 39.12 19.66 51.94 91.43
50 8.75 63.69 18.29 78.84 108.97
51 8.62 44.63 21.39 74.72 101.93
52 8.83 34.15 16.50 28.01 101.22
53 8.84 53.04 21.28 101.15 115.58
54 9.01 47.65 20.88 91.06 111.73
55 9.08 56.14 20.98 96.64 119.50
56 9.06 61.16 20.93 84.30 104.00
57 9.26 71.17 12.55 59.14 61.01
58 9.37 31.82 14.43 20.46 101.89
59 9.53 66.25 18.02 70.86 110.90
60 9.72 42.26 21.63 53.33 114.32
61 9.72 50.51 20.59 93.45 128.41
62 9.72 58.72 22.42 102.34 133.65
63 10.08 69.25 15.58 72.43 83.94
64 10.04 35.75 17.97 26.41 98.99
65 10.02 45.10 21.41 66.75 113.70
66 10.08 39.62 19.87 41.03 114.03
67 10.26 53.42 23.46 100.59 125.16
68 10.20 63.57 20.87 84.01 123.58
69 10.45 48.14 23.97 87.90 128.23
70 10.70 32.99 16.65 20.29 119.27
71 10.50 60.89 21.33 92.36 131.88
72 10.60 30.44 15.43 19.10 111.96
73 10.60 56.30 23.47 108.78 129.66
74 10.66 73.00 12.09 55.08 68.54
75 11.09 37.48 20.40 26.46 117.12
76 11.08 65.81 19.24 73.28 114.24
77 11.13 41.22 21.34 36.70 136.92
78 11.16 42.59 19.29 38.68 126.59
79 11.34 50.81 21.74 86.03 139.26
80 11.53 59.01 22.22 102.38 139.97
81 11.60 71.30 15.92 61.20 88.21
82 11.36 45.21 21.99 55.27 137.29
83 11.50 68.64 18.92 68.82 110.98
84 11.57 62.77 21.43 89.33 138.08
85 11.67 53.54 22.71 106.40 148.63
86 11.83 28.59 15.90 14.42 115.84
87 11.78 47.82 20.90 61.59 147.68
88 11.94 34.54 17.90 21.13 131.94
89 12.15 30.97 16.10 18.22 119.26
90 12.15 39.67 18.70 26.20 135.74
91 12.13 56.36 22.91 106.93 143.88
92 12.06 74.54 13.30 53.86 68.84
93 12.40 43.60 20.86 39.65 147.73
94 12.70 60.98 22.48 102.56 157.87
95 12.54 66.63 20.59 80.84 124.12
96 12.65 36.95 19.03 22.30 138.10
97 12.83 49.12 22.86 70.78 170.44
98 12.97 63.71 21.12 82.21 135.89
99 13.13 51.34 22.84 81.01 160.81
100 12.98 69.67 20.80 63.78 106.33
101 13.14 72.84 17.03 59.25 91.47
102 13.15 27.48 15.69 16.66 124.14
103 13.20 46.36 21.41 44.99 163.47
104 13.16 33.03 18.77 18.92 139.60
105 13.11 53.68 22.32 100.80 163.00
106 13.26 41.70 20.50 26.75 149.78
107 13.31 58.56 24.28 104.77 157.53
108 13.62 55.88 22.92 102.59 151.19
109 13.82 75.62 14.13 54.86 79.08
110 13.81 38.76 19.93 20.13 145.20
111 13.94 30.57 17.50 17.00 117.77
112 13.97 35.27 18.79 18.16 139.15
113 14.09 44.22 21.84 32.62 165.90
114 13.91 66.09 22.58 78.54 133.91
115 14.15 25.22 15.12 15.06 124.79
116 14.19 48.63 23.66 54.39 181.34
117 14.26 61.37 23.16 93.90 151.29
118 14.32 68.48 22.45 73.24 122.77
119 14.45 70.97 19.22 60.74 103.74
120 14.61 63.91 22.03 90.18 147.93
121 14.64 53.09 23.77 85.12 169.17
122 14.58 41.36 20.15 23.44 149.18
123 14.79 28.14 17.12 15.95 134.02
124 14.90 58.82 26.10 103.45 160.75
125 14.85 73.69 18.23 63.41 96.62
126 14.97 46.39 21.70 36.02 177.99
127 14.97 50.54 24.18 71.06 180.08
128 15.00 37.05 19.90 20.27 160.76
129 14.97 55.96 23.40 102.51 174.78
130 15.23 33.90 19.45 18.84 148.90
131 15.12 23.34 15.90 14.65 113.74
132 15.53 31.50 19.33 18.62 147.34
133 15.48 66.14 23.39 79.68 132.94
134 15.59 39.48 20.75 20.50 160.90
135 15.56 43.53 23.27 26.57 169.76
136 15.76 76.44 16.62 60.38 84.77
137 15.73 62.13 23.30 96.70 154.08
138 15.79 79.16 13.09 59.81 67.58
139 15.91 26.24 16.90 16.76 138.69
140 15.95 68.57 22.44 70.75 122.73
141 15.99 71.29 21.05 68.89 118.20
142 16.14 48.85 23.75 45.91 167.56
143 16.20 54.28 25.09 97.58 171.10
144 16.20 51.70 24.63 74.32 183.13
145 16.28 29.11 17.85 17.66 142.85
146 16.28 56.98 25.31 104.11 177.38
147 16.39 59.82 25.86 104.12 163.17
148 16.41 36.59 19.12 19.03 167.76
149 16.59 41.39 22.85 23.08 167.36
150 16.32 73.93 20.26 63.81 100.41
151 16.39 46.17 23.36 30.90 176.69
152 16.54 24.16 15.40 15.51 130.91
153 16.66 64.16 23.84 89.16 143.83
154 16.88 34.37 20.50 18.49 168.00
155 17.03 43.64 22.58 26.36 171.41
156 17.15 31.90 18.23 17.89 141.78
157 17.07 38.94 21.93 22.05 173.10
158 17.25 66.67 23.85 77.95 125.53
159 16.98 79.60 14.27 63.52 61.70
160 17.28 78.37 17.26 62.37 79.49
161 17.45 61.68 25.36 103.74 159.71
162 17.45 69.65 22.61 68.95 113.23
163 17.47 52.95 26.67 76.47 169.80
164 17.64 50.54 24.01 51.46 178.21
165 17.43 75.98 19.32 65.33 95.98
166 17.59 58.04 25.63 103.59 171.98
167 17.66 72.63 20.17 66.92 104.82
168 17.45 22.07 14.91 14.95 122.35
169 17.63 48.06 24.35 34.05 176.80
170 17.63 26.98 19.07 17.64 136.30
171 17.71 55.47 26.09 89.67 166.76
172 17.75 29.01 18.02 17.72 158.64
173 17.90 45.52 22.27 27.82 170.69
174 18.00 24.44 17.10 16.06 152.33
175 18.15 37.34 20.56 20.42 170.61
176 18.20 80.93 13.94 61.07 56.79
177 18.25 40.28 21.42 22.31 167.92
178 18.30 64.26 25.13 97.67 144.43
179 18.37 34.68 20.08 19.55 157.30
180 18.40 42.87 23.97 23.91 173.24
181 18.59 59.42 26.55 106.67 158.08
182 18.63 20.76 14.70 14.22 131.16
183 18.63 78.14 19.06 71.35 93.98
184 18.77 74.74 21.10 65.61 105.28
185 18.87 31.96 18.74 18.66 165.11
186 18.81 66.73 24.78 81.46 129.06
187 18.75 53.79 24.69 67.83 172.66
188 18.85 61.69 27.17 112.48 152.28
189 18.84 69.34 23.25 78.11 128.25
190 19.01 48.89 24.06 33.49 179.82
191 19.16 46.49 25.38 27.04 181.82
192 19.16 51.38 24.37 44.13 178.55
193 19.01 56.79 26.83 96.03 170.92
194 19.21 26.63 18.79 17.75 144.40
195 19.21 71.72 22.83 74.05 115.89
196 19.28 29.40 19.71 19.27 155.99
197 19.52 23.78 16.67 17.70 141.68
198 19.65 40.87 23.75 22.41 177.29
199 19.58 43.70 24.63 24.06 169.79
200 19.54 37.54 22.89 20.66 172.19
201 19.58 81.61 15.50 62.06 76.61
202 19.78 18.64 13.31 13.48 115.18
203 19.79 34.30 20.87 20.10 163.20
204 19.85 62.92 24.94 101.58 140.50
205 19.96 76.23 21.50 68.44 99.34
206 19.89 54.45 25.97 70.12 173.35
207 20.08 79.05 20.25 67.46 96.38
208 20.01 59.65 27.06 105.91 144.69
209 20.22 65.52 24.95 91.54 129.60
210 20.10 21.25 17.04 16.41 141.91
211 20.14 68.17 24.38 88.97 129.84
212 20.32 49.40 24.22 29.62 182.72
213 20.39 56.90 27.32 81.59 157.07
214 20.33 73.32 23.28 73.86 106.02
215 20.56 52.03 26.22 41.28 180.81
216 20.70 32.06 20.27 18.53 171.16
217 20.70 39.46 22.35 23.08 187.74
218 20.37 45.93 25.46 25.56 159.62
219 20.69 70.61 23.47 84.54 110.27
220 20.62 26.65 17.29 17.78 148.15
221 20.74 29.59 20.02 18.31 162.47
222 20.74 84.23 13.89 51.40 52.81
223 20.95 37.03 22.33 21.66 190.40
224 20.94 43.19 24.96 22.71 176.15
225 21.12 23.35 18.09 16.94 138.89
226 21.14 60.90 27.40 100.85 144.54
227 21.14 63.28 27.62 110.05 141.14
228 21.04 81.33 18.70 62.85 85.78
229 21.25 19.88 15.66 15.14 135.03
230 21.25 34.79 22.79 19.68 181.43
231 21.30 47.88 25.97 27.28 187.73
232 21.14 54.21 26.34 50.93 184.84
233 21.21 75.13 24.08 72.75 103.06
234 21.32 58.51 27.09 84.72 141.84
235 21.64 41.15 25.14 22.31 166.80
236 21.46 67.82 24.19 94.29 127.19
237 21.60 77.89 21.36 66.01 92.33
238 21.72 45.53 25.38 24.67 189.49
239 21.75 65.26 26.34 94.89 136.14
240 21.73 50.40 27.52 29.60 186.23
241 21.83 25.72 18.94 18.12 155.62
242 21.92 28.50 18.48 18.62 161.36
243 21.84 72.56 26.10 76.55 104.19
244 21.92 56.36 28.81 58.90 170.22
245 22.09 38.77 24.09 22.49 188.53
246 21.88 85.83 12.81 45.38 49.24
247 22.14 82.98 18.41 53.07 74.87
248 22.30 31.03 20.78 19.09 177.05
249 22.26 33.35 21.36 20.61 178.50
250 22.24 69.88 25.37 88.48 110.50
251 22.34 79.78 23.25 61.10 97.29
252 22.38 21.76 17.71 18.18 142.01
253 22.34 54.05 27.42 40.38 178.12
254 22.43 43.24 24.34 22.61 187.54
255 22.36 62.25 28.53 100.81 148.17
256 22.38 59.42 29.66 87.47 143.12
257 22.70 36.65 23.00 21.25 170.86
258 22.72 51.90 28.26 32.35 179.84
259 22.51 75.19 25.25 75.87 105.98
260 22.50 81.15 20.98 64.18 84.54
261 22.59 47.42 25.57 25.73 181.87
262 22.56 18.78 16.16 14.59 130.60
263 22.77 67.20 27.44 99.23 122.85
264 23.08 24.78 19.56 17.95 147.35
265 22.96 84.90 17.72 52.79 74.05
266 23.05 40.45 24.49 21.64 173.50
267 23.13 77.60 24.08 67.04 102.22
268 23.19 27.51 19.66 18.83 150.93
269 23.22 49.53 28.51 26.25 185.47
270 23.06 64.40 28.60 107.10 137.43
271 23.09 56.46 30.95 62.09 175.80
272 23.19 72.38 26.41 79.53 113.70
273 23.35 45.10 26.10 24.89 184.56
274 23.50 29.97 20.68 19.79 163.37
275 23.50 34.90 23.04 22.48 187.74
276 23.54 61.39 27.25 91.30 139.78
277 23.50 58.52 26.81 70.01 151.93
278 23.55 69.79 27.47 90.37 115.32
279 23.61 53.97 27.92 37.61 166.56
280 23.88 32.36 22.84 20.81 180.52
281 23.76 17.24 16.56 14.75 123.10
282 23.84 19.85 17.50 17.07 140.22
283 23.72 42.64 25.34 22.36 189.14
284 23.77 22.55 17.77 17.49 151.80
285 23.78 80.10 25.18 51.64 86.43
286 23.90 82.89 24.67 50.18 85.71
287 23.93 74.67 26.67 66.14 102.96
288 23.89 47.18 27.49 26.83 174.14
289 23.91 66.96 29.88 98.29 111.27
290 24.12 86.10 20.23 40.42 67.39
291 24.33 37.56 24.47 24.12 171.55
292 24.09 51.65 28.63 35.77 157.36
293 24.23 39.73 24.52 22.37 183.39
294 24.18 64.46 29.19 94.18 138.58
295 24.34 56.04 28.38 46.80 157.74
296 24.51 26.70 19.87 19.25 162.90
297 24.43 59.60 29.33 77.31 160.23
298 24.52 49.30 29.50 32.05 196.53
299 24.51 72.10 29.36 74.33 108.69
300 24.54 77.17 29.31 59.39 99.62
301 24.67 29.07 20.41 18.79 163.23
302 24.73 44.59 26.83 26.59 196.38
303 24.76 24.47 21.20 19.34 168.35
304 24.75 34.37 23.77 22.42 184.04
305 24.77 62.37 31.47 83.30 124.33
306 24.74 69.33 32.85 78.20 118.94
307 24.81 42.03 23.91 24.34 186.74
308 25.11 81.13 31.34 43.93 87.61
309 25.00 53.11 30.38 45.59 174.42
310 25.08 17.06 18.80 17.07 127.86
311 25.04 22.09 18.89 20.41 152.98
312 25.05 66.96 37.32 88.71 131.24
313 25.07 46.91 27.96 29.87 188.49
314 25.36 83.94 35.38 35.97 90.70
315 25.26 19.79 19.46 18.89 146.13
316 25.28 31.35 23.81 22.15 179.89
317 25.31 87.14 30.61 29.41 70.67
318 25.30 57.56 33.22 64.26 152.45
319 25.38 50.45 30.51 43.06 177.04
320 25.43 14.39 16.91 15.06 119.08
321 25.43 74.64 35.89 59.34 110.34
322 25.51 78.51 35.32 53.89 102.95
323 25.50 36.36 24.38 23.65 189.53
324 25.45 64.56 38.32 79.72 142.18
325 25.44 39.98 26.40 25.92 181.32
326 25.42 60.13 34.47 81.73 156.36
327 25.57 55.23 33.56 61.71 179.92
328 25.65 71.74 38.80 63.48 113.89
329 25.80 25.97 20.68 21.09 164.59
330 25.93 28.87 21.81 22.88 165.84
331 25.88 33.39 23.88 25.32 167.86
332 25.83 43.01 26.89 30.49 179.09
333 26.07 48.00 30.64 39.98 187.84
334 25.95 68.95 43.18 69.49 118.67
335 26.00 61.90 40.00 69.49 145.83
336 26.11 45.40 29.08 35.39 190.44
337 26.17 23.54 20.75 20.68 151.30
338 26.16 38.37 26.33 27.71 191.13
339 26.18 51.73 34.79 58.01 181.89
340 26.22 66.38 57.46 74.75 124.48
341 26.40 18.60 22.36 21.32 137.91
342 26.30 58.74 41.39 68.95 144.92
343 26.51 53.76 38.40 60.07 180.40
344 26.49 76.33 53.55 47.92 113.02
345 26.51 88.09 46.17 17.68 58.55
346 26.55 41.39 28.33 32.15 185.61
347 26.61 79.59 53.01 35.20 96.45
348 26.54 12.92 22.47 22.58 109.91
349 26.66 16.33 25.11 22.04 125.93
350 26.60 21.30 24.10 22.49 146.24
351 26.59 31.21 23.25 25.49 174.75
352 26.59 35.40 24.54 25.86 190.21
353 26.61 63.56 71.38 69.54 145.05
354 26.66 73.36 58.91 46.72 121.08
355 26.63 85.48 63.87 21.58 89.27
356 26.69 56.08 43.71 61.09 169.32
357 26.75 82.40 58.20 26.48 96.37
358 26.79 14.30 23.46 21.35 117.47
359 26.79 70.63 73.09 54.57 119.17
360 26.74 49.61 39.74 60.05 182.15
361 26.87 27.29 24.52 24.40 168.35
362 27.07 43.76 33.14 44.60 193.89
363 27.07 60.75 68.90 57.96 153.87
364 27.18 67.64 137.35 41.41 127.54
365 27.24 33.28 24.53 28.39 170.20
366 27.15 39.60 28.37 33.29 169.27
367 27.24 46.30 35.57 64.34 182.08
368 27.32 37.38 29.89 36.67 177.94
369 27.36 24.84 28.12 28.39 162.13
370 27.34 64.93 131.47 38.30 140.39
371 27.28 58.08 64.37 57.33 159.26
372 27.52 29.58 25.91 30.41 169.33
373 27.42 51.41 43.25 55.21 169.21
374 27.68 74.94 101.48 29.37 99.22
375 27.63 18.89 30.58 28.06 136.18
376 27.64 48.60 39.55 65.80 171.60
377 27.66 53.94 59.67 56.45 185.60
378 27.79 77.78 99.38 24.72 98.89
379 27.71 87.19 51.56 15.81 79.33
380 27.72 22.44 30.65 29.11 142.88
381 27.79 41.57 36.97 54.76 188.59
382 27.90 84.34 69.92 17.48 93.62
383 27.78 12.36 40.02 21.98 114.34
384 27.94 62.08 171.66 35.75 136.17
385 27.99 72.16 122.22 28.78 111.86
386 27.83 35.31 31.03 42.89 188.71
387 27.82 69.56 152.68 30.25 131.20
388 27.98 15.48 36.74 24.62 125.32
389 27.94 56.29 85.26 48.20 158.62
390 28.16 80.62 88.95 18.78 89.19
391 28.12 31.65 32.90 37.59 183.43
392 28.04 27.19 29.87 33.57 172.06
393 28.07 59.32 132.23 43.86 136.68
394 28.23 38.89 36.59 54.56 187.00
395 28.24 43.78 41.86 59.30 176.93
396 28.44 67.05 195.44 28.27 118.66
397 28.41 46.73 48.02 66.62 178.74
398 28.50 64.28 202.55 28.87 124.91
399 28.65 21.01 48.48 26.09 147.30
400 28.64 49.43 74.47 53.40 180.19
401 28.50 52.04 79.49 50.72 176.84
402 28.56 89.41 42.83 11.08 63.41
403 28.72 33.92 37.63 40.11 180.83
404 28.81 36.50 41.00 52.60 176.65
405 28.80 18.28 59.82 25.29 143.12
406 28.78 23.95 52.08 28.87 154.84
407 28.76 29.28 41.92 43.68 152.53
408 28.93 54.31 163.49 35.14 162.08
409 28.96 75.51 132.14 21.40 102.89
410 28.91 57.01 187.13 31.15 162.83
411 28.95 26.33 49.30 32.55 172.73
412 28.91 40.78 49.70 57.79 182.78
413 28.98 12.85 93.89 17.64 123.57
414 28.94 60.03 204.51 34.06 149.51
415 28.84 87.16 50.83 13.98 85.02
416 29.20 78.16 112.33 18.34 93.30
417 29.18 83.67 58.43 15.36 91.64
418 29.12 45.08 65.71 54.29 189.45
419 29.25 70.35 180.03 22.94 116.73
420 29.29 72.86 151.55 21.40 120.04
421 29.34 62.49 203.11 27.93 125.09
422 29.37 86.19 47.86 15.29 88.39
423 29.37 15.84 96.05 20.20 129.75
424 29.31 31.78 46.56 44.24 179.01
425 29.41 38.48 53.71 46.58 162.85
426 29.44 42.76 68.05 48.00 175.86
427 29.48 65.85 213.61 23.07 122.00
428 29.65 80.59 89.85 18.22 98.48
429 29.68 68.18 194.61 23.18 119.89
430 29.64 47.11 117.38 44.59 191.42
431 29.56 51.55 180.95 33.84 171.44
432 29.72 49.35 158.52 34.58 179.93
433 29.81 22.02 105.04 22.54 152.02
434 29.88 29.97 71.37 33.34 164.65
435 29.98 27.62 85.35 25.09 159.94
436 29.85 58.08 213.44 26.63 153.13
437 29.78 33.94 67.62 41.74 178.94
438 29.93 88.73 38.76 12.55 86.56
439 29.93 19.29 135.78 21.99 141.52
440 29.93 24.91 109.25 22.92 158.38
441 30.00 36.27 83.20 33.61 172.23
442 30.12 55.74 224.91 26.20 147.73
443 30.00 60.43 217.48 25.98 133.18
444 30.17 40.43 99.49 30.90 175.02
445 30.10 53.34 219.05 30.55 152.48
446 30.21 64.13 194.90 23.52 135.98
447 30.29 74.39 108.29 16.69 123.13
448 30.17 44.86 142.48 34.56 182.23
449 30.45 76.96 83.57 17.00 110.35
450 30.52 14.27 124.76 19.96 121.72
451 30.64 85.34 42.49 14.14 88.48
452 30.31 86.59 39.06 14.06 99.37
453 30.64 71.52 128.71 19.74 120.00
454 30.67 82.81 48.64 14.98 95.21
455 30.72 17.05 137.01 19.39 129.13
456 30.70 32.02 136.02 27.67 169.68
457 30.61 38.42 136.10 32.05 159.61
458 30.58 42.56 161.08 30.04 185.24
459 30.70 69.25 149.52 20.84 136.29
460 30.76 79.68 57.83 16.13 105.01
461 30.75 48.18 203.64 26.83 162.00
462 30.83 61.75 184.87 25.05 133.75
463 30.80 66.81 131.81 22.26 139.87
464 30.79 50.99 214.70 29.03 160.76
465 30.76 34.35 158.15 30.94 162.61
466 31.00 23.24 159.81 21.03 149.75
467 30.92 58.58 208.98 26.63 138.73
468 31.11 19.98 149.80 21.13 131.18
469 31.03 26.24 179.37 24.44 147.62
470 31.07 29.32 175.00 25.02 165.93
471 31.10 45.72 199.64 29.98 168.48
472 31.12 53.98 222.38 25.92 155.13
473 31.05 89.41 29.13 11.22 87.24
474 31.27 87.81 36.31 12.82 93.56
475 31.25 36.48 187.20 28.54 180.47
476 31.38 56.43 188.91 25.77 153.25
477 31.28 64.44 116.37 22.53 132.24
478 31.32 11.66 132.43 17.31 108.76
479 31.48 73.50 69.21 18.12 131.28
480 31.53 40.57 202.62 28.33 178.26
481 31.59 43.16 220.26 27.36 163.76
482 31.71 75.79 51.35 16.63 115.04
483 31.79 49.45 218.92 26.16 153.49
484 31.83 78.38 44.92 15.63 109.18
485 31.82 59.68 131.35 23.43 162.86
486 31.98 83.94 42.84 14.40 94.53
487 31.90 38.50 201.62 27.07 170.60
488 31.90 52.25 211.45 25.70 149.40
489 31.99 81.15 42.16 15.44 100.05
490 31.92 32.22 192.88 26.27 192.85
491 31.92 34.51 212.83 27.26 165.02
492 31.91 68.87 75.03 20.67 134.62
493 32.01 71.19 54.29 18.14 127.75
494 32.11 13.81 127.69 18.11 116.43
495 32.03 47.27 210.87 25.76 154.77
496 32.02 61.78 107.87 22.72 147.99
497 32.07 16.54 139.13 19.04 130.99
498 32.08 21.65 166.42 21.68 123.16
499 32.14 27.60 191.67 23.78 148.07
500 32.14 24.92 180.25 21.45 134.74
501 32.09 66.47 72.90 20.15 135.85
502 32.43 86.93 39.59 13.54 90.01
503 32.34 89.90 44.47 10.92 83.49
504 32.31 30.05 210.19 24.43 162.10
505 32.34 44.83 201.26 28.43 169.76
506 32.28 54.86 146.32 24.20 151.02
507 32.48 19.02 140.02 19.28 138.26
508 32.42 10.12 96.19 16.80 112.31
509 32.37 63.96 70.30 22.01 157.82
510 32.50 57.78 115.45 23.64 158.61
511 32.60 36.56 205.41 25.14 150.92
512 32.45 41.62 212.82 28.05 159.37
513 32.71 50.87 161.46 26.06 178.90
514 32.77 73.60 45.04 18.37 116.80
515 32.81 76.56 43.76 16.43 119.13
516 32.99 33.41 207.96 25.87 172.59
517 32.97 38.97 189.04 26.34 158.22
518 33.09 23.06 148.11 20.42 143.80
519 33.16 48.87 130.47 27.79 176.82
520 33.13 53.23 106.42 25.37 169.57
521 33.30 60.47 61.78 22.22 150.77
522 33.20 67.67 48.47 20.84 128.39
523 33.19 79.59 48.24 16.03 111.06
524 33.15 46.66 184.22 27.80 184.33
525 33.24 70.27 46.39 19.06 133.83
526 33.17 43.36 187.19 25.51 145.22
527 33.23 65.26 50.06 21.44 132.14
528 33.35 82.44 62.98 15.41 103.70
529 33.42 31.20 183.98 23.20 159.32
530 33.35 62.84 50.33 22.00 156.95
531 33.35 25.66 160.63 20.87 154.08
532 33.39 28.24 176.48 22.85 152.26
533 33.53 11.23 66.68 16.13 123.43
534 33.42 14.11 89.36 17.60 122.01
535 33.52 20.77 104.85 19.78 142.44
536 33.32 41.16 178.52 21.24 182.22
537 33.46 55.73 67.28 23.47 155.22
538 33.19 77.45 40.92 16.12 100.96
539 33.49 16.88 83.06 17.82 127.67
540 33.47 91.40 71.57 11.30 82.86
541 33.64 85.14 82.00 14.87 100.95
542 33.56 35.37 179.64 23.73 158.47
543 33.59 58.25 58.00 22.17 154.94
544 33.85 8.69 50.19 14.84 99.07
545 33.71 88.63 83.17 12.49 95.09
546 33.85 51.22 93.09 26.55 157.38
547 33.97 37.34 135.67 22.73 168.28
548 33.88 45.22 125.96 25.57 196.99
549 33.93 75.25 45.71 17.54 124.45
550 33.91 72.35 44.50 18.18 123.15
551 34.05 39.77 121.26 24.66 175.84
552 34.23 33.52 147.03 23.92 172.26
553 34.10 86.35 83.30 14.00 85.68
554 34.18 23.91 109.13 21.74 145.85
555 34.31 77.60 73.28 17.29 123.32
556 34.27 42.52 92.89 25.09 174.76
557 34.26 65.70 46.98 21.38 140.36
558 34.31 29.52 130.75 21.08 168.21
559 34.35 53.57 60.91 24.47 161.10
560 34.42 68.52 43.06 19.06 122.93
561 34.45 18.92 65.88 18.40 136.51
562 34.35 49.11 67.31 25.24 168.24
563 34.51 80.25 101.36 16.84 109.32
564 34.41 26.49 112.62 21.91 127.73
565 34.38 62.38 41.49 21.54 140.95
566 34.60 12.93 50.31 17.92 114.85
567 34.65 46.99 65.90 25.90 176.89
568 34.64 56.12 49.57 23.84 155.25
569 34.69 58.88 47.99 21.91 149.96
570 34.81 83.13 110.89 15.64 104.38
571 34.83 21.67 62.40 19.69 145.36
572 34.84 31.36 96.58 21.55 148.17
573 34.92 16.05 47.96 17.98 129.44
574 34.97 70.72 52.98 19.75 129.88
575 34.82 90.51 98.46 12.68 77.82
576 34.83 35.52 90.71 22.80 170.44
577 34.86 44.65 78.31 24.69 192.60
578 34.94 73.52 59.14 17.86 128.66
579 34.97 38.44 76.92 22.56 167.80
580 35.07 9.13 35.52 14.75 106.70
581 35.15 51.30 49.76 25.25 158.33
582 35.16 40.73 71.75 25.32 174.77
583 35.18 28.07 74.02 21.48 156.17
584 35.32 85.75 124.70 14.52 98.72
585 35.34 24.17 56.87 18.52 137.80
586 35.32 63.99 49.15 22.55 157.02
587 35.37 66.31 47.43 21.58 131.26
588 35.30 10.61 39.38 16.86 108.74
589 35.38 61.26 43.26 22.91 142.10
590 35.67 75.35 112.78 17.71 122.05
591 35.52 33.64 68.90 23.04 166.64
592 35.48 42.98 57.88 24.58 180.95
593 35.58 48.93 44.53 23.71 164.14
594 35.58 53.50 48.39 24.61 148.09
595 35.63 77.86 129.84 16.86 116.16
596 35.93 88.60 118.81 14.19 91.59
597 35.74 18.96 39.45 17.43 128.03
598 35.78 36.74 52.93 22.10 167.53
599 35.79 56.08 44.19 22.72 152.20
600 35.85 81.01 146.76 16.80 100.96
601 35.77 46.21 45.85 25.48 161.67
602 35.95 68.06 61.32 20.39 145.02
603 35.83 13.39 37.23 16.84 119.62
604 35.88 58.71 45.75 23.77 146.24
605 35.98 26.17 49.41 19.77 151.40
606 35.98 31.49 57.59 22.47 164.89
607 36.12 21.86 43.64 18.51 148.25
608 36.22 29.12 48.46 20.43 158.46
609 36.21 70.20 101.28 19.43 133.79
610 35.99 90.91 104.55 12.21 67.86
611 36.28 92.19 95.55 11.14 81.22
612 36.19 39.05 51.16 24.14 168.53
613 36.16 72.62 134.31 18.61 120.47
614 36.23 7.53 30.23 14.02 105.41
615 36.33 16.35 35.75 17.89 128.11
616 36.48 83.77 139.65 16.59 100.84
617 36.39 35.06 51.16 22.78 174.62
618 36.41 41.54 42.35 24.46 152.12
619 36.43 63.41 72.04 21.91 152.82
620 36.41 10.64 32.24 17.16 114.90
621 36.53 44.04 45.25 26.25 164.76
622 36.59 50.85 47.68 25.13 161.90
623 36.62 60.71 66.17 23.26 150.06
624 36.76 24.09 38.71 18.45 144.52
625 36.64 48.43 46.96 24.28 155.43
626 36.76 65.94 102.46 22.84 149.73
627 36.77 79.19 163.12 17.48 110.44
628 36.73 53.34 43.30 23.20 156.98
629 36.92 32.79 42.70 20.78 153.41
630 37.03 86.50 122.99 15.31 92.43
631 36.98 19.91 36.73 18.19 141.22
632 36.91 46.04 50.48 24.88 166.56
633 37.08 76.58 162.10 17.90 123.93
634 37.06 27.09 41.21 20.41 159.67
635 36.90 55.86 58.68 24.37 163.64
636 37.17 37.40 41.84 24.34 151.93
637 37.02 58.24 74.45 24.75 182.60
638 37.11 13.97 40.30 17.58 142.77
639 37.21 74.01 182.24 19.79 120.25
640 37.16 30.20 42.28 21.42 153.36
641 37.22 89.79 97.02 12.97 91.09
642 37.26 68.46 143.07 21.89 141.05
643 37.35 40.08 41.29 26.13 163.98
644 37.44 81.74 141.73 14.60 111.57
645 37.39 8.11 31.43 13.97 105.34
646 37.37 71.26 176.23 20.16 141.16
647 37.38 93.49 70.82 10.53 69.28
648 37.44 17.42 38.92 18.22 131.20
649 37.45 34.89 42.93 21.88 165.56
650 37.47 62.12 98.88 22.08 115.00
651 37.65 11.38 38.50 16.85 123.87
652 37.76 22.46 39.34 18.58 140.24
653 37.60 42.87 48.67 24.24 167.47
654 37.64 47.72 60.87 24.50 182.10
655 37.83 64.60 163.03 23.67 148.54
656 37.78 52.25 78.62 28.42 181.36
657 37.86 25.31 40.73 20.65 128.68
658 37.89 50.01 69.05 24.37 172.37
659 37.64 88.36 106.26 13.89 62.26
660 37.97 54.75 88.49 23.23 166.65
661 38.06 84.52 120.27 16.19 96.45
662 38.11 59.71 128.70 24.24 154.77
663 38.08 31.30 44.35 21.70 158.56
664 38.03 45.46 62.60 24.95 172.69
665 38.02 78.93 150.66 17.75 116.30
666 38.06 28.24 43.50 20.06 156.18
667 38.09 57.20 152.13 26.23 165.68
668 38.28 15.16 51.12 17.19 138.72
669 38.23 66.94 169.71 21.61 134.69
670 38.20 20.09 47.29 18.16 154.00
671 38.48 91.70 69.12 12.53 85.36
672 38.31 38.40 59.04 23.93 155.85
673 38.39 76.00 159.18 18.83 119.90
674 38.48 33.75 42.63 22.09 147.45
675 38.40 36.29 57.27 23.45 156.34
676 38.41 69.71 180.50 23.79 145.37
677 38.47 90.06 80.85 12.93 76.57
678 38.44 40.77 62.49 24.29 165.55
679 38.43 72.92 177.09 19.02 128.56
680 38.55 87.48 101.12 15.02 90.90
681 38.65 62.48 184.42 24.63 143.13
682 38.65 9.53 55.49 16.33 136.99
683 38.72 94.10 49.02 9.97 65.75
684 38.68 17.81 61.06 18.48 128.15
685 38.69 43.59 89.34 24.78 184.51
686 38.81 23.99 62.88 20.07 162.24
687 38.75 81.40 144.01 17.95 102.76
688 38.78 48.02 102.32 23.94 179.62
689 38.86 52.83 167.42 27.46 176.98
690 38.96 12.78 75.25 17.49 151.46
691 39.05 26.23 69.77 22.05 155.75
692 39.08 29.10 65.37 21.34 161.84
693 39.09 50.52 151.04 26.89 179.14
694 39.13 65.04 188.61 24.15 160.94
695 39.26 21.24 73.37 18.79 144.59
696 39.20 55.26 186.21 26.53 177.28
697 39.25 31.84 80.26 22.41 172.72
698 39.15 45.70 132.86 24.67 185.45
699 39.27 78.45 121.74 17.49 117.18
700 39.30 57.72 204.22 25.26 165.52
701 39.38 60.27 191.76 24.49 169.57
702 39.37 67.57 176.54 23.81 161.77
703 39.35 84.02 104.51 16.80 101.23
704 39.48 37.17 103.56 24.75 182.39
705 39.42 41.80 130.65 24.27 174.12
706 39.54 34.72 103.94 24.64 171.72
707 39.65 39.33 141.13 26.21 175.40
708 39.58 70.10 165.12 22.96 144.61
709 39.55 72.39 169.09 20.05 141.97
710 39.54 75.30 138.22 19.09 129.67
711 39.64 15.50 87.41 18.18 154.80
712 39.69 89.97 52.30 13.96 80.91
713 39.85 7.40 87.64 14.55 137.76
714 39.93 18.47 107.14 19.10 162.64
715 39.94 10.71 102.12 17.46 147.09
716 39.87 87.24 65.01 15.23 95.34
717 39.98 23.26 124.33 20.72 171.95
718 39.99 43.72 179.41 25.96 168.30
719 40.02 63.04 183.05 24.65 166.97
720 40.01 92.79 37.89 12.17 70.72
721 39.99 80.88 91.57 16.59 101.65
722 40.11 27.41 122.83 20.65 177.29
723 40.00 49.20 184.04 26.66 175.15
724 40.12 46.85 200.74 28.41 180.86
725 39.99 53.03 201.63 27.11 175.08
726 40.15 30.18 130.31 22.92 173.42
727 40.45 65.51 144.54 23.23 169.56
728 40.47 13.45 123.62 17.22 157.29
729 40.38 32.83 140.08 25.06 181.10
730 40.31 55.60 199.88 25.69 187.51
731 40.60 25.25 151.82 22.61 169.46
732 40.40 77.36 84.34 18.14 116.13
733 40.54 57.93 186.06 24.99 179.26
734 40.51 60.40 195.30 25.85 173.53
735 40.50 68.77 151.13 22.79 154.89
736 40.63 35.85 153.85 23.93 172.41
737 40.57 40.86 179.79 27.68 190.84
738 40.52 84.59 54.63 15.02 87.38
739 40.66 20.50 129.56 20.68 174.89
740 40.68 51.20 212.80 27.25 191.96
741 40.58 73.95 109.16 20.33 136.02
742 40.71 71.18 115.04 22.09 130.10
743 40.90 16.55 113.55 20.10 164.85
744 40.92 38.40 196.16 26.91 166.67
745 40.96 45.14 209.89 27.13 188.53
746 41.04 91.26 39.22 13.74 64.02
747 41.07 5.87 88.18 13.90 123.07
748 41.08 82.01 53.05 16.67 98.11
749 40.98 89.65 41.09 14.83 69.72
750 41.22 94.27 27.96 10.48 50.57
751 41.11 8.73 100.45 16.21 164.13
752 41.02 49.02 205.60 27.44 187.06
753 41.17 28.80 137.19 21.82 180.10
754 41.19 22.64 146.16 21.12 182.53
755 41.26 42.82 185.37 26.86 176.16
756 41.11 53.55 200.98 27.12 188.86
757 41.23 79.23 63.57 17.90 117.34
758 41.33 87.02 41.42 14.83 72.57
759 41.18 62.29 149.14 24.60 170.61
760 41.34 67.34 107.41 23.53 157.11
761 41.47 31.17 168.37 23.92 184.85
762 41.47 11.56 105.08 18.16 157.89
763 41.51 33.75 169.78 23.87 177.41
764 41.54 46.99 200.97 27.66 179.25
765 41.56 56.08 179.85 26.27 181.32
766 41.49 76.12 63.60 18.53 122.71
767 41.69 19.03 127.24 20.09 172.95
768 41.78 26.73 155.07 21.57 178.34
769 41.60 58.99 169.22 25.62 182.05
770 41.64 72.88 75.72 20.53 141.07
771 41.62 64.70 110.69 23.26 136.70
772 41.84 69.78 90.03 21.75 140.88
773 41.82 14.38 113.34 18.95 158.12
774 41.76 40.55 193.80 24.70 176.06
775 41.84 36.45 181.90 25.84 190.46
776 41.87 84.55 39.86 15.81 75.40
777 41.93 24.27 161.00 21.06 173.60
778 41.85 51.38 187.46 29.81 169.92
779 42.14 48.96 177.99 26.30 194.49
780 42.16 44.33 179.71 26.86 183.64
781 42.09 53.81 170.38 27.37 190.01
782 42.04 89.06 43.79 14.68 69.16
783 42.33 21.55 133.01 20.28 173.43
784 42.24 61.55 110.23 23.47 176.00
785 42.38 16.76 107.68 18.62 171.53
786 42.31 38.59 165.84 24.00 197.67
787 42.39 81.25 40.85 16.56 75.03
788 42.45 92.27 38.06 13.42 48.87
789 42.35 8.22 77.82 17.21 139.18
790 42.35 29.32 150.87 23.68 184.05
791 42.37 78.07 46.85 16.81 98.75
792 42.47 66.80 72.15 21.92 145.29
793 42.37 90.26 39.02 13.24 60.02
794 42.59 57.10 114.04 24.88 162.80
795 42.72 63.73 70.74 23.64 147.49
796 42.54 74.58 57.22 21.30 107.00
797 42.70 31.87 148.02 24.35 200.62
798 42.63 34.33 146.85 23.85 194.70
799 42.78 71.67 58.00 21.10 118.08
800 42.70 11.34 79.14 17.00 153.47
801 42.64 41.85 145.54 25.64 161.36
802 42.70 59.40 89.61 23.73 167.43
803 42.88 94.68 37.61 11.46 31.28
804 42.69 46.59 158.44 27.19 166.27
805 42.93 86.87 51.84 15.65 53.15
806 42.93 25.38 130.58 22.74 178.05
807 43.03 19.20 105.53 19.71 168.73
808 42.97 50.35 130.31 26.22 181.62
809 43.08 54.90 95.59 26.35 188.36
810 43.17 6.22 64.20 15.43 121.67
811 43.00 52.55 128.00 26.50 193.62
812 43.03 69.19 62.56 20.81 113.49
813 43.15 13.94 86.44 18.17 169.74
814 43.15 27.55 131.47 21.53 187.29
815 43.07 36.59 146.85 24.44 192.04
816 43.10 83.75 50.67 15.43 64.11
817 43.27 23.13 112.01 21.49 174.36
818 43.25 39.93 137.00 25.76 181.60
819 43.26 43.89 137.29 25.51 190.30
820 43.42 76.88 57.17 20.91 89.67
821 43.53 89.63 61.59 14.35 40.72
822 43.50 65.69 64.51 20.32 132.86
823 43.56 79.51 54.52 17.70 68.74
824 43.60 30.08 112.10 23.95 189.46
825 43.55 48.48 108.46 26.23 187.93
826 43.58 61.52 65.75 23.33 134.83
827 43.66 16.38 75.61 19.15 159.78
828 43.67 74.48 55.36 20.45 83.21
829 43.76 10.07 61.47 17.65 138.04
830 43.74 33.43 118.34 22.73 195.47
831 43.74 46.18 109.46 25.26 173.73
832 43.77 58.93 57.40 22.69 132.59
833 43.94 21.00 84.23 20.71 163.22
834 43.97 41.50 97.93 24.09 144.20
835 43.86 56.48 69.15 26.75 148.14
836 43.98 38.13 89.69 23.77 168.75
837 44.02 67.49 53.76 20.88 105.07
838 44.04 72.22 65.25 19.88 87.90
839 44.07 91.96 73.11 12.42 28.66
840 44.07 51.26 85.19 26.02 160.35
841 44.06 63.75 56.93 23.36 120.58
842 44.16 69.94 60.61 22.92 96.90
843 44.12 93.48 74.71 10.75 31.76
844 44.17 95.43 55.45 10.09 16.19
845 44.08 53.67 74.10 24.66 145.34
846 44.24 81.63 87.52 17.48 51.88
847 44.26 35.62 89.34 23.34 178.88
848 44.19 25.11 81.20 22.33 163.70
849 44.33 84.56 102.86 17.58 40.46
850 44.20 4.10 31.77 12.80 82.78
851 44.24 27.80 91.26 22.96 178.88
852 44.30 86.99 113.99 16.46 36.88
853 44.33 13.09 53.58 16.68 128.06
854 44.42 18.58 64.61 18.73 153.23
855 44.48 6.92 35.24 14.11 109.42
856 44.45 31.66 87.79 23.57 169.61
857 44.49 44.28 74.16 24.81 156.36
858 44.63 48.96 64.56 25.90 150.73
859 44.73 22.65 60.42 20.86 158.06
860 44.63 77.40 79.74 19.25 56.86
861 44.72 60.38 53.09 24.02 106.08
862 44.92 89.97 111.99 14.57 29.14
863 44.94 15.93 46.08 17.27 123.57
864 44.89 46.69 65.14 26.78 151.60
865 44.87 57.86 58.77 25.18 119.76
866 44.97 9.65 35.34 16.77 108.67
867 44.91 55.47 59.55 24.80 126.86
868 44.88 74.55 97.60 21.13 60.40
869 44.90 42.18 67.63 25.55 162.70
870 45.11 29.49 62.61 22.56 150.86
871 44.98 62.69 65.98 23.68 111.94
872 45.03 65.36 69.22 23.99 85.88
873 44.80 88.20 114.67 14.60 36.23
874 45.09 33.95 60.62 22.89 155.18
875 45.27 79.76 121.61 18.14 40.92
876 45.06 38.00 59.67 23.17 148.52
877 45.13 67.80 76.56 22.95 75.60
878 45.17 53.12 58.17 26.65 128.33
879 45.28 26.68 56.94 22.82 152.05
880 45.40 20.09 46.90 19.98 127.07
881 45.47 40.25 54.76 24.32 141.30
882 45.35 50.70 58.94 28.14 128.75
883 45.38 72.05 106.88 21.55 55.56
884 45.42 82.84 136.76 17.54 33.16
885 45.36 93.38 107.82 13.65 22.68
886 45.53 4.44 27.11 13.34 78.43
887 45.48 12.12 31.83 17.30 103.06
888 45.54 69.81 107.37 22.81 59.42
889 45.56 91.67 116.58 15.15 20.74
890 45.61 24.24 45.59 20.26 129.64
891 45.73 86.40 149.81 18.31 26.31
892 45.63 31.79 52.38 23.85 128.44
893 45.71 45.08 61.15 24.48 122.53
894 45.83 36.08 51.16 23.48 122.07
895 45.72 48.16 58.57 25.33 113.93
896 45.76 76.35 153.12 20.40 43.56
897 45.85 59.20 91.26 26.09 85.11
898 46.11 7.15 23.48 14.68 58.25
899 46.04 17.60 38.86 18.02 104.86
900 46.09 14.78 34.35 18.01 91.58
901 45.94 42.74 55.02 23.22 108.17
902 46.01 56.75 93.62 27.97 84.52
903 45.97 61.82 96.35 25.13 76.35
904 46.12 64.50 117.04 26.92 52.15
905 46.17 21.95 43.09 21.07 112.74
906 46.16 54.33 85.10 25.10 88.36
907 46.33 27.44 46.84 20.55 111.84
908 46.24 51.64 73.99 25.68 103.20
909 46.20 66.94 142.28 23.70 48.67
910 46.34 73.82 177.64 23.96 44.22
911 46.46 89.27 125.16 17.22 20.05
912 46.46 9.82 33.52 17.54 70.96
913 46.34 33.86 49.58 22.09 113.58
914 46.35 38.48 52.45 24.55 99.19
915 46.40 29.83 48.66 24.84 108.59
916 46.62 78.53 170.99 21.17 28.44
917 46.51 94.11 119.96 13.50 15.11
918 46.57 84.18 157.03 19.38 25.00
919 46.66 81.30 158.06 19.05 26.71
920 46.60 49.40 88.53 27.72 94.97
921 46.64 69.15 182.59 22.80 43.85
922 46.75 71.55 177.55 22.51 37.81
923 46.77 24.99 49.20 21.23 90.28
924 46.64 46.65 88.20 25.38 87.93
925 46.81 12.54 38.18 17.08 79.55
926 46.76 41.16 68.01 25.13 95.76
927 46.66 92.30 118.04 15.81 17.88
928 46.91 19.59 46.97 20.79 79.85
929 46.87 43.97 80.06 23.29 83.39
930 46.90 59.66 141.66 25.66 57.84
931 46.98 31.71 51.21 24.17 85.83
932 47.08 75.94 193.33 21.67 29.80
933 47.16 57.43 159.99 27.83 56.47
934 47.06 61.93 177.40 24.94 55.06
935 47.07 36.24 67.07 22.89 74.80
936 47.11 52.67 132.91 26.25 70.15
937 47.27 64.19 203.05 25.96 42.18
938 47.19 16.74 46.19 18.93 71.98
939 47.26 55.12 148.29 28.41 54.67
940 46.98 91.28 121.18 13.59 17.00
941 47.33 22.39 53.01 20.81 79.58
942 47.36 66.37 189.18 25.95 38.86
943 47.49 86.85 102.59 18.27 18.78
944 47.64 4.97 38.93 13.72 39.16
945 47.38 7.37 40.59 16.81 56.54
946 47.58 14.42 52.70 18.03 59.46
947 47.52 26.84 65.63 22.33 77.15
948 47.46 39.03 103.66 24.55 69.32
949 47.57 29.21 64.33 21.39 73.39
950 47.58 33.69 68.20 23.31 63.14
951 47.60 48.34 179.28 29.08 62.72
952 47.64 45.63 159.33 30.09 64.91
953 47.74 50.70 164.88 27.21 52.20
954 47.56 91.21 103.97 15.92 15.39
955 47.68 73.68 171.75 23.80 28.17
956 47.79 83.08 141.94 19.95 22.31
957 47.73 10.47 51.10 18.31 48.99
958 47.77 68.84 192.21 23.90 28.47
959 48.04 80.05 140.07 20.42 19.92
960 47.97 93.72 86.83 13.68 11.84
961 48.06 41.09 149.77 27.16 53.35
962 47.98 43.27 149.44 27.78 57.95
963 47.99 71.30 190.98 23.77 27.40
964 48.08 20.20 76.54 19.04 57.85
965 48.04 24.16 77.09 23.89 58.49
966 48.18 77.29 147.47 22.13 21.92
967 48.29 17.76 86.00 19.48 49.12
968 48.07 60.09 204.05 27.44 38.10
969 48.14 36.52 144.72 25.57 53.53
970 48.19 31.23 92.66 24.11 55.85
971 48.23 62.60 213.01 27.50 34.39
972 48.20 53.03 209.78 28.75 48.59
973 48.38 57.53 204.79 30.42 40.80
974 48.40 89.72 64.58 17.06 13.32
975 48.53 8.40 76.11 17.76 36.00
976 48.45 55.31 212.64 29.85 43.86
977 48.60 12.60 84.72 19.20 36.47
978 48.63 85.05 95.36 19.15 16.96
979 48.61 38.67 193.22 29.89 42.46
980 48.52 66.81 171.17 27.03 26.88
981 48.54 47.03 204.22 28.82 44.30
982 48.61 26.20 112.02 21.64 53.85
983 48.73 34.32 159.71 24.84 45.53
984 48.75 64.60 178.34 27.36 27.24
985 48.69 49.49 204.57 29.36 38.81
986 48.75 74.32 132.04 22.96 21.99
987 48.94 15.32 104.26 21.28 35.01
988 48.86 21.84 112.66 20.61 42.40
989 48.80 28.77 125.13 24.72 40.21
990 48.89 5.66 88.65 16.93 26.47
991 48.86 3.46 77.67 13.90 21.02
992 48.96 44.89 206.82 29.16 36.93
993 48.92 69.25 149.16 25.93 24.01
994 48.82 87.70 64.32 19.06 15.47
995 49.14 82.12 90.24 19.61 14.88
996 49.21 32.11 166.37 26.03 41.44
997 49.17 51.97 200.38 28.46 30.90
998 49.20 71.68 127.72 24.76 20.88
999 49.30 42.64 199.37 29.78 34.12
1000 49.19 59.34 192.33 28.54 28.92
1001 49.15 94.88 41.21 13.96 7.79
1002 49.29 92.60 50.37 16.32 11.67
1003 49.24 24.20 139.76 25.23 36.51
1004 49.29 61.78 180.06 28.38 24.70
1005 49.38 40.21 158.36 25.28 31.99
1006 49.45 76.51 87.99 22.72 15.29
1007 49.52 79.18 74.36 22.78 13.90
1008 49.47 18.75 124.01 21.50 35.21
1009 49.51 10.22 97.27 18.57 28.02
1010 49.35 86.87 62.69 20.14 13.14
1011 49.48 54.35 207.13 29.62 30.47
1012 49.56 56.80 179.63 30.27 28.27
1013 49.49 36.61 177.28 26.90 31.07
1014 49.64 30.32 142.52 24.76 26.91
1015 49.56 47.64 196.73 30.00 27.04
1016 49.72 88.94 48.78 21.77 12.67
1017 49.69 26.90 164.84 24.72 30.65
1018 49.66 66.54 115.11 26.50 18.74
1019 49.74 49.98 197.12 29.09 26.66
1020 49.91 12.79 110.35 20.74 23.53
1021 49.99 7.38 83.99 17.50 20.10
1022 49.98 63.80 107.05 27.08 18.50
1023 49.75 83.67 57.13 19.32 12.00
1024 50.11 16.65 132.93 22.13 22.21
1025 49.99 33.87 165.07 26.32 28.09
1026 50.00 73.69 78.24 24.23 15.35
1027 49.89 90.51 41.04 16.65 10.75
1028 50.05 20.66 142.56 22.07 30.99
1029 49.98 84.68 52.58 21.02 13.09
1030 50.01 69.36 89.10 26.17 14.84
1031 50.28 3.94 73.11 15.34 13.84
1032 50.19 45.72 165.93 32.30 22.18
1033 50.09 95.40 27.12 14.68 7.03
1034 50.23 22.90 145.27 23.64 28.13
1035 50.35 38.35 132.76 28.24 22.80
1036 50.32 58.72 138.82 31.77 20.90
1037 50.40 28.70 129.21 24.98 22.80
1038 50.34 52.84 158.33 32.06 26.85
1039 50.36 61.15 125.08 30.27 21.42
1040 50.45 40.95 146.40 29.83 23.38
1041 50.50 43.52 147.60 29.46 22.65
1042 50.45 81.48 48.72 21.32 12.03
1043 50.24 85.85 46.03 23.48 11.10
1044 50.47 25.11 138.04 24.98 27.28
1045 50.51 55.12 125.23 29.18 20.87
1046 50.57 71.68 64.52 26.72 14.24
1047 50.69 14.64 98.32 19.43 18.45
1048 50.71 31.60 138.82 24.69 20.78
1049 50.65 48.00 127.74 28.77 20.45
1050 50.58 86.95 42.10 22.55 10.37
1051 50.66 35.78 127.67 26.40 22.40
1052 50.67 67.36 69.96 29.24 15.64
1053 50.65 76.14 51.37 23.96 11.99
1054 50.74 50.72 144.74 30.46 20.30
1055 50.78 10.45 78.49 19.01 14.34
1056 50.92 78.74 45.93 24.75 12.14
1057 50.63 88.27 39.00 23.82 10.43
1058 50.85 92.56 29.77 20.04 8.04
1059 50.98 65.17 70.40 30.80 15.72
1060 50.89 90.23 34.14 22.06 9.33
1061 51.16 19.77 97.36 22.00 17.70
1062 51.12 57.19 85.09 29.88 17.51
1063 51.07 83.48 43.67 25.50 9.97
1064 51.24 69.66 55.38 30.32 13.05
1065 50.83 95.50 26.00 16.67 3.67
1066 51.14 96.32 18.32 17.11 5.29
1067 51.31 6.48 57.34 18.32 10.75
1068 51.17 8.08 55.81 19.20 13.89
1069 51.21 62.62 73.43 31.01 16.76
1070 51.06 84.76 40.97 26.06 10.40
1071 51.39 17.38 83.12 21.27 15.98
1072 51.25 26.76 103.44 27.08 18.82
1073 51.19 73.86 46.46 26.03 12.26
1074 51.33 59.88 72.35 30.98 15.38
1075 51.38 22.05 91.32 24.12 16.99
1076 51.33 33.66 94.21 28.30 16.78
1077 51.50 13.03 68.41 21.54 14.93
1078 51.46 45.12 84.44 29.99 17.97
1079 51.51 29.22 96.68 25.76 15.39
1080 51.45 39.39 86.10 28.45 18.58
1081 51.44 52.74 91.13 31.18 16.88
1082 51.56 4.54 42.93 17.87 7.52
1083 51.60 36.35 77.54 28.62 16.34
1084 51.47 42.21 85.77 31.75 17.02
1085 51.51 89.47 33.90 22.11 7.96
1086 51.59 24.33 87.45 24.30 14.92
1087 51.44 87.18 37.55 26.63 10.47
1088 51.64 80.98 45.24 29.86 11.26
1089 51.58 49.59 83.10 33.49 17.85
1090 51.61 55.07 77.88 33.71 17.18
1091 51.53 95.20 21.46 18.95 4.64
1092 51.73 47.33 81.95 32.25 17.82
1093 51.58 85.50 38.03 24.45 7.82
1094 51.79 71.97 52.00 34.18 12.26
1095 51.74 76.34 49.26 32.13 10.91
1096 51.76 67.26 51.03 33.41 11.32
1097 51.82 10.03 50.85 19.73 11.94
1098 51.99 15.27 55.60 21.76 11.57
1099 52.04 92.06 32.91 24.13 6.51
1100 52.04 31.11 72.80 27.54 14.41
1101 52.15 11.23 49.15 21.20 9.83
1102 52.04 64.46 53.62 34.23 12.79
1103 52.16 93.75 30.11 25.08 6.00
1104 52.17 57.33 58.78 31.94 13.64
1105 52.32 78.61 59.17 35.11 10.22
1106 51.96 86.90 41.12 21.69 8.56
1107 52.33 51.43 72.05 32.35 13.65
1108 52.26 83.19 44.58 32.45 8.91
1109 52.25 27.16 58.87 26.68 13.86
1110 52.34 62.11 56.29 38.16 14.02
1111 52.53 8.03 40.04 20.81 8.55
1112 52.36 43.11 58.78 33.13 14.26
1113 52.13 9.00 42.93 20.43 8.93
1114 52.33 19.10 52.94 22.31 11.45
1115 52.37 38.12 59.32 31.43 14.08
1116 52.36 59.64 62.47 37.76 14.22
1117 52.45 33.25 61.56 27.65 13.72
1118 52.49 74.02 56.63 39.56 10.47
1119 52.40 69.61 57.63 42.16 11.14
1120 52.51 49.03 63.59 34.43 13.25
1121 52.36 89.12 40.71 25.86 7.98
1122 52.54 95.08 27.82 22.20 4.88
1123 52.45 21.96 57.39 26.33 12.40
1124 52.56 53.65 69.25 38.51 13.94
1125 52.71 3.24 25.56 18.14 6.52
1126 52.51 24.86 55.10 28.09 12.09
1127 52.55 40.66 65.60 36.33 13.71
1128 52.61 46.00 61.40 35.80 12.37
1129 52.66 85.57 58.86 34.53 8.68
1130 52.63 35.49 56.50 35.09 13.95
1131 52.86 5.14 30.54 18.75 6.19
1132 52.64 6.55 38.02 21.05 7.42
1133 52.58 13.07 40.17 23.34 9.63
1134 52.81 17.00 42.71 25.99 9.36
1135 52.79 67.20 66.31 44.28 9.74
1136 52.69 87.60 44.79 30.13 8.23
1137 52.91 28.96 51.06 33.07 11.87
1138 52.92 55.60 64.44 42.22 13.33
1139 53.01 76.26 63.56 42.61 9.11
1140 53.03 80.92 66.16 38.45 9.20
1141 53.11 71.70 89.37 49.07 9.89
1142 53.03 65.04 69.23 46.19 10.93
1143 53.00 13.88 37.65 25.54 9.79
1144 53.14 31.25 55.49 34.47 11.72
1145 53.20 10.63 40.08 25.92 8.73
1146 53.37 91.69 67.56 31.97 6.82
1147 53.28 26.51 44.24 31.54 9.64
1148 53.28 43.95 69.77 43.62 12.37
1149 53.22 57.88 65.97 43.31 12.14
1150 53.38 63.02 74.34 48.00 11.50
1151 53.32 50.94 88.93 46.70 12.69
1152 53.37 19.41 39.98 29.36 8.82
1153 53.37 60.48 77.32 52.41 11.93
1154 53.44 21.41 46.67 32.60 9.10
1155 53.45 23.95 42.61 34.36 9.49
1156 53.42 38.33 62.74 42.58 10.39
1157 53.42 47.95 64.70 45.22 11.93
1158 53.58 83.86 94.77 41.67 7.79
1159 53.69 94.69 56.33 29.46 5.34
1160 53.53 41.38 70.34 45.74 11.71
1161 53.47 69.20 83.81 47.33 8.95
1162 53.61 15.33 37.58 28.58 8.01
1163 53.63 33.43 59.43 39.00 10.30
1164 53.73 78.45 98.95 45.01 7.98
1165 53.85 7.41 29.01 27.76 5.97
1166 53.69 35.71 66.69 42.15 9.61
1167 53.70 74.04 94.07 47.73 8.41
1168 53.83 87.23 101.48 34.55 6.65
1169 53.73 54.09 76.82 54.36 13.20
1170 53.94 12.62 37.43 31.82 7.28
1171 53.96 45.61 79.19 51.58 10.13
1172 53.97 66.37 103.96 56.00 10.53
1173 54.06 17.72 41.50 34.28 6.73
1174 53.95 29.23 65.35 44.28 10.05
1175 54.16 5.12 30.55 25.08 5.23
1176 54.13 52.20 97.35 56.58 11.79
1177 54.13 56.07 103.59 52.37 10.58
1178 54.05 58.60 119.40 62.09 11.74
1179 54.24 10.03 36.66 31.62 6.92
1180 54.17 49.75 115.79 60.44 10.74
1181 54.26 81.33 108.74 44.14 7.73
1182 54.31 61.77 141.23 64.77 10.01
1183 54.38 26.92 72.68 44.94 7.61
1184 54.28 31.52 81.75 45.73 8.54
1185 54.44 64.26 128.60 57.85 9.16
1186 54.39 70.93 147.91 60.70 8.53
1187 54.41 24.70 64.33 47.34 7.38
1188 54.40 22.30 57.36 42.54 8.66
1189 54.54 76.20 144.61 52.18 7.81
1190 54.40 39.19 96.20 55.36 9.55
1191 54.44 43.51 110.52 52.54 9.70
1192 54.18 88.81 115.00 41.15 6.46
1193 54.50 68.46 152.02 61.18 8.79
1194 54.60 90.38 103.51 40.75 6.47
1195 54.63 20.04 63.80 44.30 6.62
1196 54.64 47.50 144.90 62.00 10.98
1197 54.59 36.73 100.50 55.26 9.30
1198 54.71 41.49 120.83 58.38 9.95
1199 54.81 73.27 168.57 64.16 8.09
1200 54.76 13.99 44.70 35.93 6.40
1201 54.85 93.34 97.63 39.36 5.47
1202 54.85 84.50 126.86 41.81 6.69
1203 55.01 16.01 56.58 42.12 5.75
1204 54.83 34.25 108.37 59.40 8.97
1205 54.96 54.03 144.90 63.62 9.00
1206 54.88 59.93 162.99 67.88 9.60
1207 54.98 57.61 152.88 68.58 10.45
1208 55.04 79.30 163.74 53.74 7.85
1209 55.05 29.00 116.05 60.75 7.50
1210 55.19 11.69 49.11 38.31 5.39
1211 55.21 8.70 45.11 35.28 5.44
1212 55.15 51.77 186.69 74.56 9.71
1213 55.22 66.24 171.86 68.63 8.76
1214 55.30 3.34 34.73 31.17 2.79
1215 55.23 49.57 182.26 77.32 10.54
1216 55.05 86.17 123.46 44.32 6.23
1217 55.25 45.20 171.90 68.91 9.52
1218 55.46 6.30 50.27 39.80 4.15
1219 55.30 87.72 128.79 47.20 6.94
1220 55.41 31.86 131.86 62.77 7.32
1221 55.51 18.11 88.80 55.47 5.52
1222 55.46 62.85 180.49 76.04 9.03
1223 55.66 82.43 146.65 57.12 7.05
1224 55.49 21.83 103.71 56.48 6.20
1225 55.48 24.13 104.79 59.92 5.98
1226 55.59 39.74 154.15 68.89 8.50
1227 55.62 26.46 125.85 67.25 6.89
1228 55.67 55.89 182.01 79.66 9.42
1229 55.58 68.80 179.03 74.26 8.11
1230 55.65 71.46 202.33 74.45 8.78
1231 55.70 36.92 155.38 71.75 7.62
1232 55.79 74.90 176.99 61.87 7.08
1233 55.81 42.72 183.60 74.67 8.04
1234 55.92 77.68 169.84 60.19 7.59
1235 55.82 91.05 128.53 48.80 6.03
1236 56.00 34.17 167.62 72.70 6.76
1237 55.89 47.40 172.47 75.68 8.94
1238 56.01 13.82 72.00 53.43 5.03
1239 55.99 29.95 142.34 72.29 6.72
1240 56.04 60.69 175.38 75.53 8.60
1241 56.20 19.77 119.29 68.43 4.77
1242 56.06 58.42 193.01 83.40 8.84
1243 56.18 64.92 184.48 86.37 8.21
1244 56.11 93.21 115.54 46.94 4.49
1245 56.18 52.27 199.32 87.26 9.03
1246 56.33 85.50 130.44 54.10 6.35
1247 56.34 49.77 191.42 86.43 8.83
1248 56.52 80.40 139.14 59.38 6.42
1249 56.21 90.18 127.65 42.61 6.57
1250 56.46 8.54 66.93 47.16 4.32
1251 56.45 11.10 68.55 53.71 4.55
1252 56.21 88.91 135.39 58.25 5.91
1253 56.47 16.04 97.29 67.81 5.05
1254 56.48 67.36 173.90 81.71 7.73
1255 56.50 95.78 64.40 41.86 3.27
1256 56.47 23.24 140.04 77.24 5.61
1257 56.55 27.55 144.82 81.81 5.68
1258 56.39 44.91 178.68 83.79 7.98
1259 56.55 54.45 191.78 88.59 9.64
1260 56.63 70.15 181.87 86.33 8.14
1261 56.62 62.79 175.32 90.12 8.12
1262 56.69 38.67 159.46 94.79 8.42
1263 56.78 72.86 178.68 74.16 7.09
1264 56.84 5.44 75.61 51.43 3.31
1265 56.81 25.33 143.81 94.64 5.20
1266 56.78 41.21 152.62 92.96 7.49
1267 56.88 88.13 115.05 48.92 6.16
1268 56.86 32.24 140.04 100.30 6.22
1269 56.85 36.14 153.23 94.67 7.02
1270 56.95 75.88 167.33 77.35 6.88
1271 57.07 21.47 137.31 93.19 4.80
1272 57.07 57.67 188.29 96.65 8.50
1273 56.99 47.24 159.87 102.05 8.45
1274 57.09 17.90 107.54 84.08 5.62
1275 57.00 29.75 136.76 106.46 6.48
1276 57.14 82.76 116.59 65.14 6.89
1277 57.22 60.09 170.95 104.41 7.87
1278 57.31 78.55 135.45 76.54 7.14
1279 57.17 13.83 81.30 70.45 4.44
1280 57.30 51.55 178.94 110.06 8.35
1281 57.35 89.89 84.14 52.60 4.56
1282 57.18 92.68 97.17 49.50 4.35
1283 57.34 43.19 129.21 117.54 8.52
1284 57.32 94.23 82.89 50.92 4.08
1285 57.33 65.53 151.42 98.91 8.00
1286 57.48 55.61 170.85 111.56 8.48
1287 57.40 49.29 163.30 110.19 8.64
1288 57.44 68.58 144.73 105.88 7.80
1289 57.50 34.58 115.55 120.43 6.61
1290 57.51 45.39 141.39 125.91 9.14
1291 57.65 7.72 79.41 64.81 3.62
1292 57.60 85.60 97.91 63.85 6.68
1293 57.60 62.44 150.31 108.52 8.42
1294 57.67 11.23 71.99 76.50 3.64
1295 57.70 19.73 102.16 103.59 4.89
1296 57.65 23.91 103.82 120.48 5.52
1297 57.72 53.48 143.80 119.76 8.80
1298 57.75 16.09 85.33 97.35 4.21
1299 57.76 28.20 101.27 125.42 5.39
1300 57.70 39.73 97.48 129.91 7.85
1301 57.75 71.30 128.50 95.40 6.76
1302 57.72 95.95 41.08 42.62 2.78
1303 57.86 74.38 139.05 100.13 6.72
1304 57.94 26.09 85.95 134.69 5.12
1305 57.96 37.45 91.60 130.03 6.81
1306 58.09 32.65 69.56 145.38 6.05
1307 58.14 4.61 62.78 63.38 2.36
1308 58.14 30.52 68.14 135.87 6.26
1309 57.91 90.64 87.32 61.60 4.74
1310 58.19 76.81 106.53 102.83 6.93
1311 58.19 22.10 72.63 141.47 4.54
1312 58.18 41.84 78.63 146.52 7.57
1313 58.30 47.79 92.83 142.74 8.87
1314 58.17 57.28 150.04 136.64 8.97
1315 58.22 67.15 101.36 124.03 7.46
1316 58.31 13.55 73.07 97.88 3.41
1317 58.33 79.86 88.99 94.31 6.85
1318 58.36 59.65 108.19 130.11 7.87
1319 58.29 64.50 106.75 130.29 8.79
1320 58.34 82.38 81.05 85.78 6.10
1321 58.29 92.80 71.99 65.82 4.13
1322 58.14 94.94 54.48 49.93 3.15
1323 58.25 50.17 96.88 159.20 7.78
1324 58.48 69.52 81.91 121.76 6.98
1325 58.43 45.33 72.12 146.81 6.98
1326 58.71 88.84 66.38 75.56 5.58
1327 58.67 18.74 49.86 128.80 4.05
1328 58.61 35.43 56.43 151.47 5.91
1329 58.56 52.24 92.93 145.90 7.97
1330 58.59 61.88 87.69 143.11 7.99
1331 58.66 9.04 57.64 90.53 2.92
1332 58.70 24.06 56.29 154.41 5.14
1333 58.66 55.06 99.58 151.92 8.90
1334 58.65 72.99 91.78 120.90 7.42
1335 58.66 83.97 65.08 79.42 6.03
1336 58.63 86.26 59.63 82.27 5.19
1337 58.50 87.75 85.20 71.40 5.60
1338 58.91 29.05 50.68 165.24 5.75
1339 58.78 39.02 61.10 155.82 7.28
1340 58.93 16.54 49.02 133.84 4.31
1341 59.03 43.02 51.76 165.17 7.04
1342 59.06 21.05 44.02 149.72 4.54
1343 58.97 26.70 47.34 167.63 6.03
1344 59.15 11.50 50.18 107.44 3.61
1345 59.15 75.36 66.56 128.20 7.29
1346 59.08 95.11 39.11 61.24 2.88
1347 59.16 66.37 63.10 144.00 7.25
1348 59.08 91.09 51.82 71.47 5.17
1349 59.34 4.21 42.30 85.09 2.58
1350 59.13 57.73 78.36 166.22 9.01
1351 59.30 78.01 62.62 118.88 6.83
1352 59.20 50.02 58.48 163.08 7.81
1353 59.35 71.29 62.49 140.66 6.84
1354 59.07 85.25 61.70 79.85 5.44
1355 59.52 7.03 38.38 91.02 2.93
1356 59.27 33.07 44.78 173.35 6.25
1357 59.35 64.07 57.48 150.06 6.91
1358 59.48 14.23 40.08 140.86 3.79
1359 59.50 40.82 48.26 188.73 7.73
1360 59.49 80.65 56.09 117.21 6.17
1361 59.48 45.20 49.90 178.87 6.90
1362 59.53 47.47 55.93 176.56 8.28
1363 59.45 53.33 69.05 174.24 8.35
1364 59.60 68.66 54.55 144.67 7.84
1365 59.30 93.86 42.89 63.37 3.37
1366 59.63 30.95 43.95 180.71 6.22
1367 59.63 36.09 45.88 187.85 6.77
1368 59.72 59.58 55.86 169.79 7.40
1369 59.64 61.69 56.56 166.38 8.25
1370 59.73 24.94 33.11 180.64 4.34
1371 59.76 55.91 60.74 173.54 8.24
1372 59.87 83.81 42.99 108.84 5.97
1373 59.96 23.02 35.11 188.95 4.63
1374 59.91 38.46 47.02 200.06 7.06
1375 59.96 86.84 42.85 104.68 5.86
1376 60.03 9.75 31.12 117.40 3.13
1377 60.05 18.25 31.13 175.42 3.62
1378 59.92 27.72 39.30 191.59 5.45
1379 59.99 73.64 55.20 148.99 7.36
1380 60.01 89.77 37.46 97.34 5.10
1381 60.12 92.58 37.48 87.41 3.80
1382 60.23 51.45 51.96 189.40 8.55
1383 60.13 20.49 38.06 202.14 5.91
1384 60.26 16.01 29.62 161.31 4.00
1385 60.24 49.09 56.35 198.80 8.91
1386 60.39 95.03 23.22 77.09 2.69
1387 60.24 43.20 56.19 196.12 7.82
1388 60.26 66.63 44.99 168.80 7.41
1389 60.43 76.34 44.14 140.80 6.95
1390 60.40 12.62 27.36 145.56 3.95
1391 60.29 33.50 44.36 192.74 5.99
1392 60.40 63.30 48.96 176.48 7.85
1393 60.53 29.32 45.54 205.38 5.28
1394 60.42 70.46 47.47 158.75 7.25
1395 60.61 5.46 24.68 121.85 2.53
1396 60.51 53.78 51.84 191.70 8.81
1397 60.64 79.44 42.15 140.42 6.54
1398 60.58 45.91 55.33 186.73 8.45
1399 60.73 58.33 47.07 191.31 8.24
1400 60.66 26.26 41.35 192.91 5.06
1401 60.72 40.56 65.27 203.58 7.04
1402 60.73 36.02 52.46 207.03 6.13
1403 60.92 31.44 50.17 211.01 5.41
1404 60.88 60.70 52.72 190.04 8.30
1405 60.86 56.15 51.18 202.03 8.39
1406 60.97 22.15 34.20 187.22 4.46
1407 60.99 65.09 44.35 180.30 8.38
1408 61.09 68.48 40.41 174.77 7.25
1409 61.02 72.80 43.42 174.02 6.76
1410 61.08 82.22 37.15 134.68 6.48
1411 61.01 38.39 75.15 214.72 6.69
1412 61.23 7.99 22.75 141.85 2.22
1413 61.13 85.15 35.82 134.16 5.80
1414 61.19 10.56 23.33 153.94 2.98
1415 61.36 14.28 27.83 166.23 3.10
1416 61.21 19.29 33.71 189.71 4.28
1417 61.11 88.85 28.75 101.00 6.21
1418 61.19 91.25 30.17 105.20 4.85
1419 61.28 49.76 64.66 208.71 8.39
1420 61.42 47.45 78.17 201.95 8.49
1421 61.42 16.90 33.62 183.11 3.57
1422 61.42 24.63 53.45 203.58 4.59
1423 61.38 33.83 61.22 209.46 5.87
1424 61.32 42.37 75.85 199.82 7.67
1425 61.37 87.47 32.68 105.46 5.49
1426 61.58 51.81 71.80 190.09 8.20
1427 61.56 62.50 45.47 197.76 8.28
1428 61.63 74.81 43.21 167.25 6.72
1429 61.53 44.80 78.36 208.63 7.78
1430 61.57 70.79 46.28 181.37 7.26
1431 61.71 77.35 44.79 159.44 7.03
1432 61.72 27.49 59.17 196.80 4.90
1433 61.58 54.07 66.26 205.93 8.52
1434 61.60 93.88 23.08 103.45 2.94
1435 61.70 29.66 67.31 216.88 5.95
1436 61.86 66.83 47.85 183.71 6.93
1437 61.94 21.12 49.21 189.10 4.23
1438 61.87 36.25 92.44 217.95 6.59
1439 61.92 56.42 64.27 201.65 8.35
1440 62.00 58.74 76.06 204.63 8.72
1441 62.05 38.61 117.58 216.16 6.83
1442 62.09 79.90 44.17 150.91 6.82
1443 62.23 12.17 37.55 175.82 3.04
1444 62.09 64.62 51.99 200.64 7.96
1445 62.15 32.01 91.13 213.05 6.17
1446 62.17 83.54 40.40 149.22 6.19
1447 62.37 60.88 58.09 204.28 8.29
1448 62.32 89.77 31.18 124.14 4.58
1449 62.45 6.35 23.83 135.98 2.34
1450 62.45 18.14 48.61 189.79 4.06
1451 62.37 85.85 36.33 126.35 6.21
1452 62.40 9.39 32.57 164.91 3.32
1453 62.46 23.36 73.20 200.90 4.13
1454 62.45 25.70 80.12 211.84 4.48
1455 62.32 42.77 107.34 214.38 7.31
1456 62.36 49.35 98.12 210.54 8.15
1457 62.53 92.41 25.49 115.20 3.53
1458 62.57 40.57 122.03 204.63 7.30
1459 62.45 69.50 52.29 183.00 6.98
1460 62.51 72.56 59.16 187.12 7.25
1461 62.59 15.54 51.26 180.15 3.33
1462 62.54 34.14 126.52 222.43 6.67
1463 62.66 47.23 119.63 210.19 7.82
1464 62.67 44.95 125.16 213.40 7.59
1465 62.64 54.10 113.72 208.07 8.45
1466 62.95 82.12 48.16 128.57 5.21
1467 62.77 75.74 65.29 180.32 6.73
1468 62.77 51.49 124.95 215.13 8.32
1469 62.72 29.70 94.57 206.19 5.53
1470 62.84 63.11 72.29 206.64 7.94
1471 62.99 20.15 77.03 203.26 4.03
1472 63.03 67.70 69.89 202.65 7.49
1473 63.02 36.51 114.21 212.36 6.18
1474 62.97 56.64 132.41 215.14 8.84
1475 63.24 59.46 88.79 201.52 7.86
1476 63.13 78.91 68.02 163.07 6.90
1477 63.16 27.56 98.12 202.18 5.00
1478 63.23 65.29 87.83 197.39 8.21
1479 63.35 87.72 52.00 153.15 5.35
1480 63.44 7.77 43.03 160.31 2.23
1481 63.40 13.73 68.67 185.00 3.44
1482 63.36 32.19 107.40 211.00 6.09
1483 63.34 42.42 133.00 218.16 7.19
1484 63.49 10.94 53.76 170.59 3.23
1485 63.43 38.98 138.61 211.16 6.41
1486 63.34 85.12 55.98 146.69 6.12
1487 63.50 22.34 89.85 199.69 4.12
1488 63.49 24.90 98.52 208.88 4.58
1489 63.54 70.60 82.31 190.17 7.08
1490 63.49 49.28 145.24 200.13 8.40
1491 63.54 52.64 152.38 223.08 8.06
1492 63.49 83.67 64.65 148.52 7.48
1493 63.66 17.15 78.25 188.25 3.68
1494 63.59 61.93 109.36 215.34 8.51
1495 63.62 73.52 86.64 183.41 6.69
1496 63.58 90.91 41.45 132.92 4.72
1497 63.61 34.45 123.20 214.86 5.89
1498 63.67 46.53 137.48 213.90 8.25
1499 63.77 30.27 120.39 210.08 5.11
1500 63.80 54.75 161.63 215.04 7.93
1501 63.99 44.27 126.30 201.69 7.46
1502 63.86 57.55 168.82 212.47 8.21
1503 63.92 76.92 90.79 175.29 6.57
1504 63.85 93.57 28.60 99.14 2.58
1505 64.09 5.26 43.17 130.94 1.56
1506 64.05 19.51 83.05 191.71 3.94
1507 64.18 41.14 121.91 207.87 6.85
1508 64.06 66.99 119.62 195.60 7.80
1509 64.28 28.34 98.16 202.55 4.53
1510 64.33 64.21 120.86 193.79 7.56
1511 64.23 36.59 127.13 197.04 6.33
1512 64.37 80.05 92.45 156.46 6.52
1513 64.45 26.16 103.07 200.62 4.62
1514 64.42 82.84 88.97 157.25 6.33
1515 64.38 15.31 69.30 181.24 3.04
1516 64.43 51.73 145.33 220.58 7.17
1517 64.53 9.54 61.91 165.98 3.02
1518 64.49 49.61 128.47 215.04 7.54
1519 64.54 61.18 145.81 209.47 7.49
1520 64.56 69.59 120.01 194.26 7.34
1521 64.54 85.96 99.48 153.15 5.82
1522 64.57 23.71 91.53 200.69 4.49
1523 64.74 12.83 67.56 160.88 3.12
1524 64.52 38.79 122.04 207.11 6.70
1525 64.56 33.47 114.92 203.45 5.96
1526 64.65 47.34 122.14 207.89 7.90
1527 64.60 59.02 154.09 207.54 7.99
1528 64.69 21.58 83.94 185.84 4.25
1529 64.75 72.09 112.25 177.56 6.09
1530 64.65 55.84 172.83 211.49 8.75
1531 64.76 74.85 107.26 184.45 6.94
1532 64.74 88.63 76.97 134.39 5.11
1533 64.84 91.27 64.66 137.26 3.89
1534 64.83 31.27 86.43 189.67 5.08
1535 65.14 6.89 57.88 153.74 1.99
1536 65.03 17.28 92.69 192.39 3.43
1537 65.02 53.55 170.51 212.37 7.92
1538 65.11 42.93 90.76 197.84 6.40
1539 65.05 45.22 110.56 199.71 6.90
1540 65.08 77.99 104.40 177.88 7.09
1541 65.23 35.38 84.17 188.58 5.19
1542 65.09 67.53 125.66 188.70 7.26
1543 65.22 19.46 79.38 182.24 3.48
1544 65.43 62.78 145.56 199.34 7.62
1545 65.36 40.49 86.15 184.57 6.38
1546 65.40 28.54 70.51 180.82 4.98
1547 65.47 57.55 140.63 206.60 7.90
1548 65.53 65.28 136.22 189.22 7.51
1549 65.57 38.04 74.97 178.92 5.85
1550 65.46 51.26 127.84 210.11 7.59
1551 65.50 25.47 60.78 176.88 4.09
1552 65.56 48.84 99.73 195.30 7.38
1553 65.73 10.12 58.09 158.57 2.16
1554 65.65 60.28 155.78 201.77 6.83
1555 65.67 82.72 112.69 157.28 6.32
1556 65.73 15.57 71.69 163.96 2.84
1557 65.74 23.02 59.43 177.57 3.66
1558 65.67 55.21 143.03 204.65 8.23
1559 65.76 70.42 139.53 190.03 6.90
1560 65.80 76.23 113.80 189.69 7.17
1561 65.75 33.30 65.07 154.43 5.50
1562 65.90 30.91 53.19 165.06 4.75
1563 66.04 87.60 97.45 141.14 4.96
1564 65.81 92.39 68.47 130.20 3.07
1565 65.93 46.66 81.54 191.42 6.68
1566 66.00 21.04 58.72 166.51 3.89
1567 65.98 73.46 129.15 179.47 5.83
1568 66.08 13.04 53.83 161.57 3.11
1569 66.29 26.87 49.64 160.99 3.79
1570 66.03 90.56 73.84 145.68 4.04
1571 66.24 44.32 63.11 172.98 6.00
1572 66.18 68.11 111.47 190.41 7.16
1573 66.23 53.29 106.40 197.56 7.89
1574 66.32 79.01 114.40 165.90 6.66
1575 66.27 41.81 63.68 162.48 6.12
1576 66.40 18.68 52.09 149.60 3.68
1577 66.36 36.37 55.89 158.96 5.04
1578 66.51 56.51 92.57 195.16 7.15
1579 66.59 58.84 96.60 187.37 6.69
1580 66.55 63.65 108.73 185.51 6.91
1581 66.63 24.52 44.42 147.34 3.75
1582 66.57 29.23 47.45 154.71 4.28
1583 66.59 39.50 57.69 155.63 5.87
1584 66.45 50.92 80.46 194.12 7.53
1585 66.62 7.65 45.85 133.46 2.38
1586 66.78 34.41 53.83 158.62 4.95
1587 66.68 48.60 64.54 172.39 6.37
1588 66.64 61.28 101.66 183.41 7.28
1589 66.76 66.11 102.08 184.53 6.42
1590 66.85 84.63 113.09 148.65 5.59
1591 66.89 15.85 46.41 151.00 2.92
1592 66.86 71.38 118.84 190.17 6.51
1593 67.00 10.52 43.93 145.95 2.23
1594 66.73 90.54 94.83 153.25 3.42
1595 67.00 31.88 51.90 132.71 4.67
1596 66.96 76.63 107.29 176.50 6.93
1597 67.02 46.35 59.73 154.44 6.73
1598 66.99 80.93 99.78 141.67 5.48
1599 67.12 20.87 52.08 145.40 3.76
1600 67.20 54.88 66.11 172.29 7.37
1601 67.37 13.36 36.47 136.51 2.71
1602 67.22 43.08 52.26 143.55 5.95
1603 67.24 74.20 107.11 174.59 6.10
1604 67.31 91.83 69.94 124.19 3.57
1605 67.39 38.03 51.78 130.17 5.54
1606 67.34 68.96 79.39 172.37 6.26
1607 67.46 22.85 43.28 130.66 3.11
1608 67.29 52.77 61.29 160.19 6.59
1609 67.48 17.65 40.21 150.86 3.45
1610 67.44 82.03 91.25 151.15 5.83
1611 67.49 50.65 55.79 158.30 6.65
1612 67.45 27.45 44.48 122.70 3.63
1613 67.68 29.85 57.26 122.95 3.86
1614 67.61 57.22 64.81 163.51 6.90
1615 67.62 59.66 73.41 168.78 6.21
1616 67.56 87.33 89.20 136.24 5.09
1617 67.68 40.81 56.30 124.29 5.46
1618 67.72 64.43 62.28 165.57 6.48
1619 67.84 33.52 62.59 122.81 4.33
1620 67.82 79.22 79.38 147.48 5.76
1621 67.76 62.01 61.65 161.99 6.71
1622 67.83 25.48 47.91 104.74 3.32
1623 67.87 45.22 57.68 131.01 6.38
1624 67.80 48.37 54.38 139.87 6.14
1625 67.97 35.97 60.00 113.33 4.85
1626 67.89 66.69 64.68 157.96 7.29
1627 68.13 8.83 32.04 122.97 2.34
1628 68.06 19.58 44.79 126.84 3.48
1629 67.97 72.14 82.54 170.18 5.97
1630 67.81 83.42 97.76 153.90 5.93
1631 68.14 89.70 85.32 132.87 3.82
1632 68.23 76.74 77.05 159.90 5.87
1633 68.18 84.35 86.00 139.36 5.06
1634 68.34 14.91 36.83 112.07 2.47
1635 68.29 54.98 57.30 138.01 6.39
1636 68.38 52.52 54.60 141.23 6.80
1637 68.47 31.73 89.11 97.34 4.91
1638 68.35 42.84 74.57 112.01 6.13
1639 68.55 11.87 27.55 100.28 2.50
1640 68.45 70.00 60.85 154.15 6.41
1641 68.62 82.11 67.41 140.96 6.43
1642 68.58 23.61 62.02 103.06 3.33
1643 68.54 28.00 69.55 96.63 3.61
1644 68.57 38.47 70.82 105.80 5.08
1645 68.60 50.08 54.29 125.22 6.09
1646 68.70 47.19 76.65 119.60 6.07
1647 68.61 57.97 59.66 138.03 6.11
1648 68.71 74.70 65.91 156.94 6.30
1649 68.86 17.06 38.56 102.44 2.89
1650 68.77 21.48 60.66 97.43 3.16
1651 68.75 60.12 57.15 129.73 6.83
1652 68.77 68.01 58.09 157.95 6.05
1653 68.82 86.49 81.57 149.20 4.91
1654 68.85 40.60 77.17 101.46 4.87
1655 68.84 91.92 57.46 113.27 2.46
1656 68.86 62.55 51.72 129.10 6.38
1657 68.98 65.24 51.81 129.38 6.26
1658 68.95 25.85 85.12 84.37 4.05
1659 69.19 78.94 54.32 139.55 5.70
1660 69.09 29.85 90.73 81.38 4.08
1661 69.13 34.32 104.24 85.60 5.09
1662 69.04 44.95 97.35 100.92 5.68
1663 69.02 72.50 53.28 154.75 5.76
1664 69.28 36.74 97.23 80.44 5.14
1665 69.31 19.22 50.27 86.55 2.76
1666 69.27 88.91 69.08 135.24 4.20
1667 69.36 56.32 85.91 115.35 6.51
1668 69.35 54.07 85.24 105.89 5.87
1669 69.34 9.30 28.45 83.05 1.79
1670 69.46 42.69 111.75 81.26 5.84
1671 69.45 51.70 88.86 102.88 6.06
1672 69.56 48.90 98.03 96.01 5.55
1673 69.57 14.44 46.18 83.97 2.48
1674 69.66 24.03 100.66 75.68 3.55
1675 69.81 27.44 92.99 69.91 3.72
1676 69.74 32.42 106.61 69.40 4.93
1677 69.77 70.82 43.35 132.33 5.25
1678 69.81 84.71 60.56 131.36 5.16
1679 69.91 76.30 45.34 133.97 5.46
1680 69.92 12.02 43.06 72.78 2.50
1681 69.84 81.37 56.66 140.17 5.87
1682 69.88 39.02 112.88 72.33 5.64
1683 69.94 58.53 78.80 100.33 6.43
1684 69.87 61.05 71.31 102.52 6.58
1685 69.96 90.65 40.47 114.99 3.01
1686 70.01 46.69 124.51 78.84 6.08
1687 69.90 63.63 69.40 110.96 6.22
1688 69.89 67.64 50.75 123.55 5.68
1689 69.98 21.24 82.67 74.16 3.51
1690 70.10 73.80 45.75 137.67 5.32
1691 70.35 16.74 67.02 69.59 2.45
1692 70.25 30.10 99.51 60.50 4.19
1693 70.27 87.33 52.26 127.86 4.15
1694 70.33 35.69 109.65 61.50 4.78
1695 70.33 44.52 144.86 74.89 6.12
1696 70.37 41.66 142.99 70.01 5.51
1697 70.46 53.54 139.80 81.65 6.29
1698 70.57 65.61 65.46 101.56 5.59
1699 70.42 50.94 131.49 81.33 5.96
1700 70.53 19.04 79.39 65.83 3.50
1701 70.47 55.89 123.01 89.29 6.51
1702 70.67 78.48 41.16 113.87 5.67
1703 70.70 22.79 93.57 64.50 3.84
1704 70.62 25.60 91.56 56.77 3.84
1705 70.70 48.73 145.09 78.85 6.59
1706 70.74 69.38 52.53 116.46 5.20
1707 70.76 32.22 111.58 58.54 4.92
1708 70.88 14.52 63.07 62.29 2.69
1709 70.95 59.74 118.04 79.74 5.97
1710 70.89 62.57 89.41 86.28 5.97
1711 71.13 37.80 128.09 56.27 5.72
1712 71.06 40.02 137.18 57.29 5.67
1713 70.98 80.57 43.18 113.64 5.51
1714 71.06 89.26 35.67 109.28 3.07
1715 71.12 28.62 91.54 50.83 4.62
1716 71.01 72.11 53.40 113.79 5.42
1717 71.18 84.32 39.30 116.35 4.57
1718 71.01 82.09 37.14 111.48 5.59
1719 71.21 12.23 57.90 56.83 2.28
1720 71.34 34.19 110.02 51.31 5.35
1721 71.21 46.38 147.59 61.72 5.81
1722 71.28 75.16 47.59 106.98 5.21
1723 71.33 43.36 144.53 55.37 6.13
1724 71.35 20.66 80.35 50.84 3.44
1725 71.35 52.13 147.89 64.10 5.94
1726 71.39 57.18 150.10 73.70 6.31
1727 71.45 67.45 73.97 96.57 5.17
1728 71.71 17.76 72.11 50.93 3.10
1729 71.78 26.46 77.65 44.84 4.28
1730 71.65 54.83 142.92 64.34 6.81
1731 71.77 64.51 95.15 75.60 5.91
1732 71.69 23.89 81.27 46.27 4.37
1733 71.73 31.27 83.84 45.16 5.47
1734 71.69 49.81 143.27 61.34 6.34
1735 71.88 70.21 80.75 86.90 5.04
1736 71.77 86.54 34.64 102.78 3.66
1737 71.96 15.51 70.11 44.26 3.32
1738 71.95 36.33 103.27 46.62 5.88
1739 71.94 61.79 138.47 70.72 6.03
1740 72.05 79.61 41.48 101.54 5.08
1741 72.06 77.23 48.35 99.24 5.52
1742 72.17 41.09 117.06 53.43 5.86
1743 72.13 90.62 24.73 78.00 2.69
1744 72.19 59.19 140.86 65.55 6.57
1745 72.17 72.89 81.88 87.61 5.35
1746 72.28 48.04 147.80 55.88 6.62
1747 72.19 82.29 39.84 92.52 4.71
1748 72.30 45.76 146.90 51.60 6.79
1749 72.15 88.82 26.83 98.56 2.88
1750 72.36 21.73 75.79 44.54 3.93
1751 72.31 28.86 68.38 42.98 6.52
1752 72.50 12.92 65.96 40.82 2.08
1753 72.50 19.33 68.05 40.73 3.98
1754 72.32 52.90 153.53 53.82 6.15
1755 72.50 38.80 93.71 46.03 7.21
1756 72.48 43.37 125.99 48.04 6.55
1757 72.60 56.97 143.98 52.69 6.42
1758 72.48 66.91 115.52 75.39 5.65
1759 72.61 33.92 71.13 42.32 7.07
1760 72.50 75.64 60.05 81.38 5.38
1761 72.97 84.38 42.22 85.02 3.99
1762 72.76 50.31 124.85 48.80 7.01
1763 72.75 24.44 55.68 37.54 4.82
1764 72.78 86.58 29.10 81.13 3.29
1765 72.86 31.21 58.93 38.29 7.88
1766 73.00 54.89 115.71 49.84 6.05
1767 73.01 63.34 130.94 60.23 5.79
1768 72.92 69.42 108.52 80.51 5.36
1769 73.04 61.03 127.74 54.29 5.76
1770 72.88 88.20 27.22 87.22 3.05
1771 73.04 36.78 74.70 44.99 7.44
1772 73.11 74.49 92.69 72.81 5.50
1773 73.21 16.58 55.10 36.51 3.83
1774 73.07 26.67 46.44 33.19 5.83
1775 73.35 65.47 134.84 59.39 5.59
1776 73.45 71.68 107.87 62.05 4.73
1777 73.22 78.77 65.24 73.89 4.56
1778 73.40 28.99 45.00 36.45 9.24
1779 73.30 40.67 80.17 41.40 8.02
1780 73.40 47.75 103.37 43.88 7.75
1781 73.32 52.45 112.21 46.36 7.38
1782 73.47 45.49 101.08 42.17 7.78
1783 73.33 80.56 56.07 71.74 4.11
1784 73.62 59.19 113.75 46.69 6.28
1785 73.55 13.91 51.66 29.58 3.12
1786 73.55 22.13 46.14 32.42 6.34
1787 73.69 43.10 79.31 38.04 7.45
1788 73.66 77.27 85.06 61.09 5.50
1789 73.68 19.35 44.42 33.90 5.59
1790 73.73 32.82 49.96 36.32 10.13
1791 73.79 68.24 127.50 57.83 5.57
1792 73.78 35.61 51.81 40.62 8.91
1793 73.86 50.16 87.15 42.89 9.11
1794 73.92 57.05 105.16 44.77 7.06
1795 73.86 24.52 39.58 30.39 8.70
1796 73.94 38.54 58.83 40.59 10.55
1797 73.75 81.53 61.43 72.30 3.74
1798 74.38 30.24 38.47 30.69 11.46
1799 74.22 54.85 85.02 37.40 6.48
1800 74.19 61.93 117.95 44.53 6.66
1801 74.19 75.47 98.74 56.70 5.32
1802 74.10 85.09 56.18 72.40 3.40
1803 74.27 86.46 42.76 70.55 2.84
1804 74.31 27.51 38.65 32.54 10.72
1805 74.37 40.99 58.37 40.24 11.23
1806 74.36 52.56 74.78 39.35 9.18
1807 74.23 83.05 67.00 70.48 4.10
1808 74.51 64.25 121.62 43.73 6.08
1809 74.55 88.37 36.11 57.59 2.51
1810 74.50 15.96 39.93 29.31 5.33
1811 74.45 66.54 146.17 46.10 5.33
1812 74.53 80.27 89.36 64.59 5.08
1813 74.63 73.20 125.40 52.85 5.63
1814 74.38 78.40 100.30 61.00 5.20
1815 74.52 45.14 62.48 39.63 10.59
1816 74.68 70.60 125.14 49.46 4.83
1817 74.65 20.78 29.98 30.45 7.44
1818 74.52 48.35 69.00 38.46 10.57
1819 74.77 18.20 32.22 28.55 7.69
1820 74.68 34.76 45.84 35.08 13.30
1821 74.72 22.84 33.80 31.55 9.73
1822 74.96 37.31 51.08 35.00 14.13
1823 74.89 58.54 75.99 38.11 7.51
1824 74.92 32.50 43.01 33.08 15.62
1825 75.00 43.28 55.31 37.49 13.19
1826 74.97 24.53 30.81 30.24 9.83
1827 75.07 51.12 55.21 37.62 12.32
1828 75.12 60.79 78.75 41.71 7.33
1829 75.04 77.13 112.60 48.90 5.56
1830 75.18 39.54 54.24 34.89 16.85
1831 75.20 68.53 96.33 40.81 5.18
1832 75.25 28.51 39.43 30.14 14.42
1833 75.26 56.32 61.05 38.86 8.69
1834 75.40 26.28 34.81 26.36 12.70
1835 75.31 47.05 51.67 36.07 12.75
1836 75.37 53.97 53.19 33.10 10.37
1837 75.57 85.28 68.18 49.83 3.19
1838 75.59 63.31 77.80 36.19 6.96
1839 75.55 49.59 52.70 34.08 17.15
1840 75.68 66.07 97.53 37.93 5.60
1841 75.87 75.26 110.98 43.41 4.78
1842 75.50 78.15 113.59 51.41 5.47
1843 75.82 14.88 26.90 24.54 8.26
1844 75.77 21.88 35.17 28.10 13.23
1845 75.72 35.79 53.09 31.92 22.29
1846 75.72 41.65 51.15 35.46 20.73
1847 75.87 30.90 50.44 29.08 19.19
1848 75.85 45.42 50.91 33.14 16.76
1849 75.83 79.77 103.01 47.89 4.13
1850 75.74 82.12 94.23 56.09 3.87
1851 75.87 72.10 95.76 39.91 5.26
1852 76.13 33.50 56.20 30.52 22.60
1853 75.68 17.67 28.55 24.88 8.79
1854 76.08 24.15 41.32 25.97 15.73
1855 76.08 52.60 44.94 31.56 14.30
1856 76.10 59.65 56.82 33.84 9.40
1857 76.18 57.53 46.12 30.77 9.53
1858 76.12 19.28 31.50 24.37 12.83
1859 76.29 43.56 59.17 32.64 22.04
1860 76.26 69.55 86.16 36.46 5.79
1861 76.42 28.62 50.62 27.58 23.62
1862 76.50 37.81 68.88 30.39 23.82
1863 76.39 40.08 65.82 32.29 27.18
1864 76.39 48.26 51.98 32.04 25.68
1865 76.28 16.86 28.52 24.48 9.16
1866 76.42 61.97 49.75 32.25 8.32
1867 76.52 50.89 50.45 29.95 20.73
1868 76.39 55.16 47.13 32.21 13.32
1869 76.68 26.61 45.95 26.74 21.52
1870 76.67 77.48 88.54 38.82 4.62
1871 76.86 64.37 49.48 32.80 7.33
1872 76.78 66.95 57.32 33.86 6.89
1873 76.98 35.48 81.23 30.02 31.17
1874 76.88 73.64 79.58 34.39 4.99
1875 77.08 21.00 42.08 24.69 15.47
1876 77.07 46.54 82.12 32.75 31.33
1877 76.86 78.97 88.55 39.12 4.55
1878 77.19 80.94 91.46 40.57 3.95
1879 77.29 23.54 54.31 25.25 21.54
1880 76.95 83.44 82.21 40.65 3.58
1881 77.22 31.42 70.96 25.82 29.90
1882 77.29 41.92 77.83 32.66 35.53
1883 77.25 53.46 55.43 30.57 22.84
1884 77.38 18.88 41.54 22.71 16.62
1885 77.26 57.42 42.33 29.80 18.06
1886 77.23 71.29 63.12 33.49 5.61
1887 77.19 16.76 32.64 20.43 11.95
1888 77.32 59.57 40.38 32.54 15.00
1889 77.36 44.25 101.54 32.51 34.84
1890 77.46 55.53 46.95 31.83 21.06
1891 77.51 49.56 70.40 31.77 29.77
1892 77.43 69.05 56.72 30.32 6.04
1893 77.21 75.14 77.64 33.56 4.68
1894 77.50 61.93 38.18 31.06 11.47
1895 77.58 39.56 106.41 30.15 36.32
1896 77.70 33.84 85.03 28.88 33.79
1897 77.61 15.24 30.86 18.98 8.36
1898 77.69 28.88 65.31 25.59 30.09
1899 77.79 51.68 74.33 28.16 29.50
1900 77.75 76.53 76.48 36.75 4.86
1901 77.65 72.41 55.23 28.69 4.94
1902 77.68 83.50 77.53 32.49 3.63
1903 77.91 37.47 106.06 30.04 37.83
1904 77.91 65.81 37.38 28.10 8.29
1905 77.78 26.57 67.06 26.88 34.12
1906 78.19 79.11 72.89 34.59 4.66
1907 78.19 48.04 113.99 33.88 43.00
1908 78.22 63.79 38.74 28.86 12.28
1909 78.28 21.53 56.86 24.05 24.90
1910 78.09 74.36 57.33 31.25 5.69
1911 78.34 25.66 74.20 24.36 29.08
1912 78.37 45.55 113.34 28.57 41.91
1913 78.38 67.79 40.55 27.88 9.21
1914 78.45 43.33 113.81 30.85 45.28
1915 78.51 57.03 65.48 29.24 24.84
1916 78.39 59.13 48.89 28.53 21.93
1917 78.52 32.03 97.89 25.44 39.64
1918 78.49 41.17 121.83 30.38 48.61
1919 78.61 70.01 35.68 24.51 6.82
1920 78.68 36.03 102.69 26.84 46.64
1921 78.55 54.34 85.89 27.94 33.34
1922 78.67 61.55 48.65 28.16 20.39
1923 78.64 81.76 63.29 32.27 3.33
1924 78.66 18.00 54.90 21.18 19.20
1925 78.58 23.71 66.01 26.45 29.49
1926 78.94 29.49 92.11 25.12 42.22
1927 78.88 50.32 116.20 29.99 43.31
1928 78.84 75.27 51.82 28.88 5.74
1929 79.05 39.06 124.15 29.38 50.70
1930 79.17 52.32 107.87 29.21 38.58
1931 79.17 77.34 47.60 26.72 5.51
1932 79.12 27.15 82.78 25.56 32.28
1933 79.12 34.10 116.98 28.54 57.34
1934 79.15 47.38 147.78 29.12 52.49
1935 79.09 72.22 39.66 25.52 5.36
1936 79.41 20.36 74.12 22.08 31.82
1937 79.32 66.70 44.99 25.15 13.73
1938 79.27 64.53 42.81 27.29 16.99
1939 79.45 83.44 43.57 26.05 2.68
1940 79.50 55.90 103.53 27.67 37.91
1941 79.39 79.56 45.78 26.83 4.63
1942 79.55 60.00 77.77 26.70 27.28
1943 79.57 43.87 138.05 29.11 59.41
1944 79.68 69.10 40.16 28.00 11.01
1945 79.79 22.96 73.38 23.62 37.63
1946 79.68 41.37 144.46 28.03 58.37
1947 79.72 49.26 148.72 27.01 55.65
1948 79.86 62.31 73.46 25.61 26.19
1949 79.90 37.61 125.26 26.50 60.27
1950 79.96 58.14 94.84 26.40 34.67
1951 79.89 46.04 156.67 29.96 62.07
1952 79.96 18.30 62.05 20.18 22.04
1953 79.90 74.60 34.68 23.24 6.16
1954 79.82 80.51 41.14 24.67 4.45
1955 80.00 53.69 124.84 29.56 56.53
1956 80.05 25.49 84.45 22.56 42.13
1957 80.08 32.35 103.05 25.66 57.75
1958 80.03 71.68 34.94 26.72 8.77
1959 80.01 30.11 90.58 26.93 51.44
1960 80.21 34.96 120.08 26.57 63.93
1961 80.27 76.80 33.43 24.58 5.61
1962 80.15 78.36 31.27 25.58 5.50
1963 80.54 81.83 35.12 24.06 3.77
1964 80.57 28.13 82.47 23.47 49.43
1965 80.47 64.32 71.64 24.24 28.56
1966 80.59 66.73 64.21 22.77 20.28
1967 80.67 50.64 136.16 27.20 59.73
1968 80.71 40.10 139.96 27.50 65.97
1969 80.62 43.00 147.07 27.76 72.88
1970 80.76 21.40 77.22 19.88 38.41
1971 80.69 48.06 153.08 27.06 59.18
1972 80.67 55.61 133.91 26.74 47.23
1973 80.61 73.32 32.82 21.84 7.87
1974 80.82 60.56 105.90 24.69 38.23
1975 80.85 69.54 51.58 23.70 12.11
1976 81.03 52.69 141.18 27.79 57.14
1977 80.94 78.48 28.46 20.95 5.77
1978 80.98 45.58 157.28 29.07 69.33
1979 81.11 36.64 112.06 27.77 73.12
1980 81.18 19.23 74.93 17.97 35.96
1981 80.85 75.81 30.50 19.55 9.15
1982 81.32 23.75 73.56 21.47 39.77
1983 81.17 57.91 139.88 26.43 54.81
1984 81.17 30.92 88.21 25.21 61.09
1985 81.08 25.18 72.56 21.78 43.50
1986 81.43 62.80 114.44 24.56 38.16
1987 81.40 33.71 98.55 25.50 70.75
1988 81.37 72.03 44.57 21.32 13.64
1989 81.48 80.21 22.70 21.26 3.86
1990 81.62 38.71 119.36 26.48 82.85
1991 81.45 27.07 76.45 23.97 60.08
1992 81.38 76.30 31.25 21.60 7.08
1993 81.66 54.79 142.62 25.58 58.96
1994 81.65 42.84 135.08 28.40 79.74
1995 81.70 49.51 152.85 28.31 74.84
1996 81.68 67.47 84.66 23.33 24.35
1997 81.90 65.08 100.78 22.31 35.00
1998 81.96 47.43 144.69 28.31 82.93
1999 81.98 59.75 132.64 23.68 51.63
2000 81.70 77.52 28.40 20.50 5.20
2001 82.06 45.20 130.31 28.12 90.83
2002 82.08 21.59 68.48 18.76 44.38
2003 82.15 29.35 69.53 21.61 70.28
2004 82.16 40.93 112.26 25.20 82.60
2005 82.20 52.67 128.73 24.97 75.35
2006 82.25 57.21 140.49 26.13 55.28
2007 82.19 74.57 41.48 20.55 9.81
2008 82.08 26.66 78.50 22.83 70.10
2009 82.27 77.44 29.94 18.95 7.55
2010 82.36 35.35 81.35 24.73 76.88
2011 82.35 24.68 80.78 23.31 71.18
2012 82.59 69.24 90.93 22.35 22.57
2013 82.43 32.08 78.50 24.68 77.58
2014 82.51 71.70 72.39 20.94 18.32
2015 82.56 50.87 139.57 25.96 83.50
2016 82.55 62.09 124.75 23.53 53.65
2017 82.39 79.10 22.33 17.62 5.67
2018 82.77 37.90 81.31 26.57 89.94
2019 82.74 55.07 132.84 24.98 70.93
2020 82.85 43.76 97.49 26.15 85.66
2021 82.97 66.73 119.00 21.38 32.02
2022 83.08 48.77 121.53 25.18 92.26
2023 83.09 26.63 56.69 22.91 64.70
2024 83.17 64.02 120.00 20.28 45.04
2025 83.22 23.05 63.36 20.16 54.40
2026 83.15 46.34 110.89 26.47 96.04
2027 83.31 78.39 34.52 17.13 9.67
2028 83.11 60.07 132.26 22.87 54.21
2029 83.26 40.51 85.96 24.46 98.71
2030 83.16 76.16 46.56 19.31 13.08
2031 83.37 29.38 50.22 22.93 71.23
2032 83.42 33.55 62.67 24.56 80.82
2033 83.47 53.34 103.58 22.72 77.19
2034 83.31 57.72 113.68 22.68 57.90
2035 83.60 73.65 70.20 18.88 16.64
2036 83.68 51.52 110.32 23.59 97.27
2037 83.72 42.80 79.28 23.60 107.06
2038 83.46 70.58 92.04 21.48 21.37
2039 83.70 36.41 66.15 25.94 88.71
2040 83.75 80.36 28.25 15.30 7.36
2041 83.83 55.58 98.37 23.87 75.49
2042 83.87 71.64 90.93 19.78 23.16
2043 84.18 31.36 48.50 22.63 73.99
2044 84.09 68.83 119.62 21.43 32.97
2045 84.09 25.04 49.37 21.13 63.48
2046 84.09 39.09 64.85 23.77 89.38
2047 84.04 61.49 114.97 21.93 62.56
2048 83.86 76.26 47.84 17.47 13.42
2049 84.09 44.89 74.64 23.70 88.47
2050 84.11 47.57 87.39 24.95 100.13
2051 84.08 59.16 90.85 22.92 55.77
2052 84.24 65.96 106.89 21.66 39.21
2053 84.22 49.90 91.05 26.01 106.22
2054 84.29 27.74 44.05 21.81 68.09
2055 84.44 63.69 123.26 22.38 54.31
2056 84.47 22.20 41.73 16.43 49.57
2057 84.23 74.13 75.92 18.54 17.69
2058 84.57 57.44 92.88 22.79 78.49
2059 84.49 78.59 40.35 12.48 9.20
2060 84.57 34.24 51.94 23.45 86.89
2061 84.66 41.72 61.94 22.77 102.30
2062 84.65 53.14 73.99 23.31 73.81
2063 84.84 75.33 72.78 16.82 15.48
2064 84.96 36.77 47.45 21.94 84.43
2065 84.90 72.16 103.49 19.93 22.57
2066 84.91 55.45 65.87 23.53 70.91
2067 85.01 60.55 97.12 19.83 75.69
2068 85.07 46.22 51.86 21.76 101.12
2069 85.27 23.66 38.00 17.93 63.90
2070 85.27 43.75 48.69 22.68 97.72
2071 85.10 48.76 64.11 25.20 104.20
2072 85.20 51.07 64.72 23.78 94.26
2073 85.03 80.01 37.00 12.12 7.52
2074 85.26 39.60 48.27 23.02 92.70
2075 85.23 67.67 115.84 20.63 40.67
2076 85.54 25.85 34.84 19.20 68.75
2077 85.46 28.46 38.84 21.62 71.48
2078 85.39 31.36 38.89 22.94 75.45
2079 85.51 62.70 90.70 22.19 56.82
2080 85.53 58.87 74.23 21.81 83.26
2081 85.74 53.02 52.66 21.74 85.47
2082 85.84 65.24 108.80 20.87 45.52
2083 85.77 70.13 105.48 18.29 31.76
2084 85.72 34.02 38.20 21.73 75.83
2085 85.96 74.63 92.61 16.97 18.86
2086 85.98 55.21 52.57 22.00 85.00
2087 85.97 76.99 70.76 14.45 15.76
2088 86.00 41.30 41.01 22.16 86.76
2089 86.08 57.24 45.79 21.56 75.73
2090 86.03 48.13 43.54 22.45 95.93
2091 86.06 38.05 40.89 21.33 95.09
2092 85.99 72.56 110.00 17.41 28.75
2093 86.21 45.66 40.63 22.67 95.43
2094 86.28 50.49 45.36 22.10 93.99
2095 86.28 61.12 63.43 19.78 75.88
2096 86.45 36.03 31.07 21.16 81.37
2097 86.51 29.86 31.31 19.48 76.17
2098 86.34 67.69 103.16 17.86 40.79
2099 86.51 43.55 36.92 22.60 96.39
2100 86.73 24.59 25.58 17.12 58.37
2101 86.70 32.47 29.01 21.51 76.02
2102 86.73 27.13 28.67 20.21 68.07
2103 86.70 63.25 69.26 18.73 66.84
2104 86.63 76.29 77.50 16.04 15.33
2105 86.80 59.33 49.56 21.87 85.72
2106 86.79 68.76 103.82 18.78 42.76
2107 86.84 52.78 46.08 23.27 84.52
2108 87.07 39.23 30.83 20.35 81.81
2109 87.16 70.71 99.39 19.52 36.83
2110 87.03 47.31 35.30 20.82 85.79
2111 87.12 66.24 76.53 19.24 47.85
2112 87.02 55.47 40.43 19.31 79.30
2113 87.16 41.66 28.72 21.78 85.26
2114 87.27 49.52 33.28 21.30 85.84
2115 87.30 57.58 39.03 21.07 79.31
2116 87.41 73.55 89.52 15.59 26.37
2117 87.46 34.50 23.55 20.01 68.50
2118 87.43 45.13 29.11 21.07 85.70
2119 87.51 61.42 42.35 18.26 71.10
2120 87.71 28.59 24.00 19.26 65.73
2121 87.71 64.50 65.28 18.07 57.36
2122 87.76 37.47 25.01 21.55 73.24
2123 87.71 51.65 36.82 20.54 82.99
2124 87.83 31.19 21.98 20.37 65.42
2125 87.90 54.06 37.28 20.16 78.12
2126 88.01 26.11 19.37 15.54 58.48
2127 88.00 68.62 65.71 18.41 39.99
2128 87.88 75.38 77.42 13.75 21.52
2129 88.15 43.22 25.44 20.14 72.24
2130 88.17 59.27 32.66 19.65 67.11
2131 88.23 47.73 26.81 20.55 77.55
2132 88.20 56.41 31.54 20.13 71.68
2133 88.25 40.77 23.79 20.29 74.30
2134 88.32 63.11 43.82 21.24 63.16
2135 88.62 66.77 45.91 17.85 46.68
2136 88.43 71.33 64.80 17.01 32.97
2137 88.54 50.11 24.57 20.18 68.70
2138 88.69 33.50 20.20 18.86 64.06
2139 88.62 45.39 24.13 20.25 79.54
2140 88.68 36.04 20.67 20.60 64.69
2141 88.84 74.34 59.84 12.64 22.66
2142 88.84 29.20 18.45 18.83 66.12
2143 88.84 52.38 27.65 19.55 74.89
2144 88.89 61.30 31.14 18.15 62.28
2145 89.02 39.20 18.10 19.58 54.65
2146 89.18 31.35 19.22 18.07 63.00
2147 88.94 64.61 36.62 16.26 47.91
2148 89.18 54.47 25.21 19.14 66.83
2149 89.40 27.19 14.74 14.04 50.96
2150 89.28 42.32 20.36 20.55 62.71
2151 89.28 56.68 22.69 19.25 60.60
2152 89.44 58.98 24.29 18.56 57.86
2153 89.42 47.29 20.74 21.13 67.18
2154 89.53 71.94 46.84 14.93 31.35
2155 89.69 49.78 19.77 19.33 60.27
2156 89.76 63.24 27.68 18.72 54.22
2157 89.44 65.60 29.98 18.84 44.13
2158 89.85 67.86 34.97 17.97 41.23
2159 89.74 44.92 19.12 19.76 61.34
2160 89.84 35.23 17.60 20.99 53.85
2161 89.78 73.92 38.12 13.52 25.27
2162 89.99 52.25 20.52 18.57 53.92
2163 90.09 32.89 15.88 19.42 46.52
2164 90.21 37.51 16.39 19.19 43.87
2165 90.18 40.14 16.80 18.24 44.08
2166 90.23 29.83 14.25 18.25 49.77
2167 90.22 61.05 23.27 19.33 48.07
2168 90.32 54.80 18.13 17.90 46.55
2169 90.40 57.28 19.08 18.82 51.15
2170 90.48 42.92 16.58 19.28 42.57
2171 90.46 65.49 25.32 17.64 41.93
2172 90.49 47.88 18.43 18.76 55.65
2173 90.86 69.74 29.35 15.52 36.42
2174 90.44 71.49 36.67 14.00 34.26
2175 90.87 59.44 17.99 18.93 44.19
2176 91.01 45.53 16.47 18.22 41.44
2177 90.95 50.21 16.50 18.41 43.70
2178 91.06 63.03 19.10 18.17 38.50
2179 91.18 31.89 14.65 17.72 39.43
2180 90.98 72.26 27.85 13.62 33.31
2181 91.19 34.75 14.55 17.92 35.59
2182 91.13 52.70 17.73 17.81 49.20
2183 91.27 67.44 22.25 15.63 36.72
2184 91.39 40.74 15.10 19.20 35.16
2185 91.38 55.83 17.26 18.19 40.49
2186 91.56 37.41 14.50 18.44 37.62
2187 91.60 47.90 15.27 17.76 38.76
2188 91.76 43.24 15.59 17.38 34.02
2189 91.86 65.25 16.87 16.87 32.73
2190 91.85 58.21 14.88 17.92 31.83
2191 91.87 60.91 16.10 17.35 32.13
2192 92.18 54.02 14.34 18.07 33.42
2193 92.18 50.82 14.65 18.00 35.15
2194 92.17 39.24 13.94 18.33 32.00
2195 92.38 69.22 16.31 15.18 24.34
2196 92.44 32.82 13.21 17.46 32.32
2197 92.52 45.87 13.99 17.74 28.84
2198 92.46 35.06 14.08 17.10 32.67
2199 92.45 63.11 15.88 16.77 29.66
2200 92.73 67.09 14.73 15.58 26.86
2201 92.72 48.59 14.35 19.80 27.98
2202 92.71 56.51 13.51 17.82 26.70
2203 92.89 41.16 14.28 18.25 27.79
2204 92.80 38.69 14.07 18.11 27.65
2205 93.07 52.46 14.49 16.43 27.86
2206 92.94 59.08 14.54 16.46 23.57
2207 93.06 43.40 14.20 17.76 29.19
2208 93.19 37.01 13.74 16.39 29.15
2209 93.22 61.38 15.38 16.83 24.71
2210 93.20 64.73 13.94 15.60 24.84
2211 93.59 54.97 13.37 17.86 22.39
2212 93.79 50.50 14.34 17.18 22.27
2213 93.84 34.71 12.58 16.45 23.21
2214 93.76 47.72 13.27 17.83 20.35
2215 93.77 45.36 12.57 16.86 20.04
2216 93.80 57.29 13.91 16.60 22.24
2217 94.06 65.94 12.43 14.11 20.89
2218 94.00 39.58 13.07 16.32 23.02
2219 94.22 42.11 12.96 17.47 24.41
2220 94.19 53.00 13.66 18.50 20.95
2221 94.19 60.13 13.89 16.75 19.27
2222 94.22 62.93 11.77 14.70 19.26
2223 94.44 36.85 11.82 16.73 23.96
2224 94.26 44.29 12.97 16.72 21.72
2225 94.90 48.25 13.48 17.84 18.28
2226 94.73 50.74 12.34 15.91 21.82
2227 94.87 56.78 14.13 20.27 8.87
2228 95.30 43.72 13.85 16.93 16.08
2229 95.12 58.33 14.11 17.15 16.39
2230 95.14 55.29 13.33 19.24 15.89
2231 95.09 37.97 10.83 20.22 14.11
2232 95.28 51.84 13.56 20.11 13.63
2233 95.27 40.85 12.81 17.12 18.66
2234 95.54 60.72 12.14 15.41 15.65
2235 95.29 53.87 13.33 18.71 10.45
2236 95.72 38.97 10.91 15.13 16.64
2237 95.84 52.73 13.31 17.41 16.57
2238 95.81 56.11 13.21 19.53 11.28
2239 95.91 49.32 13.53 18.55 10.83
2240 95.96 47.50 13.43 18.97 10.49
2241 96.07 51.17 13.25 19.06 10.17
2242 95.91 57.60 12.39 17.04 12.18
2243 96.31 54.64 12.90 19.23 14.45
2244 96.47 48.08 11.67 18.75 11.25
2245 96.47 53.19 12.42 19.46 8.21
2246 96.44 62.09 9.93 15.71 11.14
2247 96.69 61.23 9.38 16.12 9.41
2248 96.81 55.37 11.83 16.92 11.75
2249 96.80 59.78 11.49 14.93 10.94
2250 96.71 46.37 11.83 19.29 11.10
2251 96.63 57.62 11.61 16.50 9.09
2252 96.66 49.05 13.48 18.88 7.96
2253 97.13 53.22 12.16 15.60 9.98
2254 96.99 48.56 12.00 19.00 8.00
2255 97.25 47.67 10.93 19.14 7.68
2256 97.24 44.85 12.81 16.77 8.10
2257 97.61 58.05 10.40 16.23 9.94
2258 97.83 45.87 12.55 16.81 13.36
2259 97.90 56.63 10.45 15.91 8.45
2260 97.64 47.17 11.00 23.00 6.00
2261 97.94 52.86 11.79 13.86 12.29
2262 98.26 54.28 8.88 15.29 8.03
2263 98.35 51.70 9.95 14.65 5.88

