#<Embryo name> <Cleavage cycle> <Temporal class> <Genes>
dm3 14A 7 even-skipped knirps hunchback

#Quantitative data
#<Nucleus number> <A-P coordinate> <D-V coordinate> <Fluorescence intensity: channel 1 - eve, channel 2 - kni, channel 3 - hb>
0 1.99 51.55 9.22 148.98 17.74
1 2.55 48.48 11.57 180.49 28.64
2 2.95 45.00 11.64 173.24 28.20
3 2.90 52.44 12.78 185.44 44.07
4 3.34 56.78 12.52 164.30 28.78
5 3.30 54.07 14.67 168.98 29.98
6 3.55 48.59 13.29 179.08 45.11
7 3.96 44.34 12.85 186.77 50.40
8 4.44 50.86 13.71 172.14 48.91
9 4.32 47.65 13.29 168.93 36.86
10 4.42 56.29 14.41 200.30 63.91
11 4.63 61.67 10.99 170.77 38.99
12 5.11 59.01 12.73 177.49 54.34
13 4.82 42.02 13.98 159.38 51.09
14 5.26 53.11 14.80 182.07 62.84
15 4.97 45.59 13.76 170.93 59.88
16 5.22 55.40 14.55 169.66 62.91
17 5.48 43.41 12.88 150.29 45.42
18 5.72 40.07 12.46 140.89 58.49
19 5.80 48.48 15.13 150.18 61.71
20 5.95 46.08 15.10 141.45 53.51
21 6.11 51.62 13.35 164.06 60.67
22 6.24 62.12 12.37 159.94 56.66
23 6.42 49.61 14.25 161.09 73.64
24 6.32 55.67 14.41 166.55 62.57
25 6.36 65.52 10.12 128.11 32.23
26 6.45 41.55 13.44 139.34 67.02
27 6.57 38.48 13.23 97.62 73.31
28 6.80 59.20 13.36 171.82 64.19
29 6.86 36.06 12.03 91.65 58.27
30 7.06 43.36 13.88 127.27 64.62
31 7.14 47.19 13.88 130.99 65.57
32 7.27 52.75 14.71 165.09 64.34
33 7.12 39.04 13.07 101.93 60.38
34 7.60 45.10 14.00 108.71 61.77
35 7.50 50.03 13.86 136.53 59.06
36 7.53 65.87 12.33 156.48 68.38
37 7.63 55.50 14.06 167.84 73.89
38 7.71 63.53 12.93 167.28 80.76
39 7.67 40.60 14.63 97.33 76.64
40 7.74 34.32 10.97 70.23 68.08
41 7.83 61.79 13.88 180.86 90.79
42 7.99 37.14 13.03 66.68 82.75
43 8.24 57.85 15.34 168.57 82.74
44 8.55 60.19 14.59 173.71 85.69
45 8.53 68.74 10.26 136.25 55.69
46 8.46 47.09 13.36 100.23 70.77
47 8.76 44.42 14.88 94.43 78.56
48 8.97 42.12 14.14 82.13 82.35
49 8.92 49.74 15.15 115.84 89.63
50 8.75 52.74 13.72 152.19 78.50
51 8.66 64.99 14.20 162.30 92.75
52 8.72 39.07 15.41 59.89 84.59
53 9.06 33.88 12.09 37.91 83.41
54 9.18 66.08 12.62 158.81 83.81
55 9.19 36.56 13.20 48.58 92.31
56 9.36 55.55 14.53 163.78 84.76
57 9.52 62.31 14.10 158.45 92.23
58 9.54 39.98 13.89 61.19 82.16
59 9.56 31.29 11.11 30.27 75.84
60 9.87 47.73 14.22 76.39 102.60
61 9.92 70.84 9.94 113.41 53.43
62 9.80 58.83 14.99 158.39 106.20
63 9.99 68.66 11.57 142.05 74.56
64 10.07 45.09 13.51 69.33 90.29
65 10.22 50.71 14.07 95.38 101.06
66 10.32 38.21 14.84 39.98 103.85
67 10.31 53.55 14.86 132.35 97.74
68 10.15 66.95 12.42 162.02 90.53
69 10.37 34.92 12.14 33.00 93.20
70 10.44 42.37 14.42 53.11 98.18
71 10.69 60.90 15.61 176.94 110.37
72 10.79 56.51 15.25 168.61 98.13
73 10.57 32.75 12.33 27.54 90.82
74 10.86 64.24 14.72 158.12 119.80
75 11.09 31.52 12.78 26.69 94.58
76 11.24 40.30 14.25 38.66 101.84
77 11.08 71.40 11.29 116.34 64.49
78 11.29 48.32 15.23 65.32 117.54
79 11.45 45.15 14.11 47.15 113.89
80 11.54 52.33 15.23 97.63 112.26
81 11.44 67.79 13.08 149.64 109.55
82 11.32 72.71 10.65 96.48 47.52
83 11.65 37.09 13.80 29.32 112.98
84 11.74 34.06 14.18 26.87 102.62
85 11.85 58.73 15.20 174.13 114.12
86 12.03 55.43 15.99 128.33 119.32
87 12.17 42.53 14.68 34.13 114.03
88 11.90 70.45 12.62 140.59 113.73
89 12.05 29.31 10.45 23.29 76.59
90 12.11 61.76 14.61 167.71 112.09
91 12.22 64.80 14.38 168.42 138.32
92 12.44 50.36 15.06 56.40 126.74
93 12.52 73.66 9.88 95.70 51.85
94 12.71 47.44 15.46 46.91 122.81
95 12.80 39.27 14.19 29.37 109.62
96 12.93 32.66 13.11 23.74 118.89
97 12.61 71.29 11.17 127.88 78.55
98 12.88 68.44 14.43 171.10 142.43
99 13.06 36.14 13.16 25.28 116.30
100 13.18 44.75 15.07 33.58 121.33
101 13.15 30.07 13.00 22.20 119.34
102 13.22 53.28 13.93 65.05 122.70
103 13.27 60.29 16.22 174.72 151.78
104 12.93 66.07 13.32 166.77 106.68
105 13.29 56.75 16.69 137.81 134.38
106 13.52 63.08 16.55 178.09 159.28
107 13.64 27.08 10.99 23.07 108.11
108 13.71 41.80 15.06 28.91 132.16
109 13.62 75.44 10.19 92.17 48.29
110 13.88 71.94 13.10 132.30 111.79
111 13.81 49.98 14.69 40.73 135.18
112 14.42 65.03 15.11 165.82 146.82
113 14.24 68.07 14.51 163.80 139.42
114 14.24 34.07 13.73 23.06 132.13
115 14.44 46.94 14.76 31.43 139.98
116 14.47 39.65 13.52 25.11 119.98
117 14.18 29.40 12.04 24.76 138.40
118 14.57 55.20 15.81 81.30 150.48
119 14.66 58.35 16.00 132.84 148.51
120 14.80 37.18 14.68 22.72 124.22
121 14.77 24.78 10.16 19.86 93.81
122 14.79 44.19 15.43 29.53 140.95
123 14.93 61.31 15.06 153.81 140.93
124 14.69 28.46 13.05 21.21 116.12
125 14.88 52.19 15.53 48.99 150.17
126 14.64 74.72 12.88 111.92 100.00
127 15.02 31.21 12.79 22.26 126.27
128 15.30 70.09 14.38 151.18 148.13
129 15.31 77.62 9.47 95.94 47.56
130 15.37 49.16 14.94 33.35 147.56
131 15.73 72.83 12.54 118.76 119.44
132 15.67 41.73 15.07 24.54 139.92
133 15.41 75.41 12.17 110.46 67.07
134 15.74 33.75 13.88 22.71 138.91
135 15.86 67.08 15.69 167.63 145.14
136 15.72 28.73 12.19 21.50 121.96
137 15.93 63.60 16.41 162.14 156.02
138 16.02 57.01 17.03 71.07 164.37
139 16.07 38.75 15.11 25.23 135.81
140 16.06 53.77 15.64 43.52 165.99
141 16.20 25.92 12.66 21.41 118.07
142 16.20 23.19 11.28 19.31 95.86
143 16.56 47.25 14.66 26.94 145.31
144 16.40 44.36 16.23 28.60 153.93
145 16.39 60.54 16.59 116.31 159.99
146 16.55 36.31 14.60 23.55 142.35
147 16.69 50.51 15.02 31.55 147.47
148 16.68 31.37 14.19 22.71 138.96
149 16.58 75.49 13.47 95.54 88.74
150 16.70 79.12 10.48 96.23 46.55
151 16.79 69.65 16.12 168.93 153.10
152 17.08 28.54 13.99 20.42 140.18
153 17.26 40.29 15.32 23.65 144.77
154 17.07 55.48 17.32 39.86 163.23
155 17.42 34.11 15.52 23.38 155.03
156 17.45 58.22 15.83 53.52 163.06
157 17.40 63.10 17.30 130.49 137.41
158 17.40 66.71 16.09 163.60 139.60
159 17.37 72.89 15.09 138.55 112.70
160 17.52 52.74 16.56 33.42 170.18
161 17.22 70.95 15.89 164.06 99.67
162 17.54 23.31 12.94 20.10 121.94
163 17.66 77.26 14.26 118.26 85.57
164 17.84 42.67 16.38 25.64 161.95
165 17.80 26.42 13.17 21.19 135.70
166 17.99 45.58 16.63 25.51 161.30
167 18.02 37.20 15.05 23.13 155.99
168 18.14 48.56 15.99 28.80 173.79
169 18.21 80.18 11.43 124.24 59.86
170 17.89 55.43 16.86 42.38 157.09
171 18.25 60.28 16.02 62.04 163.76
172 18.31 30.25 14.92 22.00 141.73
173 18.36 75.06 14.63 135.52 118.36
174 18.17 69.71 16.35 165.74 131.11
175 18.54 64.99 17.36 144.13 145.35
176 18.70 51.14 16.95 30.15 170.73
177 18.50 20.68 11.38 19.12 94.11
178 18.76 24.57 13.91 19.98 141.22
179 18.65 33.66 15.37 22.11 153.39
180 18.89 73.06 15.32 146.45 114.21
181 18.90 39.87 15.71 24.15 165.76
182 18.96 54.12 16.92 32.46 169.24
183 19.08 57.12 17.08 38.85 163.61
184 19.01 27.91 14.33 20.29 145.24
185 19.17 62.42 17.09 78.04 172.85
186 19.28 67.62 16.58 152.37 135.36
187 19.28 43.17 16.58 25.69 157.15
188 19.31 77.40 14.73 140.36 98.36
189 19.30 36.02 15.21 22.17 153.92
190 19.21 46.32 16.95 26.89 168.09
191 19.59 22.59 13.30 20.39 137.71
192 19.78 32.21 14.80 21.61 140.18
193 19.80 59.52 16.90 42.35 172.85
194 19.80 49.37 17.63 26.93 182.25
195 19.83 80.30 12.77 142.29 68.38
196 20.29 70.86 16.77 153.34 113.88
197 20.23 52.14 18.01 29.50 177.53
198 20.18 64.99 16.73 117.87 158.30
199 20.12 26.02 14.28 21.18 147.66
200 20.21 29.22 14.54 20.51 151.32
201 20.27 38.49 16.05 24.38 164.48
202 20.20 73.90 16.07 138.57 104.76
203 20.35 55.04 17.25 32.82 170.81
204 20.52 41.56 17.16 23.07 169.22
205 20.59 20.72 12.88 19.24 135.65
206 20.53 35.24 16.09 22.08 165.39
207 20.74 44.60 16.91 25.19 177.44
208 20.66 61.82 17.24 49.39 172.74
209 20.71 57.56 19.69 33.98 205.61
210 20.65 67.79 17.29 158.23 127.83
211 20.84 47.49 17.66 25.81 177.51
212 20.93 76.89 15.48 153.42 100.22
213 21.09 23.59 14.22 20.44 151.10
214 21.19 31.12 14.95 21.98 154.19
215 21.15 80.34 14.30 146.92 73.38
216 21.06 83.12 10.75 121.44 38.10
217 21.40 18.94 12.51 19.24 119.06
218 21.55 50.09 17.14 26.79 171.94
219 21.44 27.01 14.99 21.79 145.93
220 21.57 53.21 18.55 28.22 180.88
221 21.53 73.17 16.12 145.16 97.29
222 21.67 59.45 17.52 33.50 164.41
223 21.59 63.73 17.38 54.99 172.21
224 21.64 39.76 16.32 22.36 176.07
225 21.73 33.83 17.72 23.49 167.20
226 21.80 66.24 18.21 102.33 161.84
227 21.68 69.76 18.88 154.11 114.80
228 21.83 36.69 16.57 23.45 171.72
229 21.84 56.11 16.79 29.91 182.02
230 22.06 43.28 16.95 24.66 173.11
231 22.03 77.80 15.43 151.19 91.40
232 22.29 82.21 12.16 136.54 68.12
233 22.18 46.34 17.73 27.89 193.83
234 22.32 21.30 13.37 20.92 140.34
235 22.28 28.98 15.75 21.40 158.72
236 22.43 84.81 10.77 131.63 50.77
237 22.44 24.37 15.08 19.62 147.76
238 22.48 61.83 16.58 38.18 156.77
239 22.52 17.68 11.45 18.97 137.42
240 22.47 75.62 18.16 160.09 109.81
241 22.73 31.98 16.74 22.62 163.92
242 22.88 51.29 18.73 26.98 186.45
243 22.78 71.56 17.85 159.40 107.93
244 22.81 68.17 17.88 133.62 136.22
245 23.08 48.62 17.87 26.93 177.84
246 22.97 41.37 17.43 23.79 176.45
247 22.96 54.02 17.45 26.95 176.06
248 23.04 38.55 17.32 25.13 184.96
249 23.09 57.03 18.34 30.46 181.33
250 22.81 79.58 15.57 139.84 102.62
251 22.97 74.46 18.07 162.14 99.02
252 23.15 59.52 20.30 36.36 171.73
253 23.07 64.91 18.34 65.38 154.28
254 23.24 35.40 17.20 23.81 179.21
255 23.28 26.99 17.64 22.77 167.36
256 23.53 45.73 18.56 26.34 188.10
257 23.54 77.07 19.47 158.73 107.53
258 23.68 20.45 13.16 20.68 155.36
259 23.68 17.13 11.81 18.49 142.27
260 23.76 29.75 16.67 25.08 186.52
261 23.68 62.06 19.67 44.11 177.24
262 23.53 79.49 17.00 157.04 81.41
263 23.75 84.29 13.41 121.43 49.20
264 23.73 25.53 15.18 21.78 177.06
265 23.78 81.57 16.00 132.39 71.33
266 23.92 23.27 14.12 21.80 150.63
267 24.12 43.13 19.41 26.02 203.40
268 23.90 69.88 19.23 157.20 127.17
269 24.12 33.00 17.03 25.32 184.65
270 23.99 67.04 19.10 113.91 141.70
271 24.28 14.36 10.99 19.74 114.00
272 23.97 52.43 19.82 27.69 189.36
273 24.05 71.75 17.33 168.86 92.71
274 24.14 55.27 20.31 30.42 168.23
275 24.34 37.77 18.18 25.60 180.44
276 24.10 73.38 18.60 155.58 103.06
277 24.18 75.35 17.97 139.48 90.05
278 24.52 40.48 17.74 25.79 186.36
279 24.21 50.91 19.62 29.48 176.72
280 24.33 58.48 19.38 39.30 174.25
281 24.46 63.90 18.23 65.56 152.23
282 24.67 48.45 21.33 30.82 186.81
283 24.49 79.02 18.84 161.04 109.67
284 24.28 81.74 15.32 130.42 54.79
285 24.80 28.07 17.69 24.50 184.67
286 24.97 35.18 18.19 26.29 200.13
287 24.96 25.67 16.21 23.59 177.22
288 24.75 86.02 12.73 104.94 38.96
289 24.90 61.03 19.86 56.35 170.70
290 24.63 77.17 21.75 145.64 92.54
291 24.95 18.16 14.33 21.50 164.69
292 24.94 45.45 20.72 29.54 199.37
293 25.01 83.76 19.84 127.48 81.11
294 25.09 68.33 20.52 136.20 138.98
295 25.10 31.14 17.51 24.95 183.78
296 25.04 53.16 20.17 34.94 184.33
297 25.05 20.99 14.55 23.13 157.84
298 25.18 65.72 19.66 110.28 139.63
299 25.16 71.29 21.01 159.69 123.74
300 25.03 72.96 22.21 169.15 114.05
301 25.35 56.16 19.30 44.01 170.36
302 25.40 74.43 19.36 146.16 99.50
303 25.37 80.85 21.93 133.26 93.45
304 25.48 50.64 19.49 35.42 182.00
305 25.61 42.71 19.85 28.53 201.62
306 25.37 87.34 11.85 86.13 29.00
307 25.57 58.72 20.49 72.93 154.85
308 25.59 77.08 24.30 138.53 97.66
309 25.62 37.68 20.94 27.94 190.40
310 25.81 63.19 21.93 105.38 162.11
311 25.77 15.67 14.87 22.49 147.37
312 25.78 23.99 16.63 24.64 169.46
313 26.04 40.27 21.30 30.03 204.27
314 26.02 46.23 19.62 35.27 183.80
315 26.15 34.36 19.01 27.01 194.06
316 25.97 85.42 23.89 105.19 84.44
317 26.23 28.58 18.15 26.21 189.13
318 26.34 48.49 20.40 38.48 187.25
319 26.20 53.57 21.11 48.85 174.52
320 26.36 61.11 23.16 118.75 159.88
321 26.31 17.97 15.11 24.59 143.67
322 26.30 31.39 19.33 29.43 186.03
323 26.36 65.81 22.23 125.78 149.70
324 26.28 68.64 23.06 138.70 130.61
325 26.39 20.81 16.60 23.94 174.83
326 26.33 71.17 28.54 144.23 127.98
327 26.36 84.38 31.94 101.58 79.83
328 26.34 72.61 27.50 143.08 113.18
329 26.50 82.35 40.29 70.75 98.18
330 26.57 74.68 35.60 137.06 117.87
331 26.38 79.60 39.79 98.17 103.25
332 26.70 26.22 18.45 27.10 185.16
333 26.75 43.53 20.58 34.13 201.45
334 26.71 56.10 22.77 92.07 164.88
335 26.72 58.71 23.92 109.69 165.55
336 26.83 50.83 21.92 53.84 178.53
337 26.83 76.91 42.47 109.63 107.53
338 26.77 37.73 20.66 30.29 195.89
339 26.79 87.52 29.91 44.95 50.64
340 27.01 15.00 15.51 25.65 149.14
341 27.11 63.21 26.31 135.44 160.31
342 27.24 23.71 18.78 27.94 164.17
343 27.12 12.51 13.11 25.94 84.61
344 27.19 69.53 42.05 122.99 147.30
345 27.32 40.67 21.27 37.47 186.98
346 27.31 32.31 19.91 29.24 193.40
347 27.43 35.18 21.70 35.74 193.89
348 27.29 45.67 22.87 49.88 200.64
349 27.32 53.48 24.16 97.89 171.58
350 27.37 79.14 169.62 45.62 107.10
351 27.33 84.41 95.61 35.16 85.96
352 27.59 17.85 19.08 33.86 163.16
353 27.49 66.75 39.35 113.25 156.99
354 27.39 71.89 78.19 104.23 138.83
355 27.74 29.53 20.12 35.86 183.04
356 27.68 60.54 29.89 134.44 178.09
357 27.63 20.92 19.76 31.14 165.26
358 27.72 48.12 23.79 83.96 177.85
359 27.78 74.06 189.70 56.60 106.10
360 27.80 57.79 27.88 141.06 169.40
361 27.93 81.65 147.16 28.29 88.33
362 28.06 87.73 68.51 20.04 58.40
363 27.77 25.53 19.20 32.17 170.66
364 27.90 37.82 21.38 46.61 187.19
365 27.95 42.96 23.03 54.58 199.30
366 28.03 64.44 49.26 124.60 166.45
367 28.17 55.64 27.06 137.67 163.54
368 27.97 27.10 20.46 37.88 173.20
369 28.02 50.64 25.61 117.59 177.81
370 28.29 76.75 204.70 32.89 98.78
371 28.29 13.05 16.31 41.49 94.13
372 28.28 68.72 189.87 59.18 126.29
373 28.35 16.04 21.03 46.64 136.41
374 28.35 32.98 21.28 43.52 192.40
375 28.45 53.16 29.29 122.01 172.86
376 28.39 45.72 25.01 89.10 177.17
377 28.63 39.41 26.40 68.03 188.17
378 28.58 61.68 55.80 122.47 167.52
379 28.58 71.58 210.06 42.50 110.31
380 28.55 84.50 98.87 22.13 91.83
381 28.61 23.27 22.74 49.62 167.82
382 28.68 19.94 24.41 59.11 156.81
383 28.74 35.74 26.64 71.80 192.58
384 28.72 66.10 143.03 71.88 136.84
385 28.80 58.95 51.42 132.09 168.92
386 28.94 79.44 166.67 25.16 100.33
387 28.95 29.19 24.33 64.93 172.81
388 28.97 41.53 28.29 107.90 197.44
389 28.97 48.57 29.66 133.36 175.90
390 28.93 26.27 24.70 67.75 170.53
391 29.18 14.48 30.87 44.96 140.45
392 29.20 43.77 30.10 114.81 191.72
393 29.08 63.61 145.08 85.00 151.39
394 29.23 73.82 197.13 28.62 118.92
395 29.17 31.89 24.97 99.04 186.38
396 29.21 51.39 35.90 130.51 179.25
397 29.25 56.56 42.96 131.88 156.80
398 29.51 81.91 109.09 19.41 99.34
399 29.47 46.23 34.69 124.55 192.80
400 29.40 17.24 35.73 43.63 149.16
401 29.55 54.09 47.75 135.90 177.94
402 29.50 69.61 220.64 32.30 130.95
403 29.38 87.29 30.72 17.00 62.42
404 29.61 37.30 38.16 94.63 202.74
405 29.63 11.17 52.74 22.13 84.97
406 29.67 66.74 223.58 35.92 141.40
407 29.68 76.48 164.28 24.70 112.28
408 29.65 21.66 37.36 59.31 159.37
409 29.76 34.52 33.36 111.64 186.33
410 29.80 61.02 206.21 50.50 156.30
411 29.69 18.87 51.73 38.71 149.38
412 29.78 85.85 47.17 18.22 118.90
413 29.93 39.58 48.92 102.94 190.32
414 29.83 24.70 39.31 74.79 169.39
415 29.79 58.53 150.45 82.90 173.18
416 30.16 84.44 44.84 17.65 120.80
417 30.01 27.81 44.20 59.86 175.17
418 29.99 49.90 58.47 122.25 190.46
419 30.10 30.98 40.83 77.31 180.25
420 30.15 63.73 226.34 38.88 145.22
421 30.28 71.70 155.48 27.09 114.95
422 30.26 42.09 60.87 108.50 203.84
423 30.27 47.61 54.76 107.45 190.08
424 30.19 14.16 102.88 23.20 122.40
425 30.21 55.99 139.75 70.08 179.37
426 30.37 44.41 57.53 104.37 195.72
427 30.29 52.41 108.31 79.54 193.88
428 30.50 78.76 70.16 21.07 107.56
429 30.65 16.50 125.29 26.21 153.41
430 30.65 88.24 24.07 15.61 85.51
431 30.63 19.55 157.48 26.49 153.12
432 30.64 33.67 75.40 93.28 192.62
433 30.65 36.52 97.14 74.68 193.22
434 30.79 74.45 89.34 21.90 107.97
435 30.75 23.41 131.74 28.64 169.26
436 30.80 68.73 140.35 25.73 132.18
437 30.80 58.11 222.67 41.01 159.25
438 30.86 65.89 195.13 31.08 129.43
439 31.19 12.61 146.63 22.83 117.12
440 30.89 82.04 43.24 18.50 109.84
441 30.89 25.95 163.37 29.98 171.77
442 31.01 60.79 217.14 32.04 155.98
443 31.35 10.36 110.24 21.29 83.03
444 31.01 28.84 170.69 31.82 182.08
445 31.11 54.94 218.59 41.19 159.57
446 31.01 50.15 216.54 44.27 179.13
447 30.92 39.25 132.37 56.85 194.63
448 31.11 45.80 176.30 45.45 197.30
449 31.22 31.72 181.15 37.70 181.85
450 31.27 52.46 227.08 39.67 164.24
451 31.33 41.55 196.23 43.81 199.00
452 31.43 48.09 232.65 39.97 170.44
453 31.41 63.25 168.83 26.60 150.55
454 31.52 84.89 26.83 16.43 98.10
455 31.71 43.70 222.06 37.17 181.41
456 31.60 34.52 214.31 40.60 167.22
457 31.56 71.59 72.95 24.18 135.50
458 31.66 76.74 42.48 19.98 115.98
459 31.67 21.77 176.02 25.32 146.56
460 31.80 37.01 218.21 35.47 175.04
461 31.82 79.49 34.66 20.59 102.35
462 31.82 17.96 144.43 24.15 126.95
463 31.65 20.00 177.39 24.48 135.66
464 31.98 24.34 197.14 24.81 141.56
465 32.07 56.43 204.05 29.38 167.73
466 32.07 27.11 193.77 27.85 164.68
467 32.07 39.46 209.88 34.21 172.64
468 32.04 58.77 188.63 25.99 147.10
469 31.94 65.97 111.51 24.51 144.29
470 32.13 29.92 204.46 28.02 158.92
471 32.20 87.74 25.26 16.07 101.57
472 32.18 15.22 104.55 21.88 120.00
473 32.13 68.84 71.86 23.88 144.46
474 32.23 74.03 46.05 21.02 125.74
475 32.26 82.04 24.17 18.20 106.70
476 32.21 45.92 216.29 30.96 183.48
477 32.29 61.27 151.76 26.33 164.29
478 32.22 50.87 193.06 31.85 170.65
479 32.32 53.75 188.40 28.45 178.57
480 32.52 32.65 212.92 29.48 179.32
481 32.60 42.02 201.24 31.18 178.87
482 32.68 48.12 195.05 28.50 173.31
483 32.81 63.63 68.34 26.21 159.96
484 32.80 11.95 84.92 19.82 119.36
485 32.93 35.20 187.00 29.86 191.00
486 32.88 71.56 35.05 22.05 133.30
487 32.92 84.99 27.22 16.23 100.70
488 32.89 19.87 115.70 22.63 140.47
489 33.03 76.62 26.74 19.84 105.90
490 33.10 22.47 113.74 23.51 146.02
491 33.03 66.55 46.27 23.22 140.85
492 33.03 89.68 31.92 14.45 78.28
493 33.15 17.29 79.28 21.76 132.65
494 33.22 37.60 180.09 31.57 175.22
495 33.12 44.92 139.30 26.88 173.64
496 33.25 79.08 24.15 18.88 86.70
497 33.32 57.31 95.17 28.23 186.06
498 33.31 25.19 132.55 23.52 155.08
499 33.25 59.64 82.60 26.71 162.49
500 33.39 27.81 122.26 25.81 172.31
501 33.36 55.12 94.14 26.13 179.23
502 33.37 50.10 109.39 28.46 181.70
503 33.39 30.54 176.18 27.23 171.83
504 33.43 40.18 148.41 28.08 174.14
505 33.52 52.53 108.50 28.26 187.70
506 33.55 69.32 30.46 22.07 159.24
507 33.64 14.59 60.11 20.60 134.49
508 33.58 81.53 27.28 17.34 106.12
509 33.69 74.08 27.08 20.10 125.52
510 33.87 61.64 47.26 24.22 152.03
511 33.86 86.70 53.33 16.49 106.94
512 33.86 42.77 110.20 26.76 182.87
513 34.00 9.45 41.53 18.40 77.42
514 33.97 32.99 108.54 25.63 194.25
515 33.97 47.53 88.22 28.23 189.08
516 34.01 64.33 37.68 21.90 149.28
517 34.10 20.12 62.49 21.27 138.77
518 34.35 12.11 63.07 19.87 130.51
519 34.21 67.00 30.38 22.46 149.02
520 34.26 35.82 82.80 26.20 182.35
521 34.35 45.31 75.66 26.49 171.21
522 34.39 71.44 26.41 22.72 128.19
523 34.52 88.95 159.98 17.10 89.46
524 34.37 58.81 51.96 23.74 173.04
525 34.49 76.65 27.51 19.50 99.06
526 34.41 16.86 53.42 21.26 145.09
527 34.41 23.08 66.88 22.73 153.78
528 34.49 54.33 53.91 25.72 178.13
529 34.42 83.54 62.99 16.37 103.91
530 34.60 38.41 76.31 27.94 176.70
531 34.59 26.46 65.32 22.91 162.15
532 34.61 29.30 66.18 23.66 164.26
533 34.48 49.93 53.74 26.12 184.15
534 34.69 56.44 46.66 26.75 181.60
535 34.71 79.39 37.64 18.60 108.09
536 34.83 40.70 72.84 27.84 183.18
537 34.91 52.18 43.38 26.74 188.39
538 35.05 69.06 28.40 22.12 139.91
539 35.04 92.04 118.35 13.06 59.32
540 35.04 73.63 29.32 20.25 110.30
541 35.02 62.87 32.34 24.82 140.82
542 35.18 31.61 62.18 23.71 177.72
543 35.27 34.09 55.30 25.04 178.16
544 35.19 43.18 50.70 25.89 180.92
545 35.24 60.36 31.07 25.14 159.77
546 35.30 19.50 47.82 21.43 150.02
547 35.32 8.38 24.68 18.02 82.54
548 35.38 48.08 37.14 29.46 180.46
549 35.27 65.50 29.33 23.42 149.70
550 35.30 86.13 164.36 16.23 84.30
551 35.49 24.64 40.74 22.61 159.93
552 35.33 84.72 176.74 17.87 85.32
553 35.60 36.78 44.30 27.02 187.86
554 35.57 10.80 28.39 19.39 123.71
555 35.68 58.17 32.70 25.84 168.10
556 35.59 16.51 35.19 21.90 139.32
557 35.60 45.81 41.68 26.84 171.84
558 35.68 81.19 153.98 18.94 98.86
559 35.36 87.23 152.00 13.93 91.33
560 35.60 13.67 28.94 21.19 126.20
561 35.87 21.95 32.38 21.85 144.43
562 35.62 77.32 85.65 19.26 128.64
563 35.53 83.18 174.61 19.39 108.06
564 35.76 53.82 32.64 25.46 172.55
565 35.84 50.59 31.21 24.53 173.56
566 35.87 70.77 36.80 20.79 125.22
567 35.99 27.23 36.90 25.35 162.12
568 36.04 89.99 146.57 15.41 114.39
569 35.98 29.63 37.02 24.11 171.46
570 36.05 39.27 37.94 26.52 176.37
571 36.01 56.16 30.47 24.67 175.81
572 36.07 61.77 29.20 23.49 158.16
573 36.09 74.27 112.28 21.20 116.26
574 36.31 41.68 38.74 27.90 185.41
575 36.11 67.46 30.90 23.16 141.05
576 35.96 84.44 197.93 18.07 102.36
577 36.35 64.27 32.49 22.86 153.62
578 36.51 32.04 33.01 23.11 170.36
579 36.62 44.13 30.44 26.50 177.59
580 36.53 78.81 195.92 20.30 118.11
581 36.60 34.40 30.84 23.91 165.36
582 36.65 11.97 23.25 19.17 126.88
583 36.64 15.70 25.05 20.71 141.97
584 36.73 59.48 33.77 25.01 154.68
585 36.57 83.51 188.10 18.60 114.60
586 36.63 18.99 26.93 21.13 146.08
587 36.81 46.66 35.85 27.82 170.28
588 36.83 49.08 31.64 26.36 173.81
589 36.91 87.34 127.39 17.33 106.54
590 36.70 24.55 26.98 21.87 150.98
591 36.76 71.37 161.30 21.09 128.25
592 36.71 85.47 180.65 18.85 135.88
593 36.77 51.90 30.81 27.61 165.38
594 37.07 36.95 31.70 28.04 182.94
595 37.07 76.08 213.99 21.75 131.71
596 37.20 9.41 22.09 18.34 113.81
597 36.93 54.54 34.30 25.76 165.85
598 37.25 81.22 179.44 20.50 112.79
599 37.12 57.34 35.88 24.90 165.62
600 37.15 68.63 89.32 22.25 152.57
601 37.16 61.52 34.63 24.30 157.06
602 37.11 66.08 53.36 22.12 155.26
603 37.08 20.77 28.69 19.56 157.17
604 37.25 29.76 31.43 25.13 171.10
605 37.25 91.68 82.10 14.72 86.08
606 37.34 27.24 28.92 22.82 169.22
607 37.36 39.06 33.60 27.47 175.97
608 37.31 22.40 24.90 21.69 139.84
609 37.32 13.78 25.58 20.47 147.85
610 37.60 73.16 200.41 21.29 134.91
611 37.50 41.50 34.20 26.77 175.43
612 37.49 63.51 58.84 22.21 172.08
613 37.65 18.01 27.48 20.68 141.98
614 37.85 31.78 30.42 22.75 167.80
615 38.00 89.60 84.43 16.48 113.71
616 37.93 6.91 27.41 17.52 92.28
617 37.76 49.76 38.81 26.09 143.85
618 37.79 52.63 57.95 27.67 168.81
619 37.76 44.32 38.54 28.48 188.57
620 37.90 84.18 133.21 18.02 117.49
621 37.81 34.66 32.25 25.21 178.23
622 37.89 24.86 28.48 22.73 157.17
623 37.88 46.97 41.49 26.97 179.16
624 37.85 16.10 28.74 20.53 141.28
625 37.96 55.50 75.56 26.29 180.66
626 38.08 70.40 209.37 22.45 139.01
627 38.07 78.48 162.69 19.63 130.87
628 38.15 66.33 217.16 26.86 159.44
629 37.96 11.68 28.95 20.58 123.05
630 38.24 20.45 33.60 21.97 146.99
631 38.28 57.84 188.51 24.70 167.93
632 38.46 74.71 173.95 21.05 131.01
633 38.46 87.07 82.41 16.85 125.42
634 38.46 39.74 43.44 25.86 194.66
635 38.50 63.65 222.01 24.78 158.38
636 38.40 28.87 41.62 25.19 174.30
637 38.57 36.64 41.58 26.26 181.86
638 38.57 42.52 60.73 25.04 202.49
639 38.60 50.84 110.14 25.61 192.19
640 38.77 81.64 101.45 18.24 144.68
641 38.96 8.93 87.57 19.27 122.30
642 38.77 68.31 230.97 24.21 169.89
643 38.80 92.57 40.02 13.69 61.69
644 38.55 11.50 50.58 20.32 127.97
645 38.85 23.33 44.68 22.94 147.19
646 38.70 33.40 49.51 25.40 194.31
647 38.75 48.18 100.49 26.61 195.86
648 38.72 53.55 171.50 26.56 186.42
649 38.86 45.47 170.03 27.55 179.69
650 38.92 14.38 62.53 19.77 153.73
651 38.87 17.68 77.65 20.26 162.54
652 38.89 26.43 55.46 22.95 170.44
653 39.01 59.80 230.21 24.21 172.46
654 39.12 55.56 221.87 27.93 188.59
655 39.12 31.01 78.19 24.26 192.06
656 39.25 71.40 182.95 22.77 139.36
657 39.23 76.73 127.69 18.03 153.87
658 39.27 62.16 209.16 27.04 154.04
659 39.35 84.45 65.57 17.74 146.78
660 39.51 79.22 81.44 19.00 130.55
661 39.61 5.99 94.66 18.32 101.39
662 39.40 38.47 122.94 25.44 200.50
663 39.53 52.38 215.40 27.83 162.42
664 39.43 65.98 217.71 25.45 159.54
665 39.52 90.37 48.48 13.94 111.38
666 39.49 20.36 100.42 21.19 152.04
667 39.48 11.19 115.82 20.20 146.67
668 39.67 28.36 175.66 25.07 171.75
669 39.63 57.47 199.59 26.24 193.67
670 39.64 40.73 193.68 27.06 200.18
671 39.57 43.03 211.15 27.18 194.98
672 39.66 49.65 201.50 27.28 179.46
673 39.63 34.05 146.42 27.24 199.35
674 39.93 36.69 187.67 27.58 188.32
675 39.90 73.85 95.49 20.49 166.80
676 40.14 47.31 203.80 27.53 202.03
677 39.86 25.30 163.67 23.67 176.90
678 40.03 68.75 181.96 22.00 189.58
679 40.02 88.11 42.18 15.24 114.88
680 40.07 17.66 151.47 21.82 171.35
681 40.15 44.79 203.63 27.01 184.93
682 40.18 22.82 154.02 22.72 180.38
683 40.16 64.33 170.10 25.40 193.68
684 40.22 13.95 152.28 20.87 167.84
685 40.30 30.55 190.10 25.04 185.43
686 40.23 59.51 205.80 23.99 192.60
687 40.30 81.22 53.61 19.11 147.27
688 40.45 86.76 42.21 16.43 115.18
689 40.41 8.36 117.59 20.09 132.27
690 40.37 54.76 192.17 26.67 210.36
691 40.50 62.03 169.58 24.24 199.56
692 40.69 32.73 210.71 25.97 197.07
693 40.55 71.15 96.76 19.63 173.15
694 40.52 76.79 62.53 17.76 167.62
695 40.74 39.11 203.30 27.17 204.26
696 40.75 34.96 207.24 27.68 198.67
697 40.65 51.93 171.44 27.44 210.32
698 40.58 84.01 40.49 18.97 120.94
699 40.73 41.60 219.28 27.59 195.52
700 40.77 66.61 140.28 23.67 182.11
701 40.72 19.69 151.14 22.83 184.16
702 40.86 26.48 183.06 23.59 195.57
703 40.87 49.58 178.74 28.41 213.21
704 40.79 57.34 162.94 26.30 220.04
705 40.95 11.04 121.66 20.44 180.14
706 41.01 90.85 29.65 14.28 81.34
707 41.25 28.78 176.75 25.20 195.91
708 41.33 16.67 136.16 21.77 178.13
709 41.26 21.55 164.60 25.07 186.68
710 41.15 73.50 80.89 21.09 156.28
711 41.46 79.19 41.11 18.67 138.03
712 41.40 36.82 200.17 27.73 201.98
713 41.30 45.57 180.13 28.49 210.14
714 41.33 60.38 128.14 25.24 218.32
715 41.11 18.33 138.94 18.33 177.11
716 41.56 24.20 172.33 24.44 191.73
717 41.45 68.59 84.13 22.07 186.91
718 41.41 64.12 139.87 23.02 216.43
719 41.49 53.46 130.72 25.83 227.86
720 41.34 13.25 133.06 20.29 186.84
721 41.66 42.83 180.86 27.07 218.79
722 41.57 85.59 32.31 16.69 99.24
723 41.65 48.14 122.00 27.07 215.78
724 41.64 82.08 32.37 20.19 121.57
725 41.71 55.77 124.51 26.79 222.95
726 41.74 31.23 182.98 27.02 208.38
727 41.55 88.66 31.61 16.71 74.51
728 41.74 58.26 104.78 23.38 231.81
729 41.78 70.87 63.18 23.25 192.80
730 41.82 75.81 48.91 20.06 166.45
731 41.77 14.59 120.40 20.09 168.15
732 41.92 8.60 96.66 20.15 161.42
733 41.97 51.21 113.56 25.39 229.45
734 41.97 34.01 189.09 26.90 210.28
735 42.03 62.10 102.18 26.48 205.80
736 42.12 66.18 75.56 22.73 189.65
737 41.80 18.24 125.38 17.62 184.94
738 42.04 38.70 155.21 28.27 232.25
739 42.37 40.76 142.82 27.23 232.14
740 42.19 6.04 67.69 17.98 130.76
741 42.19 92.02 36.81 13.87 58.59
742 42.18 26.66 143.45 24.73 212.42
743 42.23 19.47 125.62 21.93 193.14
744 42.26 11.20 101.90 20.89 194.76
745 42.07 89.36 30.31 16.59 63.14
746 42.52 73.20 46.23 21.03 168.68
747 42.45 44.71 130.45 27.65 232.75
748 42.46 21.80 138.40 24.60 208.79
749 42.64 59.92 66.24 22.73 227.66
750 42.59 29.26 129.63 26.00 213.94
751 42.69 47.00 87.48 25.61 233.06
752 42.74 63.90 63.95 22.11 206.46
753 42.63 77.71 34.72 18.17 111.17
754 42.60 86.42 40.07 16.16 82.83
755 42.72 49.57 87.71 26.60 233.98
756 42.77 16.90 91.27 20.25 177.65
757 42.74 36.01 135.55 25.94 221.07
758 42.72 53.48 94.03 26.40 224.13
759 42.73 80.42 32.44 17.35 92.10
760 42.78 83.29 38.59 16.50 92.41
761 42.77 57.58 75.86 24.66 225.03
762 42.91 68.07 42.88 22.38 171.39
763 42.92 32.40 132.45 25.56 233.91
764 42.89 13.82 99.67 22.90 199.36
765 42.94 24.28 131.73 22.73 209.08
766 43.12 55.51 67.52 24.10 219.22
767 42.95 70.64 38.67 21.72 166.72
768 43.14 42.83 94.29 27.34 231.53
769 43.45 90.02 123.43 15.34 50.64
770 43.30 7.58 59.58 18.10 162.71
771 43.21 38.56 89.39 25.56 231.11
772 43.34 61.65 50.88 22.77 205.73
773 43.33 75.23 32.63 20.00 118.78
774 43.35 5.02 39.20 17.96 103.10
775 43.37 93.22 104.33 15.75 27.25
776 43.45 10.16 71.62 21.55 186.36
777 43.46 26.59 110.24 26.42 219.63
778 43.52 51.27 52.15 27.14 208.16
779 43.53 65.72 46.62 22.53 178.02
780 43.57 19.31 75.62 22.09 186.21
781 43.70 34.42 89.28 25.58 223.05
782 43.61 21.80 93.98 23.16 202.46
783 43.62 29.82 91.53 26.37 229.01
784 43.80 45.43 60.50 25.75 212.68
785 43.71 78.31 44.30 18.88 97.23
786 43.80 40.81 76.16 25.41 221.28
787 43.79 85.72 115.21 17.26 58.10
788 43.75 48.24 56.24 26.12 213.94
789 43.82 59.19 43.51 24.95 207.50
790 43.89 72.52 41.41 20.24 110.50
791 43.85 80.76 58.13 20.39 82.20
792 44.01 36.42 61.98 24.09 227.04
793 44.04 54.00 44.12 25.26 203.22
794 44.02 56.84 43.83 24.80 198.56
795 44.11 63.28 40.14 22.48 171.44
796 43.97 69.48 43.45 21.45 133.00
797 43.94 82.86 102.91 18.65 61.69
798 44.15 32.37 74.56 25.67 221.29
799 43.98 15.38 51.32 21.64 167.79
800 43.96 12.00 54.29 18.81 170.76
801 44.25 23.99 69.28 22.08 200.44
802 44.32 14.21 50.88 21.12 173.47
803 44.37 17.30 54.64 21.07 180.64
804 44.43 27.59 59.53 24.45 218.40
805 44.40 43.21 50.39 26.71 205.82
806 44.42 67.29 56.29 23.56 141.08
807 44.47 38.72 50.23 26.29 212.81
808 44.47 75.52 64.16 19.96 93.81
809 44.61 87.58 204.64 17.18 42.98
810 44.56 6.51 26.90 18.21 120.60
811 44.53 12.36 39.90 22.19 152.81
812 44.60 60.89 43.26 22.71 168.20
813 44.62 52.04 37.73 26.21 184.98
814 44.70 9.49 31.44 19.60 149.22
815 44.76 49.88 39.58 26.91 168.35
816 44.90 92.78 181.80 16.01 20.87
817 44.76 20.80 47.46 22.57 172.97
818 44.70 64.92 55.51 21.84 158.69
819 44.83 30.00 45.41 25.51 213.10
820 44.79 47.41 42.61 25.74 179.81
821 44.66 78.03 121.89 21.53 52.51
822 45.09 81.45 180.77 19.45 43.96
823 44.90 70.23 113.72 22.76 90.44
824 45.19 34.47 46.89 25.65 184.77
825 44.97 58.32 49.25 24.85 167.89
826 44.96 79.42 131.74 19.20 57.17
827 45.01 72.57 108.68 20.35 82.27
828 45.11 40.74 43.18 28.01 184.76
829 45.09 55.81 46.18 25.47 167.57
830 45.23 84.33 220.22 19.85 37.22
831 45.24 25.34 42.22 23.86 175.85
832 45.21 36.88 45.05 26.82 186.66
833 45.39 45.45 48.84 26.41 171.33
834 45.27 32.13 42.12 25.45 192.39
835 45.43 89.99 217.38 16.47 28.46
836 45.42 53.36 52.14 26.52 152.24
837 45.38 14.68 29.89 19.03 116.86
838 45.28 62.46 91.14 22.64 125.18
839 45.59 68.17 198.89 23.05 76.42
840 45.52 74.89 198.38 23.15 57.75
841 45.63 22.60 37.64 22.57 149.20
842 45.49 65.87 171.75 24.81 94.63
843 45.59 4.68 19.18 16.18 71.11
844 45.47 18.39 35.61 21.57 145.23
845 45.56 43.11 52.38 25.68 168.17
846 45.71 77.37 206.99 23.76 45.29
847 45.61 27.78 45.43 24.96 166.56
848 45.62 59.89 155.03 23.16 119.16
849 45.68 7.50 24.16 18.01 97.18
850 45.91 95.02 90.88 12.48 10.82
851 45.95 38.81 46.24 25.68 158.78
852 45.80 48.51 61.67 26.30 142.71
853 45.85 50.93 64.77 25.26 133.43
854 46.00 63.76 211.47 25.83 74.25
855 45.77 11.51 28.06 18.79 108.94
856 46.13 70.65 204.88 22.31 58.27
857 46.05 57.31 133.51 26.31 117.52
858 46.25 79.84 224.98 21.68 33.82
859 46.18 29.71 52.46 26.78 153.33
860 46.04 54.68 126.15 26.97 108.43
861 46.27 16.68 39.54 21.08 105.44
862 46.42 73.11 228.33 23.29 51.36
863 46.28 86.18 188.78 20.14 23.63
864 46.36 20.09 42.32 23.25 120.40
865 46.21 32.24 57.34 25.34 150.51
866 46.29 36.30 63.14 26.86 143.22
867 46.21 41.34 74.54 25.24 142.79
868 46.34 61.59 218.83 27.32 78.83
869 46.39 92.03 121.94 15.45 17.74
870 46.43 24.39 57.63 23.30 129.46
871 46.64 34.05 135.62 26.51 105.57
872 46.55 44.31 104.64 29.22 133.32
873 46.41 46.60 131.37 26.88 124.57
874 46.59 66.57 236.19 24.35 63.94
875 46.56 26.63 129.47 25.40 116.69
876 46.73 52.48 193.83 27.26 89.11
877 46.72 82.68 169.58 19.51 26.06
878 46.71 59.44 231.51 25.79 80.13
879 46.74 90.46 130.86 15.92 20.86
880 46.76 4.50 38.94 18.33 56.62
881 46.72 12.76 43.88 20.21 89.58
882 46.76 7.56 47.14 16.74 78.42
883 46.89 49.27 213.81 30.49 79.26
884 46.92 22.44 103.57 25.53 102.15
885 47.03 68.87 231.22 24.31 50.22
886 46.91 76.39 213.34 22.55 36.92
887 46.88 39.76 126.92 28.22 120.02
888 46.95 55.34 215.21 27.88 71.78
889 47.19 94.23 54.59 14.94 10.99
890 47.15 64.54 245.23 25.68 56.07
891 47.08 30.98 185.08 28.94 106.65
892 47.24 37.57 162.47 27.97 88.90
893 47.22 42.13 193.53 28.82 88.40
894 47.12 15.51 120.41 21.86 73.91
895 47.35 28.04 183.93 24.98 86.70
896 47.35 57.48 226.85 27.01 73.72
897 47.35 84.46 105.41 18.48 20.88
898 47.45 46.58 227.10 27.38 73.09
899 47.41 62.31 237.97 28.21 46.99
900 47.39 88.44 113.03 17.43 18.08
901 47.56 35.45 149.72 28.38 85.26
902 47.45 79.56 140.56 19.17 24.87
903 47.33 86.15 111.68 18.00 20.41
904 47.61 20.53 180.56 22.71 62.68
905 47.73 10.28 141.45 22.16 58.30
906 47.49 17.17 130.98 24.10 69.88
907 47.62 24.97 189.21 25.68 62.35
908 47.61 71.35 169.20 23.19 36.29
909 47.64 73.88 207.21 23.04 33.28
910 47.60 5.78 115.97 19.67 40.05
911 47.81 8.44 145.03 20.27 57.84
912 47.77 51.33 227.29 29.28 58.77
913 47.81 33.10 214.54 29.47 68.77
914 47.80 44.19 236.01 30.05 75.26
915 47.58 7.12 141.58 21.11 44.32
916 47.79 12.04 156.07 21.64 51.74
917 47.89 13.85 166.44 24.30 49.95
918 47.90 59.82 242.78 27.67 50.25
919 47.94 39.82 228.78 30.47 72.07
920 47.93 54.38 232.64 31.22 60.29
921 47.87 66.58 223.06 25.47 39.90
922 48.09 29.95 223.53 28.60 65.74
923 48.24 76.40 129.42 21.38 25.05
924 48.19 48.38 226.60 28.53 56.77
925 48.25 69.08 179.81 24.15 31.55
926 48.39 81.87 77.51 19.89 17.37
927 48.54 22.38 196.10 24.98 54.28
928 48.34 92.21 53.63 16.34 14.83
929 48.39 64.16 222.62 25.79 37.61
930 48.48 85.38 64.32 18.22 15.38
931 48.29 94.87 22.78 15.19 6.31
932 48.63 16.11 183.83 23.09 43.55
933 48.49 37.00 227.88 30.30 57.95
934 48.49 57.65 226.66 27.89 48.23
935 48.48 61.67 227.57 29.86 36.81
936 48.59 88.63 61.11 18.74 13.66
937 48.71 19.31 192.98 23.38 43.50
938 48.79 27.26 213.20 26.58 50.92
939 48.62 42.38 223.51 28.39 54.78
940 48.69 78.76 77.31 19.78 19.51
941 48.85 45.76 225.20 29.37 51.64
942 48.84 5.64 139.23 19.94 30.22
943 48.86 24.78 210.67 26.79 46.65
944 48.85 32.07 221.67 28.90 54.14
945 48.84 50.27 217.14 28.94 46.37
946 48.87 71.38 94.13 22.98 24.70
947 49.03 34.44 218.31 31.69 48.11
948 48.85 73.71 83.17 21.94 23.14
949 48.95 52.93 179.69 26.76 43.41
950 49.12 8.52 145.81 20.79 31.45
951 49.07 55.44 199.00 28.21 42.86
952 49.04 39.14 215.16 29.67 56.95
953 48.98 67.04 130.82 22.64 29.69
954 49.14 11.61 144.22 19.29 27.74
955 49.19 13.79 159.46 21.19 30.18
956 49.22 95.23 20.49 17.40 6.17
957 49.23 29.69 194.03 28.00 50.60
958 49.35 60.00 151.68 28.87 35.29
959 49.15 93.25 31.64 19.64 10.43
960 49.46 3.57 79.16 19.23 18.38
961 49.52 83.94 43.44 20.70 12.58
962 49.36 62.48 135.83 27.01 28.43
963 49.53 48.07 190.26 31.09 41.30
964 49.54 65.14 133.42 27.98 31.16
965 49.55 69.37 85.62 25.56 21.04
966 49.60 75.74 61.87 22.92 17.57
967 49.54 90.72 32.60 23.82 10.80
968 49.60 41.25 179.70 29.46 41.04
969 49.71 57.84 140.63 28.10 35.50
970 49.69 44.10 180.36 31.23 39.69
971 49.52 79.95 47.58 26.22 14.78
972 49.73 36.22 172.98 30.65 44.21
973 49.93 20.74 109.17 25.27 29.22
974 49.70 86.56 37.19 25.02 13.43
975 49.87 17.88 119.08 22.87 28.61
976 49.86 23.33 101.56 25.56 33.60
977 49.83 78.67 49.65 23.26 14.37
978 49.80 88.16 36.54 24.91 12.30
979 49.91 51.07 125.96 29.93 34.30
980 49.99 72.16 54.99 25.93 19.01
981 50.05 6.48 77.65 20.25 24.18
982 50.08 26.14 144.38 25.81 32.27
983 49.82 82.30 39.45 22.65 12.45
984 49.99 31.93 125.85 28.62 35.09
985 50.08 81.33 36.41 25.65 12.22
986 50.07 15.47 89.31 22.27 27.75
987 50.14 53.56 90.88 27.32 30.88
988 50.22 67.32 62.44 28.65 21.31
989 50.24 28.89 100.62 28.66 34.59
990 50.15 38.78 137.55 32.10 39.47
991 50.21 13.78 88.16 21.56 21.42
992 50.31 55.93 104.41 28.97 28.53
993 50.31 63.46 81.83 28.78 22.57
994 50.48 10.48 80.94 22.29 23.75
995 50.52 46.58 102.96 31.98 31.86
996 50.63 33.74 102.66 31.35 30.64
997 50.51 94.70 20.35 25.95 4.88
998 50.51 61.25 66.56 30.09 21.36
999 50.70 76.64 39.93 26.99 14.06
1000 50.59 4.16 43.41 19.04 14.12
1001 50.73 49.20 92.71 33.17 31.45
1002 50.68 59.09 68.65 27.97 28.01
1003 50.61 41.81 101.10 31.41 30.89
1004 50.67 69.68 51.94 31.31 17.43
1005 50.69 92.38 24.22 27.89 7.69
1006 50.70 74.05 39.96 29.10 15.75
1007 50.64 85.27 29.60 27.48 11.04
1008 50.93 89.80 42.21 30.77 8.81
1009 50.82 44.48 80.84 30.20 31.32
1010 50.92 65.35 50.57 32.59 19.24
1011 50.98 22.44 64.85 28.87 23.18
1012 50.85 35.88 73.25 32.51 29.31
1013 50.82 79.19 36.24 32.49 12.31
1014 50.87 87.91 39.06 28.18 8.43
1015 51.02 16.55 51.65 24.68 20.37
1016 51.03 19.53 54.95 26.31 22.82
1017 51.07 24.86 64.40 28.88 23.85
1018 51.08 51.85 64.13 33.44 24.89
1019 50.92 18.07 58.60 25.60 18.07
1020 51.06 30.82 84.93 29.46 25.80
1021 51.11 12.09 57.50 22.61 19.74
1022 51.15 27.57 67.79 28.58 27.19
1023 51.22 38.13 73.14 32.34 28.20
1024 51.11 82.13 32.93 31.82 8.98
1025 51.20 6.75 44.06 21.99 15.80
1026 51.30 57.05 58.32 33.43 23.20
1027 51.39 72.12 35.75 37.85 13.25
1028 51.29 54.25 51.79 34.19 23.20
1029 51.45 63.22 59.32 36.79 18.38
1030 51.43 67.24 43.49 32.40 17.38
1031 51.60 40.40 58.84 31.21 23.45
1032 51.65 60.88 45.42 36.61 19.52
1033 51.65 47.89 59.13 39.76 25.74
1034 51.72 42.87 65.12 37.43 24.26
1035 51.70 86.23 42.62 41.46 9.50
1036 51.63 84.43 34.86 40.52 8.57
1037 51.70 4.69 30.09 21.69 13.40
1038 51.78 95.16 49.09 34.14 4.71
1039 51.93 34.32 56.38 39.00 23.40
1040 51.84 45.52 54.58 39.54 22.29
1041 51.74 69.66 47.41 37.76 13.00
1042 51.80 92.23 67.89 33.28 6.20
1043 51.85 32.10 57.89 39.69 22.86
1044 51.88 80.13 50.48 33.09 9.58
1045 51.99 21.09 40.00 31.68 19.45
1046 51.95 50.58 44.60 42.14 20.83
1047 52.00 58.77 54.08 37.88 16.91
1048 51.87 77.09 39.50 35.86 12.02
1049 52.02 29.39 54.20 33.58 21.08
1050 51.95 73.86 41.02 38.71 11.73
1051 51.98 22.95 45.12 31.78 15.83
1052 52.05 26.32 49.91 35.61 18.36
1053 51.96 36.33 51.24 40.86 21.10
1054 52.26 88.88 141.85 41.59 6.98
1055 52.10 18.29 36.88 30.95 14.93
1056 52.08 11.98 38.24 25.85 15.07
1057 52.08 15.72 37.38 27.62 16.39
1058 52.01 14.10 40.88 29.06 11.33
1059 52.22 56.00 53.63 41.66 17.49
1060 52.26 65.42 45.57 47.99 14.67
1061 52.21 24.12 40.71 35.13 20.63
1062 52.28 53.35 57.18 47.46 19.01
1063 52.20 8.24 34.51 25.28 13.82
1064 52.43 6.59 29.96 26.62 12.52
1065 52.40 38.42 52.54 42.65 21.74
1066 52.56 67.74 55.53 49.47 13.22
1067 52.54 63.10 48.20 54.53 15.45
1068 52.54 70.74 53.72 47.36 12.74
1069 52.60 41.34 58.93 45.72 17.57
1070 52.98 82.01 149.02 48.54 8.53
1071 53.16 84.83 171.55 50.90 8.02
1072 52.52 31.16 51.50 37.50 17.29
1073 52.83 46.48 65.28 54.08 17.11
1074 52.68 48.95 47.64 45.69 17.48
1075 52.82 78.32 108.98 42.66 9.79
1076 52.74 43.85 66.38 48.13 18.56
1077 52.78 60.86 67.92 49.91 15.32
1078 52.78 32.92 61.83 44.88 16.67
1079 53.02 72.63 110.40 45.24 9.36
1080 52.93 75.48 110.59 45.76 9.48
1081 52.90 28.05 57.25 46.78 15.88
1082 52.97 86.35 175.93 51.37 7.41
1083 53.11 91.77 198.13 55.48 6.63
1084 52.98 10.55 35.29 32.96 10.81
1085 53.02 20.40 41.02 33.98 13.53
1086 52.94 36.24 63.55 52.88 17.33
1087 53.05 51.24 63.71 59.52 16.09
1088 53.03 25.38 50.12 43.63 16.37
1089 53.00 58.20 92.88 57.04 14.88
1090 53.06 22.86 45.09 43.09 13.67
1091 53.19 16.74 35.10 38.82 10.48
1092 52.99 30.54 55.36 47.36 16.08
1093 53.44 94.07 130.86 43.44 4.71
1094 53.04 12.26 29.83 36.21 11.62
1095 53.22 14.61 30.49 37.58 11.19
1096 52.91 18.68 26.83 36.67 10.67
1097 53.31 55.79 134.95 62.14 14.35
1098 53.23 18.13 34.80 38.53 11.80
1099 53.31 39.23 95.35 58.49 15.11
1100 53.47 53.50 138.78 60.52 13.94
1101 53.50 65.98 137.66 54.17 11.45
1102 53.69 34.40 141.13 58.60 13.05
1103 53.45 69.06 138.72 52.49 10.76
1104 53.46 7.86 32.59 36.16 10.49
1105 53.67 41.68 137.87 61.83 14.41
1106 53.57 63.44 137.50 57.70 11.90
1107 53.40 1.47 11.63 27.58 3.42
1108 53.69 48.54 122.70 61.33 14.68
1109 53.79 31.61 127.08 51.85 12.68
1110 53.82 44.11 145.06 59.82 14.05
1111 53.91 89.10 201.05 58.37 6.63
1112 53.94 29.19 148.22 65.89 13.60
1113 53.87 60.35 206.12 64.79 11.64
1114 53.91 79.90 204.09 56.16 7.92
1115 54.05 26.82 130.33 57.83 12.79
1116 54.03 37.08 170.52 66.05 13.71
1117 53.74 9.85 41.50 41.44 10.67
1118 54.22 22.15 119.16 51.68 10.64
1119 54.16 46.44 164.54 70.02 14.79
1120 54.15 19.18 96.76 46.38 10.01
1121 54.04 24.60 94.48 50.85 12.38
1122 54.14 12.70 71.35 40.69 9.85
1123 54.13 71.24 204.26 58.49 8.55
1124 54.22 76.98 204.19 55.51 8.35
1125 54.22 1.80 20.23 33.49 4.90
1126 54.14 57.66 208.68 71.28 12.80
1127 54.23 74.10 201.48 55.83 9.06
1128 54.39 16.01 108.34 40.69 9.16
1129 54.23 82.95 197.68 53.35 7.55
1130 54.24 50.61 176.24 69.87 12.88
1131 54.56 86.13 209.17 54.77 7.04
1132 54.49 39.31 197.71 68.50 13.83
1133 54.39 7.29 64.02 41.17 8.31
1134 54.49 68.04 223.27 72.38 9.80
1135 54.74 55.26 207.58 78.94 12.46
1136 54.37 9.59 69.02 42.22 9.47
1137 54.75 65.01 232.28 73.86 10.30
1138 54.83 92.09 172.78 58.54 5.29
1139 54.64 62.61 221.03 75.74 10.70
1140 54.82 97.72 55.04 30.29 2.06
1141 54.69 52.93 212.31 73.08 12.85
1142 54.86 95.11 109.11 47.78 3.70
1143 54.78 32.83 211.13 73.58 13.34
1144 54.98 35.21 202.55 70.60 12.64
1145 54.97 41.78 208.52 74.88 13.39
1146 55.26 5.49 91.12 49.09 6.85
1147 55.16 30.62 198.31 78.08 11.63
1148 55.02 44.55 215.72 75.09 12.54
1149 55.03 8.21 94.33 46.49 9.20
1150 55.17 47.92 214.07 72.01 11.78
1151 55.15 60.37 225.14 83.01 11.39
1152 55.14 25.96 176.33 70.54 10.16
1153 55.08 79.55 184.12 57.22 8.44
1154 55.10 10.88 125.02 48.98 7.54
1155 55.38 28.42 195.01 75.55 10.28
1156 55.23 70.46 222.46 73.96 8.92
1157 55.21 57.65 220.67 80.59 12.33
1158 55.32 73.10 199.35 76.27 8.41
1159 55.39 1.63 47.85 34.68 3.23
1160 55.28 18.70 142.85 58.76 9.13
1161 55.43 37.12 223.70 78.15 12.65
1162 55.44 89.03 166.39 61.66 6.77
1163 55.46 13.16 136.65 50.85 8.50
1164 55.57 20.96 181.71 65.16 9.07
1165 55.58 23.67 194.31 65.55 9.51
1166 55.56 66.70 223.37 76.17 9.96
1167 55.36 82.70 171.02 63.70 6.55
1168 55.57 50.36 198.53 81.03 12.41
1169 55.48 76.19 190.59 64.70 7.82
1170 55.88 3.67 98.38 51.52 5.80
1171 55.89 16.07 159.12 61.37 8.66
1172 55.65 39.45 221.66 79.24 12.30
1173 55.81 98.61 24.95 25.63 1.40
1174 55.93 52.64 190.94 81.03 11.39
1175 55.96 62.71 181.28 89.81 9.54
1176 56.14 68.82 192.40 93.54 9.37
1177 55.92 85.72 178.47 72.32 6.90
1178 55.88 33.02 213.00 94.09 12.28
1179 56.04 43.04 215.98 83.46 11.80
1180 55.98 96.54 44.77 41.05 2.38
1181 55.85 7.97 125.12 50.65 6.49
1182 55.80 10.16 140.49 54.15 8.64
1183 56.05 45.70 191.42 88.05 11.90
1184 56.24 54.77 166.51 87.98 10.39
1185 56.07 93.89 89.11 59.11 4.18
1186 56.34 65.16 161.09 86.79 10.88
1187 56.31 56.97 189.90 98.39 10.76
1188 56.28 59.73 182.77 93.26 10.19
1189 56.13 79.29 137.55 66.37 7.15
1190 56.30 26.42 203.14 93.59 9.97
1191 56.34 35.29 208.34 95.12 10.44
1192 56.49 91.27 121.19 71.08 5.43
1193 56.36 30.84 224.98 98.98 10.59
1194 56.50 48.19 164.18 96.83 12.16
1195 56.58 40.45 190.16 98.64 11.53
1196 56.43 71.28 147.98 94.36 8.48
1197 56.48 73.91 178.24 97.50 8.58
1198 56.69 1.81 62.00 45.28 3.61
1199 56.50 82.37 111.63 81.54 7.16
1200 56.67 37.78 190.56 114.77 13.34
1201 56.45 8.30 139.42 60.09 7.07
1202 56.51 10.71 132.83 56.19 6.34
1203 56.78 28.43 187.35 100.75 10.36
1204 56.77 76.37 144.68 78.08 6.76
1205 56.73 19.09 155.30 75.05 8.89
1206 56.83 21.75 171.10 82.12 9.58
1207 56.87 24.18 170.03 89.21 8.57
1208 56.83 5.97 119.53 58.81 5.75
1209 56.99 87.68 147.22 75.15 5.73
1210 56.77 98.22 14.70 29.93 0.76
1211 56.98 13.12 138.23 61.04 7.82
1212 56.99 50.53 119.12 104.85 11.31
1213 56.99 33.17 167.61 113.78 10.86
1214 57.11 67.34 114.02 106.72 8.95
1215 57.14 63.67 115.22 107.19 9.38
1216 57.13 42.63 141.16 107.23 11.57
1217 57.16 61.23 90.80 116.85 10.25
1218 57.08 95.85 33.03 57.43 2.49
1219 57.16 45.91 137.29 109.71 13.16
1220 57.30 52.96 108.94 114.98 11.48
1221 57.23 79.32 118.47 87.38 7.24
1222 57.33 16.30 139.36 75.52 7.66
1223 57.40 3.77 87.46 63.12 4.79
1224 57.28 84.57 96.52 87.42 6.36
1225 57.38 58.64 95.98 116.16 9.94
1226 57.42 7.72 113.14 65.96 6.02
1227 57.46 30.27 149.54 128.89 9.49
1228 57.39 93.48 61.53 78.50 4.37
1229 57.45 55.73 96.90 123.46 11.11
1230 57.52 69.74 80.67 117.86 9.44
1231 57.48 36.22 131.71 122.81 10.35
1232 57.56 72.30 94.52 108.18 7.89
1233 57.61 26.26 115.20 119.64 9.14
1234 57.64 39.30 105.48 143.29 11.46
1235 57.83 48.68 65.77 138.77 11.59
1236 57.72 81.57 68.56 97.51 6.26
1237 58.14 98.11 9.08 40.91 0.80
1238 57.62 83.02 69.48 92.84 6.29
1239 58.01 65.54 52.19 128.50 9.21
1240 57.65 78.10 79.00 101.09 6.45
1241 57.73 90.38 72.63 88.04 5.69
1242 57.93 1.82 37.52 55.12 3.09
1243 58.04 21.24 83.57 111.31 8.15
1244 58.04 75.29 53.97 107.92 7.15
1245 58.02 18.85 74.00 105.72 7.69
1246 58.01 34.13 86.12 149.98 10.40
1247 58.01 44.29 60.36 132.40 11.50
1248 57.86 9.97 91.12 79.19 7.15
1249 58.08 77.39 53.02 102.10 7.31
1250 58.09 62.48 49.65 126.72 8.64
1251 58.18 23.65 71.91 122.88 8.49
1252 58.22 28.45 74.03 153.32 9.78
1253 58.17 31.84 74.51 152.83 9.35
1254 58.22 41.91 70.00 142.44 10.42
1255 58.28 50.97 46.36 130.16 10.02
1256 58.21 12.86 71.45 93.92 7.71
1257 58.33 87.08 42.25 104.10 5.85
1258 58.30 95.68 21.31 77.86 3.02
1259 58.40 46.54 50.44 152.34 10.32
1260 58.46 53.93 48.65 127.68 10.71
1261 58.43 59.52 45.10 126.62 9.34
1262 58.35 67.89 46.98 145.09 9.08
1263 58.41 14.98 54.70 95.39 6.51
1264 58.48 56.73 55.98 134.50 10.12
1265 58.50 5.84 50.27 94.45 4.97
1266 58.56 37.84 70.32 167.88 10.21
1267 58.44 11.50 49.41 87.04 5.63
1268 58.64 92.88 40.22 104.38 4.41
1269 58.67 70.60 47.37 131.23 7.77
1270 58.57 84.56 33.88 112.21 6.48
1271 58.76 35.74 49.25 171.90 8.94
1272 58.69 80.33 37.25 112.89 7.35
1273 58.82 3.59 35.83 92.15 3.24
1274 58.72 40.02 48.81 158.04 11.04
1275 58.64 73.14 42.31 125.20 7.14
1276 58.74 83.01 32.18 102.92 5.08
1277 58.62 7.45 49.29 97.34 5.84
1278 58.68 25.81 49.40 152.66 8.24
1279 58.99 16.78 37.25 114.76 6.95
1280 59.07 30.26 46.12 178.01 9.36
1281 59.08 61.51 44.38 157.33 9.65
1282 59.06 48.27 44.31 168.09 10.60
1283 59.13 64.12 43.25 155.90 9.69
1284 59.03 33.11 46.79 172.42 9.29
1285 59.10 44.31 46.46 170.48 11.18
1286 59.28 19.78 35.19 141.11 6.94
1287 59.30 22.23 40.70 152.51 8.02
1288 59.32 52.33 42.54 158.26 11.22
1289 59.22 77.82 34.57 118.54 6.27
1290 59.45 89.28 36.37 136.77 5.51
1291 59.34 8.60 33.28 110.51 4.83
1292 59.53 66.22 55.52 169.94 9.11
1293 59.42 13.25 35.07 124.09 6.24
1294 59.37 27.50 45.30 187.59 8.73
1295 59.43 75.54 44.09 145.18 7.13
1296 59.19 10.92 34.31 97.38 6.50
1297 59.44 41.83 49.28 172.99 10.63
1298 59.56 57.51 48.35 161.22 10.14
1299 59.43 68.48 40.31 166.84 8.96
1300 59.59 97.89 7.25 48.91 0.88
1301 59.70 24.36 42.35 164.85 7.91
1302 59.81 95.13 17.34 110.49 3.64
1303 59.70 50.30 56.96 168.92 9.89
1304 59.67 85.51 37.84 130.58 5.67
1305 59.61 54.88 62.95 151.54 10.57
1306 59.74 39.33 50.34 194.40 10.57
1307 59.83 5.90 25.19 122.70 5.09
1308 59.77 37.09 40.26 199.87 9.88
1309 59.82 59.65 82.21 179.27 9.60
1310 59.73 73.02 48.44 148.39 8.30
1311 59.92 45.97 71.58 198.93 10.80
1312 59.63 15.21 28.16 118.32 7.89
1313 59.99 34.84 65.68 201.26 9.10
1314 59.86 80.28 36.04 133.07 6.72
1315 59.95 82.42 40.21 133.96 6.08
1316 59.79 83.70 34.21 128.97 5.91
1317 59.78 91.76 25.00 116.80 4.57
1318 59.98 70.70 42.88 153.12 7.49
1319 60.01 32.61 53.15 191.47 9.48
1320 59.98 3.34 17.76 101.41 3.24
1321 60.18 11.28 31.01 128.20 6.52
1322 60.22 48.07 77.97 199.20 10.19
1323 60.26 30.48 49.57 200.69 8.44
1324 60.16 62.02 89.30 175.21 9.99
1325 60.13 17.97 32.50 137.97 7.13
1326 60.26 43.28 74.95 188.65 10.64
1327 60.52 15.14 31.63 141.71 6.04
1328 60.37 28.38 53.82 200.74 8.87
1329 60.36 64.12 106.21 186.93 9.01
1330 60.50 8.78 24.76 128.44 5.19
1331 60.42 26.14 38.87 189.84 8.35
1332 60.49 19.86 37.72 164.04 7.04
1333 60.63 22.18 44.48 168.66 6.92
1334 60.52 77.84 38.71 148.37 7.59
1335 60.46 52.91 105.29 176.77 11.41
1336 60.53 68.41 107.35 190.87 9.55
1337 60.69 40.93 80.58 190.42 9.65
1338 60.55 55.90 190.44 176.18 10.10
1339 60.79 87.85 49.37 139.59 6.00
1340 60.77 58.68 210.76 172.76 9.39
1341 60.72 75.47 80.23 158.57 7.04
1342 60.89 90.65 30.58 146.72 4.72
1343 60.89 65.93 177.80 175.99 8.83
1344 60.77 49.85 170.78 188.85 10.78
1345 60.85 38.63 80.36 205.27 9.97
1346 60.84 85.46 74.51 143.54 6.12
1347 60.86 96.32 12.02 88.65 2.39
1348 60.96 4.89 22.05 120.35 3.99
1349 60.96 36.57 125.75 220.84 9.12
1350 60.90 73.14 96.59 160.81 7.51
1351 60.92 80.67 97.69 147.70 5.88
1352 61.02 83.67 108.26 153.12 6.29
1353 61.02 93.43 24.33 122.24 4.28
1354 61.20 24.24 69.22 174.23 7.38
1355 61.15 32.05 105.22 202.54 8.46
1356 60.98 44.63 133.10 199.05 10.56
1357 61.18 34.38 139.17 206.80 8.56
1358 61.22 61.35 216.04 178.69 9.44
1359 61.22 46.70 184.13 191.15 9.96
1360 61.25 70.64 158.72 166.63 7.55
1361 61.10 11.31 37.48 148.92 5.67
1362 61.38 53.95 188.02 190.32 9.82
1363 61.48 51.42 187.60 176.26 9.12
1364 61.40 17.01 52.94 149.71 6.72
1365 61.38 29.30 123.98 198.32 7.92
1366 61.38 9.56 36.22 135.62 5.22
1367 61.61 63.72 222.41 174.57 9.29
1368 61.58 26.68 116.73 200.00 8.44
1369 61.67 56.71 203.24 174.63 9.82
1370 61.35 95.53 19.92 99.96 3.00
1371 61.64 41.90 154.57 193.07 10.09
1372 61.70 48.68 171.46 184.90 10.00
1373 61.63 67.97 217.47 170.95 8.20
1374 61.68 19.89 62.76 166.17 6.60
1375 61.61 12.67 58.78 157.54 5.96
1376 61.76 75.85 178.49 142.60 7.25
1377 61.71 82.15 152.37 140.60 6.62
1378 61.95 59.29 199.21 170.66 9.18
1379 61.90 79.00 177.96 136.32 6.26
1380 61.86 38.83 128.37 202.95 9.44
1381 61.87 44.42 192.78 191.09 8.91
1382 62.00 88.94 162.73 162.06 5.09
1383 62.16 13.48 73.03 154.92 5.56
1384 62.02 36.25 181.35 197.76 10.14
1385 61.99 72.91 192.70 161.76 7.54
1386 62.20 22.52 131.61 173.32 7.05
1387 62.23 65.66 215.84 177.90 8.69
1388 62.11 85.51 174.10 157.47 5.97
1389 62.05 92.03 122.86 147.34 4.45
1390 62.04 5.82 31.56 143.08 3.85
1391 62.15 33.58 168.16 195.67 9.24
1392 62.06 94.72 66.45 125.32 3.34
1393 62.17 4.23 25.72 131.86 3.74
1394 62.22 30.84 170.20 201.48 9.00
1395 62.37 46.63 207.72 179.50 10.14
1396 62.38 69.99 211.80 167.44 7.31
1397 62.37 8.20 65.17 156.99 5.21
1398 62.60 54.90 175.67 170.17 9.73
1399 62.50 61.82 206.56 171.22 8.12
1400 62.44 28.04 173.19 191.32 7.53
1401 62.50 50.18 180.37 178.32 10.60
1402 62.59 25.09 138.07 177.22 7.26
1403 62.51 10.67 89.13 152.33 5.22
1404 62.77 40.27 177.29 196.52 8.67
1405 62.61 52.67 157.39 177.21 10.41
1406 62.70 17.30 93.86 158.55 5.01
1407 62.68 42.35 140.31 197.45 9.08
1408 62.92 76.81 195.08 139.18 6.75
1409 62.78 82.13 187.90 132.45 6.41
1410 62.88 19.91 125.82 167.07 7.06
1411 62.92 44.40 177.11 188.61 8.89
1412 62.89 67.67 207.30 177.60 8.59
1413 62.94 38.01 164.26 194.63 8.93
1414 63.16 71.72 200.87 150.60 6.87
1415 63.11 74.31 212.73 150.48 6.95
1416 62.93 15.57 90.88 142.05 6.43
1417 62.98 35.47 137.83 196.12 8.67
1418 62.97 57.18 128.93 170.94 9.19
1419 63.15 48.49 179.05 171.85 9.55
1420 63.20 64.09 164.73 168.08 8.38
1421 63.26 59.47 159.96 149.96 8.87
1422 63.27 79.33 196.72 139.46 6.55
1423 63.09 32.55 142.10 200.72 8.00
1424 63.35 93.65 109.69 153.32 4.14
1425 63.23 90.75 172.16 156.72 5.18
1426 63.28 87.73 207.91 147.46 5.55
1427 63.32 29.85 169.15 194.57 7.36
1428 63.42 8.44 92.57 149.67 5.62
1429 63.41 6.08 81.19 155.02 4.57
1430 63.37 85.01 193.27 143.78 5.53
1431 63.53 22.30 120.68 172.31 7.28
1432 63.54 27.30 134.53 193.05 7.76
1433 63.45 13.58 96.78 157.35 5.65
1434 63.56 51.92 135.34 169.05 9.61
1435 63.72 11.13 98.44 151.36 6.06
1436 63.77 45.44 109.01 175.28 8.53
1437 63.70 62.04 167.45 163.44 7.90
1438 63.80 66.09 175.61 160.09 7.74
1439 63.88 69.18 164.29 157.90 6.84
1440 63.82 24.91 115.81 181.86 7.50
1441 63.83 42.48 110.54 183.33 8.76
1442 63.85 54.70 106.14 154.34 8.92
1443 63.91 37.52 126.33 195.11 8.09
1444 63.95 18.91 100.26 157.98 6.58
1445 63.98 34.66 97.91 191.65 8.15
1446 63.97 40.14 124.55 179.99 9.25
1447 64.17 57.44 91.59 140.18 8.65
1448 64.06 82.35 165.88 139.01 6.06
1449 64.02 16.55 111.81 150.72 5.53
1450 64.25 76.15 175.02 139.44 6.03
1451 64.11 31.93 125.44 185.96 8.35
1452 64.21 47.71 94.45 158.57 8.45
1453 64.35 50.33 79.44 163.88 8.80
1454 64.27 15.31 88.12 144.12 6.48
1455 64.30 72.74 140.99 141.66 6.57
1456 64.45 88.95 145.03 123.07 5.17
1457 64.48 29.14 135.83 170.06 7.30
1458 64.54 59.91 83.07 145.73 7.96
1459 64.57 79.17 120.28 116.60 5.72
1460 64.62 92.29 134.75 145.42 4.29
1461 64.62 85.98 152.29 147.33 5.39
1462 64.65 4.96 56.01 134.22 3.97
1463 64.70 12.98 77.17 141.07 5.60
1464 64.70 52.93 88.40 148.37 8.66
1465 64.86 62.39 77.31 145.99 7.58
1466 64.87 64.71 119.87 136.43 7.85
1467 64.66 7.09 86.55 149.42 4.24
1468 64.78 21.28 85.09 145.75 5.79
1469 64.78 23.62 93.61 158.31 6.35
1470 64.76 26.63 73.27 171.87 6.64
1471 64.86 43.44 65.00 165.34 7.75
1472 64.81 45.75 66.42 164.75 8.83
1473 64.79 67.22 120.66 150.09 7.56
1474 64.96 55.48 52.04 129.46 8.74
1475 64.86 36.45 50.99 162.90 6.45
1476 64.93 39.08 74.68 166.53 8.55
1477 64.95 69.91 96.99 141.72 6.80
1478 65.09 41.37 61.83 162.86 8.83
1479 64.96 9.77 80.60 146.10 5.45
1480 65.03 33.80 49.66 170.96 7.10
1481 65.15 18.41 48.91 137.16 6.05
1482 65.15 31.43 65.32 167.54 7.12
1483 65.23 48.47 51.51 133.16 8.61
1484 64.99 83.21 127.47 122.37 5.11
1485 65.30 81.95 120.32 119.49 5.65
1486 65.09 14.76 71.76 131.41 5.35
1487 65.45 74.44 84.63 129.92 5.94
1488 65.38 58.03 43.03 127.83 7.53
1489 65.42 71.99 67.11 132.03 6.32
1490 65.59 51.17 49.11 122.55 7.88
1491 65.48 15.68 63.51 125.03 5.56
1492 65.65 77.33 87.28 124.60 5.44
1493 65.70 90.90 75.88 132.81 4.12
1494 65.68 28.36 62.98 145.79 7.24
1495 65.87 60.51 45.78 117.41 7.20
1496 65.63 94.18 37.79 88.97 2.59
1497 65.73 79.94 82.66 118.31 5.96
1498 65.69 88.32 74.05 118.56 4.74
1499 65.81 25.55 45.10 138.89 6.60
1500 65.79 37.61 55.86 140.17 7.71
1501 65.71 67.43 72.73 139.38 6.85
1502 65.85 8.76 42.68 131.37 4.59
1503 65.72 45.74 47.69 128.32 8.10
1504 65.83 53.66 48.51 115.07 8.15
1505 65.96 85.23 90.67 142.29 5.41
1506 65.72 13.90 48.96 121.00 5.79
1507 65.92 22.78 43.46 118.74 5.95
1508 65.82 35.30 53.92 138.75 7.42
1509 65.93 63.24 56.30 134.73 6.79
1510 65.93 6.20 37.25 119.68 4.36
1511 66.04 11.65 45.80 116.49 5.42
1512 65.99 43.20 63.81 126.19 8.21
1513 66.04 40.31 51.76 132.76 6.92
1514 66.05 30.49 60.37 136.73 6.57
1515 66.04 56.25 48.34 115.40 6.02
1516 66.24 20.67 41.07 107.42 5.15
1517 66.18 70.26 50.48 113.38 6.00
1518 66.20 17.54 43.53 114.13 5.80
1519 66.15 33.03 72.52 123.33 6.90
1520 66.16 48.87 58.77 110.92 8.45
1521 66.41 65.04 53.39 123.84 7.20
1522 66.34 58.63 48.34 108.12 7.88
1523 66.52 73.62 44.43 105.96 5.30
1524 66.53 81.79 52.42 119.49 5.67
1525 66.54 15.44 41.71 100.51 5.10
1526 66.66 8.97 35.70 104.57 4.61
1527 66.82 13.70 50.33 100.67 5.21
1528 66.58 51.32 73.37 106.63 6.67
1529 66.63 35.29 137.75 101.44 6.63
1530 66.69 68.23 51.11 112.23 6.89
1531 66.79 76.34 48.09 113.62 5.40
1532 66.75 27.65 65.42 113.72 5.92
1533 66.77 41.95 93.52 106.82 8.27
1534 66.88 88.58 73.32 142.17 4.97
1535 66.82 44.48 119.56 99.33 7.22
1536 66.81 53.63 136.80 75.25 7.14
1537 66.82 24.98 81.33 103.79 6.14
1538 66.77 61.97 57.19 117.43 7.36
1539 67.00 91.05 61.34 138.13 4.12
1540 66.86 29.84 106.42 110.05 6.63
1541 66.88 86.93 86.58 127.36 5.14
1542 67.02 32.34 168.71 81.98 6.09
1543 66.94 78.81 51.00 109.16 5.06
1544 67.06 39.58 158.14 87.21 7.03
1545 67.24 6.79 29.25 83.96 3.62
1546 67.05 49.19 154.55 80.37 7.47
1547 67.11 66.37 59.68 112.61 6.63
1548 67.12 22.39 67.66 88.48 5.04
1549 67.23 71.72 46.39 94.54 6.23
1550 67.25 11.11 55.57 86.76 4.07
1551 67.18 59.14 128.48 83.09 6.62
1552 67.15 18.92 96.95 82.74 5.52
1553 67.31 16.68 70.94 85.52 4.97
1554 67.27 46.81 175.15 78.09 7.54
1555 67.65 56.95 199.87 79.82 7.16
1556 67.45 63.95 165.34 92.20 6.72
1557 67.42 20.33 96.94 78.67 5.78
1558 67.44 37.15 205.18 77.84 6.65
1559 67.32 83.79 39.23 104.47 4.59
1560 67.59 34.81 205.59 83.55 6.71
1561 67.69 51.52 213.73 70.10 7.72
1562 67.53 61.38 189.25 80.01 6.86
1563 67.71 41.37 218.47 73.13 7.97
1564 68.14 69.35 144.82 72.93 5.76
1565 67.86 43.65 204.12 65.47 7.58
1566 67.69 74.79 40.33 93.77 5.60
1567 67.80 24.66 164.47 66.89 5.23
1568 67.77 27.20 172.65 65.65 5.83
1569 67.74 29.91 187.59 71.23 6.95
1570 67.81 54.23 214.67 68.56 7.13
1571 67.81 80.99 35.27 90.60 5.03
1572 67.79 14.69 83.83 74.12 4.54
1573 67.70 85.75 33.11 97.92 4.95
1574 68.07 94.10 21.37 90.61 2.20
1575 68.04 66.81 176.50 78.20 5.81
1576 68.02 78.21 45.96 96.44 4.88
1577 68.13 17.55 149.12 56.24 5.27
1578 68.14 46.15 236.38 72.88 7.19
1579 68.13 88.32 34.24 115.62 4.07
1580 68.16 91.30 30.25 101.10 3.97
1581 68.27 49.09 220.37 70.32 8.09
1582 68.18 32.76 208.39 57.77 6.21
1583 68.22 39.13 205.06 65.20 7.10
1584 68.33 59.22 213.22 64.22 6.70
1585 68.38 22.44 175.66 51.24 5.69
1586 68.14 72.15 94.69 82.96 5.73
1587 68.34 10.50 102.37 66.88 4.49
1588 68.65 19.81 162.86 52.40 5.39
1589 68.54 61.73 231.54 67.28 6.08
1590 68.64 84.22 38.43 101.18 4.63
1591 68.60 8.32 98.69 63.13 3.79
1592 68.57 36.72 204.40 64.88 6.49
1593 68.69 64.44 223.99 73.21 6.99
1594 68.70 15.12 155.15 48.88 4.42
1595 68.83 30.04 174.24 53.57 6.15
1596 68.70 74.89 140.55 77.83 5.01
1597 68.84 41.56 224.61 61.40 7.54
1598 68.92 53.54 225.90 58.14 7.68
1599 68.82 55.92 227.08 58.11 8.02
1600 68.92 27.38 163.83 50.24 5.73
1601 69.06 12.55 141.95 51.52 4.40
1602 69.10 51.22 225.59 55.94 7.68
1603 69.07 44.77 202.59 55.41 8.36
1604 69.15 71.92 207.62 64.83 5.73
1605 68.93 77.74 97.72 77.46 4.84
1606 68.94 80.85 56.53 79.08 4.69
1607 69.28 24.89 149.86 47.66 5.50
1608 69.32 34.86 193.19 52.08 6.59
1609 69.11 47.46 217.84 59.97 7.55
1610 69.31 66.87 222.49 59.70 5.78
1611 69.32 39.03 186.68 53.20 7.14
1612 69.21 87.36 32.93 88.03 4.78
1613 69.07 17.18 176.21 47.18 4.21
1614 69.27 32.46 179.16 50.78 6.19
1615 69.43 57.76 217.13 50.65 6.25
1616 69.45 89.86 29.41 94.90 3.66
1617 69.54 93.08 17.25 87.25 2.29
1618 69.30 21.26 144.59 42.68 5.45
1619 69.58 60.04 218.51 50.66 6.84
1620 69.77 10.25 116.18 44.68 3.76
1621 69.62 62.85 237.70 54.68 6.66
1622 69.66 69.42 236.95 55.39 5.60
1623 69.83 49.55 188.36 45.86 7.35
1624 69.67 18.45 150.97 41.80 4.86
1625 69.89 37.14 150.84 44.84 8.11
1626 69.77 43.11 165.60 49.37 7.42
1627 69.92 76.95 182.85 51.00 5.09
1628 69.90 79.73 157.17 55.18 4.52
1629 69.94 74.22 215.13 55.30 5.34
1630 69.85 22.75 125.34 40.80 4.90
1631 70.05 28.63 140.17 42.33 6.21
1632 69.98 82.34 148.60 65.13 4.29
1633 70.14 14.72 130.57 38.82 4.40
1634 69.83 16.57 171.39 45.22 5.04
1635 69.90 85.22 71.08 88.16 4.75
1636 70.12 40.80 133.84 45.21 8.10
1637 70.13 55.56 186.74 42.04 7.35
1638 70.21 47.09 175.46 44.25 8.46
1639 70.07 53.08 219.10 49.11 7.22
1640 70.13 30.89 121.84 39.59 7.17
1641 70.35 65.39 207.23 49.49 6.72
1642 70.29 26.48 119.27 40.97 6.74
1643 70.53 19.20 97.41 36.79 5.16
1644 70.40 33.03 113.13 39.29 7.20
1645 70.69 44.94 131.67 40.20 8.37
1646 70.40 87.51 87.09 64.86 4.32
1647 70.63 58.15 181.76 43.35 7.37
1648 70.59 67.87 206.90 47.60 6.02
1649 70.53 71.38 221.16 47.64 5.06
1650 70.72 51.38 156.40 40.30 8.06
1651 70.75 60.50 170.57 40.00 6.94
1652 70.80 91.64 34.26 79.48 2.71
1653 70.80 35.27 105.49 40.52 8.59
1654 70.79 39.18 87.25 38.58 8.94
1655 70.75 63.02 203.32 44.96 6.70
1656 71.00 24.58 89.89 36.37 5.90
1657 70.74 11.74 82.03 36.10 3.49
1658 70.90 42.79 93.36 40.67 7.94
1659 71.01 85.41 182.30 58.51 4.81
1660 70.93 9.82 75.63 32.97 3.70
1661 71.16 21.85 77.69 33.80 6.69
1662 71.06 49.12 104.12 36.29 8.64
1663 71.25 78.85 200.07 45.02 4.74
1664 71.32 53.86 134.01 38.26 8.10
1665 71.25 74.09 235.31 44.39 4.75
1666 71.24 76.40 224.27 46.62 4.94
1667 71.27 37.46 72.97 37.00 9.30
1668 71.31 82.31 220.86 58.00 4.57
1669 71.38 16.60 65.25 28.94 5.33
1670 71.28 30.56 76.16 33.74 9.34
1671 71.37 27.61 75.19 32.45 8.11
1672 71.49 46.60 71.38 35.82 10.38
1673 71.31 56.40 111.96 39.67 7.76
1674 71.58 69.40 193.07 37.26 5.58
1675 71.54 89.42 138.99 65.75 3.54
1676 71.55 41.01 59.72 34.38 11.22
1677 71.46 33.45 61.46 33.50 8.82
1678 71.61 66.79 147.46 39.15 6.60
1679 71.62 64.40 129.19 38.16 6.81
1680 71.77 71.91 207.32 38.88 5.50
1681 71.76 13.98 57.18 27.81 5.10
1682 71.81 19.29 57.92 28.05 6.16
1683 71.75 61.39 108.82 34.52 6.92
1684 71.76 51.43 80.82 33.33 8.94
1685 72.02 43.65 50.25 30.95 12.26
1686 72.02 58.90 95.89 32.81 7.99
1687 72.16 87.03 208.72 58.61 3.76
1688 72.02 11.63 57.49 27.75 4.99
1689 72.02 36.10 51.99 31.92 10.22
1690 72.01 48.54 53.30 31.62 10.95
1691 72.05 23.01 45.71 27.34 8.75
1692 72.12 39.10 52.84 29.93 10.84
1693 72.21 31.84 48.04 28.86 10.39
1694 72.30 56.20 72.54 33.14 8.39
1695 72.44 26.00 41.62 28.18 9.19
1696 72.26 28.60 51.62 29.30 11.25
1697 72.41 63.14 96.08 31.37 6.55
1698 72.45 80.71 212.00 43.14 4.10
1699 72.36 91.93 72.83 44.31 2.11
1700 72.44 77.22 188.57 34.99 3.98
1701 72.50 84.22 223.12 46.76 4.05
1702 72.46 34.30 43.57 26.88 12.14
1703 72.52 45.51 41.18 30.42 13.00
1704 72.61 41.77 38.57 30.43 15.81
1705 72.75 65.96 99.78 30.99 6.65
1706 72.50 16.12 36.98 26.29 6.14
1707 72.62 53.46 53.86 29.08 11.01
1708 72.68 74.03 172.78 33.75 4.90
1709 72.76 50.62 45.47 30.76 12.15
1710 72.83 68.32 119.42 36.64 5.85
1711 72.94 60.77 67.35 30.31 8.20
1712 72.84 70.75 132.70 34.17 5.24
1713 72.91 17.96 36.34 22.52 8.46
1714 72.94 19.99 37.13 26.13 10.06
1715 72.60 46.53 45.83 29.17 14.17
1716 72.81 37.25 40.27 28.77 16.89
1717 73.00 47.75 44.59 28.29 18.64
1718 72.98 88.98 149.35 45.16 3.19
1719 72.94 14.23 34.15 23.80 7.02
1720 73.17 39.79 45.03 28.76 15.58
1721 73.35 11.02 27.18 21.45 4.91
1722 73.05 22.87 32.53 24.88 10.81
1723 73.14 13.02 28.78 21.69 6.16
1724 73.19 44.17 36.88 28.60 18.88
1725 73.18 28.43 38.84 23.45 14.61
1726 73.32 58.42 46.82 26.61 9.91
1727 73.50 79.44 191.88 33.62 4.59
1728 73.50 15.70 30.51 21.63 10.63
1729 73.48 35.63 53.98 25.14 23.38
1730 73.63 63.56 68.86 27.52 7.52
1731 73.62 76.44 141.71 30.22 4.83
1732 73.51 32.98 44.68 25.58 23.63
1733 73.33 46.22 40.11 19.33 19.56
1734 73.67 41.99 40.81 25.75 24.46
1735 73.72 83.08 208.08 35.26 4.36
1736 73.88 86.34 200.82 34.48 3.55
1737 73.61 54.14 36.51 25.29 15.89
1738 73.47 24.23 32.67 24.00 13.83
1739 73.62 27.27 36.84 25.03 15.87
1740 73.70 49.33 34.68 27.76 18.32
1741 73.72 25.28 30.74 24.20 20.13
1742 73.83 71.96 96.23 27.47 6.39
1743 73.86 30.15 57.66 25.16 22.76
1744 74.04 18.82 35.20 22.78 13.24
1745 73.96 22.48 37.65 22.75 16.55
1746 73.86 46.96 44.61 26.34 29.61
1747 74.08 74.22 97.71 27.23 5.87
1748 74.12 89.60 137.41 37.28 2.92
1749 74.13 65.95 51.35 25.20 8.40
1750 74.18 69.30 60.91 26.91 6.37
1751 74.14 44.71 85.04 27.72 32.33
1752 74.10 61.01 38.43 26.75 10.93
1753 73.92 57.67 38.40 26.20 9.60
1754 74.50 32.11 130.22 23.20 37.94
1755 74.61 34.67 175.60 24.00 50.99
1756 74.51 39.99 100.10 25.56 33.24
1757 74.29 58.63 37.60 24.74 16.26
1758 74.49 28.17 61.93 25.20 29.12
1759 74.69 37.16 150.19 24.24 41.76
1760 74.54 17.04 49.15 21.17 15.64
1761 74.54 53.68 55.18 25.89 24.17
1762 74.80 25.82 81.09 23.29 28.05
1763 74.67 48.05 98.26 24.57 29.30
1764 74.72 15.15 47.27 20.69 16.56
1765 74.78 42.36 129.58 24.97 41.38
1766 74.73 78.73 148.04 30.23 4.98
1767 74.72 81.63 155.71 28.20 4.27
1768 74.77 67.64 47.88 25.39 8.16
1769 75.10 23.39 86.80 21.80 28.57
1770 75.08 75.96 78.50 27.11 5.76
1771 74.99 60.26 41.37 23.60 22.23
1772 74.96 20.65 62.27 20.22 22.57
1773 75.11 72.46 59.84 22.60 6.77
1774 75.34 84.34 159.10 29.92 3.54
1775 75.26 30.07 155.51 24.37 48.56
1776 75.19 55.88 70.02 23.99 26.14
1777 75.25 12.84 43.31 17.62 16.03
1778 75.28 45.41 201.66 24.81 55.98
1779 75.44 58.35 70.97 22.87 27.41
1780 75.17 86.93 118.48 31.44 3.73
1781 75.40 89.32 87.20 28.12 3.47
1782 75.45 65.52 36.05 22.80 15.91
1783 75.55 70.37 44.54 23.88 9.43
1784 75.57 52.89 147.97 23.91 41.49
1785 75.66 32.82 184.68 21.86 62.25
1786 75.68 16.66 90.32 18.72 25.07
1787 75.71 38.49 216.71 24.75 63.85
1788 75.70 50.22 187.05 23.91 51.86
1789 75.83 27.53 173.62 21.08 48.40
1790 75.88 43.12 217.20 24.78 66.53
1791 75.71 67.81 34.15 24.02 11.28
1792 76.00 47.79 225.17 24.06 71.16
1793 75.88 35.43 204.73 22.77 56.53
1794 76.03 61.43 77.99 22.41 26.12
1795 76.13 40.79 204.54 25.30 59.61
1796 75.91 63.74 35.80 23.20 19.32
1797 75.82 74.74 48.12 21.59 5.38
1798 75.79 81.22 107.82 22.49 4.69
1799 76.05 78.16 68.35 22.55 5.11
1800 76.32 14.18 114.29 18.61 28.65
1801 76.18 21.77 152.82 20.80 48.23
1802 76.19 79.76 95.39 24.85 4.90
1803 76.48 18.76 139.64 18.94 41.30
1804 76.46 54.89 217.08 24.13 60.78
1805 76.49 24.80 179.08 20.43 48.09
1806 76.45 57.22 189.52 23.65 49.26
1807 76.52 72.83 35.65 19.39 8.14
1808 76.54 87.13 89.06 23.77 3.27
1809 76.60 45.41 239.65 25.10 87.01
1810 76.50 66.10 42.58 19.37 20.13
1811 76.44 81.69 87.58 24.91 4.45
1812 76.60 30.08 204.04 23.14 66.29
1813 76.35 68.25 32.63 21.63 14.42
1814 76.41 75.09 44.49 19.91 6.58
1815 76.78 36.46 224.06 22.39 96.36
1816 76.76 83.84 87.76 21.49 3.71
1817 76.84 52.56 227.30 21.69 67.95
1818 76.96 59.49 207.36 22.72 55.00
1819 76.79 33.02 215.74 21.46 66.62
1820 76.80 70.30 34.57 21.42 12.70
1821 76.91 50.25 224.93 22.87 66.80
1822 76.96 63.33 152.96 20.86 33.86
1823 77.18 16.22 152.88 17.95 42.27
1824 77.01 39.06 224.34 23.92 101.47
1825 77.12 43.19 235.59 26.45 90.53
1826 77.07 27.66 207.28 20.87 73.55
1827 77.17 77.24 40.18 19.96 6.26
1828 77.36 47.80 223.52 23.21 96.65
1829 77.18 68.42 39.00 20.00 21.10
1830 77.45 20.71 181.44 19.14 56.05
1831 77.46 75.15 28.96 18.61 8.24
1832 77.31 79.35 44.35 18.74 5.28
1833 77.69 41.40 232.48 24.61 110.28
1834 77.66 66.02 154.72 20.24 33.93
1835 77.75 80.88 53.29 18.39 6.10
1836 77.65 56.67 223.96 23.81 75.00
1837 77.72 54.31 235.94 22.29 77.91
1838 77.92 22.97 173.50 19.30 59.75
1839 77.78 34.24 210.16 21.41 88.68
1840 77.80 25.77 204.66 20.46 73.75
1841 77.76 31.50 210.20 21.11 85.68
1842 77.89 73.09 32.55 18.61 16.16
1843 77.90 61.22 238.42 18.01 72.11
1844 77.81 86.50 55.14 19.61 2.82
1845 77.89 45.72 221.93 23.38 92.20
1846 77.79 83.32 66.81 18.24 4.17
1847 77.97 37.08 225.07 21.40 99.31
1848 78.12 50.19 238.41 22.58 103.63
1849 78.05 70.93 69.67 18.77 25.22
1850 78.15 18.00 171.61 17.16 59.70
1851 78.18 29.25 199.45 19.46 81.67
1852 78.30 39.63 215.32 22.82 121.05
1853 78.38 52.47 214.43 21.90 78.60
1854 78.17 58.51 228.58 19.81 84.66
1855 78.24 63.84 239.08 20.35 67.63
1856 78.43 43.46 214.14 21.49 113.34
1857 78.46 68.06 155.08 19.08 36.33
1858 78.32 77.27 30.77 18.23 8.18
1859 78.39 15.43 131.67 16.20 41.14
1860 78.52 83.62 58.14 18.68 4.65
1861 78.77 48.36 202.04 20.27 109.01
1862 78.79 55.43 226.99 20.40 101.68
1863 78.87 75.42 39.39 16.94 20.61
1864 79.02 24.58 181.97 19.92 88.68
1865 78.86 35.24 201.50 19.92 106.67
1866 78.94 20.19 163.08 17.38 66.03
1867 79.06 79.69 35.91 17.07 8.25
1868 79.34 82.16 35.36 16.85 6.21
1869 78.90 32.07 180.92 18.08 100.36
1870 78.95 27.33 201.26 18.67 103.58
1871 79.07 46.03 196.87 22.21 119.24
1872 78.97 60.20 234.25 19.91 85.46
1873 79.25 38.22 185.50 21.72 116.16
1874 79.19 62.56 236.14 19.82 84.45
1875 79.17 65.60 221.74 19.19 54.40
1876 79.23 70.40 185.52 19.12 42.50
1877 79.26 58.00 227.90 21.63 99.65
1878 79.43 73.46 94.35 17.36 26.83
1879 79.52 41.34 161.72 21.00 120.94
1880 79.33 16.59 128.71 15.35 53.75
1881 79.63 22.45 156.67 18.27 89.60
1882 79.49 50.83 195.07 21.96 105.11
1883 79.54 53.22 218.15 21.14 115.49
1884 79.67 77.46 56.12 16.15 17.94
1885 79.69 29.70 162.72 18.81 110.36
1886 79.62 44.08 159.10 20.36 126.17
1887 79.92 33.74 162.78 21.52 126.42
1888 79.94 47.98 157.60 19.05 137.15
1889 79.86 68.24 229.09 18.20 61.12
1890 80.06 36.31 154.26 21.18 130.23
1891 79.88 56.05 199.43 20.73 108.05
1892 80.04 84.76 20.93 16.01 3.63
1893 80.19 64.04 231.92 18.45 87.26
1894 80.30 18.25 137.17 16.17 75.76
1895 80.07 60.91 202.96 18.41 91.84
1896 80.12 26.83 142.26 19.70 93.22
1897 80.59 76.17 122.84 15.58 34.66
1898 80.34 80.59 33.93 14.51 11.54
1899 80.56 32.00 119.24 19.64 139.73
1900 80.44 39.14 134.55 19.52 133.44
1901 80.54 45.96 120.15 18.36 143.27
1902 80.44 71.37 211.18 17.49 52.16
1903 80.56 54.24 197.91 19.08 135.86
1904 80.44 58.33 200.63 19.79 92.07
1905 80.65 66.57 228.75 16.99 89.05
1906 80.40 79.11 39.32 14.82 13.41
1907 80.79 20.76 100.68 16.92 84.81
1908 80.47 25.33 133.94 18.30 98.30
1909 80.69 43.47 114.21 18.71 142.49
1910 80.60 50.03 120.97 20.20 119.68
1911 80.79 82.96 23.50 13.60 6.02
1912 80.97 23.74 103.17 17.31 89.86
1913 80.98 52.11 149.78 19.67 147.47
1914 80.98 29.71 113.34 18.98 123.33
1915 81.05 41.43 102.13 19.33 158.76
1916 81.06 73.90 193.52 16.80 45.09
1917 81.20 56.32 173.09 18.49 137.32
1918 81.13 69.11 209.03 17.72 71.21
1919 81.13 60.44 182.61 18.57 124.46
1920 81.38 34.61 94.60 19.77 144.72
1921 81.38 62.69 191.30 18.53 116.61
1922 81.30 37.04 95.53 18.92 154.83
1923 81.32 47.93 128.00 19.85 156.01
1924 81.54 27.12 91.99 17.94 115.80
1925 81.40 64.86 199.92 17.20 102.84
1926 81.59 79.73 122.44 12.96 20.09
1927 81.73 45.74 88.81 19.45 170.20
1928 81.74 58.69 170.15 17.25 138.06
1929 81.83 39.42 59.36 16.94 138.01
1930 81.84 49.90 106.56 18.69 147.12
1931 81.82 54.35 140.27 18.36 148.55
1932 81.82 71.36 208.19 15.98 75.80
1933 81.90 32.33 77.92 17.55 132.00
1934 81.93 18.35 63.72 16.47 72.10
1935 81.92 43.53 88.58 18.39 165.38
1936 82.08 76.46 199.20 15.77 39.65
1937 82.07 21.45 59.92 16.63 96.71
1938 82.05 67.25 196.29 16.10 93.50
1939 81.95 83.31 38.36 12.57 10.81
1940 82.19 24.55 67.06 15.46 105.78
1941 82.25 52.32 105.68 17.53 145.13
1942 82.30 29.85 59.52 17.36 133.69
1943 82.34 73.96 215.80 16.14 60.37
1944 82.38 61.29 138.20 18.05 123.82
1945 82.49 36.67 57.92 18.45 151.07
1946 82.47 56.89 86.93 15.96 142.69
1947 82.66 41.82 48.80 17.92 156.46
1948 82.54 47.51 59.83 17.22 147.08
1949 82.50 64.75 167.69 16.35 103.84
1950 82.69 69.63 164.47 17.46 96.12
1951 82.92 34.20 42.23 16.97 138.78
1952 83.01 27.87 45.50 16.78 116.18
1953 83.01 81.63 158.81 12.63 17.33
1954 83.00 44.34 39.44 16.69 157.53
1955 83.03 50.41 51.00 17.47 161.81
1956 82.94 54.86 65.31 16.83 144.53
1957 82.99 59.24 100.57 15.82 127.81
1958 83.05 39.56 38.85 18.05 148.86
1959 83.20 63.31 122.89 16.63 126.29
1960 83.15 78.24 210.00 13.71 36.00
1961 83.13 19.64 38.50 15.35 65.63
1962 83.30 22.62 53.47 14.73 104.52
1963 83.27 31.60 39.89 16.39 114.97
1964 83.28 71.97 171.74 14.01 84.29
1965 83.39 25.36 42.55 15.33 119.77
1966 83.20 67.13 126.61 15.14 103.93
1967 83.39 52.68 60.36 15.50 151.56
1968 83.64 74.91 213.78 14.73 59.26
1969 83.63 37.60 33.38 16.49 149.32
1970 83.53 48.32 45.74 17.01 156.18
1971 83.72 45.82 32.70 16.14 140.93
1972 83.62 57.46 58.25 16.59 146.54
1973 83.74 61.11 80.37 16.49 124.97
1974 83.86 41.26 36.11 16.68 120.37
1975 84.20 35.72 30.31 17.52 125.61
1976 84.23 29.80 29.00 16.07 122.79
1977 83.99 55.13 42.76 16.77 137.09
1978 84.08 70.04 123.77 15.50 112.45
1979 84.26 65.84 77.95 16.72 121.17
1980 84.33 33.24 22.48 15.28 115.50
1981 84.18 80.56 161.68 12.15 19.65
1982 84.36 27.09 26.43 16.46 113.04
1983 84.44 77.34 218.03 13.22 47.41
1984 84.40 43.41 27.34 16.44 114.99
1985 84.30 50.52 33.35 16.76 144.00
1986 84.43 21.56 21.95 14.95 76.18
1987 84.40 63.33 53.99 15.06 126.72
1988 84.47 72.53 110.14 15.81 76.03
1989 84.59 24.34 22.74 15.66 97.48
1990 84.53 52.89 31.84 13.49 149.54
1991 84.59 60.03 45.10 15.08 124.80
1992 84.57 47.81 30.08 15.05 142.74
1993 84.73 38.47 22.55 15.96 124.26
1994 84.75 57.64 33.82 15.26 128.21
1995 84.87 68.26 68.68 13.50 99.67
1996 84.93 45.42 26.49 16.16 113.18
1997 85.03 41.10 27.83 16.95 131.57
1998 85.23 74.91 158.85 13.52 58.33
1999 85.05 55.29 30.31 14.44 129.68
2000 85.24 70.69 95.70 11.86 89.64
2001 85.34 79.42 188.62 11.32 30.02
2002 85.37 31.81 20.14 15.40 114.78
2003 85.49 49.92 25.97 15.33 120.45
2004 85.42 64.94 47.18 15.86 119.64
2005 85.41 62.47 38.71 14.29 115.34
2006 85.50 28.78 19.61 15.33 100.84
2007 85.46 35.13 20.35 15.38 109.03
2008 85.60 52.05 24.58 13.76 117.79
2009 85.65 23.01 15.59 13.19 83.94
2010 85.72 26.18 19.03 13.72 97.43
2011 85.85 43.23 21.64 16.75 119.22
2012 85.67 59.09 30.24 15.29 126.47
2013 85.73 47.83 23.70 14.43 120.25
2014 86.00 72.98 124.63 12.94 83.38
2015 85.98 67.26 43.96 13.76 114.70
2016 85.90 37.93 18.60 14.86 97.36
2017 85.95 54.47 23.58 16.18 130.51
2018 86.06 45.64 22.11 15.98 114.81
2019 86.19 69.48 51.47 13.33 94.66
2020 86.12 56.89 24.92 13.77 100.40
2021 86.17 40.72 23.12 14.51 94.34
2022 86.32 77.28 147.49 11.83 48.15
2023 86.33 61.16 28.00 14.21 132.57
2024 86.54 30.06 18.25 14.42 89.79
2025 86.58 32.76 16.54 13.76 95.24
2026 86.81 35.22 18.78 15.81 92.37
2027 86.66 63.72 28.96 13.44 123.38
2028 86.85 50.59 21.59 14.84 101.28
2029 86.88 24.88 13.94 14.10 83.70
2030 86.78 53.03 21.81 13.78 112.38
2031 86.80 65.80 28.48 12.59 109.72
2032 87.14 27.58 16.74 13.84 79.06
2033 87.11 71.34 61.67 12.72 100.30
2034 86.93 48.19 18.33 15.01 94.34
2035 86.94 59.02 26.55 13.54 112.77
2036 87.04 74.99 95.03 13.01 52.57
2037 87.06 55.46 21.66 12.64 105.95
2038 87.16 37.65 17.34 14.74 75.23
2039 87.30 43.05 19.40 15.18 75.98
2040 87.13 45.42 18.19 15.06 81.26
2041 87.25 40.37 18.55 14.91 86.90
2042 87.32 68.55 28.23 11.32 71.86
2043 87.66 57.38 23.08 12.85 102.06
2044 87.52 61.67 24.20 13.98 103.43
2045 87.87 77.10 78.00 11.29 39.70
2046 87.82 30.09 15.09 13.31 72.72
2047 87.84 66.96 27.25 12.55 100.66
2048 87.86 52.53 17.90 13.24 75.64
2049 87.94 32.82 14.71 13.88 63.28
2050 88.04 47.90 16.72 12.66 64.40
2051 87.92 64.37 24.76 12.73 99.34
2052 88.08 73.47 54.56 12.11 86.65
2053 88.10 25.68 12.61 12.35 44.14
2054 88.24 50.49 18.13 13.48 61.72
2055 88.23 35.52 17.14 15.27 63.98
2056 88.21 59.72 20.75 13.41 97.13
2057 88.21 54.99 17.58 13.92 66.52
2058 88.29 45.68 17.65 13.84 66.16
2059 88.26 38.81 15.70 14.76 58.95
2060 88.35 70.83 32.54 12.07 78.20
2061 88.47 41.52 16.28 14.24 59.14
2062 88.85 75.64 55.29 10.37 54.64
2063 88.77 27.79 13.37 13.71 52.01
2064 88.40 69.06 23.96 12.38 88.42
2065 88.91 43.92 14.81 13.12 47.75
2066 88.71 62.24 20.34 12.98 74.85
2067 88.80 57.72 15.94 11.64 58.15
2068 89.20 64.57 19.49 11.69 67.52
2069 89.09 30.77 14.89 12.92 49.04
2070 89.11 49.13 17.52 13.10 47.24
2071 89.09 53.13 16.55 12.17 53.43
2072 89.16 66.65 20.10 11.51 79.88
2073 89.08 69.08 21.11 10.85 87.82
2074 89.21 37.30 15.40 13.88 43.89
2075 89.33 33.36 14.93 13.13 43.40
2076 89.38 72.93 31.90 10.47 67.45
2077 89.58 46.81 16.00 12.66 38.06
2078 89.47 55.53 17.42 10.45 47.64
2079 89.54 60.46 17.78 12.42 57.80
2080 89.59 39.88 14.42 13.62 41.07
2081 89.85 51.38 15.49 12.28 44.57
2082 90.05 42.36 13.99 12.04 35.49
2083 89.85 57.87 17.90 12.27 47.00
2084 90.03 28.52 12.29 12.28 35.78
2085 89.98 62.72 19.86 13.11 45.44
2086 90.10 70.84 19.15 12.26 56.77
2087 90.05 68.50 18.11 11.71 58.71
2088 90.33 44.67 14.30 12.86 34.35
2089 90.50 31.06 13.07 12.59 33.88
2090 90.44 49.17 14.07 12.34 33.04
2091 90.31 35.12 12.31 13.47 35.68
2092 90.45 54.02 15.67 11.22 33.12
2093 90.38 65.68 18.45 12.97 53.54
2094 90.57 37.97 13.46 13.63 35.48
2095 90.83 58.93 15.07 12.96 36.48
2096 91.00 56.50 14.19 11.88 34.40
2097 90.60 60.74 15.96 12.04 37.96
2098 91.09 33.22 14.35 13.83 30.16
2099 90.91 40.39 14.51 12.77 29.25
2100 91.08 46.54 13.42 11.50 29.56
2101 91.04 62.05 16.48 12.33 38.81
2102 91.17 64.21 16.58 11.42 38.26
2103 91.17 67.97 15.99 11.01 49.38
2104 91.18 51.97 14.37 13.16 27.22
2105 91.37 70.07 13.21 9.83 29.78
2106 91.38 41.41 13.45 13.24 24.52
2107 91.52 35.74 12.42 12.51 28.35
2108 91.68 43.69 14.08 11.02 26.13
2109 91.73 48.73 14.00 12.37 26.35
2110 91.85 54.60 13.40 10.95 25.94
2111 92.06 31.25 12.48 12.40 24.28
2112 92.01 38.78 13.92 12.78 25.21
2113 91.86 60.44 15.54 11.71 26.39
2114 91.93 66.13 15.42 10.92 36.05
2115 92.20 51.17 14.52 11.52 24.75
2116 92.29 57.63 15.71 12.38 22.21
2117 92.36 63.16 15.19 10.78 27.73
2118 92.56 41.39 13.72 11.04 22.54
2119 92.56 68.40 12.46 11.30 22.19
2120 92.87 33.86 12.58 12.97 25.19
2121 92.91 36.66 13.43 13.49 23.25
2122 92.99 53.23 13.67 10.62 20.00
2123 93.32 43.52 12.81 10.96 17.29
2124 92.86 65.07 13.03 11.89 25.61
2125 93.19 48.75 12.11 11.82 18.46
2126 93.14 60.57 14.67 11.82 20.85
2127 93.07 55.93 12.89 10.79 20.38
2128 93.13 66.36 13.56 11.02 21.38
2129 93.26 39.10 11.37 11.09 18.93
2130 93.65 58.15 13.06 10.78 19.64
2131 93.38 61.88 13.56 11.69 17.81
2132 93.63 63.62 12.72 11.74 17.38
2133 93.85 50.89 12.93 10.40 17.20
2134 93.73 55.57 14.65 9.18 19.56
2135 94.06 46.14 13.70 10.67 16.34
2136 94.08 40.94 12.33 10.43 16.42
2137 94.11 53.93 14.30 10.30 13.16
2138 94.02 38.83 11.86 12.53 20.41
2139 94.05 35.74 11.07 10.09 21.32
2140 94.41 61.76 12.64 9.82 16.01
2141 94.55 37.07 12.96 11.55 20.15
2142 94.82 48.45 14.25 11.40 14.72
2143 94.77 43.24 13.17 11.33 15.49
2144 94.74 56.51 13.44 10.93 13.78
2145 94.91 59.27 11.96 10.26 14.81
2146 94.72 53.24 13.68 10.68 14.51
2147 94.79 39.86 13.45 13.84 15.08
2148 94.91 49.77 13.00 15.00 6.00
2149 95.54 51.31 12.66 10.05 12.54
2150 95.61 45.52 12.03 10.81 12.93
2151 95.42 53.66 13.82 10.58 12.84
2152 95.60 55.13 13.00 8.96 13.18
2153 96.18 42.60 12.99 10.54 12.42
2154 95.88 59.73 12.97 9.85 7.76
2155 96.31 48.80 11.90 11.28 11.24
2156 96.36 57.76 11.51 10.76 6.99
2157 96.65 46.58 12.07 11.52 8.03
2158 96.39 59.30 12.43 8.00 9.07
2159 97.04 53.43 11.27 10.61 12.54
2160 96.82 51.90 13.21 10.29 6.86
2161 96.99 55.74 11.18 9.84 8.34
2162 97.46 44.83 11.21 9.82 10.27
2163 97.35 50.70 10.72 10.15 10.83
2164 98.05 48.17 9.55 9.33 8.10
2165 98.21 46.64 8.12 9.44 4.04

