#<Embryo name> <Cleavage cycle> <Temporal class> <Genes>
kw5 14A 2 even-skipped knirps giant

#Quantitative data
#<Nucleus number> <A-P coordinate> <D-V coordinate> <Fluorescence intensity: channel 1 - eve, channel 2 - kni, channel 3 - gt>
0 2.12 52.03 8.26 33.55 9.91
1 2.88 48.96 9.93 36.55 12.33
2 3.00 54.86 9.78 35.58 11.18
3 3.05 43.50 10.23 35.87 13.04
4 3.16 52.27 9.75 35.50 12.03
5 3.55 44.45 8.93 31.12 13.95
6 3.51 46.05 12.27 38.73 15.67
7 3.90 46.79 9.98 35.82 14.02
8 4.13 49.13 13.10 40.24 16.45
9 4.09 41.60 10.98 31.87 13.94
10 4.29 55.05 11.60 35.69 13.35
11 4.01 58.12 9.93 35.92 11.08
12 4.56 52.00 13.63 40.03 16.17
13 4.98 43.52 11.83 34.52 16.78
14 4.89 46.26 11.09 35.91 16.28
15 5.01 39.63 10.36 29.15 14.90
16 5.24 48.50 12.38 35.54 15.97
17 5.60 49.74 12.05 33.13 15.91
18 5.37 55.27 13.17 35.62 16.41
19 5.54 57.36 11.69 37.59 15.01
20 5.86 59.39 11.64 37.01 13.72
21 5.25 53.60 12.38 32.12 16.50
22 5.68 37.75 8.91 25.39 14.61
23 5.88 54.20 11.79 34.97 17.33
24 6.23 51.56 14.43 34.55 17.00
25 6.20 46.67 12.06 32.51 17.99
26 6.29 43.63 14.54 32.36 18.80
27 6.33 41.08 12.40 28.95 19.24
28 6.08 45.26 14.00 33.50 19.33
29 6.51 37.14 11.37 23.75 18.08
30 6.51 35.12 10.65 22.60 15.48
31 6.46 62.08 11.46 37.94 12.43
32 6.87 48.69 15.07 33.03 18.80
33 6.96 60.82 11.63 38.23 15.92
34 7.29 39.14 14.36 25.35 21.03
35 7.39 53.58 14.16 34.52 18.61
36 7.10 55.10 15.08 38.28 19.08
37 6.93 56.68 15.42 38.65 16.30
38 7.46 58.82 15.06 40.36 18.18
39 7.50 45.64 14.96 32.17 20.81
40 7.33 64.11 9.43 35.11 13.60
41 7.59 42.46 13.88 26.23 20.08
42 7.51 36.59 13.90 22.85 21.68
43 7.87 51.21 15.76 33.62 20.17
44 7.61 35.03 11.87 20.08 19.34
45 7.96 37.96 13.33 23.08 21.85
46 7.83 56.32 15.85 37.15 22.15
47 8.11 48.08 13.67 30.92 19.92
48 8.31 60.95 14.80 39.04 19.28
49 8.71 44.34 13.58 25.82 20.90
50 8.56 65.57 10.78 37.23 15.15
51 8.57 40.27 12.90 24.85 21.60
52 8.47 34.21 12.25 17.23 20.98
53 8.27 55.46 15.11 37.41 20.74
54 8.41 31.92 9.42 18.56 17.03
55 8.53 56.87 14.35 40.12 19.56
56 8.48 63.14 12.78 37.76 17.88
57 8.89 53.36 16.35 35.72 21.83
58 8.50 37.26 12.15 24.23 19.92
59 8.85 48.06 15.76 28.82 20.76
60 9.25 58.71 15.20 38.49 23.42
61 8.70 59.74 13.85 40.85 20.23
62 9.42 50.70 15.75 30.08 22.02
63 8.96 36.72 12.50 18.88 23.00
64 9.25 38.38 12.95 23.00 22.42
65 9.02 55.73 16.67 35.93 21.60
66 9.45 42.06 14.20 24.71 21.88
67 9.28 30.74 9.82 15.97 18.68
68 9.55 63.40 16.02 38.23 22.95
69 9.73 32.57 12.39 16.23 22.27
70 9.63 67.04 11.91 36.97 17.15
71 9.61 36.38 12.47 22.79 22.63
72 9.72 61.28 14.26 38.50 22.05
73 9.81 46.84 15.03 25.56 23.32
74 9.78 56.06 16.12 34.90 23.13
75 9.89 34.83 12.85 18.60 24.06
76 9.70 37.64 10.00 20.25 26.75
77 10.00 44.52 15.32 22.32 22.11
78 10.12 65.42 15.03 40.28 22.10
79 10.47 48.96 15.20 24.74 25.76
80 10.37 53.93 15.34 32.62 24.84
81 10.24 40.26 14.41 21.87 23.48
82 10.56 36.93 12.28 17.36 25.23
83 10.71 69.31 11.73 33.00 20.67
84 11.06 34.80 14.63 18.69 24.37
85 10.52 42.90 11.86 17.86 25.71
86 10.99 60.40 18.22 39.17 26.69
87 11.12 52.27 14.31 27.79 25.19
88 11.00 57.37 16.97 35.83 25.38
89 10.95 67.54 13.87 31.39 24.00
90 10.93 50.95 17.79 27.59 23.82
91 11.03 62.93 18.05 39.22 29.32
92 11.08 41.95 14.92 22.13 24.25
93 10.92 47.24 12.62 17.92 25.85
94 11.43 46.38 15.74 22.98 25.45
95 11.61 55.18 15.57 30.23 28.52
96 11.71 65.95 17.31 38.46 33.16
97 11.44 38.87 15.50 15.25 26.62
98 11.93 49.87 16.64 23.55 30.01
99 11.99 39.58 13.86 19.75 26.96
100 11.84 61.90 16.71 37.59 33.41
101 11.79 27.45 10.42 16.03 20.36
102 12.08 31.58 13.20 18.82 28.40
103 11.76 41.55 14.21 16.53 27.42
104 12.00 29.20 11.60 17.40 25.45
105 12.32 52.78 15.46 24.30 31.35
106 12.03 58.45 15.81 31.52 33.11
107 12.34 35.38 14.29 17.90 28.40
108 12.36 41.99 14.04 20.62 30.15
109 12.40 44.77 16.65 20.51 28.20
110 12.40 68.12 15.41 36.36 35.47
111 12.38 32.74 14.48 19.55 28.52
112 12.43 37.29 14.30 18.85 27.74
113 12.57 29.25 13.41 17.15 29.65
114 12.70 47.54 17.07 22.50 32.28
115 12.81 55.77 17.61 28.74 37.13
116 12.49 34.11 13.38 14.50 33.00
117 12.67 58.30 18.11 30.79 31.11
118 12.95 72.49 13.92 30.47 33.57
119 13.05 63.43 18.49 35.69 40.47
120 13.00 38.23 15.53 18.43 26.79
121 13.06 30.96 16.02 17.29 32.15
122 13.37 49.92 16.34 20.86 35.84
123 13.27 69.88 17.31 33.57 41.66
124 13.06 34.18 14.88 18.98 29.51
125 13.40 28.02 14.96 17.03 32.69
126 13.50 66.55 18.70 36.70 48.19
127 13.58 40.73 15.80 18.98 32.50
128 13.57 53.04 15.12 21.97 37.73
129 13.47 36.44 13.93 16.39 28.93
130 13.60 46.65 15.95 18.62 30.12
131 13.66 60.71 19.27 30.64 44.93
132 13.83 43.72 16.04 19.04 33.53
133 13.77 57.90 18.03 26.48 44.09
134 13.67 31.61 15.18 17.69 32.10
135 14.03 33.67 14.34 18.03 33.93
136 13.76 29.42 13.64 13.64 31.91
137 14.17 36.04 14.29 17.53 32.32
138 14.21 26.27 12.95 15.61 34.72
139 14.17 63.54 20.25 34.05 52.52
140 14.41 55.49 18.45 24.89 46.26
141 14.47 30.23 13.71 16.54 35.20
142 14.08 70.29 16.82 25.91 51.00
143 14.54 68.31 19.81 35.43 58.99
144 14.61 70.73 18.38 34.26 53.31
145 14.61 50.47 15.64 19.95 41.82
146 14.85 47.06 15.80 18.28 40.18
147 14.81 58.87 18.48 28.77 59.31
148 14.84 65.76 22.37 37.48 67.91
149 14.82 72.98 17.66 30.80 50.33
150 14.89 52.93 18.20 21.32 47.60
151 15.06 41.50 15.39 16.74 35.84
152 14.98 61.48 20.40 31.53 57.45
153 15.20 44.29 16.36 16.67 39.52
154 15.22 32.56 16.09 16.79 38.86
155 15.34 38.21 15.74 18.60 38.63
156 15.30 27.85 15.56 17.71 44.81
157 15.25 75.73 14.86 26.82 47.19
158 15.48 35.55 15.93 19.19 39.13
159 15.62 49.09 18.72 20.50 52.35
160 15.72 56.91 20.07 23.98 65.58
161 15.72 25.03 11.94 14.87 38.38
162 15.66 63.35 20.04 29.73 65.46
163 15.84 68.66 21.58 36.73 71.34
164 15.61 71.24 19.14 29.69 63.19
165 16.02 54.17 19.76 20.24 62.06
166 15.81 76.81 12.62 27.48 42.14
167 16.07 30.21 16.32 17.55 48.50
168 16.10 51.53 17.60 19.67 61.45
169 16.07 59.93 20.38 26.20 71.53
170 16.03 73.88 21.19 30.68 64.65
171 16.23 40.43 17.87 17.36 46.47
172 16.18 65.91 21.54 35.16 73.97
173 16.42 47.05 17.04 17.13 52.90
174 16.35 33.83 16.31 17.02 47.08
175 16.52 44.75 17.77 17.42 56.15
176 16.22 71.10 21.06 35.24 60.97
177 16.22 63.45 20.71 27.50 68.79
178 16.71 27.52 15.22 17.50 52.00
179 16.84 38.08 18.20 17.74 52.49
180 17.04 42.35 18.06 17.55 59.34
181 17.05 58.05 20.10 21.05 78.70
182 17.03 62.17 21.82 28.03 78.08
183 17.01 55.67 19.04 20.38 76.79
184 16.98 75.85 19.64 28.37 63.28
185 17.11 32.05 16.48 17.35 55.23
186 17.11 49.06 18.18 18.26 64.64
187 17.12 67.59 23.26 29.93 76.93
188 17.16 70.32 24.50 31.00 80.69
189 17.23 73.15 23.30 28.76 73.27
190 17.40 25.36 15.31 15.22 53.99
191 17.27 35.93 17.59 18.22 59.78
192 17.39 64.57 22.57 27.43 83.98
193 17.33 51.47 19.25 18.06 81.14
194 17.66 53.71 19.77 17.70 85.26
195 17.60 59.95 20.84 23.40 90.88
196 17.64 29.67 16.29 16.90 59.86
197 17.88 40.29 19.64 17.40 68.15
198 17.91 46.52 20.39 18.72 77.93
199 17.93 22.99 14.59 13.99 57.68
200 18.05 43.96 19.63 16.42 74.04
201 18.19 34.48 17.27 16.56 67.23
202 18.31 76.92 22.30 25.05 72.20
203 18.30 66.52 26.03 24.84 91.40
204 18.39 71.89 25.83 28.17 83.11
205 18.31 56.03 22.80 19.50 99.73
206 18.41 69.28 27.54 27.97 95.62
207 18.43 38.07 18.71 16.01 71.06
208 18.49 27.75 16.29 17.15 67.10
209 18.28 32.04 16.50 17.44 72.81
210 18.37 48.79 19.31 15.89 89.47
211 18.55 74.57 25.52 26.65 80.65
212 18.56 63.09 24.75 21.63 92.96
213 18.58 51.22 21.78 17.55 98.80
214 18.59 60.49 26.61 22.71 128.58
215 18.90 42.28 19.60 18.70 83.84
216 19.06 58.18 25.31 19.93 117.64
217 18.93 21.58 13.05 13.89 61.78
218 18.95 25.01 16.92 15.72 78.49
219 19.06 30.55 16.98 16.10 79.46
220 19.11 53.41 21.89 17.65 108.46
221 19.16 45.65 21.97 17.75 96.91
222 19.32 35.62 19.97 17.27 88.59
223 19.55 40.38 20.39 16.86 88.61
224 19.42 65.58 28.60 22.71 97.80
225 19.56 48.16 20.49 18.27 104.65
226 19.69 72.95 31.62 25.40 93.88
227 19.60 55.79 22.12 18.48 110.10
228 19.58 77.83 26.44 24.22 81.47
229 19.60 70.23 29.81 26.51 96.49
230 19.79 38.12 16.97 17.64 89.98
231 19.82 33.15 18.54 16.15 89.28
232 19.78 60.52 24.09 19.11 104.59
233 19.89 67.90 31.72 25.44 107.30
234 19.80 27.36 18.69 16.75 92.97
235 19.82 50.90 23.32 18.58 117.98
236 19.91 63.27 26.70 20.53 107.00
237 19.90 22.90 17.98 15.60 83.05
238 19.97 75.34 32.59 24.05 93.65
239 20.06 42.96 22.05 17.84 105.39
240 20.27 30.36 18.95 16.77 95.86
241 20.40 45.11 25.66 19.18 116.75
242 20.36 53.59 25.68 18.05 122.94
243 20.61 25.03 19.63 17.98 94.87
244 20.72 36.45 18.83 17.18 97.87
245 20.70 56.62 25.46 17.47 123.40
246 20.75 47.22 21.75 16.80 114.57
247 20.80 58.98 27.39 18.30 123.54
248 20.75 71.61 32.73 22.17 103.08
249 20.94 20.56 17.03 14.61 82.92
250 20.89 49.64 24.48 17.15 115.96
251 20.81 79.10 31.55 20.08 82.35
252 20.89 81.50 24.94 19.05 67.96
253 20.93 66.32 30.69 21.07 112.70
254 21.09 39.28 22.22 17.68 113.67
255 21.05 41.58 21.90 17.79 110.78
256 21.11 34.39 22.39 17.73 112.00
257 21.03 61.56 30.20 18.61 125.35
258 20.99 69.33 32.48 22.07 108.53
259 21.02 76.48 37.98 22.65 92.76
260 21.09 28.26 19.27 16.50 105.70
261 21.23 63.97 32.19 20.24 124.10
262 21.38 32.31 19.14 16.77 101.47
263 21.26 51.90 26.40 17.87 138.34
264 21.39 73.48 33.23 20.49 104.16
265 21.60 44.44 22.21 18.36 118.24
266 21.57 54.66 26.44 16.17 138.96
267 21.61 22.84 20.42 16.07 99.25
268 21.82 30.36 20.89 15.88 109.43
269 21.89 26.42 21.76 17.24 111.61
270 21.93 57.74 29.54 17.40 133.01
271 21.95 37.93 22.61 15.97 125.81
272 21.87 47.47 24.74 16.58 138.95
273 21.99 68.04 35.34 19.20 125.70
274 22.02 75.48 31.10 19.29 91.71
275 22.21 80.58 34.70 18.41 84.96
276 22.16 60.20 33.76 18.62 134.36
277 22.12 78.02 38.41 20.29 97.48
278 22.19 49.81 26.87 16.36 130.08
279 21.89 72.48 34.40 21.60 102.20
280 22.28 83.09 27.91 16.66 73.43
281 22.32 70.67 37.21 19.23 113.68
282 22.37 19.25 18.48 15.17 96.08
283 22.37 35.56 23.31 18.62 128.71
284 22.35 42.45 24.43 17.86 131.45
285 22.33 65.35 36.35 20.67 134.63
286 22.39 52.65 26.43 19.05 137.07
287 22.41 62.59 33.65 17.56 129.10
288 22.15 74.39 38.67 18.33 103.20
289 22.60 24.37 22.01 17.55 118.81
290 22.73 56.04 31.37 16.40 141.53
291 22.87 40.47 23.64 18.00 137.36
292 22.72 45.67 27.70 18.67 149.63
293 22.83 29.28 22.62 17.78 123.66
294 22.90 32.03 23.68 17.27 123.03
295 22.93 21.62 21.96 16.40 111.32
296 22.90 73.17 46.47 18.74 143.32
297 23.07 76.50 43.90 19.17 106.02
298 23.10 38.19 26.14 19.28 149.20
299 23.11 67.31 38.40 17.78 121.99
300 23.31 26.95 23.06 15.78 111.78
301 23.17 47.97 28.29 19.20 144.31
302 23.28 58.48 40.49 18.04 152.87
303 23.29 34.31 23.50 15.80 122.94
304 23.37 50.80 32.51 17.92 145.22
305 23.36 53.94 30.94 17.68 146.99
306 23.35 79.17 48.91 16.76 103.34
307 23.45 60.81 40.01 18.25 152.79
308 23.44 63.76 39.06 17.45 132.08
309 23.63 17.67 19.11 14.41 102.49
310 23.66 44.60 28.62 17.68 143.73
311 23.64 69.51 41.45 17.41 120.62
312 23.81 42.39 28.72 19.31 149.34
313 23.73 81.83 46.46 14.78 95.18
314 23.87 23.54 24.26 17.31 108.05
315 23.95 36.54 28.84 18.48 146.67
316 23.83 74.74 47.76 17.75 119.57
317 23.98 71.98 51.75 17.88 132.95
318 24.02 30.42 27.05 17.09 131.03
319 24.06 55.77 35.35 18.75 156.39
320 24.09 66.33 42.12 19.20 130.71
321 24.09 20.28 24.50 16.93 113.06
322 24.17 39.81 31.01 18.44 156.95
323 24.42 77.19 61.72 17.29 119.96
324 24.37 26.04 26.88 16.14 119.27
325 24.39 33.04 26.48 19.06 128.19
326 24.27 47.84 35.10 18.45 169.69
327 24.42 52.90 34.77 19.25 148.93
328 24.40 58.01 39.00 17.81 151.71
329 24.46 61.55 41.58 16.92 137.02
330 24.53 50.46 37.06 18.77 159.99
331 24.58 79.81 55.62 15.04 107.26
332 24.58 64.01 48.04 18.94 145.30
333 24.86 28.67 27.13 17.18 122.42
334 24.79 84.17 54.55 12.40 89.28
335 24.74 44.97 32.69 17.67 158.43
336 24.82 69.92 55.33 16.38 134.29
337 24.93 73.33 60.02 17.15 133.76
338 25.02 37.97 27.38 17.86 143.29
339 25.05 35.41 27.33 16.16 138.14
340 25.01 42.06 31.61 19.53 162.78
341 25.12 67.53 51.42 17.54 136.58
342 25.18 21.92 28.47 18.74 113.70
343 25.23 59.98 48.20 17.68 163.00
344 25.31 18.97 23.96 15.74 115.51
345 25.22 54.99 39.98 17.91 154.20
346 25.35 81.47 65.68 14.78 105.76
347 25.32 24.33 29.06 17.20 118.64
348 25.41 16.40 23.42 14.93 109.06
349 25.48 31.22 27.47 16.90 125.23
350 25.53 46.89 39.93 18.29 171.10
351 25.48 49.34 39.26 20.07 168.42
352 25.64 40.00 31.12 18.27 146.46
353 25.52 57.72 44.20 17.51 152.32
354 25.58 52.27 40.25 19.19 156.14
355 25.63 64.91 51.97 17.75 143.52
356 25.70 75.45 74.84 16.08 134.20
357 25.59 78.05 72.64 15.21 128.47
358 25.66 62.42 49.05 16.93 146.34
359 25.70 71.34 63.35 17.09 142.43
360 25.81 26.65 29.91 18.09 125.74
361 25.84 44.00 34.90 18.60 147.54
362 25.96 33.66 30.78 16.91 144.32
363 26.15 36.99 29.81 17.04 137.63
364 26.21 84.28 60.70 11.14 90.68
365 26.32 20.33 29.91 17.51 118.47
366 26.24 55.81 45.01 17.72 152.07
367 26.38 28.95 29.78 18.35 128.22
368 26.41 69.25 65.74 17.15 146.99
369 26.29 21.73 26.93 18.30 115.79
370 26.50 41.65 35.32 18.72 148.05
371 26.41 66.69 59.66 18.30 145.36
372 26.44 73.10 78.20 16.87 135.86
373 26.59 60.79 57.53 17.77 167.74
374 26.58 17.74 31.66 16.51 120.93
375 26.51 24.27 35.18 17.51 129.36
376 26.44 82.19 77.46 14.51 111.60
377 26.59 48.67 44.48 19.24 178.48
378 26.72 51.24 43.58 19.53 161.42
379 26.76 53.66 51.75 19.92 163.42
380 26.71 58.46 57.90 19.03 174.20
381 26.71 79.76 81.95 15.00 116.82
382 26.67 46.01 40.54 19.38 169.42
383 26.70 13.57 27.73 13.41 106.59
384 26.75 31.40 30.65 16.63 128.78
385 26.76 63.45 55.35 18.36 143.44
386 26.96 39.22 37.13 17.01 148.56
387 26.75 76.83 87.17 14.72 129.22
388 26.98 14.88 25.03 15.57 102.81
389 26.99 35.14 33.20 17.52 140.27
390 27.02 43.67 40.42 18.82 159.20
391 27.21 27.07 33.60 16.72 133.85
392 27.33 70.94 83.79 16.10 136.62
393 27.45 22.47 34.95 17.08 129.36
394 27.38 56.19 60.24 19.62 167.59
395 27.14 74.68 79.93 17.73 128.60
396 27.59 33.04 36.16 18.75 130.87
397 27.56 19.64 36.21 17.88 133.56
398 27.64 37.21 38.97 17.52 146.55
399 27.59 65.21 73.41 17.21 155.86
400 27.55 67.65 79.18 16.56 145.62
401 27.63 49.87 51.38 20.66 180.75
402 27.51 83.00 85.36 13.21 111.34
403 27.52 85.88 71.42 11.07 86.42
404 27.72 47.48 47.61 19.85 164.61
405 27.61 73.77 97.64 16.59 134.47
406 27.76 16.59 35.62 16.35 126.96
407 27.80 29.98 34.74 16.96 130.69
408 27.77 60.36 73.89 19.46 183.63
409 27.74 41.52 41.41 18.36 151.06
410 27.85 76.21 105.99 17.00 142.08
411 27.90 78.64 96.52 16.83 132.26
412 27.96 25.09 36.65 17.74 136.82
413 27.90 45.15 51.41 19.24 180.57
414 27.93 62.82 74.68 19.98 171.64
415 27.95 52.95 53.41 20.00 160.67
416 28.09 58.13 66.29 18.51 169.02
417 28.35 81.15 95.78 14.13 118.98
418 28.29 69.09 88.84 16.58 143.90
419 28.30 55.31 58.31 20.31 169.34
420 28.51 35.24 42.54 18.36 143.74
421 28.53 39.94 51.51 18.11 166.52
422 28.50 71.79 97.90 16.75 140.76
423 28.50 14.39 43.59 15.45 144.24
424 28.57 27.82 39.50 17.30 137.27
425 28.59 43.12 48.57 19.29 165.66
426 28.58 88.25 59.87 8.90 71.72
427 28.71 21.40 42.03 18.84 134.13
428 28.65 51.08 61.34 19.45 176.29
429 28.62 65.86 102.70 19.44 184.55
430 28.68 83.81 95.00 12.42 101.27
431 28.77 32.71 44.28 16.96 150.52
432 28.82 48.84 54.27 18.51 163.70
433 28.83 37.72 51.20 18.91 159.38
434 28.82 74.19 101.92 16.16 133.26
435 28.92 18.90 42.47 18.28 125.62
436 28.92 61.46 88.79 18.32 185.49
437 28.99 46.51 58.58 20.60 171.99
438 29.06 86.29 81.15 11.02 94.60
439 29.05 23.69 43.44 16.78 132.12
440 28.98 76.60 98.27 16.40 131.95
441 29.12 63.77 96.54 18.10 176.61
442 29.13 59.34 89.24 18.81 179.43
443 29.20 16.65 44.72 17.29 129.39
444 29.18 30.37 45.38 17.61 148.43
445 29.22 54.81 69.88 18.91 170.32
446 29.21 57.08 76.41 19.24 168.80
447 29.26 67.51 100.24 18.95 153.52
448 29.37 79.21 100.64 14.96 131.10
449 29.34 52.70 73.87 18.81 181.73
450 29.28 25.73 43.21 18.96 136.25
451 29.41 69.75 103.92 16.66 156.65
452 29.56 41.70 58.85 20.22 175.28
453 29.56 44.47 62.19 18.84 175.01
454 29.69 81.81 100.00 14.90 110.06
455 29.75 34.99 49.98 17.42 148.98
456 29.68 14.04 49.61 14.18 121.05
457 29.87 39.45 65.78 20.08 174.39
458 29.85 71.84 113.84 17.26 156.22
459 29.91 28.34 52.08 16.73 141.42
460 29.93 50.88 77.41 19.05 185.42
461 29.81 26.22 46.78 19.09 140.40
462 30.05 32.82 49.82 16.74 142.01
463 30.02 65.81 99.26 17.78 169.02
464 29.95 84.27 92.57 12.98 103.21
465 30.02 37.21 56.25 18.05 163.79
466 30.02 48.79 74.43 20.50 185.13
467 29.99 20.93 52.06 17.81 131.32
468 30.16 12.76 48.16 15.02 104.80
469 30.13 74.17 107.91 16.69 148.59
470 30.11 88.38 63.27 10.30 82.34
471 30.15 61.15 105.89 19.52 173.61
472 30.10 76.67 104.09 15.53 132.80
473 30.18 46.63 74.83 19.06 178.08
474 30.29 58.63 96.22 20.43 186.01
475 30.25 63.62 104.99 19.46 184.10
476 30.31 15.91 58.25 17.66 130.30
477 30.32 23.24 51.66 16.40 131.43
478 30.25 86.83 79.68 10.92 88.80
479 30.48 18.72 61.14 17.95 127.42
480 30.33 53.93 81.44 20.32 170.17
481 30.41 56.26 88.55 18.14 170.78
482 30.56 43.43 77.36 20.89 181.43
483 30.46 68.28 100.63 17.06 154.54
484 30.53 30.64 54.82 17.40 150.80
485 30.81 80.66 108.94 15.38 123.23
486 30.80 25.65 61.96 18.94 142.25
487 30.79 41.26 74.25 19.72 172.88
488 30.76 79.09 111.76 15.43 137.46
489 30.96 70.69 106.18 15.86 147.02
490 30.98 34.65 66.00 18.23 149.33
491 31.00 77.73 111.30 14.43 119.83
492 31.10 83.04 98.87 15.65 114.99
493 31.16 85.68 92.75 14.20 101.38
494 31.14 45.48 92.20 20.54 190.17
495 31.07 50.55 88.78 19.17 183.05
496 31.20 39.00 76.99 21.37 165.26
497 31.20 27.81 64.87 18.25 150.28
498 31.22 36.83 74.44 19.63 169.68
499 31.25 52.95 93.71 19.19 174.42
500 31.25 48.02 89.55 21.23 177.99
501 31.28 60.02 107.78 19.56 188.06
502 31.19 62.76 109.34 18.36 168.52
503 31.25 66.02 101.42 17.94 164.32
504 31.36 72.86 103.29 15.82 148.00
505 31.25 75.41 110.57 13.56 150.68
506 31.38 13.95 64.49 17.27 120.80
507 31.41 88.48 71.41 10.84 80.91
508 31.56 21.63 68.70 17.68 130.81
509 31.35 57.65 102.86 19.54 181.14
510 31.45 16.91 72.28 16.72 123.96
511 31.55 32.57 65.31 18.14 153.45
512 31.64 55.24 100.37 20.64 184.53
513 31.67 10.96 65.62 14.69 110.76
514 31.55 23.94 70.59 18.70 140.82
515 31.69 30.11 63.58 16.35 144.30
516 31.67 68.70 103.51 16.67 156.63
517 31.82 19.21 76.51 17.85 126.41
518 31.83 43.07 92.74 21.71 173.96
519 32.02 40.71 91.73 20.01 166.88
520 32.04 78.78 96.40 15.44 121.80
521 32.22 64.09 109.74 18.85 173.72
522 32.17 51.71 101.19 20.69 179.27
523 32.24 35.19 85.09 18.88 154.76
524 32.15 61.69 106.67 19.07 162.77
525 32.27 49.54 103.05 19.70 184.27
526 32.24 45.21 99.16 19.16 172.91
527 32.28 76.09 87.12 15.10 117.71
528 32.39 71.14 95.82 17.70 139.51
529 32.30 84.38 90.30 14.25 97.22
530 32.44 37.61 83.64 19.58 156.98
531 32.49 47.28 104.27 21.51 181.99
532 32.44 57.02 109.96 18.65 182.36
533 32.53 15.53 75.67 17.75 128.26
534 32.49 25.35 84.15 17.93 144.40
535 32.45 27.88 79.93 17.36 143.63
536 32.53 59.28 106.68 18.67 173.58
537 32.39 66.70 102.75 17.03 157.48
538 32.47 87.02 72.33 11.53 70.59
539 32.48 89.74 54.12 10.75 58.20
540 32.51 73.56 102.32 16.75 141.01
541 32.62 53.73 108.16 21.49 192.42
542 32.81 13.21 70.34 16.94 121.46
543 32.77 32.89 88.65 18.48 165.66
544 32.80 30.38 87.52 18.71 160.07
545 32.92 18.12 87.51 20.25 138.00
546 33.07 20.74 85.94 19.03 136.19
547 32.92 68.98 95.59 17.62 141.23
548 32.81 11.81 79.70 16.70 116.11
549 33.00 23.09 94.83 19.29 160.50
550 33.01 39.62 93.99 20.22 149.17
551 33.00 42.34 101.29 21.24 174.61
552 33.16 77.87 90.08 15.15 124.36
553 33.24 82.79 81.61 15.42 94.18
554 33.27 55.39 107.98 20.60 179.64
555 33.25 51.33 98.84 21.43 171.35
556 33.23 61.23 106.23 19.18 170.73
557 33.28 44.83 105.07 22.01 186.91
558 33.39 80.20 76.22 15.20 96.95
559 33.37 65.71 98.35 19.60 164.66
560 33.52 85.74 77.32 13.69 79.39
561 33.47 35.13 96.55 20.17 162.51
562 33.46 48.92 105.65 22.32 179.47
563 33.54 75.23 86.22 15.45 122.30
564 33.52 26.84 89.83 18.76 143.77
565 33.63 63.42 92.12 20.37 149.89
566 33.65 88.20 61.48 11.25 64.90
567 33.73 57.53 103.27 20.61 160.45
568 33.66 72.77 87.82 15.94 131.12
569 33.79 37.46 104.78 21.12 164.84
570 33.88 29.22 89.85 18.95 143.89
571 33.89 31.74 92.18 18.21 158.14
572 33.90 46.85 101.92 20.49 179.62
573 34.02 70.49 89.02 17.83 142.81
574 33.96 53.28 107.66 21.71 174.18
575 34.04 14.26 76.72 17.72 124.57
576 33.98 17.01 92.49 18.61 147.45
577 33.97 68.08 93.14 16.43 160.25
578 33.99 11.03 71.16 15.94 118.02
579 34.02 59.61 104.13 19.35 153.53
580 34.03 24.63 86.35 17.86 127.20
581 34.23 90.50 61.05 9.02 49.52
582 34.10 40.13 101.92 21.04 161.68
583 34.14 42.48 97.67 21.51 165.11
584 34.36 19.60 76.46 18.21 112.76
585 34.21 77.29 80.01 15.08 99.49
586 34.37 22.08 81.58 18.19 128.17
587 34.33 83.79 76.52 14.03 80.18
588 34.46 33.85 96.04 20.00 151.23
589 34.45 44.82 104.98 21.81 180.90
590 34.40 51.07 108.54 21.69 177.76
591 34.48 55.34 97.15 18.50 170.20
592 34.38 81.10 79.05 15.10 89.89
593 34.69 61.68 89.47 19.90 142.70
594 34.53 66.07 85.76 18.47 154.46
595 34.66 48.85 114.60 21.32 179.45
596 34.84 26.97 84.56 19.08 140.01
597 34.76 73.44 84.21 18.08 116.30
598 34.93 36.02 95.92 20.97 151.76
599 34.90 63.81 84.47 18.33 139.40
600 34.88 87.80 69.49 12.82 55.52
601 34.96 38.49 95.15 19.19 146.25
602 35.00 57.33 96.05 18.78 153.97
603 35.27 84.96 75.64 14.60 64.25
604 35.08 29.36 80.82 18.35 132.74
605 35.20 75.78 82.78 15.54 99.61
606 35.24 31.59 93.55 19.95 142.51
607 35.19 17.04 73.44 18.69 119.01
608 35.22 46.81 101.63 21.29 173.82
609 35.21 59.53 88.99 20.13 141.61
610 35.23 68.40 75.65 18.38 124.20
611 35.32 70.97 76.11 18.12 118.46
612 35.26 78.47 83.34 16.78 84.51
613 35.31 24.60 77.47 18.54 125.55
614 35.33 40.79 89.88 20.12 148.94
615 35.30 43.10 87.41 20.77 154.77
616 35.41 13.95 67.37 17.60 109.17
617 35.34 10.70 61.05 16.28 108.50
618 35.46 53.95 92.32 21.19 144.43
619 35.49 51.52 99.00 20.48 160.35
620 35.48 81.65 79.91 13.84 63.67
621 35.58 22.10 69.28 18.95 115.44
622 35.62 89.94 65.63 11.27 47.01
623 35.83 19.57 73.81 19.43 117.21
624 35.72 33.88 89.00 18.69 132.97
625 35.66 65.62 78.13 17.80 133.92
626 35.82 49.19 91.76 20.14 169.10
627 35.97 45.07 95.80 21.99 168.35
628 35.92 37.35 91.16 21.16 135.29
629 35.94 73.35 82.86 16.91 107.70
630 36.07 56.23 86.70 20.77 136.57
631 36.13 60.99 84.66 19.47 131.15
632 36.19 27.91 78.49 18.35 122.56
633 36.18 63.28 73.76 18.75 121.04
634 36.19 86.78 70.00 11.95 53.81
635 36.27 77.67 72.29 15.18 71.59
636 36.29 58.52 81.55 21.17 129.22
637 36.49 30.55 73.00 19.82 115.45
638 36.40 67.31 72.10 18.29 112.08
639 36.45 11.82 49.63 17.33 90.93
640 36.41 16.29 59.88 19.64 105.04
641 36.45 40.08 90.58 21.37 146.93
642 36.52 69.41 75.04 17.27 105.32
643 36.42 92.36 51.40 8.54 31.40
644 36.41 42.67 79.42 21.13 143.41
645 36.53 75.38 74.60 16.78 83.86
646 36.58 47.11 92.18 21.15 155.81
647 36.55 25.25 66.39 17.70 108.42
648 36.57 52.22 82.41 19.73 136.65
649 36.57 83.60 73.62 15.45 51.35
650 36.68 35.58 75.61 19.45 126.12
651 36.74 71.52 79.77 16.95 98.01
652 36.71 22.29 59.56 16.87 96.32
653 36.85 33.00 69.58 19.01 110.30
654 36.83 54.37 80.95 20.39 129.54
655 36.81 88.83 72.30 13.12 43.95
656 36.95 49.79 94.99 22.94 153.15
657 36.96 65.32 70.46 19.24 118.91
658 36.79 10.20 47.77 15.48 87.84
659 37.06 18.57 63.31 19.59 100.45
660 37.21 13.73 56.53 17.87 97.86
661 37.02 38.02 80.88 20.95 126.50
662 37.24 44.53 91.14 22.69 144.00
663 37.29 60.66 79.81 19.90 110.12
664 37.40 73.30 75.94 16.99 77.42
665 37.14 86.27 70.64 14.33 48.92
666 37.50 91.10 57.34 10.72 31.22
667 37.43 28.83 71.81 18.50 119.04
668 37.41 58.31 75.33 21.09 117.14
669 37.50 62.86 73.09 20.53 102.60
670 37.43 41.88 78.96 21.77 123.94
671 37.57 55.95 79.94 22.13 120.32
672 37.45 78.40 78.58 16.72 63.17
673 37.51 81.13 77.56 16.12 53.08
674 37.73 20.85 54.45 17.65 91.73
675 37.73 26.32 61.35 18.39 92.56
676 37.61 23.22 55.39 16.06 90.10
677 37.80 75.80 78.55 15.93 66.88
678 37.62 85.75 76.90 15.34 41.61
679 37.79 48.09 92.83 21.99 133.36
680 37.69 51.74 87.99 22.71 129.76
681 37.75 68.24 81.12 20.17 90.30
682 37.91 16.08 52.99 18.63 88.60
683 37.85 24.31 53.94 18.22 84.73
684 37.91 39.86 81.03 21.38 124.32
685 38.01 10.88 47.10 16.31 78.17
686 37.92 34.99 63.58 20.45 107.48
687 37.81 83.63 83.25 15.47 46.23
688 38.00 32.26 63.63 19.44 96.40
689 38.10 46.04 87.01 21.92 124.59
690 37.97 70.81 78.92 18.18 74.89
691 38.05 65.15 81.98 20.05 100.02
692 38.10 87.79 76.38 12.70 39.70
693 38.14 37.50 72.68 19.97 114.78
694 38.35 53.51 73.23 21.09 117.10
695 38.36 49.87 79.51 19.23 116.23
696 38.48 30.14 68.98 22.17 102.98
697 38.41 43.07 77.83 21.68 105.44
698 38.49 92.65 52.36 10.28 25.05
699 38.58 18.15 47.41 17.53 75.11
700 38.50 60.42 76.68 20.17 92.87
701 38.56 58.02 74.91 21.75 94.18
702 38.61 79.62 80.30 15.95 48.26
703 38.60 73.59 82.84 16.89 62.10
704 38.68 13.69 47.01 17.65 76.62
705 38.83 82.01 86.08 15.45 43.90
706 38.80 85.40 79.14 14.02 35.82
707 38.74 66.76 79.06 17.39 70.16
708 38.85 22.96 50.51 18.00 77.01
709 38.80 55.60 75.86 22.12 100.99
710 38.80 62.78 74.21 18.90 76.00
711 38.89 27.92 59.27 18.38 85.76
712 38.80 77.36 76.64 16.50 49.23
713 39.01 20.59 50.54 17.47 73.10
714 39.03 25.35 54.04 16.27 75.82
715 39.07 90.04 70.40 12.15 30.03
716 39.04 40.70 66.27 21.67 95.66
717 39.09 69.09 81.93 18.08 70.00
718 39.09 35.26 59.49 19.19 88.71
719 39.14 51.71 76.15 22.44 92.64
720 39.13 71.37 78.82 17.49 59.62
721 39.31 8.89 36.90 14.86 56.14
722 39.21 32.60 64.15 20.59 91.28
723 39.20 38.27 66.25 21.28 100.42
724 39.30 48.72 81.41 22.13 100.90
725 39.24 87.67 77.04 13.96 31.68
726 39.41 43.72 74.09 22.67 94.93
727 39.33 46.10 75.79 21.97 98.94
728 39.51 64.74 78.69 19.42 65.26
729 39.48 75.52 76.73 16.56 47.98
730 39.69 12.20 42.82 17.86 58.54
731 39.74 82.93 84.71 16.09 35.29
732 39.76 30.47 58.36 20.52 70.38
733 39.74 57.99 76.86 21.15 78.42
734 39.81 60.31 74.51 20.09 64.88
735 39.82 92.30 54.72 10.77 18.39
736 39.84 17.89 49.53 20.07 71.15
737 39.87 73.27 83.21 19.11 50.54
738 39.84 78.84 83.82 16.69 41.06
739 39.97 53.46 73.73 22.24 74.05
740 39.92 55.73 77.00 21.65 81.56
741 39.89 67.13 77.42 19.10 55.60
742 40.05 26.68 52.59 18.89 65.13
743 39.92 15.08 46.39 18.92 67.27
744 40.12 23.75 45.85 18.25 61.14
745 40.10 36.60 59.26 21.34 77.71
746 40.06 62.57 73.12 19.84 57.37
747 39.96 22.45 51.73 18.27 58.60
748 40.14 41.71 74.29 23.00 84.63
749 40.06 50.73 74.22 21.65 77.54
750 39.99 19.34 50.25 20.25 73.50
751 40.03 84.41 79.36 14.82 31.41
752 40.28 33.79 63.99 20.44 73.34
753 40.33 39.02 60.41 21.22 74.25
754 40.26 70.84 74.42 18.37 49.91
755 40.08 80.74 82.62 14.66 32.17
756 40.27 88.93 70.72 12.71 25.01
757 40.32 86.16 80.40 15.77 29.53
758 40.31 20.63 47.12 19.24 63.89
759 40.46 46.64 76.92 23.60 78.81
760 40.59 76.86 83.19 18.56 37.93
761 40.64 29.09 60.88 19.60 64.33
762 40.59 44.19 72.92 22.02 79.06
763 40.58 48.93 77.14 23.66 76.06
764 40.58 9.76 39.30 16.56 46.96
765 40.74 68.77 82.66 19.07 49.56
766 40.84 64.25 78.78 17.93 49.44
767 40.83 74.67 77.95 16.64 36.29
768 40.87 13.29 41.91 18.75 50.85
769 40.90 93.47 48.77 8.96 14.90
770 41.00 16.12 45.30 19.44 51.32
771 41.03 31.61 63.23 20.95 61.96
772 40.92 52.07 71.53 22.20 59.60
773 40.96 57.10 80.99 22.31 55.07
774 40.79 11.39 38.59 18.86 48.66
775 40.95 59.38 81.61 21.93 57.88
776 41.00 83.00 80.24 16.84 28.29
777 41.05 54.83 76.30 22.54 55.28
778 41.04 66.48 82.46 17.89 44.86
779 41.17 91.20 60.61 12.38 20.80
780 41.16 18.64 47.25 17.48 52.59
781 41.13 24.09 51.35 19.01 53.05
782 41.17 61.51 82.29 22.68 53.26
783 41.15 79.74 83.15 16.34 31.32
784 41.17 40.32 66.03 22.34 60.87
785 41.24 72.45 81.85 19.46 39.22
786 41.21 26.72 57.53 18.68 51.43
787 41.20 36.16 63.04 21.24 60.20
788 41.14 85.60 75.12 16.81 27.06
789 41.37 21.55 51.29 18.59 50.33
790 41.41 87.45 70.36 14.27 24.24
791 41.60 42.32 59.94 20.78 51.05
792 41.54 33.90 62.15 20.22 56.41
793 41.68 38.25 74.77 20.95 65.17
794 41.70 46.66 67.44 21.68 54.78
795 41.70 8.66 35.88 15.59 35.12
796 41.66 48.57 70.30 22.17 50.69
797 41.74 70.27 82.72 19.56 38.43
798 41.56 84.70 77.65 16.08 25.08
799 41.80 44.51 64.63 22.24 51.29
800 41.93 50.86 76.69 23.94 47.36
801 41.81 77.27 80.59 16.16 31.23
802 41.83 29.45 55.76 20.50 43.31
803 42.06 11.23 40.67 18.61 36.77
804 41.99 53.25 77.48 22.31 46.39
805 41.97 63.11 79.08 19.27 41.91
806 42.04 14.65 43.20 18.56 41.99
807 42.04 74.96 77.17 17.91 32.23
808 42.04 58.14 91.53 20.74 47.40
809 42.05 67.92 84.30 19.85 39.29
810 42.09 65.51 85.38 20.13 39.42
811 42.07 82.33 74.48 15.22 25.55
812 42.22 55.55 84.87 21.45 46.64
813 42.21 92.86 47.80 11.80 16.30
814 42.27 24.71 50.34 19.20 39.61
815 42.32 90.68 63.58 12.19 18.77
816 42.24 19.16 47.60 19.33 41.69
817 42.35 60.65 79.25 21.26 39.81
818 42.39 32.40 59.77 21.58 46.42
819 42.30 40.18 62.86 20.33 46.57
820 42.11 80.53 72.50 16.07 25.29
821 42.38 36.29 64.60 21.90 46.98
822 42.49 79.38 67.74 15.90 26.50
823 42.46 85.60 71.16 15.14 22.76
824 42.65 16.84 40.87 20.58 37.30
825 42.40 72.68 77.65 18.23 31.78
826 42.59 22.09 50.00 19.42 37.42
827 42.59 88.73 68.45 13.97 22.22
828 42.77 49.30 75.37 23.19 44.97
829 42.83 42.31 68.61 22.87 43.27
830 42.83 8.94 42.16 17.62 31.26
831 42.91 44.91 73.72 23.03 45.54
832 42.81 70.02 74.96 19.73 32.89
833 42.86 30.14 53.42 20.88 34.78
834 43.00 47.23 70.02 23.98 42.44
835 43.04 77.03 70.74 18.07 27.99
836 43.11 34.50 63.67 21.73 40.89
837 43.14 38.78 60.81 20.88 36.62
838 43.16 56.63 81.88 21.32 35.62
839 43.00 83.87 69.16 16.72 23.90
840 43.09 52.92 76.85 22.01 37.32
841 43.26 58.89 75.94 21.33 36.06
842 43.23 63.08 74.78 22.89 34.73
843 43.26 67.59 76.72 20.55 32.08
844 43.32 19.81 47.20 20.04 32.03
845 43.16 65.36 76.41 20.26 32.13
846 43.12 14.01 41.78 19.46 30.65
847 43.26 74.62 76.00 18.70 26.40
848 43.32 81.19 67.54 15.93 21.91
849 43.50 10.87 39.35 17.73 27.60
850 43.49 24.22 49.69 19.39 32.22
851 43.50 50.96 75.22 21.75 36.79
852 43.46 26.84 50.30 18.97 31.36
853 43.47 72.03 77.72 19.27 32.56
854 43.56 92.47 48.55 10.92 15.62
855 43.65 36.83 62.40 22.56 35.25
856 43.62 61.05 73.88 21.53 33.15
857 43.66 54.81 75.87 20.20 32.42
858 43.63 86.93 58.23 16.41 19.98
859 43.71 32.24 57.45 20.19 31.85
860 43.70 89.78 54.74 12.89 18.38
861 43.86 40.97 69.43 21.90 37.86
862 43.98 69.46 64.02 19.73 28.84
863 43.55 83.03 68.38 16.08 21.96
864 43.83 15.97 42.28 20.46 30.48
865 43.85 29.19 48.77 19.49 30.03
866 44.01 21.93 47.35 20.36 28.40
867 43.88 43.38 71.58 22.26 36.14
868 44.05 79.28 62.45 16.65 22.07
869 43.68 14.05 39.17 16.58 37.67
870 44.03 48.73 70.07 23.40 33.17
871 44.09 45.84 71.57 25.06 35.71
872 44.11 7.56 39.37 16.87 21.40
873 44.27 18.46 41.50 19.27 27.24
874 44.22 76.57 70.42 16.85 25.03
875 44.03 84.28 62.64 17.16 22.92
876 44.18 65.17 67.73 19.45 28.85
877 44.28 34.72 57.67 22.46 30.25
878 44.32 56.80 68.96 21.11 30.27
879 44.34 73.84 68.28 18.34 26.06
880 44.39 53.24 72.17 23.35 34.04
881 44.51 39.12 59.40 23.88 32.25
882 44.52 12.56 40.56 18.82 26.46
883 44.52 25.76 49.14 19.10 28.40
884 44.54 58.87 62.48 20.33 31.20
885 44.53 67.45 65.03 19.69 25.55
886 44.59 94.84 37.17 9.61 9.97
887 44.76 63.23 70.14 21.46 29.23
888 44.56 71.40 68.16 17.79 28.01
889 44.70 30.76 52.61 19.96 29.67
890 44.70 81.63 66.80 16.54 21.87
891 44.74 14.07 41.66 20.50 25.00
892 44.66 51.09 66.40 23.07 29.81
893 44.70 61.03 64.89 20.97 27.73
894 44.77 89.05 53.58 14.22 18.10
895 44.76 91.55 46.91 12.42 14.82
896 44.81 36.96 57.51 23.49 29.45
897 44.88 28.13 48.40 20.39 27.65
898 44.89 86.87 54.38 14.53 19.47
899 45.06 23.72 46.00 19.92 24.91
900 44.96 43.59 65.33 23.84 31.95
901 44.92 47.24 63.42 23.75 31.51
902 45.07 33.05 53.70 20.61 29.28
903 45.07 55.01 64.36 22.02 30.26
904 45.12 16.10 40.55 18.92 24.48
905 45.10 41.41 57.68 22.45 28.34
906 45.20 21.35 43.00 18.54 24.37
907 45.09 78.24 61.06 16.71 22.89
908 45.19 49.25 59.79 22.01 27.58
909 45.27 75.16 61.81 17.96 23.42
910 45.40 19.00 40.69 19.35 24.77
911 45.33 65.48 59.49 20.38 25.26
912 45.09 69.90 65.11 17.89 29.11
913 45.15 90.36 47.21 11.93 16.14
914 45.52 45.43 64.31 26.42 29.31
915 45.51 72.74 62.53 19.47 23.04
916 45.62 35.09 52.54 23.05 26.34
917 45.73 56.97 62.95 22.52 29.11
918 45.57 67.83 63.82 20.44 25.35
919 45.69 7.66 31.66 19.21 19.59
920 45.67 26.00 42.61 20.11 22.51
921 45.68 52.60 63.72 23.42 28.96
922 45.71 39.69 58.56 22.55 28.16
923 45.69 59.14 60.56 22.20 27.06
924 45.65 70.32 62.21 19.43 24.08
925 45.80 61.32 57.74 21.20 25.08
926 45.81 80.02 57.90 18.18 21.56
927 45.91 13.70 36.50 20.92 24.29
928 45.74 29.75 47.15 21.10 25.47
929 45.89 11.21 33.75 19.55 20.97
930 45.90 37.35 55.90 24.56 27.90
931 46.01 83.29 54.98 17.64 20.05
932 45.74 16.94 35.21 21.63 22.95
933 45.98 76.63 57.70 19.41 21.15
934 46.01 87.42 55.93 17.07 18.44
935 46.03 92.84 41.80 11.02 12.56
936 46.08 89.82 50.93 14.00 17.14
937 46.01 47.46 56.78 23.38 25.06
938 46.11 32.08 45.13 22.82 25.50
939 46.06 42.99 54.23 23.60 26.71
940 46.10 63.69 58.54 21.49 24.24
941 46.15 50.30 57.93 25.32 27.51
942 46.17 54.92 58.41 22.81 25.77
943 46.32 23.68 40.47 20.15 21.59
944 46.39 18.06 33.86 19.64 22.61
945 46.40 20.98 35.93 20.20 21.14
946 46.47 27.59 39.27 20.98 21.66
947 46.42 74.23 57.69 18.17 21.70
948 46.49 71.71 54.12 18.13 22.25
949 46.31 90.98 47.29 11.12 16.24
950 46.50 66.04 60.31 19.28 22.82
951 46.49 68.80 58.24 19.96 22.45
952 46.61 78.27 61.90 19.09 22.14
953 46.64 34.03 48.32 21.83 23.13
954 46.60 45.43 53.41 23.17 23.62
955 46.74 40.98 53.17 23.65 23.88
956 46.80 48.41 50.94 22.73 24.25
957 46.74 52.07 59.27 22.71 28.21
958 46.87 30.19 47.19 19.67 22.75
959 46.93 36.32 46.93 21.85 21.85
960 46.90 59.41 57.34 23.84 26.37
961 46.87 38.60 48.56 22.96 24.26
962 46.88 62.21 57.91 22.31 24.01
963 46.89 57.14 56.12 21.73 24.30
964 46.91 84.40 55.75 18.81 19.02
965 46.97 80.55 51.01 16.56 19.86
966 47.15 8.45 28.96 17.16 18.22
967 47.01 10.83 31.38 22.31 21.62
968 46.92 15.52 33.43 19.39 22.00
969 47.10 54.25 56.09 22.23 25.62
970 47.23 25.36 38.26 21.49 20.70
971 47.10 43.39 45.43 23.22 21.42
972 47.22 76.24 56.12 17.83 19.99
973 47.12 86.01 53.30 15.10 19.30
974 47.23 92.64 44.73 11.80 12.48
975 47.28 19.65 35.40 20.78 19.62
976 47.26 87.82 52.42 17.09 18.03
977 47.24 12.77 33.36 20.58 21.26
978 47.33 70.71 57.64 20.04 21.49
979 47.54 22.52 35.39 20.72 21.06
980 47.53 46.79 47.01 23.12 22.62
981 47.59 49.67 53.67 24.42 26.14
982 47.52 65.97 56.38 22.80 23.91
983 47.50 68.17 52.09 20.57 22.32
984 47.49 73.76 51.85 19.49 18.76
985 47.62 82.65 50.43 16.19 18.99
986 47.59 32.13 39.21 22.27 22.56
987 47.70 27.67 39.09 21.50 22.25
988 47.77 17.25 31.55 21.90 20.08
989 47.73 63.77 56.08 22.74 24.36
990 47.67 14.15 30.93 21.07 21.70
991 47.69 34.52 43.08 22.72 23.39
992 47.77 56.17 49.86 23.38 25.11
993 47.81 51.96 54.12 24.44 24.21
994 47.78 78.82 49.78 18.39 18.71
995 47.84 39.30 47.30 23.00 22.93
996 47.80 41.66 41.39 23.73 22.34
997 47.80 60.99 53.65 23.33 25.42
998 47.95 44.57 51.39 25.01 24.12
999 48.03 91.10 44.32 13.68 14.48
1000 48.05 10.16 29.96 21.35 20.41
1001 48.09 36.88 45.25 25.59 23.68
1002 48.22 58.21 48.05 21.78 24.56
1003 47.92 84.89 47.89 15.25 18.22
1004 48.21 89.25 50.31 15.50 18.79
1005 48.15 30.00 41.28 22.78 21.74
1006 48.20 72.13 58.07 20.04 21.84
1007 48.19 54.09 46.46 23.93 24.08
1008 48.34 76.23 52.70 17.75 20.30
1009 48.45 20.22 31.29 20.29 18.21
1010 48.23 93.31 41.16 13.70 12.96
1011 48.44 25.69 34.83 21.12 18.95
1012 48.44 69.75 53.43 20.89 21.69
1013 48.40 87.25 53.19 17.25 18.61
1014 48.57 14.59 30.40 21.87 21.68
1015 48.50 81.03 51.43 17.31 17.24
1016 48.37 11.91 29.04 20.46 21.58
1017 48.52 22.94 35.16 20.46 19.98
1018 48.51 48.64 47.93 25.54 23.82
1019 48.61 67.35 50.09 20.32 22.00
1020 48.55 46.47 44.50 24.05 22.86
1021 48.62 65.01 50.83 22.04 22.43
1022 48.71 13.08 29.15 20.94 19.91
1023 48.73 32.71 41.42 24.16 21.31
1024 48.49 84.89 47.62 17.72 19.69
1025 48.75 35.03 40.39 24.58 21.01
1026 48.80 40.90 45.22 24.95 22.92
1027 48.56 74.16 53.62 18.23 20.06
1028 48.86 43.41 47.00 24.22 22.95
1029 48.84 50.81 49.89 25.93 24.78
1030 48.70 60.01 48.75 21.77 23.12
1031 48.80 62.46 53.07 23.20 23.11
1032 48.88 78.43 53.73 19.06 19.77
1033 48.87 83.22 53.92 18.37 18.54
1034 48.89 38.52 48.02 25.45 22.24
1035 48.98 28.04 36.52 23.38 19.38
1036 48.99 55.98 50.18 24.66 25.74
1037 48.91 17.48 30.38 23.34 19.32
1038 49.16 53.47 49.12 24.76 23.65
1039 49.05 91.17 46.96 15.35 15.66
1040 49.15 30.49 36.58 24.17 21.14
1041 49.26 10.64 28.85 22.28 19.74
1042 49.31 71.65 52.82 22.14 20.89
1043 49.04 73.90 52.23 22.59 22.59
1044 49.30 85.90 47.12 17.83 18.34
1045 49.59 89.16 46.01 16.16 17.27
1046 49.49 24.40 35.15 20.52 18.75
1047 49.43 45.45 46.77 23.28 20.07
1048 49.65 19.26 29.73 21.84 18.76
1049 49.50 21.84 32.07 22.16 17.00
1050 49.57 36.68 40.88 24.55 19.21
1051 49.46 47.96 47.63 25.65 21.79
1052 49.51 76.49 45.27 20.20 18.97
1053 49.53 69.06 52.46 21.00 23.00
1054 49.74 63.92 48.71 23.99 22.01
1055 49.57 66.24 47.73 21.20 22.03
1056 49.61 15.34 27.63 23.00 18.08
1057 49.63 60.67 50.61 24.31 23.14
1058 49.51 91.83 44.96 13.75 15.46
1059 49.81 34.22 39.81 25.72 19.85
1060 49.92 12.87 29.20 22.88 17.98
1061 49.74 41.96 44.55 26.28 20.75
1062 49.79 94.03 39.00 13.30 11.21
1063 49.98 26.50 32.83 23.48 18.76
1064 49.93 31.78 36.11 24.54 20.28
1065 49.86 39.43 40.48 25.52 20.77
1066 49.92 49.97 44.29 25.13 21.39
1067 49.92 74.42 47.70 19.48 20.80
1068 50.07 8.74 26.78 20.11 17.59
1069 50.00 52.17 46.64 27.15 22.13
1070 49.98 78.80 52.84 19.38 20.04
1071 50.08 29.19 34.51 23.43 18.29
1072 50.16 56.74 47.91 25.80 23.56
1073 50.21 61.64 45.85 22.85 23.49
1074 50.24 43.96 44.92 26.72 22.22
1075 50.32 83.42 45.20 19.03 19.12
1076 50.05 87.50 50.93 18.35 18.12
1077 50.31 54.52 48.65 27.04 23.18
1078 50.26 72.22 47.86 21.35 19.74
1079 50.33 46.73 46.26 27.36 21.78
1080 50.21 91.43 41.40 14.05 13.42
1081 50.47 17.69 28.33 23.12 17.29
1082 50.36 85.69 48.23 18.04 16.87
1083 50.51 67.79 52.41 23.33 19.88
1084 50.29 62.80 47.50 21.62 22.00
1085 50.51 70.15 53.53 22.96 22.09
1086 50.71 20.98 28.40 24.57 18.14
1087 50.52 23.64 31.01 21.27 17.45
1088 50.69 37.64 36.32 25.00 21.35
1089 50.67 5.86 25.76 18.22 14.31
1090 50.72 15.02 28.90 25.15 18.57
1091 50.73 59.79 45.46 25.93 22.91
1092 50.63 65.53 52.59 22.10 21.00
1093 50.69 80.77 46.04 19.79 18.58
1094 50.67 41.59 42.61 27.45 19.59
1095 50.78 76.07 46.59 20.09 19.21
1096 50.86 10.71 26.30 24.24 18.26
1097 50.87 35.58 40.56 27.27 19.95
1098 50.78 89.90 47.73 17.23 15.48
1099 50.88 48.80 43.22 25.42 21.81
1100 50.99 30.81 34.53 26.69 18.23
1101 50.88 50.80 39.89 26.43 20.68
1102 50.99 27.96 32.70 24.24 18.00
1103 51.09 39.63 39.83 25.87 20.67
1104 50.86 88.46 46.94 19.82 18.52
1105 51.16 73.63 40.64 21.99 19.19
1106 51.20 93.41 39.48 14.32 12.49
1107 51.31 25.61 31.61 26.51 19.20
1108 51.20 44.78 41.50 25.19 20.81
1109 51.25 62.68 47.62 24.66 22.32
1110 51.17 78.16 43.00 21.29 18.90
1111 51.02 94.66 36.33 13.92 11.04
1112 51.28 19.03 29.58 26.35 17.69
1113 51.26 52.92 45.89 27.94 22.24
1114 51.17 57.61 47.18 26.83 23.02
1115 51.52 96.06 26.72 12.22 9.21
1116 51.42 55.43 47.09 28.31 22.89
1117 51.33 87.44 42.19 19.40 16.19
1118 51.39 46.90 39.21 26.66 19.86
1119 51.39 71.24 48.45 21.66 21.14
1120 51.46 42.68 38.44 26.76 21.64
1121 51.50 84.50 42.40 19.46 18.75
1122 51.59 23.26 29.26 25.27 17.69
1123 51.32 91.98 41.54 18.08 17.62
1124 51.59 68.61 48.50 23.19 19.33
1125 51.55 64.90 44.89 24.70 19.46
1126 51.57 13.84 23.47 24.92 15.31
1127 51.64 91.07 41.00 18.57 15.87
1128 51.72 17.61 29.00 26.10 16.98
1129 51.91 29.66 30.57 28.03 16.72
1130 51.79 36.78 35.13 29.24 20.33
1131 51.92 89.48 41.96 20.33 16.45
1132 51.68 10.61 21.06 24.94 19.17
1133 51.85 75.41 45.46 21.86 17.91
1134 51.85 80.11 39.96 20.56 18.59
1135 51.93 32.29 33.00 30.09 19.36
1136 51.94 20.82 26.68 26.80 16.63
1137 51.86 34.59 36.81 28.76 20.26
1138 51.91 50.10 41.55 30.68 21.55
1139 52.10 41.00 40.96 29.59 19.66
1140 52.14 6.67 24.22 21.71 14.69
1141 52.02 58.92 40.80 28.09 21.96
1142 52.12 66.65 44.22 24.24 19.67
1143 52.00 27.50 30.19 25.68 18.17
1144 52.11 38.80 31.97 29.08 19.74
1145 52.21 92.41 37.48 14.30 14.19
1146 52.22 45.52 36.82 33.07 20.30
1147 52.24 47.91 39.60 28.79 19.60
1148 52.24 72.77 41.65 23.53 18.35
1149 52.32 77.86 40.90 22.89 19.18
1150 52.35 56.75 42.17 30.50 22.29
1151 52.36 63.33 43.92 28.52 20.98
1152 52.55 94.36 31.54 15.52 11.56
1153 52.35 54.19 40.62 30.72 21.20
1154 52.47 12.15 26.30 28.39 18.15
1155 52.39 10.20 23.81 27.17 16.94
1156 52.16 13.93 16.40 31.40 16.80
1157 52.23 16.65 20.73 31.27 19.00
1158 52.58 43.29 35.68 34.35 20.10
1159 52.44 52.14 40.44 33.35 22.43
1160 52.49 71.08 40.66 26.06 18.81
1161 52.30 86.39 43.80 22.32 18.24
1162 52.32 18.56 22.00 28.77 19.46
1163 52.59 25.26 28.30 27.83 16.72
1164 52.60 14.75 25.07 31.34 17.42
1165 52.40 34.54 34.88 29.35 21.88
1166 52.70 69.01 43.14 29.09 19.31
1167 52.93 81.03 40.92 22.96 18.80
1168 52.79 83.83 38.77 21.42 18.50
1169 52.79 36.14 30.34 33.67 19.51
1170 52.79 61.08 41.21 29.23 23.11
1171 52.82 65.09 41.67 26.61 18.94
1172 53.05 20.42 24.09 30.41 17.88
1173 52.93 33.36 30.85 33.78 19.00
1174 52.82 17.52 26.06 28.72 16.81
1175 52.95 75.71 39.77 23.97 18.62
1176 53.05 28.11 28.04 32.56 18.62
1177 52.88 49.73 39.66 31.21 20.87
1178 53.00 91.17 35.64 18.53 14.99
1179 53.00 85.86 39.70 20.66 19.68
1180 53.00 58.63 39.14 30.20 22.63
1181 53.08 6.71 20.76 26.59 15.86
1182 53.13 39.05 34.02 35.41 20.27
1183 53.11 41.24 35.29 35.76 20.68
1184 53.05 47.21 35.33 34.63 21.59
1185 53.29 4.76 21.13 23.59 11.43
1186 53.05 9.63 19.88 27.40 16.44
1187 53.09 37.33 32.39 33.78 23.17
1188 53.23 66.99 41.03 29.52 21.39
1189 53.31 8.44 23.94 27.23 16.36
1190 53.23 88.83 40.13 23.51 18.17
1191 53.25 11.46 25.02 28.54 17.50
1192 53.38 73.37 40.70 27.22 21.04
1193 53.35 56.14 41.11 33.78 21.70
1194 53.44 51.61 40.15 37.23 21.06
1195 53.50 78.03 37.78 25.79 18.82
1196 53.48 63.29 38.63 31.44 22.24
1197 53.35 15.35 17.88 32.16 18.97
1198 53.56 71.20 42.82 28.04 21.09
1199 53.68 93.63 34.12 17.65 11.41
1200 53.56 17.04 23.24 32.26 15.98
1201 53.58 31.63 28.40 39.10 19.90
1202 53.77 68.56 40.36 30.96 20.49
1203 53.83 42.49 31.80 40.94 21.34
1204 53.88 46.94 33.27 41.30 20.34
1205 53.77 60.23 41.10 34.17 22.62
1206 53.87 49.46 37.29 39.81 21.18
1207 53.59 10.52 21.67 31.00 18.83
1208 53.98 18.10 21.30 35.56 17.54
1209 54.02 58.14 41.35 37.45 22.50
1210 53.95 37.43 29.61 40.51 18.74
1211 53.98 65.47 39.48 32.64 21.15
1212 53.92 75.33 37.76 29.06 21.08
1213 53.96 7.56 19.68 30.10 16.30
1214 54.00 27.51 29.15 39.41 17.02
1215 54.19 83.42 38.65 27.68 18.31
1216 54.23 91.62 35.36 22.15 14.07
1217 54.21 9.45 20.47 33.60 19.30
1218 54.24 20.68 25.45 35.86 16.21
1219 53.99 22.75 23.86 33.72 16.72
1220 54.17 44.63 35.71 41.72 18.69
1221 54.03 14.42 19.95 33.22 17.65
1222 54.20 54.55 34.51 36.98 21.80
1223 54.04 84.63 36.54 29.00 18.00
1224 54.30 62.06 39.76 36.76 22.39
1225 54.25 11.47 17.41 33.15 18.41
1226 54.24 90.09 40.62 24.88 14.31
1227 54.40 4.62 18.05 25.97 11.29
1228 54.32 12.63 24.93 31.83 17.14
1229 54.42 52.52 37.40 43.57 22.60
1230 54.63 16.01 20.46 36.06 17.32
1231 54.55 73.72 40.63 31.13 21.67
1232 54.66 88.75 37.91 25.56 17.46
1233 54.52 70.74 41.33 36.10 21.35
1234 54.71 35.54 30.92 44.68 18.83
1235 54.77 79.08 39.03 27.82 17.85
1236 54.61 77.25 41.50 28.94 19.71
1237 54.68 68.25 45.00 36.91 21.47
1238 54.83 10.23 20.76 34.47 17.47
1239 54.80 26.30 24.63 41.44 17.31
1240 54.77 41.65 34.55 49.67 19.64
1241 54.77 48.57 36.42 48.16 22.55
1242 54.77 59.96 36.23 40.48 21.40
1243 54.52 82.28 36.80 28.50 19.10
1244 54.80 18.55 24.56 38.12 16.54
1245 54.81 63.99 36.71 38.83 20.42
1246 54.77 13.33 21.42 35.92 17.46
1247 54.87 32.69 30.32 46.62 18.10
1248 54.58 72.54 45.00 28.67 20.33
1249 54.97 50.69 37.89 47.68 20.16
1250 54.88 66.32 39.52 39.52 18.67
1251 54.99 46.10 36.29 51.19 20.78
1252 54.97 6.02 18.15 30.70 13.55
1253 55.02 37.79 33.61 48.92 19.44
1254 55.06 75.57 39.24 36.00 19.35
1255 55.10 81.35 36.83 27.33 17.94
1256 55.10 57.84 36.47 43.92 22.53
1257 55.06 30.11 27.46 46.62 17.02
1258 55.19 43.80 34.27 54.24 21.72
1259 55.23 21.73 23.23 41.14 16.46
1260 55.28 54.41 35.93 48.11 20.81
1261 55.38 39.78 32.51 51.47 20.35
1262 55.32 72.09 38.94 41.21 19.71
1263 55.29 13.93 20.88 37.47 16.95
1264 55.41 84.00 39.32 31.95 17.39
1265 55.33 61.60 42.24 41.21 21.52
1266 55.49 92.20 38.89 29.34 14.67
1267 55.27 94.22 28.67 23.12 11.23
1268 55.52 28.21 25.52 49.62 17.90
1269 55.49 4.96 17.82 32.76 12.27
1270 55.62 11.67 21.38 38.73 16.84
1271 55.45 52.37 33.98 43.85 20.44
1272 55.59 69.88 42.59 40.82 21.34
1273 55.61 87.19 36.78 27.84 17.63
1274 55.47 96.21 23.65 20.05 7.83
1275 55.67 34.41 30.63 51.76 18.96
1276 55.49 19.22 22.42 41.03 17.00
1277 55.64 24.72 25.27 47.58 17.72
1278 55.72 90.33 41.61 28.71 15.76
1279 55.72 73.68 40.83 34.92 19.98
1280 55.77 47.77 33.67 55.48 22.08
1281 55.76 65.29 38.74 42.61 21.51
1282 55.78 67.56 43.34 41.12 19.92
1283 55.72 77.92 39.48 37.51 19.85
1284 55.77 31.92 29.43 53.58 18.84
1285 55.87 42.02 32.82 58.10 20.74
1286 55.90 56.50 38.08 51.10 21.79
1287 55.97 49.99 38.54 55.40 21.12
1288 55.99 59.08 38.58 49.63 22.08
1289 55.97 80.38 39.35 34.72 18.58
1290 55.85 82.60 36.88 32.58 17.46
1291 55.99 19.44 20.17 45.92 16.72
1292 56.04 45.79 34.71 59.07 19.77
1293 56.19 63.30 39.50 48.06 22.09
1294 56.19 75.49 41.53 39.05 18.65
1295 56.19 61.18 37.83 49.10 21.25
1296 56.35 38.30 30.34 58.83 20.30
1297 56.25 21.40 21.73 46.47 17.95
1298 56.46 6.39 18.46 36.71 14.44
1299 56.51 43.92 33.73 63.23 20.79
1300 56.48 26.74 27.22 53.69 17.98
1301 56.52 85.45 38.12 37.59 17.95
1302 56.53 14.92 20.31 42.17 16.43
1303 56.44 54.57 43.97 62.79 22.14
1304 56.51 95.53 25.03 25.32 9.00
1305 56.53 72.12 44.90 46.20 20.81
1306 56.62 23.74 25.11 52.61 17.19
1307 56.61 40.44 35.04 61.97 18.79
1308 56.52 87.36 38.00 34.09 17.36
1309 56.66 52.30 41.59 62.43 22.09
1310 56.65 92.28 37.56 28.22 14.07
1311 56.65 17.36 19.89 49.98 18.95
1312 56.64 34.04 30.82 62.78 19.57
1313 56.77 81.69 39.22 37.06 18.62
1314 56.70 31.80 29.37 54.91 17.68
1315 56.60 69.98 42.10 47.35 23.67
1316 56.79 48.08 38.45 68.68 23.55
1317 56.76 65.62 42.29 51.60 22.22
1318 56.81 67.94 42.47 50.33 21.77
1319 56.83 77.26 39.51 41.67 18.73
1320 57.02 12.21 22.64 48.22 17.89
1321 56.83 57.65 43.44 54.40 23.64
1322 56.80 4.91 20.67 35.52 13.50
1323 56.96 36.16 31.03 64.48 20.18
1324 56.67 88.37 39.43 36.57 18.00
1325 56.97 89.82 40.50 33.72 16.99
1326 57.09 19.57 24.15 52.39 17.90
1327 57.13 45.70 34.28 67.42 21.89
1328 57.08 59.89 45.41 58.62 22.63
1329 57.05 79.38 40.75 40.53 19.50
1330 57.08 50.37 41.54 69.44 22.56
1331 57.10 73.98 41.56 46.55 20.00
1332 57.19 42.32 35.03 64.58 20.05
1333 57.19 62.47 45.13 57.86 22.75
1334 57.36 21.94 24.26 56.34 17.52
1335 57.04 16.21 20.78 50.67 18.89
1336 57.03 87.75 40.44 30.56 17.67
1337 56.98 93.18 39.20 25.00 11.80
1338 57.39 56.06 42.84 63.48 21.46
1339 57.25 17.91 20.84 50.84 17.21
1340 57.47 25.05 23.56 59.38 18.64
1341 57.55 27.70 29.05 62.60 17.65
1342 57.51 29.91 29.55 67.26 18.73
1343 57.51 39.41 31.72 68.52 20.09
1344 57.58 75.83 46.53 46.89 20.84
1345 57.58 3.50 17.46 37.96 10.58
1346 57.56 54.01 41.17 71.19 22.87
1347 57.59 69.47 42.66 53.24 21.03
1348 57.80 94.86 28.36 32.55 8.97
1349 57.67 7.48 20.43 42.97 16.07
1350 57.64 33.48 31.42 68.68 19.01
1351 57.60 64.64 41.29 60.59 21.40
1352 57.63 85.18 39.56 43.88 17.14
1353 57.61 71.89 42.57 50.92 19.80
1354 57.66 37.44 33.55 71.57 17.62
1355 57.76 14.21 21.94 53.31 17.94
1356 57.84 66.95 41.51 55.67 21.92
1357 57.59 91.40 35.38 31.50 14.50
1358 57.81 92.72 33.62 31.91 13.46
1359 57.74 47.64 38.68 75.22 20.82
1360 57.96 16.64 23.23 55.58 17.91
1361 57.84 51.98 38.57 73.97 19.95
1362 57.93 78.14 47.96 49.37 20.63
1363 57.83 81.74 44.67 42.90 19.71
1364 57.90 83.73 35.55 44.14 18.23
1365 57.77 88.92 38.82 38.55 16.37
1366 58.00 43.77 33.34 74.99 19.91
1367 58.02 49.69 39.22 81.23 23.10
1368 58.08 57.66 45.37 71.69 23.31
1369 58.07 35.60 30.82 75.32 20.85
1370 58.11 41.41 34.30 75.33 21.40
1371 58.14 19.74 23.49 58.86 17.30
1372 58.17 31.42 32.50 70.26 19.81
1373 58.09 59.85 42.53 71.82 21.95
1374 58.46 80.30 41.69 51.20 17.52
1375 57.97 82.89 40.25 45.25 20.88
1376 58.28 62.10 43.89 67.44 21.80
1377 58.20 73.85 44.31 51.76 21.58
1378 58.24 5.51 18.66 41.59 13.25
1379 58.36 22.86 24.18 61.00 18.08
1380 58.38 45.96 34.74 78.75 21.74
1381 58.51 55.13 40.58 77.62 21.18
1382 58.43 71.12 40.30 62.20 21.93
1383 58.45 38.76 32.97 76.73 20.20
1384 58.60 26.28 25.76 68.30 18.74
1385 58.37 90.32 38.82 38.37 16.86
1386 58.47 64.47 46.97 68.08 22.86
1387 58.69 96.41 24.29 32.06 7.65
1388 58.80 11.63 22.94 53.53 17.08
1389 58.72 28.91 30.04 77.03 20.57
1390 58.71 53.18 38.73 78.69 23.01
1391 58.67 69.01 40.25 67.28 20.03
1392 58.58 84.75 38.52 44.56 16.88
1393 58.99 8.70 18.54 50.62 17.54
1394 58.95 82.69 45.56 50.34 18.77
1395 58.95 34.16 29.84 77.90 20.78
1396 58.87 48.20 36.23 80.93 24.49
1397 58.90 51.03 38.47 84.00 23.44
1398 58.88 66.88 39.71 71.70 26.00
1399 58.83 85.97 42.43 44.83 18.36
1400 58.94 93.56 31.95 39.35 11.99
1401 58.96 17.52 22.48 61.47 18.10
1402 58.98 14.70 21.03 58.61 18.49
1403 59.16 36.17 29.58 81.19 20.43
1404 58.94 91.23 34.85 40.60 15.79
1405 59.01 42.14 34.94 80.92 21.22
1406 59.14 58.97 41.19 75.77 22.96
1407 59.14 75.13 44.18 62.75 19.10
1408 59.18 5.98 18.28 51.29 14.84
1409 59.13 20.70 25.05 64.22 18.57
1410 59.15 32.07 30.51 78.95 20.21
1411 59.17 44.10 34.60 78.90 22.46
1412 59.11 56.76 41.03 76.95 22.33
1413 59.06 89.15 41.76 45.47 18.50
1414 59.19 72.73 43.18 65.52 20.91
1415 59.31 23.97 27.58 69.94 18.78
1416 59.33 40.18 32.28 82.45 21.82
1417 59.50 78.16 42.93 54.53 21.22
1418 59.21 87.49 42.88 43.56 17.56
1419 59.48 38.00 29.53 83.56 20.71
1420 59.51 46.35 37.32 86.61 22.50
1421 59.51 61.18 41.48 79.23 22.64
1422 59.33 63.26 40.61 77.30 23.05
1423 59.49 70.67 42.80 77.87 23.42
1424 59.45 65.39 43.25 77.17 22.02
1425 59.49 80.64 46.84 54.41 19.63
1426 59.59 30.33 30.85 75.13 18.26
1427 59.68 49.76 34.41 88.89 22.46
1428 59.83 1.64 12.13 43.50 8.66
1429 59.57 3.44 13.82 46.62 10.62
1430 59.67 26.65 25.67 77.43 18.57
1431 59.77 85.05 45.51 57.48 19.75
1432 59.77 54.92 39.42 90.60 24.97
1433 59.75 68.37 43.91 81.65 22.96
1434 59.78 52.58 39.38 92.74 24.46
1435 59.78 95.95 22.73 36.66 9.32
1436 60.10 15.15 20.09 62.50 19.02
1437 59.92 18.04 21.11 63.33 17.83
1438 59.82 92.30 34.73 41.99 14.27
1439 59.98 12.04 21.76 61.47 19.29
1440 60.17 28.62 29.55 74.84 19.69
1441 60.17 41.79 30.31 86.15 22.53
1442 60.11 57.44 40.30 88.36 25.16
1443 60.12 32.97 29.97 82.58 20.17
1444 60.07 87.57 36.55 51.83 18.79
1445 60.05 90.28 38.85 49.00 17.50
1446 60.32 22.30 23.69 73.32 17.68
1447 60.20 73.92 44.82 74.12 22.52
1448 60.26 44.04 36.46 94.03 24.09
1449 60.23 63.65 43.49 79.38 22.64
1450 60.40 34.99 29.19 89.93 22.51
1451 60.31 59.67 42.62 80.44 24.62
1452 60.24 66.26 41.75 78.69 23.18
1453 60.53 9.24 19.52 55.83 17.28
1454 60.43 24.75 25.32 77.17 19.14
1455 60.44 48.33 40.30 95.97 24.93
1456 60.63 19.72 22.98 69.83 17.82
1457 60.49 39.43 29.51 85.20 23.32
1458 60.34 70.22 43.49 74.53 22.40
1459 60.73 94.89 25.90 42.39 9.90
1460 60.58 37.21 29.88 90.82 22.74
1461 60.63 30.70 28.97 84.80 20.76
1462 60.53 46.28 38.36 91.38 23.84
1463 60.69 78.27 46.30 68.96 23.10
1464 60.58 80.63 45.34 59.08 20.94
1465 60.73 61.65 44.15 86.69 23.93
1466 60.88 71.98 48.06 80.15 24.00
1467 60.67 96.92 19.26 35.54 7.35
1468 60.78 50.37 38.80 90.19 22.64
1469 60.82 54.51 40.68 88.59 25.20
1470 60.94 92.31 35.49 48.10 13.43
1471 60.73 1.42 10.65 42.50 7.46
1472 60.76 52.24 40.85 89.62 23.67
1473 60.94 85.48 35.50 61.35 19.13
1474 60.69 17.14 22.53 70.87 16.47
1475 61.03 26.85 25.51 79.07 19.88
1476 60.86 56.47 39.03 92.03 23.22
1477 60.72 66.80 39.14 79.79 22.79
1478 60.88 68.46 39.44 80.38 23.43
1479 61.02 3.49 16.91 55.10 11.33
1480 61.10 89.54 36.85 53.36 17.89
1481 61.08 84.00 41.93 64.55 20.91
1482 61.18 6.42 17.50 56.54 14.41
1483 61.12 64.74 40.75 83.87 23.48
1484 60.96 76.65 45.44 65.40 21.92
1485 61.14 87.44 41.41 61.21 18.57
1486 61.13 32.67 27.36 93.69 23.10
1487 61.20 58.81 41.67 88.01 24.37
1488 61.26 74.54 42.71 72.83 21.01
1489 61.24 42.79 33.51 91.11 26.47
1490 61.34 45.23 34.37 94.21 25.84
1491 61.23 16.86 22.57 71.75 17.23
1492 61.38 40.43 28.14 83.45 23.70
1493 61.51 21.55 21.78 72.95 19.92
1494 61.52 23.73 24.59 78.74 19.13
1495 61.42 14.55 21.20 70.20 19.53
1496 61.32 81.78 40.87 60.42 19.47
1497 61.60 28.83 28.08 82.56 21.29
1498 61.49 36.47 28.38 85.77 23.29
1499 61.50 47.90 37.70 94.86 25.60
1500 61.45 1.52 11.29 42.67 7.62
1501 61.56 9.72 23.26 67.24 18.45
1502 61.71 34.37 26.21 85.10 22.72
1503 61.74 53.07 38.96 94.68 27.13
1504 61.67 63.06 39.81 81.65 26.09
1505 61.72 66.59 43.43 89.55 25.56
1506 61.38 76.17 44.25 67.88 20.50
1507 61.72 11.14 21.16 68.80 20.31
1508 61.89 57.08 42.45 92.65 28.73
1509 61.87 61.00 41.22 90.03 27.04
1510 61.70 79.82 40.89 64.85 20.54
1511 61.86 18.99 24.43 72.57 18.66
1512 62.04 7.99 20.22 65.09 15.98
1513 61.83 30.96 27.98 86.55 22.62
1514 62.00 38.51 30.25 90.37 26.11
1515 61.71 50.42 39.97 90.45 26.72
1516 61.86 68.92 43.81 82.73 23.14
1517 61.91 71.04 43.26 74.89 23.95
1518 61.94 77.53 43.92 71.87 23.19
1519 61.94 25.80 24.38 76.41 21.91
1520 62.14 94.03 33.15 50.79 12.67
1521 62.16 55.19 40.04 95.20 26.99
1522 62.12 73.24 41.14 76.32 22.82
1523 62.08 91.71 36.80 56.64 14.85
1524 62.01 95.70 22.18 41.66 8.07
1525 62.19 42.02 30.61 92.04 25.90
1526 62.20 83.85 40.02 66.36 20.03
1527 62.30 16.26 23.39 69.91 19.62
1528 62.18 86.45 33.78 61.96 20.78
1529 62.28 44.38 30.98 86.30 25.33
1530 62.32 46.78 36.83 93.65 28.88
1531 62.34 13.86 20.94 69.04 18.37
1532 62.33 59.20 44.08 88.83 28.86
1533 62.45 64.57 41.38 80.72 25.94
1534 62.83 74.80 43.36 76.21 23.75
1535 62.56 51.28 42.27 86.11 28.15
1536 62.48 12.44 24.31 69.76 20.00
1537 62.62 32.20 25.93 86.52 25.41
1538 62.56 36.43 30.33 85.92 25.79
1539 62.66 49.00 39.17 93.74 30.99
1540 62.63 21.24 21.93 74.58 21.33
1541 62.89 10.70 20.66 66.45 20.96
1542 62.65 24.28 25.17 77.24 22.66
1543 62.67 27.62 25.62 82.27 22.06
1544 62.63 80.91 37.35 69.19 21.73
1545 62.92 29.82 25.65 86.27 25.23
1546 62.91 34.22 28.24 85.57 27.72
1547 62.87 62.39 41.42 85.68 29.71
1548 62.86 40.37 27.88 86.20 27.99
1549 62.86 53.53 45.85 97.02 28.24
1550 62.86 66.78 45.81 83.51 28.40
1551 62.80 76.27 42.37 81.17 23.85
1552 62.89 69.00 46.81 87.03 25.73
1553 62.66 85.96 30.67 62.33 20.83
1554 63.00 71.33 45.50 73.80 24.81
1555 63.04 78.57 42.57 75.06 23.43
1556 63.14 18.21 22.32 73.53 21.94
1557 63.08 56.74 42.80 92.15 31.57
1558 63.14 7.82 19.24 65.33 19.62
1559 62.87 73.27 42.58 72.42 23.92
1560 63.23 43.23 31.97 90.92 31.71
1561 63.19 45.72 29.82 86.52 31.27
1562 63.25 91.15 37.64 61.05 17.83
1563 63.24 93.26 32.98 54.95 12.69
1564 63.09 9.20 20.40 68.13 21.87
1565 63.22 59.15 40.00 86.52 29.56
1566 63.40 38.37 28.48 86.08 31.49
1567 63.33 82.51 41.04 71.10 21.86
1568 63.43 85.24 39.74 69.22 21.52
1569 63.45 95.31 24.70 45.41 9.68
1570 63.54 26.27 24.50 80.35 26.45
1571 63.55 16.20 22.41 70.79 22.34
1572 63.62 6.26 14.98 58.17 16.80
1573 63.56 13.22 24.10 72.44 22.25
1574 63.56 22.70 21.56 76.43 23.92
1575 63.50 64.69 39.35 77.72 27.48
1576 63.32 14.45 19.07 73.07 22.07
1577 63.48 35.91 26.44 78.13 28.96
1578 63.65 51.87 41.39 88.00 33.59
1579 63.67 61.26 46.12 81.72 30.93
1580 63.63 49.47 36.59 87.37 33.76
1581 63.71 31.92 24.86 79.99 29.96
1582 63.72 76.94 43.19 75.61 21.74
1583 63.84 47.13 33.27 88.48 34.26
1584 63.84 19.65 21.57 69.72 22.99
1585 63.81 54.51 41.11 91.63 31.71
1586 63.91 41.57 29.25 88.96 34.53
1587 63.91 72.77 41.82 77.87 25.12
1588 64.04 28.87 22.78 78.92 28.38
1589 63.91 69.69 47.81 84.99 30.22
1590 63.93 67.25 42.22 79.62 31.73
1591 64.06 9.65 19.91 68.24 22.23
1592 64.12 75.00 43.12 75.20 25.85
1593 63.98 80.81 38.68 73.30 22.42
1594 64.08 56.59 38.17 84.52 34.98
1595 64.21 78.91 43.96 77.92 23.04
1596 64.18 44.55 31.51 85.71 36.70
1597 64.15 58.80 42.13 86.92 37.29
1598 64.38 63.08 49.24 85.71 35.77
1599 64.42 24.68 24.21 74.87 29.68
1600 64.36 34.28 24.39 75.33 31.54
1601 64.38 37.08 26.76 81.10 36.03
1602 64.37 39.61 28.05 87.57 35.92
1603 64.47 93.94 26.36 55.43 11.24
1604 64.52 11.95 21.35 67.14 23.59
1605 64.41 86.87 36.96 64.36 21.77
1606 64.24 89.41 36.10 67.39 18.32
1607 64.48 91.68 33.26 64.43 15.55
1608 64.37 82.57 38.86 72.71 22.51
1609 64.71 14.96 24.33 70.95 25.37
1610 64.59 50.54 35.67 79.47 39.89
1611 64.61 65.10 44.32 72.60 32.00
1612 64.48 21.92 21.36 68.91 28.17
1613 64.64 84.34 41.41 69.19 23.56
1614 64.88 17.16 20.73 66.40 24.68
1615 64.73 48.33 33.66 83.85 40.22
1616 64.66 30.90 24.31 75.01 31.32
1617 64.65 53.04 40.84 84.79 39.53
1618 64.78 60.84 39.21 83.13 36.76
1619 64.60 5.78 16.03 60.21 18.69
1620 64.56 8.14 17.79 60.96 20.00
1621 64.52 85.56 39.11 67.78 21.56
1622 64.61 13.69 21.38 72.77 29.08
1623 64.60 4.07 15.04 57.17 14.75
1624 64.91 27.28 22.74 74.82 29.75
1625 64.88 42.59 29.40 82.62 36.44
1626 64.86 77.16 44.43 78.02 27.00
1627 64.84 55.38 38.53 85.50 39.26
1628 65.02 19.43 21.18 68.68 28.38
1629 65.00 45.97 33.79 87.86 41.58
1630 65.01 58.01 38.95 82.82 44.18
1631 65.06 67.21 38.33 73.49 33.14
1632 65.00 69.42 40.31 75.17 33.00
1633 65.11 7.29 16.79 63.56 20.15
1634 65.03 73.94 49.67 84.54 31.83
1635 65.27 33.07 24.72 72.40 36.71
1636 65.12 89.07 36.19 64.43 18.66
1637 65.12 79.95 43.05 73.92 26.19
1638 65.10 21.85 21.40 66.58 25.95
1639 65.20 4.38 14.69 57.74 16.74
1640 65.36 40.34 27.21 79.49 41.21
1641 65.30 37.66 24.42 72.15 38.47
1642 65.38 82.35 41.31 74.31 25.31
1643 65.50 9.29 17.92 61.07 24.20
1644 65.53 23.89 23.59 74.66 34.58
1645 65.59 62.56 40.65 77.38 41.71
1646 65.45 29.80 25.41 77.51 33.41
1647 65.63 35.48 26.20 74.36 41.48
1648 65.55 51.68 28.01 70.47 38.96
1649 65.71 12.75 18.27 61.17 28.05
1650 65.64 44.29 31.82 81.72 46.87
1651 65.62 71.43 45.22 79.40 34.81
1652 65.77 75.82 43.71 76.21 31.77
1653 65.61 85.05 35.79 65.02 22.42
1654 65.72 86.37 35.23 63.47 23.77
1655 65.64 92.38 31.83 57.69 14.10
1656 65.73 31.32 21.14 71.81 37.90
1657 65.58 94.92 23.10 51.24 9.67
1658 65.67 64.78 39.89 75.24 44.30
1659 65.49 81.09 42.67 77.60 26.33
1660 65.73 53.81 36.38 80.10 44.87
1661 65.77 56.53 33.14 73.50 39.11
1662 65.79 59.90 40.11 82.86 47.58
1663 65.77 49.28 31.22 76.66 44.60
1664 65.97 15.04 19.62 63.97 30.70
1665 66.00 78.42 41.43 73.18 29.21
1666 65.93 26.57 22.78 75.11 36.43
1667 66.06 46.92 31.26 78.72 47.21
1668 66.12 19.89 19.63 64.42 30.78
1669 66.05 42.15 27.34 74.18 44.16
1670 66.06 73.64 46.06 75.12 33.13
1671 66.00 69.13 42.12 75.59 40.12
1672 66.18 90.37 33.54 62.54 19.97
1673 66.26 7.14 15.14 54.67 23.02
1674 66.13 38.86 27.62 75.89 47.11
1675 66.17 66.75 39.59 73.55 40.86
1676 66.37 22.08 21.72 65.69 36.64
1677 66.24 83.90 41.24 67.35 29.22
1678 66.24 88.31 41.67 66.39 21.81
1679 66.37 29.76 24.61 71.00 40.13
1680 66.32 80.72 41.39 74.02 30.12
1681 66.40 82.39 39.75 71.39 26.41
1682 66.59 55.11 34.03 71.92 50.29
1683 66.64 34.36 25.53 65.54 45.85
1684 66.54 57.53 33.04 73.59 52.88
1685 66.58 51.45 32.75 73.45 50.41
1686 66.45 63.27 37.54 73.42 46.92
1687 66.57 11.11 16.67 58.73 28.53
1688 66.70 94.00 25.68 56.16 12.21
1689 66.61 17.48 18.97 62.65 32.56
1690 66.83 24.39 20.35 67.46 43.87
1691 66.75 71.09 44.80 76.50 40.04
1692 66.86 32.06 23.38 66.65 45.81
1693 66.75 44.75 29.09 73.42 51.32
1694 66.63 28.20 22.93 73.71 45.82
1695 66.79 37.09 24.07 66.54 49.33
1696 66.90 49.17 30.84 71.76 52.86
1697 66.92 9.63 18.16 58.12 29.27
1698 66.78 59.65 36.55 76.16 53.69
1699 66.81 85.63 40.27 67.00 25.34
1700 66.94 75.13 41.31 67.93 33.58
1701 67.01 39.90 24.01 71.87 55.04
1702 67.17 68.02 35.76 69.23 42.67
1703 67.01 77.54 37.02 69.51 30.94
1704 67.13 13.21 18.06 59.42 36.58
1705 67.02 65.41 34.79 68.23 47.10
1706 67.00 42.06 26.19 70.11 54.37
1707 67.08 61.90 31.82 66.13 49.23
1708 67.43 89.70 31.53 57.35 19.94
1709 67.21 72.86 42.39 67.35 36.86
1710 67.07 80.02 41.12 70.07 31.84
1711 67.26 53.24 30.89 70.63 59.89
1712 67.32 26.42 18.75 62.15 47.78
1713 67.03 89.63 33.83 62.33 20.04
1714 67.24 47.03 29.50 65.73 55.23
1715 67.21 19.14 20.62 62.66 38.46
1716 67.12 87.49 36.53 63.09 22.81
1717 67.35 15.66 19.54 66.92 45.42
1718 67.31 28.65 21.02 64.62 45.04
1719 67.59 58.08 35.49 69.31 60.75
1720 67.49 7.52 14.18 50.90 24.76
1721 67.47 22.03 19.71 56.21 43.60
1722 67.66 55.76 32.75 69.22 64.40
1723 67.52 83.81 42.83 69.91 32.67
1724 67.72 35.90 23.30 61.94 53.96
1725 67.65 70.10 39.38 65.18 43.52
1726 67.80 43.52 27.19 65.77 62.74
1727 67.76 51.10 31.87 67.10 67.06
1728 67.78 63.44 31.47 64.31 54.51
1729 67.57 11.65 16.08 61.08 31.33
1730 67.94 30.35 22.31 61.98 52.20
1731 67.95 33.05 23.49 61.35 55.50
1732 67.85 60.44 35.47 68.19 62.14
1733 67.95 38.25 23.80 65.39 63.46
1734 67.92 76.42 36.01 59.00 34.41
1735 67.73 19.87 19.35 58.92 38.86
1736 68.03 85.78 43.39 67.88 29.10
1737 67.99 93.99 22.33 53.19 11.62
1738 68.11 10.95 17.28 51.49 34.91
1739 68.02 17.86 16.80 54.56 41.04
1740 68.05 73.85 38.69 64.51 42.08
1741 68.09 40.67 25.11 63.20 64.82
1742 68.16 78.41 37.22 61.86 35.08
1743 67.91 22.38 17.11 54.67 37.11
1744 68.16 45.98 26.03 59.80 64.95
1745 68.15 48.97 30.12 64.34 64.26
1746 68.54 81.10 39.90 61.70 38.29
1747 68.38 24.25 17.89 55.44 52.25
1748 68.30 65.46 32.95 63.28 56.01
1749 68.45 13.97 17.77 53.13 44.39
1750 68.44 27.14 20.09 59.57 55.59
1751 68.39 53.97 32.39 65.05 71.71
1752 68.62 5.43 12.98 47.04 25.78
1753 68.30 90.56 29.92 57.44 21.10
1754 68.67 8.35 15.62 48.34 33.95
1755 68.46 88.59 33.92 59.06 24.36
1756 68.35 16.07 17.96 50.78 41.78
1757 68.60 56.85 34.68 64.32 73.91
1758 68.79 72.15 41.62 67.01 49.33
1759 68.45 91.87 25.79 52.08 18.29
1760 68.70 20.60 18.91 52.53 51.33
1761 68.63 69.97 40.23 59.81 47.38
1762 68.82 34.77 22.14 59.39 64.04
1763 68.80 62.04 34.21 62.54 67.64
1764 68.84 75.83 39.32 66.76 47.47
1765 68.92 44.26 26.95 61.46 71.25
1766 68.85 51.93 30.01 56.43 72.56
1767 68.92 59.31 37.42 62.09 71.42
1768 68.97 68.07 34.74 60.14 53.54
1769 69.13 37.08 23.28 56.97 68.94
1770 69.03 41.98 25.96 59.27 74.31
1771 68.99 47.28 25.11 52.57 65.30
1772 68.97 29.43 21.06 55.78 59.41
1773 69.19 17.94 16.52 45.73 41.44
1774 69.42 93.20 23.31 50.92 14.74
1775 69.24 32.30 22.65 53.72 65.32
1776 69.32 12.11 17.65 47.50 40.92
1777 69.26 39.48 24.75 56.25 74.96
1778 69.21 49.81 27.05 55.36 75.60
1779 68.90 86.99 37.15 61.41 29.96
1780 69.33 63.95 32.81 58.66 69.44
1781 69.08 84.99 37.02 59.96 33.72
1782 69.15 91.05 28.84 56.49 20.86
1783 69.37 55.34 32.75 53.64 71.69
1784 69.50 66.14 32.20 54.30 57.64
1785 69.28 73.98 36.35 63.12 50.25
1786 69.52 78.49 34.57 53.20 43.60
1787 69.14 82.61 36.39 57.94 38.44
1788 69.59 15.27 17.21 47.38 47.72
1789 69.57 70.35 36.75 52.22 52.48
1790 69.73 24.19 16.78 44.13 58.21
1791 69.51 87.17 37.16 58.16 33.84
1792 69.69 27.11 19.50 49.35 63.74
1793 69.73 53.61 29.85 52.35 77.89
1794 69.82 21.86 17.11 47.96 58.62
1795 69.91 9.76 16.55 46.82 43.33
1796 69.78 57.26 33.41 55.33 81.79
1797 69.68 83.02 36.25 57.06 38.90
1798 69.86 45.64 24.71 50.86 79.98
1799 69.78 61.09 32.85 54.00 76.05
1800 70.00 76.37 35.57 54.64 48.12
1801 69.80 74.51 32.12 52.52 52.00
1802 70.04 35.08 22.97 52.01 73.65
1803 70.04 51.58 29.13 53.55 79.24
1804 69.87 85.35 34.92 57.59 37.38
1805 70.09 48.22 25.88 50.49 78.24
1806 70.26 43.27 24.65 50.15 86.48
1807 70.19 68.28 33.92 54.05 69.63
1808 70.24 72.32 35.55 53.44 63.57
1809 70.11 81.48 33.46 58.07 47.61
1810 70.22 41.08 22.36 45.57 76.89
1811 70.23 59.08 30.11 49.16 78.08
1812 70.11 29.97 19.75 45.71 64.35
1813 70.53 19.40 16.86 42.08 56.34
1814 70.41 38.60 21.35 48.56 76.68
1815 70.35 63.32 30.10 53.72 77.14
1816 70.51 89.23 34.40 54.99 29.78
1817 70.53 32.39 21.31 43.89 72.92
1818 70.71 13.15 16.09 41.19 47.27
1819 70.33 84.47 37.60 56.37 40.14
1820 70.50 91.69 28.09 55.42 24.35
1821 70.66 16.84 16.47 42.71 52.27
1822 70.62 79.91 36.15 53.89 49.38
1823 70.59 66.01 28.74 50.11 63.66
1824 70.73 56.08 29.91 47.08 85.87
1825 70.67 86.65 36.54 54.75 46.10
1826 70.93 70.53 33.47 46.53 67.69
1827 70.46 15.63 17.33 37.33 58.67
1828 70.82 24.65 16.01 41.48 65.04
1829 70.84 74.39 32.07 48.35 55.17
1830 70.82 78.22 35.41 50.20 50.04
1831 70.91 27.26 16.85 43.32 67.07
1832 70.86 50.41 27.61 48.03 78.97
1833 70.86 53.95 28.46 49.35 91.19
1834 70.91 60.93 31.96 49.87 82.34
1835 71.03 36.58 21.24 45.50 80.07
1836 71.17 7.44 13.26 35.95 40.33
1837 70.91 45.52 22.62 42.91 75.51
1838 71.18 83.11 39.46 51.82 54.29
1839 71.09 10.18 14.14 39.15 46.75
1840 71.09 29.85 18.20 41.66 67.40
1841 71.15 21.84 15.73 39.58 60.25
1842 71.22 76.41 35.40 46.61 54.17
1843 71.11 48.07 24.40 46.33 83.51
1844 71.37 34.37 19.22 44.51 78.75
1845 71.29 58.48 30.61 48.63 91.99
1846 71.30 40.95 23.35 43.74 83.58
1847 71.34 68.48 32.15 44.97 69.44
1848 71.34 63.01 29.23 40.69 74.96
1849 71.36 64.94 29.33 44.80 72.86
1850 71.40 81.10 41.37 53.43 54.51
1851 71.54 72.80 30.86 43.31 67.11
1852 71.75 43.18 23.26 46.23 87.93
1853 71.53 52.27 29.57 46.31 91.68
1854 71.64 89.96 27.84 47.79 29.08
1855 71.69 17.97 15.46 38.40 50.49
1856 71.74 38.63 20.95 43.30 82.67
1857 71.85 15.04 16.80 41.44 60.73
1858 71.89 32.18 18.58 43.12 85.49
1859 71.85 56.33 28.16 43.30 98.67
1860 72.02 45.35 24.22 43.84 87.79
1861 71.96 66.94 31.21 46.11 78.35
1862 71.78 91.98 24.48 42.79 20.97
1863 71.81 79.03 35.94 45.20 64.84
1864 71.99 25.06 14.96 39.83 68.71
1865 72.02 50.00 25.00 41.76 83.79
1866 72.18 11.97 14.94 35.26 53.63
1867 72.16 28.23 17.06 39.51 71.77
1868 72.10 54.11 26.22 43.86 91.06
1869 72.07 60.74 26.94 41.84 84.32
1870 72.18 47.68 24.14 42.63 88.51
1871 72.11 86.56 34.43 45.22 40.02
1872 72.17 71.01 32.60 40.71 73.24
1873 72.07 84.83 36.14 46.49 49.37
1874 72.30 8.92 13.40 34.32 48.02
1875 72.30 74.30 32.01 43.31 74.40
1876 72.30 22.03 14.25 35.41 63.05
1877 72.35 63.03 28.66 40.52 84.70
1878 72.55 88.05 30.75 41.75 38.97
1879 72.52 36.39 18.01 37.05 87.62
1880 72.30 77.22 35.35 42.55 66.44
1881 72.30 58.49 28.57 41.09 88.56
1882 72.47 40.84 21.35 39.68 88.70
1883 72.23 80.19 33.38 42.12 59.50
1884 72.61 19.32 15.06 37.56 57.81
1885 72.58 30.51 17.08 38.71 76.80
1886 72.45 81.83 35.45 44.73 57.88
1887 72.61 65.26 29.81 41.83 84.39
1888 72.65 68.84 30.49 41.65 79.88
1889 72.65 52.25 24.43 38.99 98.64
1890 72.76 34.01 16.21 37.34 83.09
1891 72.86 55.80 24.04 37.80 86.87
1892 73.01 15.31 13.91 34.71 64.12
1893 73.07 26.35 14.82 35.78 69.12
1894 73.14 38.58 18.86 37.86 83.03
1895 73.13 42.93 22.91 39.65 97.05
1896 73.24 13.23 14.64 32.60 59.76
1897 73.01 49.91 22.17 37.08 91.34
1898 73.04 60.33 24.23 34.23 81.66
1899 73.37 23.74 13.58 33.97 70.41
1900 73.14 45.13 20.28 38.68 89.66
1901 73.28 57.95 22.57 36.67 91.91
1902 73.22 78.83 36.88 38.69 68.22
1903 73.11 84.47 35.28 44.95 60.05
1904 73.17 71.47 28.73 37.30 74.34
1905 73.26 47.46 20.11 34.89 87.57
1906 73.44 62.33 24.32 35.06 86.58
1907 73.35 10.31 12.39 28.85 50.32
1908 73.43 74.10 30.74 39.61 77.14
1909 73.37 76.66 34.84 39.67 74.19
1910 73.50 67.04 29.23 34.07 85.42
1911 73.38 82.16 32.81 42.51 63.58
1912 73.60 31.51 15.31 33.22 84.16
1913 73.63 53.30 22.19 35.36 97.78
1914 73.46 80.33 30.42 35.22 68.09
1915 73.71 20.98 13.98 33.02 65.39
1916 73.81 29.01 13.26 31.87 75.01
1917 73.58 64.66 26.84 34.78 86.44
1918 73.61 86.10 32.68 38.32 52.76
1919 73.64 40.88 20.34 35.45 90.21
1920 73.67 89.04 26.61 37.16 40.49
1921 73.53 87.29 25.95 39.37 45.16
1922 73.49 8.61 12.33 26.00 47.33
1923 73.87 51.01 22.17 35.26 99.10
1924 73.85 69.36 28.62 36.75 84.08
1925 73.89 18.21 14.05 34.44 65.61
1926 73.88 33.92 17.09 38.08 89.11
1927 74.04 36.34 16.86 32.37 89.46
1928 73.92 55.07 22.98 34.48 96.14
1929 74.07 59.77 21.33 33.71 86.24
1930 73.89 9.26 13.47 22.06 50.24
1931 74.30 26.51 13.80 32.64 69.75
1932 74.21 44.28 19.49 36.78 99.28
1933 74.73 49.04 18.69 33.63 100.42
1934 74.34 57.03 20.72 35.06 98.71
1935 74.24 72.29 29.40 33.97 77.11
1936 74.41 46.55 20.17 35.09 96.69
1937 74.31 84.13 31.20 35.52 58.90
1938 74.40 39.00 17.34 33.99 83.85
1939 74.52 11.67 11.34 29.12 57.91
1940 74.43 76.39 29.92 32.32 72.74
1941 74.61 14.23 11.55 29.16 58.10
1942 74.42 78.56 30.53 36.18 71.07
1943 74.40 63.74 26.79 32.00 87.48
1944 74.69 16.31 13.30 31.20 66.74
1945 74.63 61.65 22.59 32.64 93.74
1946 74.62 8.88 10.07 23.95 49.21
1947 74.68 22.29 12.76 30.76 70.17
1948 74.57 41.99 17.55 34.61 93.85
1949 74.61 66.13 23.50 34.51 91.32
1950 74.63 80.04 34.51 34.51 73.40
1951 74.52 86.00 29.52 35.71 57.46
1952 74.80 31.97 14.03 33.34 74.38
1953 74.80 74.48 27.97 34.53 81.53
1954 74.81 51.82 19.85 31.60 98.22
1955 74.94 54.51 20.36 32.40 103.38
1956 75.06 68.05 25.34 31.34 89.41
1957 74.97 70.29 25.72 30.43 90.46
1958 75.11 19.27 13.07 30.50 68.78
1959 75.14 24.52 12.20 30.89 70.55
1960 74.96 86.77 27.23 34.77 60.08
1961 75.20 34.67 15.34 30.23 82.12
1962 75.15 59.11 20.95 30.19 94.97
1963 75.27 29.28 11.79 29.93 69.38
1964 75.28 37.41 17.09 31.57 92.87
1965 75.06 88.90 20.92 29.44 46.36
1966 75.33 44.77 17.96 33.03 99.80
1967 75.40 64.27 20.82 29.95 89.47
1968 75.44 83.97 29.44 32.85 64.51
1969 75.43 72.38 25.03 29.19 87.69
1970 75.54 40.18 17.77 33.45 100.34
1971 75.40 56.79 19.10 30.43 94.12
1972 75.41 77.91 30.62 34.04 87.42
1973 75.30 87.75 25.12 26.71 58.21
1974 75.69 42.51 17.52 29.23 95.54
1975 75.73 52.98 18.61 31.43 100.78
1976 75.62 46.97 17.13 30.26 96.49
1977 75.88 26.85 12.59 28.31 71.65
1978 75.79 10.46 10.52 23.34 61.12
1979 75.72 61.20 20.51 32.32 94.48
1980 75.76 81.03 28.34 29.53 74.51
1981 75.80 74.42 25.28 29.77 84.50
1982 75.99 13.45 11.39 28.87 69.11
1983 75.98 16.34 12.07 29.84 72.92
1984 75.95 21.43 12.05 27.65 73.19
1985 75.93 66.56 21.27 28.28 91.32
1986 76.00 50.85 18.71 31.61 99.59
1987 75.99 31.75 13.29 29.96 73.95
1988 76.16 86.35 25.25 26.63 56.51
1989 76.14 55.25 18.62 28.78 101.90
1990 76.18 69.09 20.77 28.13 88.19
1991 76.27 58.43 21.44 30.32 93.15
1992 76.25 62.99 21.30 28.57 89.36
1993 76.36 71.43 20.30 27.17 79.65
1994 76.40 76.60 24.87 28.36 82.33
1995 76.35 19.10 13.23 27.62 68.17
1996 76.43 34.98 14.37 29.63 87.54
1997 76.14 75.38 24.80 31.20 89.70
1998 76.42 24.04 12.44 29.94 74.64
1999 76.40 37.72 15.37 32.46 93.08
2000 76.43 48.80 19.18 31.87 100.17
2001 76.51 44.41 17.44 28.79 94.08
2002 76.55 79.19 28.34 29.55 80.12
2003 76.79 29.23 12.27 27.47 74.69
2004 76.75 40.03 17.00 31.40 100.66
2005 76.76 65.23 21.81 29.33 94.47
2006 76.75 46.60 17.12 29.43 91.21
2007 76.81 52.58 18.99 27.52 84.39
2008 76.82 60.63 19.42 27.67 89.77
2009 76.89 42.21 17.97 29.67 91.38
2010 76.94 74.18 20.79 26.84 83.67
2011 77.06 56.64 19.93 29.83 97.11
2012 76.76 17.97 12.89 30.72 61.61
2013 77.09 67.41 20.59 27.66 93.78
2014 76.98 81.81 26.02 28.76 79.42
2015 77.10 14.48 10.62 23.78 67.04
2016 77.10 32.79 14.67 29.38 84.46
2017 77.31 22.17 11.18 27.32 73.61
2018 77.24 26.01 12.05 29.65 75.37
2019 77.33 62.66 18.96 29.33 91.04
2020 77.29 50.66 17.85 29.55 97.81
2021 77.31 54.64 16.22 26.58 88.92
2022 77.36 87.94 23.03 25.87 63.26
2023 77.44 69.74 19.62 26.39 94.54
2024 77.43 72.22 20.88 26.87 86.19
2025 77.33 77.61 20.70 26.96 79.02
2026 77.55 19.21 10.88 28.98 73.44
2027 77.48 58.71 19.32 25.43 87.36
2028 77.58 35.91 15.43 28.08 86.86
2029 77.62 48.60 18.96 32.59 105.48
2030 77.66 38.38 16.22 30.45 95.83
2031 77.72 84.63 22.42 22.62 67.63
2032 77.98 16.43 10.53 25.53 70.55
2033 77.76 79.68 21.76 24.84 82.33
2034 77.79 46.14 19.64 30.53 103.07
2035 77.80 43.86 19.85 29.94 96.45
2036 77.61 76.33 22.00 26.61 88.91
2037 77.91 30.87 13.13 27.31 79.13
2038 77.86 64.73 19.68 26.90 91.58
2039 78.11 27.78 12.52 27.06 77.23
2040 78.02 41.16 18.20 29.43 100.86
2041 78.07 52.34 18.40 29.02 90.12
2042 77.94 60.73 18.39 26.98 89.76
2043 78.04 75.38 21.57 26.78 86.03
2044 78.28 24.34 10.42 25.75 69.10
2045 78.28 33.55 15.75 28.70 91.64
2046 78.28 66.81 17.67 25.50 92.62
2047 78.29 12.42 9.39 24.18 66.32
2048 78.38 57.07 18.52 28.87 91.93
2049 78.44 54.84 18.22 30.28 91.28
2050 78.40 82.25 21.97 23.62 81.37
2051 78.52 14.03 10.41 22.66 62.46
2052 78.55 68.89 18.42 24.05 84.43
2053 78.44 21.05 10.84 25.77 70.98
2054 78.48 73.48 19.63 25.74 86.46
2055 78.56 70.81 18.10 25.98 82.06
2056 78.58 49.99 19.89 27.29 96.53
2057 78.76 62.52 19.01 26.99 87.51
2058 78.84 86.89 16.86 20.78 61.35
2059 78.77 47.72 19.25 30.23 98.20
2060 78.79 59.60 18.66 26.71 87.95
2061 78.72 78.13 21.50 22.26 78.10
2062 78.80 36.11 15.68 29.71 84.17
2063 78.81 39.14 18.42 30.02 96.31
2064 78.95 18.39 10.73 24.85 74.70
2065 78.92 43.08 19.20 28.50 93.40
2066 78.98 29.56 13.67 26.29 76.32
2067 79.03 45.36 20.35 27.39 92.77
2068 79.06 84.14 19.87 19.28 70.42
2069 79.07 64.70 17.12 24.82 79.87
2070 79.19 80.61 19.14 22.14 80.31
2071 79.20 53.33 18.04 27.44 86.57
2072 79.10 75.08 18.25 22.27 74.27
2073 79.34 25.91 12.02 25.33 65.71
2074 79.42 31.93 13.16 25.98 77.67
2075 79.29 22.51 11.99 26.11 74.11
2076 79.14 50.65 16.00 28.80 99.60
2077 79.52 67.10 18.71 24.74 82.41
2078 79.64 15.70 9.99 22.89 67.51
2079 79.55 41.30 19.27 29.67 89.96
2080 79.52 55.86 19.77 25.48 75.52
2081 79.64 58.13 20.39 26.10 83.91
2082 79.74 34.39 15.09 26.33 77.41
2083 79.67 70.23 18.30 25.48 89.78
2084 79.61 72.67 19.46 22.41 79.63
2085 79.46 76.70 20.20 22.37 79.32
2086 79.75 37.56 18.20 27.38 88.56
2087 79.68 51.59 17.64 26.68 85.68
2088 79.83 47.45 17.99 26.86 92.27
2089 79.98 60.37 21.58 27.19 84.26
2090 80.15 20.06 11.78 24.79 73.15
2091 80.09 49.70 19.10 28.19 96.51
2092 79.82 62.48 21.33 25.22 80.12
2093 80.09 28.28 13.82 28.28 74.88
2094 80.14 44.56 19.18 27.45 96.60
2095 79.99 78.17 20.23 20.81 76.25
2096 80.32 80.51 18.20 20.42 79.74
2097 80.30 84.91 15.49 17.66 68.84
2098 80.17 65.10 21.24 26.55 87.88
2099 80.40 54.30 19.86 27.16 78.94
2100 80.29 74.85 19.11 21.16 75.58
2101 80.40 82.74 17.59 19.10 77.52
2102 80.46 39.75 17.83 28.08 90.47
2103 80.55 17.61 10.56 24.75 66.98
2104 80.36 22.85 13.31 25.50 71.57
2105 80.44 68.71 18.15 22.55 78.90
2106 80.65 30.47 13.38 23.42 76.41
2107 80.62 56.55 21.69 25.31 78.45
2108 80.51 42.39 20.47 28.76 89.05
2109 80.67 25.29 12.58 25.68 68.66
2110 80.72 36.30 15.62 25.45 83.47
2111 80.72 52.22 20.42 25.83 81.64
2112 80.63 46.49 16.00 28.34 86.30
2113 80.75 63.83 19.93 24.19 78.74
2114 80.73 72.61 18.36 23.19 72.99
2115 80.91 32.87 14.73 26.14 77.31
2116 80.89 58.82 20.33 25.81 75.24
2117 80.79 66.77 18.69 23.31 73.20
2118 80.90 61.91 22.95 27.35 75.82
2119 81.09 70.90 19.97 23.07 66.25
2120 81.15 48.84 19.82 26.51 87.66
2121 81.08 77.72 17.95 19.41 72.81
2122 81.35 43.94 18.79 27.87 86.09
2123 81.54 27.38 13.49 25.66 69.02
2124 81.47 38.35 16.56 27.74 78.45
2125 81.19 46.50 16.36 23.79 89.00
2126 81.55 21.75 12.69 25.65 66.43
2127 81.55 50.94 21.89 24.01 79.51
2128 81.64 34.72 15.21 26.39 81.14
2129 81.58 41.16 18.53 27.40 80.48
2130 81.65 81.91 16.20 18.04 74.04
2131 81.66 65.78 21.04 25.00 71.99
2132 81.82 19.20 10.79 23.56 62.52
2133 81.55 54.11 20.81 24.51 82.51
2134 81.60 68.73 20.83 23.60 73.82
2135 81.64 79.44 17.54 20.51 75.40
2136 81.65 60.66 21.20 24.46 70.62
2137 81.81 83.95 13.17 16.90 69.36
2138 81.84 16.33 9.73 21.09 66.28
2139 81.70 56.18 19.66 24.17 74.27
2140 81.90 24.40 12.83 24.18 69.55
2141 81.83 29.91 13.77 24.81 72.32
2142 81.81 47.28 17.52 26.71 86.98
2143 81.83 63.61 23.55 23.27 71.14
2144 81.92 73.23 17.82 21.14 67.66
2145 82.00 58.36 21.03 25.13 71.72
2146 82.33 45.50 15.93 24.69 82.72
2147 82.30 52.89 17.49 25.97 76.58
2148 82.45 31.79 13.35 24.49 70.39
2149 82.46 49.93 18.06 25.89 74.91
2150 82.43 70.29 19.08 22.23 66.80
2151 82.44 77.66 17.89 19.12 66.09
2152 82.57 43.17 16.66 25.82 76.93
2153 82.51 62.05 24.42 23.28 68.76
2154 82.55 35.63 15.29 25.27 82.22
2155 82.56 38.17 15.61 25.85 79.42
2156 82.72 55.43 19.35 25.93 70.12
2157 82.63 67.65 21.39 23.72 64.69
2158 82.79 40.92 16.16 26.28 81.42
2159 82.83 80.30 16.26 16.81 64.00
2160 82.87 48.19 17.65 27.38 77.40
2161 82.90 25.95 12.11 25.14 65.36
2162 82.80 65.46 21.65 25.43 68.10
2163 82.97 22.79 11.80 25.09 62.53
2164 82.94 28.45 12.71 23.93 67.48
2165 82.91 59.92 21.77 22.89 66.01
2166 82.96 75.18 16.39 20.74 64.39
2167 83.13 17.22 8.80 20.56 61.66
2168 83.14 57.53 18.36 24.10 61.53
2169 83.26 20.36 10.40 22.60 62.36
2170 83.21 51.65 19.56 25.59 76.50
2171 83.16 72.70 19.00 22.69 70.88
2172 83.32 63.83 24.84 23.86 62.89
2173 83.45 82.46 13.76 14.75 61.88
2174 83.44 33.91 13.01 26.05 66.06
2175 83.34 45.73 15.35 26.51 80.76
2176 83.49 53.89 16.53 23.29 62.98
2177 83.51 69.83 20.21 20.29 67.27
2178 83.64 36.61 14.53 27.34 66.20
2179 83.58 39.46 14.14 26.29 72.56
2180 83.57 77.50 18.11 18.80 67.79
2181 83.77 30.12 13.31 23.63 66.55
2182 83.67 67.96 20.36 21.73 59.70
2183 83.75 42.96 14.48 25.13 77.09
2184 83.79 61.98 20.20 23.96 57.76
2185 83.99 50.11 14.11 22.65 63.52
2186 84.05 24.27 12.03 24.68 65.77
2187 83.99 47.83 14.15 25.04 71.53
2188 83.97 59.92 18.82 24.91 59.86
2189 83.74 70.98 21.11 25.56 69.00
2190 84.06 79.65 16.14 15.45 61.62
2191 84.17 65.70 23.27 23.37 59.39
2192 84.24 27.24 12.39 24.54 63.53
2193 84.30 55.45 15.54 26.16 61.71
2194 84.14 75.53 21.35 19.73 61.35
2195 83.93 66.96 22.75 27.42 64.67
2196 84.46 32.36 11.36 25.41 63.46
2197 84.32 44.97 14.34 26.88 73.96
2198 84.22 57.74 15.52 24.25 57.46
2199 84.34 52.50 17.46 24.26 74.30
2200 84.32 73.10 19.72 20.92 62.94
2201 84.53 19.22 9.23 19.82 57.17
2202 84.48 41.14 14.80 25.29 66.06
2203 84.76 21.75 9.56 20.72 55.34
2204 84.57 38.20 13.29 25.82 64.76
2205 84.69 35.09 12.18 26.03 59.80
2206 84.78 64.22 19.50 25.02 51.32
2207 84.70 70.24 22.76 21.76 57.56
2208 84.71 81.44 13.47 13.74 51.83
2209 84.79 77.87 16.39 17.73 58.07
2210 84.96 62.19 18.52 23.92 54.26
2211 85.08 47.63 11.87 26.03 61.35
2212 85.08 68.22 20.01 22.17 53.23
2213 85.20 29.87 11.24 25.96 61.30
2214 85.05 50.10 14.86 25.22 61.36
2215 85.10 59.63 16.13 24.18 48.78
2216 85.26 24.90 10.25 23.41 55.70
2217 85.33 42.91 12.29 23.96 61.68
2218 85.31 57.38 15.24 23.90 54.01
2219 85.31 52.88 15.40 23.94 59.75
2220 85.31 65.99 17.51 21.44 50.20
2221 85.36 72.31 21.65 20.65 58.13
2222 85.32 45.39 12.37 22.69 56.37
2223 85.46 39.75 12.61 25.48 56.28
2224 85.56 55.11 12.87 24.20 53.33
2225 85.46 75.14 18.13 18.45 57.54
2226 85.73 27.59 11.96 24.46 54.41
2227 85.60 36.91 11.48 24.98 53.87
2228 85.62 80.38 14.21 12.65 53.12
2229 85.86 32.09 11.59 24.00 57.00
2230 85.49 22.54 8.86 22.14 60.71
2231 85.91 34.46 11.43 24.85 57.23
2232 85.93 77.17 17.19 17.88 55.38
2233 85.91 61.41 13.90 24.65 44.76
2234 86.05 23.08 9.63 21.70 52.37
2235 86.13 50.73 12.31 24.74 56.95
2236 86.19 48.59 12.01 24.51 50.61
2237 86.03 63.94 16.57 23.25 47.21
2238 86.11 21.60 8.53 20.44 51.44
2239 86.14 69.85 19.07 21.79 51.03
2240 86.32 41.27 12.28 24.85 52.79
2241 86.20 59.03 12.71 23.07 46.25
2242 86.40 46.41 10.64 24.68 47.12
2243 86.20 67.10 17.28 19.76 48.96
2244 86.34 71.77 20.16 20.81 52.23
2245 86.42 52.85 12.57 25.75 53.01
2246 86.48 74.33 18.34 20.38 54.78
2247 86.43 78.87 14.24 13.86 52.61
2248 86.55 44.05 11.22 25.26 48.65
2249 86.52 56.90 12.41 23.93 48.13
2250 86.40 65.37 15.47 22.16 49.94
2251 86.54 25.27 10.08 22.29 52.66
2252 86.57 38.27 10.57 25.60 50.14
2253 86.48 68.65 17.57 21.54 47.62
2254 86.78 30.21 10.19 24.83 55.50
2255 86.84 54.72 12.00 23.85 44.54
2256 86.65 63.07 14.26 22.21 44.38
2257 86.80 61.04 13.58 21.98 40.79
2258 87.09 35.83 10.83 26.17 48.90
2259 87.02 76.04 17.25 16.77 49.57
2260 87.17 27.50 9.98 24.40 54.37
2261 87.17 33.13 10.31 25.85 48.80
2262 87.37 73.07 18.73 20.13 46.08
2263 87.29 23.28 8.19 21.09 53.95
2264 87.25 50.86 11.03 22.18 45.44
2265 87.24 67.68 13.08 22.19 42.47
2266 87.47 40.13 11.41 22.70 48.81
2267 87.41 48.55 11.20 23.60 42.51
2268 87.35 59.18 12.88 24.44 41.42
2269 87.58 42.27 10.98 24.56 43.62
2270 87.43 78.10 15.31 14.59 51.75
2271 87.44 65.32 12.93 23.01 40.53
2272 87.40 70.40 16.00 18.96 43.89
2273 87.44 62.83 13.11 24.34 38.77
2274 87.67 46.27 11.11 25.15 43.56
2275 87.63 56.53 12.36 23.05 40.14
2276 87.77 53.08 10.55 24.18 40.80
2277 88.02 37.96 10.13 24.99 44.19
2278 88.09 31.12 10.12 25.04 50.42
2279 88.05 44.28 9.37 23.87 38.11
2280 88.12 61.23 12.19 24.99 34.37
2281 88.11 76.22 14.25 15.60 41.91
2282 88.29 24.87 7.83 21.06 48.03
2283 88.13 35.65 8.88 26.58 44.60
2284 88.37 28.02 9.54 23.62 53.59
2285 88.38 66.85 12.17 22.42 40.67
2286 88.15 70.35 14.05 19.05 41.89
2287 88.44 50.51 10.39 25.17 36.59
2288 88.44 55.09 10.69 24.45 33.49
2289 88.40 58.24 12.49 25.00 34.68
2290 88.40 63.56 11.43 23.98 35.93
2291 88.38 69.09 12.52 21.55 43.41
2292 88.53 74.33 14.38 16.19 40.38
2293 88.45 72.12 16.41 19.03 40.47
2294 88.69 33.52 10.26 25.47 43.58
2295 88.69 47.84 10.38 25.77 36.68
2296 88.82 40.09 10.21 25.04 39.33
2297 89.06 42.40 9.95 26.40 38.85
2298 89.02 53.08 10.95 23.88 34.01
2299 89.09 26.67 8.54 22.84 49.01
2300 89.02 45.27 9.09 24.35 33.37
2301 89.15 60.69 11.06 24.04 28.94
2302 89.36 36.47 10.35 24.79 39.05
2303 89.28 64.80 12.31 21.10 34.86
2304 89.13 66.41 11.29 21.82 35.35
2305 89.36 70.00 13.05 21.84 36.09
2306 89.35 44.04 10.84 23.16 37.87
2307 89.39 56.36 10.99 24.83 32.96
2308 89.38 58.62 11.86 23.72 32.58
2309 89.28 30.16 9.39 23.30 44.36
2310 89.54 63.63 11.79 22.71 33.93
2311 89.55 67.69 12.69 22.73 33.99
2312 89.56 50.91 10.68 25.91 34.71
2313 89.47 72.54 13.70 18.57 41.40
2314 89.59 75.29 11.08 15.77 37.45
2315 89.90 38.82 10.67 23.88 38.34
2316 89.89 46.86 9.74 25.25 32.51
2317 89.65 52.18 9.53 29.41 29.94
2318 90.10 34.56 9.02 25.90 41.33
2319 90.02 54.66 10.64 24.07 34.25
2320 90.16 32.10 9.07 24.77 42.60
2321 89.86 41.11 10.18 23.76 29.64
2322 89.89 49.07 9.81 23.45 32.62
2323 90.01 28.12 8.75 21.35 44.44
2324 90.10 62.59 10.57 23.74 30.69
2325 90.44 66.08 10.62 22.91 29.42
2326 90.28 59.74 10.50 23.34 28.46
2327 90.32 42.47 9.88 24.38 30.83
2328 90.56 57.23 11.40 25.35 29.16
2329 90.48 68.80 9.56 19.08 32.76
2330 90.38 70.92 11.72 18.93 31.18
2331 90.69 50.40 10.39 24.94 30.86
2332 90.66 52.73 11.54 25.17 33.00
2333 90.59 73.38 10.95 17.10 29.86
2334 90.91 37.40 9.71 25.13 35.52
2335 90.65 28.12 7.32 23.54 42.40
2336 90.70 45.04 9.82 24.64 33.70
2337 90.90 61.65 11.22 24.38 29.59
2338 91.08 47.70 9.90 26.51 28.24
2339 91.12 64.06 10.30 23.32 26.85
2340 90.99 42.78 10.03 26.68 31.20
2341 91.45 35.44 9.31 24.43 37.01
2342 91.38 30.67 8.32 23.27 41.03
2343 91.34 55.49 11.34 25.52 29.29
2344 91.66 39.54 9.99 26.61 29.11
2345 91.42 71.94 8.67 16.13 27.29
2346 91.38 58.88 10.52 23.47 29.32
2347 91.69 28.74 6.95 21.30 34.97
2348 91.49 68.69 10.59 19.48 29.59
2349 91.67 32.91 9.16 25.65 37.14
2350 91.56 66.54 10.72 19.86 29.67
2351 91.91 45.47 10.10 26.67 28.00
2352 91.85 41.85 10.10 25.96 29.57
2353 92.03 49.85 10.08 26.60 27.53
2354 91.82 62.40 10.82 22.29 27.24
2355 92.29 70.62 8.49 17.55 26.20
2356 92.27 54.15 9.64 25.85 25.64
2357 92.06 57.32 11.50 28.22 19.67
2358 92.29 64.12 9.03 20.59 25.10
2359 92.16 37.98 8.97 24.09 31.88
2360 92.70 58.32 10.96 26.20 24.61
2361 92.56 47.66 10.40 27.32 25.88
2362 92.38 60.08 9.41 23.98 25.90
2363 92.74 56.21 10.30 25.44 24.84
2364 92.41 62.27 10.37 19.81 26.11
2365 92.67 66.16 9.45 20.81 24.92
2366 92.40 61.15 8.83 27.00 22.83
2367 92.88 32.64 7.30 22.36 30.56
2368 92.79 43.63 9.52 26.54 26.26
2369 92.94 51.00 11.24 24.51 27.35
2370 92.88 37.69 8.89 24.55 31.55
2371 92.71 67.71 10.62 21.88 25.38
2372 92.98 68.82 8.05 18.07 24.39
2373 93.27 40.19 9.19 26.29 27.51
2374 93.20 45.50 9.98 27.00 26.08
2375 93.48 61.93 9.96 22.34 22.59
2376 93.05 53.40 9.70 27.30 18.96
2377 93.35 64.05 7.97 26.29 17.87
2378 93.64 70.38 7.07 14.60 22.58
2379 93.47 54.30 9.48 26.81 22.89
2380 93.63 48.98 10.12 27.74 26.42
2381 93.63 44.39 8.78 29.48 20.52
2382 93.83 67.45 7.17 17.51 21.57
2383 93.80 37.99 9.30 24.67 29.02
2384 93.90 42.66 8.75 25.02 29.63
2385 93.73 50.62 10.22 28.24 20.24
2386 93.87 52.99 10.12 28.82 20.34
2387 93.89 59.70 8.88 25.06 23.61
2388 93.87 65.29 9.77 20.16 22.50
2389 94.34 34.61 7.07 21.48 25.34
2390 93.96 47.94 9.31 29.62 22.38
2391 94.13 57.13 9.34 26.36 23.51
2392 94.20 58.34 8.77 23.77 22.15
2393 94.48 50.75 9.44 26.69 23.56
2394 94.35 62.66 8.69 24.19 23.15
2395 94.33 66.47 7.57 20.29 17.14
2396 94.73 63.71 9.23 20.60 22.30
2397 94.50 37.41 8.81 23.43 26.24
2398 94.51 48.35 10.43 27.62 19.71
2399 94.76 61.16 9.38 23.38 20.93
2400 94.73 56.00 9.69 24.46 23.79
2401 94.64 64.94 6.64 21.09 15.64
2402 94.92 41.48 8.34 26.09 23.57
2403 94.72 59.25 8.89 23.89 22.35
2404 94.73 52.56 9.56 26.60 25.32
2405 95.07 66.58 7.29 18.59 18.86
2406 94.98 54.27 9.14 25.39 23.00
2407 94.98 48.51 8.88 28.50 18.38
2408 95.22 62.02 8.38 20.46 23.04
2409 95.39 53.07 9.80 25.76 24.98
2410 95.67 55.64 9.49 24.81 19.74
2411 95.36 59.23 9.33 22.15 21.74
2412 95.53 44.48 8.32 25.12 25.31
2413 95.39 49.19 9.52 27.41 24.07
2414 95.47 42.37 8.21 25.14 26.58
2415 95.70 64.98 7.19 17.02 20.43
2416 95.57 62.87 8.95 20.45 21.00
2417 95.81 51.51 8.78 23.59 24.88
2418 95.77 47.86 8.51 27.42 18.58
2419 96.23 59.66 8.10 21.13 20.78
2420 96.41 44.91 6.94 26.53 16.13
2421 96.26 64.17 7.46 20.44 14.78
2422 96.48 46.63 7.53 23.63 23.46
2423 96.69 57.20 7.37 20.49 19.10
2424 96.59 52.78 7.25 23.35 14.60
2425 96.78 53.91 7.34 21.02 19.08
2426 97.36 59.19 5.81 16.32 15.06
2427 97.14 48.92 6.86 20.97 20.75
2428 97.20 55.11 7.17 19.43 15.13
2429 97.42 46.14 6.43 19.19 20.10
2430 97.44 50.59 6.42 19.63 12.23
2431 97.71 56.85 5.06 15.01 12.49

