#<Embryo name> <Cleavage cycle> <Temporal class> <Genes>
kw3 14A 4 even-skipped knirps giant

#Quantitative data
#<Nucleus number> <A-P coordinate> <D-V coordinate> <Fluorescence intensity: channel 1 - eve, channel 2 - kni, channel 3 - gt>
0 2.21 50.15 6.21 44.63 4.86
1 3.35 47.95 10.37 54.50 6.50
2 3.35 51.07 9.59 52.81 7.40
3 3.32 53.81 8.17 52.73 4.98
4 3.80 44.96 12.38 51.84 7.10
5 3.97 50.27 10.59 56.04 7.56
6 4.32 53.23 12.02 57.11 7.64
7 4.69 47.58 12.50 54.74 8.94
8 4.92 57.84 9.67 61.33 6.59
9 5.11 50.09 13.74 55.59 8.45
10 5.36 44.97 13.53 51.47 9.53
11 5.09 55.36 11.44 59.42 7.52
12 5.05 52.54 11.44 56.24 8.54
13 5.77 41.70 13.57 43.32 8.42
14 5.77 47.95 14.35 54.29 10.32
15 5.74 55.22 10.70 68.80 8.90
16 6.46 53.48 15.18 60.01 10.41
17 6.48 58.66 11.08 64.60 7.78
18 6.54 50.99 16.60 58.96 9.88
19 6.83 43.47 16.28 42.03 10.84
20 6.48 47.38 17.38 50.79 9.40
21 6.75 56.30 14.61 65.72 10.27
22 6.59 61.29 8.18 56.52 7.18
23 7.13 40.86 15.26 39.96 9.59
24 7.45 49.01 16.71 54.56 12.16
25 7.54 45.98 17.02 46.12 12.61
26 7.31 60.79 9.36 59.69 9.03
27 7.75 38.02 13.24 29.46 8.59
28 7.88 58.60 14.02 64.97 10.36
29 7.97 55.29 17.19 63.22 11.24
30 8.26 50.95 18.37 55.36 11.84
31 8.59 53.24 16.86 61.58 12.42
32 8.39 42.20 16.75 35.83 11.87
33 8.50 61.54 12.24 66.82 9.94
34 8.32 63.72 10.24 60.19 8.19
35 8.77 47.16 17.57 44.24 12.54
36 9.04 57.01 15.36 65.48 12.74
37 8.80 39.08 15.57 28.58 10.61
38 8.81 36.15 13.84 23.79 9.12
39 8.85 41.11 15.65 28.45 12.00
40 9.18 44.65 17.29 35.50 13.77
41 9.33 59.43 15.06 63.11 12.51
42 9.51 49.05 19.55 49.09 13.05
43 9.44 40.00 15.71 28.41 11.97
44 9.47 54.95 17.20 60.46 14.95
45 9.63 66.17 8.88 54.96 8.34
46 9.82 63.64 11.88 62.27 10.15
47 9.76 42.46 15.25 27.96 12.96
48 10.38 61.68 13.19 69.22 12.67
49 10.07 53.85 17.49 59.93 14.07
50 10.18 51.26 19.70 55.19 14.91
51 10.46 47.07 19.35 37.56 14.15
52 10.36 41.46 17.04 28.03 14.27
53 10.36 35.54 13.95 19.72 10.91
54 10.29 38.90 17.71 24.52 12.66
55 10.67 44.10 19.98 32.41 14.91
56 10.35 65.39 8.90 58.31 10.86
57 10.69 56.29 17.86 59.34 14.42
58 10.74 59.09 16.34 62.79 14.24
59 11.05 67.44 8.93 53.03 9.15
60 11.30 52.78 19.70 53.80 15.94
61 11.43 49.88 21.85 43.66 15.58
62 11.23 39.92 18.49 25.21 13.22
63 11.38 34.70 15.82 18.75 11.53
64 11.46 36.89 15.09 19.39 13.10
65 11.35 64.89 14.01 64.69 13.26
66 11.32 38.20 13.80 21.80 12.50
67 11.90 45.01 20.74 29.22 15.32
68 12.19 62.67 14.95 64.64 15.03
69 12.09 60.19 17.34 68.27 17.46
70 12.10 42.13 18.96 25.07 15.07
71 12.12 54.93 19.56 54.93 16.01
72 12.38 57.48 18.57 61.43 17.57
73 12.52 38.04 20.03 21.18 14.47
74 12.31 68.15 10.28 60.11 13.45
75 12.09 47.85 19.94 35.09 16.59
76 12.30 40.18 19.43 22.52 15.16
77 12.64 51.49 19.07 39.44 17.82
78 12.50 66.04 13.67 63.76 14.00
79 12.48 33.65 15.67 18.07 12.85
80 12.66 46.32 21.48 30.24 17.69
81 12.89 64.59 14.63 64.88 15.69
82 13.08 32.71 15.83 16.74 13.02
83 13.09 48.77 22.26 32.27 17.18
84 13.10 45.10 21.03 28.73 16.33
85 13.36 70.30 9.46 49.95 13.47
86 13.46 53.57 20.43 43.24 18.99
87 13.75 59.39 20.19 61.94 20.75
88 13.72 61.88 17.85 66.02 24.11
89 13.75 66.86 15.03 64.75 18.77
90 13.75 37.01 19.00 21.10 16.06
91 13.85 56.00 20.83 48.46 20.68
92 13.75 43.09 21.12 26.71 16.71
93 13.95 51.18 23.21 34.82 19.63
94 14.17 46.37 20.87 27.21 20.23
95 14.34 44.61 20.41 27.02 20.42
96 14.19 63.83 17.73 62.82 21.32
97 14.54 42.02 18.75 27.23 21.16
98 14.42 72.12 10.74 51.03 15.46
99 14.39 34.77 18.90 18.77 15.79
100 14.48 48.69 21.94 28.44 21.61
101 14.84 68.40 15.75 60.35 24.93
102 14.78 39.86 21.33 23.58 19.57
103 14.87 53.65 21.14 36.29 22.92
104 14.69 36.14 17.27 21.53 15.53
105 15.09 50.78 22.34 30.18 26.28
106 15.14 31.70 16.77 17.43 15.66
107 15.12 56.43 22.05 45.11 26.65
108 15.21 59.43 21.35 56.23 27.14
109 15.36 65.42 18.68 64.72 28.81
110 15.45 62.25 20.31 59.60 29.86
111 15.48 70.66 13.60 57.41 22.27
112 15.38 45.80 20.79 26.49 23.55
113 15.51 34.16 17.38 18.31 22.28
114 15.37 35.53 19.04 21.96 16.38
115 15.66 37.37 18.69 22.09 22.20
116 15.56 47.58 23.87 25.22 27.33
117 15.79 26.49 12.33 14.59 16.45
118 15.99 28.61 14.46 15.93 19.43
119 15.50 39.33 24.43 24.36 21.14
120 15.98 52.33 21.80 30.08 30.34
121 15.99 73.17 11.80 55.25 22.67
122 15.90 69.30 13.53 61.42 28.53
123 15.90 44.59 18.40 22.47 31.27
124 16.61 31.31 16.95 17.31 21.85
125 16.33 56.71 21.40 36.56 36.75
126 16.38 67.77 17.55 60.20 32.28
127 17.01 34.00 19.36 19.99 25.78
128 16.47 59.05 21.08 43.40 41.66
129 16.50 63.47 20.61 51.84 35.88
130 16.57 42.33 21.67 22.37 29.33
131 16.56 49.43 23.19 25.61 34.11
132 16.72 54.33 21.63 32.37 39.17
133 16.56 44.67 24.67 26.47 27.83
134 16.79 46.97 24.63 26.24 33.90
135 17.03 74.88 12.62 52.01 24.13
136 17.09 61.24 20.30 46.54 48.25
137 16.79 29.47 16.50 18.56 21.06
138 17.09 36.52 19.98 20.15 27.05
139 17.30 65.63 20.28 56.63 37.43
140 17.19 70.87 18.30 61.59 31.09
141 17.25 51.73 22.42 28.31 46.12
142 17.40 28.26 16.06 16.51 22.54
143 17.51 40.62 20.42 21.60 32.87
144 17.47 57.72 22.18 35.21 55.05
145 17.35 26.66 13.97 14.66 23.97
146 17.91 42.94 23.07 25.16 39.99
147 17.71 68.89 18.98 59.36 42.47
148 18.08 45.12 23.98 24.22 46.73
149 18.03 73.06 15.63 55.69 35.70
150 18.01 55.44 21.80 30.30 65.80
151 17.92 63.55 23.62 52.43 57.52
152 18.18 49.85 21.53 27.63 57.36
153 18.16 38.44 22.14 23.02 38.70
154 18.20 47.54 22.16 26.25 47.43
155 18.05 31.74 17.04 19.67 29.41
156 18.38 59.69 23.62 36.83 76.81
157 18.07 67.48 20.85 56.26 33.18
158 18.44 25.99 14.51 15.10 31.01
159 18.47 53.22 23.23 28.64 71.08
160 18.45 75.92 14.12 52.51 32.36
161 18.54 35.78 20.54 20.88 37.29
162 18.73 29.33 17.72 17.43 34.29
163 18.90 62.01 22.20 36.79 75.75
164 18.94 70.59 19.81 55.59 49.20
165 18.96 65.53 23.25 49.48 60.59
166 19.13 40.74 22.54 25.01 52.25
167 19.06 57.18 21.95 30.84 84.12
168 19.20 33.77 20.26 19.33 42.79
169 19.30 51.43 22.97 25.93 84.71
170 19.17 67.91 21.78 50.04 59.68
171 19.30 23.45 14.41 14.21 44.55
172 19.40 43.27 20.68 24.69 60.43
173 19.54 73.42 17.48 53.44 45.85
174 19.45 46.39 21.97 25.32 74.60
175 19.54 38.28 21.45 23.90 55.40
176 19.52 78.16 13.19 48.16 28.28
177 19.72 31.45 17.45 19.41 48.37
178 19.67 49.19 23.38 28.94 89.88
179 19.72 54.71 22.86 31.49 102.28
180 19.87 59.11 22.15 30.54 96.95
181 19.96 26.32 16.42 15.82 54.82
182 19.97 63.95 21.43 38.69 84.01
183 20.04 76.08 16.46 51.48 43.63
184 20.16 36.25 19.94 22.06 62.82
185 20.29 28.97 17.19 17.94 54.87
186 20.26 61.27 22.70 33.73 92.86
187 20.35 68.97 21.46 50.41 64.61
188 20.28 79.92 12.32 44.41 25.80
189 20.47 44.68 21.91 27.80 95.01
190 20.49 52.77 24.60 29.66 121.47
191 20.53 66.18 22.19 41.37 81.02
192 20.54 71.36 20.31 53.17 57.01
193 20.57 22.10 14.35 13.78 62.69
194 20.58 56.76 23.08 29.30 123.33
195 20.56 47.44 23.97 28.73 109.81
196 20.67 33.65 19.76 20.81 67.81
197 20.83 42.08 23.87 25.39 93.46
198 20.90 39.18 22.23 23.93 82.26
199 21.01 50.31 24.74 29.96 122.53
200 21.19 25.15 16.54 15.37 80.55
201 21.24 74.66 19.56 47.19 54.94
202 21.11 73.27 20.27 54.84 55.20
203 21.38 31.04 19.38 19.66 80.32
204 21.39 54.80 23.58 29.90 134.02
205 21.31 77.32 17.32 46.54 46.40
206 21.32 58.84 24.23 28.98 134.38
207 21.26 62.84 23.46 32.45 105.08
208 21.40 36.33 20.70 23.53 92.44
209 21.60 79.97 15.29 46.29 45.12
210 21.77 28.01 18.34 17.75 96.46
211 21.72 45.04 23.46 28.48 122.10
212 21.72 66.77 23.95 40.19 93.48
213 21.79 47.80 23.40 28.25 136.08
214 21.88 60.89 24.58 31.31 118.74
215 21.88 68.94 22.02 45.13 83.29
216 21.93 52.34 22.64 29.16 143.32
217 21.89 71.47 22.07 45.90 66.13
218 21.97 64.57 22.85 35.05 113.47
219 22.04 22.79 16.04 15.04 92.60
220 22.02 33.51 20.48 23.40 91.97
221 22.06 41.98 23.33 25.71 129.38
222 22.26 56.71 23.01 30.24 140.67
223 22.35 39.76 23.09 25.72 130.83
224 22.42 37.42 22.68 24.32 125.26
225 22.40 75.19 21.94 47.57 65.46
226 22.51 50.18 25.15 29.01 157.73
227 22.86 81.30 17.61 39.20 49.07
228 22.66 78.08 20.99 45.58 60.00
229 22.73 30.06 20.96 19.42 116.43
230 22.76 58.82 25.38 31.62 138.07
231 22.82 25.24 16.27 15.91 108.08
232 22.89 20.42 14.21 12.76 101.52
233 22.88 54.12 24.44 30.62 163.08
234 22.82 44.17 24.96 28.50 147.97
235 22.99 35.16 22.13 23.58 121.43
236 23.03 63.55 23.57 31.51 124.51
237 22.96 47.44 23.43 28.58 148.14
238 23.04 66.59 25.84 36.48 105.42
239 23.07 69.99 25.17 39.78 86.42
240 23.14 72.90 24.01 42.65 78.58
241 23.15 61.09 23.61 29.54 137.09
242 23.25 41.72 21.79 26.84 153.30
243 23.52 27.98 17.49 18.99 124.04
244 23.39 32.40 20.79 22.56 122.45
245 23.55 52.04 26.71 27.37 170.20
246 23.55 56.38 25.83 28.80 156.97
247 23.60 38.65 21.87 25.38 154.48
248 23.70 75.97 26.78 40.51 76.97
249 23.83 45.86 24.54 30.20 162.54
250 23.75 49.39 27.17 28.00 169.80
251 23.94 22.15 16.08 14.73 111.76
252 23.90 79.16 25.52 38.35 73.03
253 24.00 68.31 26.84 34.25 109.29
254 24.11 18.30 15.35 13.24 94.87
255 24.15 43.40 24.92 29.44 157.39
256 24.05 58.88 28.06 31.83 153.91
257 24.29 30.33 20.99 21.30 148.33
258 24.12 64.09 24.95 32.29 132.33
259 24.14 25.53 19.53 17.14 125.38
260 24.23 70.96 28.28 36.21 96.89
261 24.19 34.81 21.40 24.42 154.34
262 24.39 54.26 26.99 31.36 159.40
263 24.27 61.40 28.97 29.93 156.81
264 24.55 37.30 21.56 23.14 164.66
265 24.41 40.82 25.12 26.84 172.58
266 24.51 66.29 26.64 30.57 129.68
267 24.59 73.63 32.02 37.12 99.03
268 24.54 82.25 30.35 32.12 65.23
269 24.59 51.45 27.67 28.59 167.24
270 24.66 56.71 27.63 29.37 153.70
271 24.91 32.50 22.88 21.88 148.88
272 24.90 46.37 28.10 28.26 182.97
273 24.91 48.74 27.73 29.57 175.02
274 25.01 27.67 20.36 19.22 140.44
275 25.05 76.21 36.67 33.43 98.82
276 25.13 23.69 17.85 16.79 122.34
277 25.12 16.13 13.41 12.44 83.67
278 25.15 20.55 16.99 16.08 114.80
279 25.16 62.68 29.00 29.57 159.20
280 25.21 79.41 40.03 32.56 93.39
281 25.14 59.25 28.52 30.56 154.17
282 25.15 68.91 31.43 34.41 119.56
283 25.30 39.36 25.26 26.87 175.61
284 25.30 43.63 25.11 28.37 163.00
285 25.40 64.87 27.79 28.02 157.32
286 25.35 35.44 22.63 23.78 167.85
287 25.52 71.66 38.77 33.43 122.71
288 25.57 52.41 26.81 29.89 180.96
289 25.62 30.12 22.59 22.12 143.08
290 25.66 54.76 28.23 29.30 167.06
291 25.93 41.58 26.21 28.01 174.74
292 25.88 61.24 29.24 28.57 184.66
293 25.92 50.02 26.75 29.40 177.88
294 25.86 57.08 29.88 28.78 169.32
295 25.82 67.01 31.83 33.48 134.76
296 25.85 82.07 55.82 25.62 93.16
297 26.12 18.80 17.88 14.95 103.65
298 25.97 25.92 19.20 17.86 133.50
299 25.78 16.21 16.94 13.31 92.12
300 26.08 33.48 21.77 24.77 153.78
301 26.04 45.62 27.65 28.54 181.04
302 26.34 73.45 55.01 29.20 130.67
303 26.25 76.23 59.13 29.95 120.90
304 26.31 84.84 54.60 21.71 74.87
305 26.27 69.59 44.57 34.05 142.75
306 26.31 22.43 17.88 15.50 116.08
307 26.39 36.24 23.72 25.08 166.98
308 26.40 47.75 28.43 27.09 186.97
309 26.27 59.29 27.79 27.44 176.79
310 26.35 63.88 33.24 28.51 168.85
311 26.44 38.56 26.73 28.44 163.16
312 26.58 28.41 21.97 21.12 141.42
313 26.56 79.16 67.70 26.10 114.06
314 26.65 15.45 14.79 12.27 81.16
315 26.77 31.48 23.79 21.63 155.97
316 26.72 43.64 27.61 29.13 187.39
317 26.67 52.90 30.52 28.75 181.41
318 26.82 55.49 30.56 29.95 180.79
319 26.83 67.37 42.19 31.15 149.40
320 26.94 61.94 34.08 32.75 171.00
321 27.08 70.88 67.67 28.10 148.23
322 27.03 40.50 27.16 26.89 177.84
323 27.12 24.96 19.59 18.22 126.32
324 27.08 50.29 28.00 29.54 180.48
325 27.19 82.42 80.74 22.61 109.18
326 27.13 57.72 33.07 30.00 170.72
327 27.24 65.24 45.77 28.63 169.10
328 27.36 21.27 19.63 17.15 116.21
329 27.44 34.12 24.96 26.18 159.65
330 27.35 60.08 38.11 30.79 162.75
331 27.54 18.09 18.19 14.50 98.56
332 27.47 74.62 91.78 27.06 151.92
333 27.61 45.29 28.62 30.73 179.02
334 27.55 36.50 25.89 24.89 165.17
335 27.55 47.64 29.33 28.74 190.29
336 27.68 77.36 97.74 25.64 142.85
337 27.67 29.55 23.49 20.79 141.46
338 27.69 42.23 27.31 27.94 187.90
339 27.80 52.25 32.89 30.97 184.14
340 27.73 54.67 34.75 30.29 185.33
341 27.79 63.07 47.14 28.95 184.00
342 27.88 14.57 17.81 12.89 83.08
343 27.96 27.07 22.40 19.52 132.55
344 27.97 38.77 27.62 27.63 148.40
345 28.01 80.07 110.79 23.00 129.16
346 27.88 67.70 66.49 29.96 176.24
347 28.03 32.14 27.03 22.86 147.27
348 28.05 72.26 102.96 28.59 176.32
349 28.16 84.67 84.09 18.82 105.77
350 28.26 24.26 23.91 18.93 124.99
351 28.10 57.28 37.78 31.79 195.10
352 28.17 49.76 33.23 30.67 188.87
353 28.40 69.72 103.59 29.58 191.67
354 28.31 65.16 70.82 30.23 185.05
355 28.35 59.56 45.45 32.21 186.14
356 28.50 20.82 24.52 15.14 117.14
357 28.61 61.70 63.59 32.21 197.48
358 28.62 43.43 33.45 29.51 184.49
359 28.58 35.87 29.34 26.26 167.95
360 28.71 40.87 30.37 28.88 177.93
361 28.71 75.13 121.76 25.64 169.04
362 28.80 87.57 68.72 13.94 78.56
363 28.74 46.49 33.87 28.03 189.81
364 28.80 53.10 39.56 32.29 185.97
365 28.73 55.26 43.53 34.42 187.84
366 28.97 18.21 27.84 14.62 114.57
367 28.83 29.20 26.75 20.44 152.77
368 29.00 82.09 102.46 20.63 135.54
369 29.00 67.31 120.57 30.75 200.69
370 29.15 15.68 29.13 14.42 108.58
371 29.13 78.21 118.38 23.26 160.66
372 29.11 31.77 27.42 23.79 154.36
373 29.20 48.56 41.61 31.10 199.00
374 29.22 51.01 39.51 31.07 187.59
375 29.19 26.56 28.21 21.21 145.04
376 29.34 34.43 31.12 25.23 165.74
377 29.18 37.92 31.51 27.90 173.37
378 29.18 63.86 100.18 30.89 204.62
379 29.19 57.10 53.90 32.22 200.20
380 29.16 72.19 138.08 25.98 190.84
381 29.32 23.29 28.11 17.21 131.79
382 29.45 58.94 73.24 30.97 216.76
383 29.51 84.96 96.70 17.18 122.27
384 29.52 44.50 37.50 32.97 196.47
385 29.69 13.26 31.19 12.99 94.27
386 29.71 60.82 96.51 32.83 216.27
387 29.63 69.74 146.73 30.52 208.31
388 29.75 39.80 37.69 28.40 183.43
389 29.77 54.11 56.42 29.87 204.19
390 29.86 65.79 147.67 29.97 222.07
391 29.91 21.06 34.47 18.22 135.10
392 29.84 75.43 134.77 26.63 191.49
393 30.03 42.09 40.84 29.69 184.24
394 30.11 80.23 111.56 20.94 155.82
395 30.02 29.55 32.43 21.47 153.96
396 30.10 46.43 46.59 30.45 205.23
397 30.12 62.58 137.02 29.88 222.52
398 30.20 32.48 36.49 24.29 177.79
399 30.26 36.93 39.96 26.53 181.26
400 30.26 67.80 156.22 31.55 217.32
401 30.24 56.16 78.28 33.93 208.92
402 30.27 26.90 40.44 21.81 158.53
403 30.25 72.55 152.85 28.19 209.16
404 30.39 18.64 40.09 18.46 131.27
405 30.29 50.79 62.33 32.97 212.88
406 30.39 24.24 45.07 19.19 153.95
407 30.44 48.67 56.31 31.74 205.98
408 30.65 86.08 82.12 17.18 126.92
409 30.60 15.98 43.74 15.89 130.11
410 30.65 34.83 45.03 23.79 177.40
411 30.59 58.53 115.87 32.64 228.15
412 30.70 77.47 121.03 22.30 171.36
413 30.73 82.73 91.90 19.88 145.83
414 30.72 52.53 84.78 31.26 223.93
415 30.72 64.32 170.93 31.16 232.59
416 30.76 44.33 53.50 31.79 197.03
417 30.86 70.38 155.96 27.99 218.03
418 30.82 39.22 47.21 29.63 186.82
419 30.98 60.68 144.30 33.53 223.25
420 31.11 12.91 57.59 13.59 115.29
421 31.06 74.60 137.22 27.29 200.96
422 31.17 54.39 118.81 32.83 223.34
423 31.06 30.70 45.13 23.07 167.31
424 31.25 28.18 53.49 22.60 165.14
425 31.13 21.86 58.22 18.29 154.53
426 31.20 41.71 65.10 30.72 201.21
427 31.37 47.05 85.42 32.53 213.79
428 31.37 56.76 134.84 34.22 228.31
429 31.42 67.67 174.52 33.40 226.13
430 31.55 32.93 53.14 25.91 175.49
431 31.42 62.66 168.64 33.05 232.66
432 31.51 65.56 185.03 34.05 231.78
433 31.50 88.44 51.23 16.39 87.34
434 31.47 24.85 60.35 20.65 158.72
435 31.64 79.73 85.78 23.77 159.44
436 31.60 49.69 103.77 33.22 228.55
437 31.68 35.79 66.51 26.58 190.35
438 31.70 18.84 77.17 16.91 149.69
439 31.78 72.45 136.90 27.93 217.79
440 31.82 38.11 74.53 30.06 203.97
441 31.77 15.74 77.74 15.30 141.96
442 31.88 51.94 129.21 34.15 224.73
443 31.91 59.00 166.45 35.39 232.13
444 31.83 44.05 84.77 32.11 217.03
445 31.91 69.63 158.80 31.31 228.59
446 32.00 84.96 69.65 19.78 129.49
447 32.06 76.94 123.84 25.38 218.98
448 32.03 82.48 75.30 19.97 151.44
449 31.96 86.40 64.04 18.96 125.88
450 32.19 26.85 89.56 22.76 178.36
451 32.22 40.35 104.43 28.49 200.08
452 32.21 30.16 78.22 24.94 182.95
453 32.21 21.74 94.17 19.40 163.96
454 32.32 61.17 185.48 35.42 232.75
455 32.37 54.76 158.88 34.84 232.17
456 32.49 74.50 113.00 28.12 203.89
457 32.38 45.88 121.18 33.23 226.47
458 32.46 63.56 176.99 36.21 229.54
459 32.67 42.35 121.10 30.87 213.18
460 32.59 56.86 167.89 34.06 236.71
461 32.63 48.46 152.41 35.18 230.56
462 32.61 66.29 170.93 31.70 233.55
463 32.73 13.57 95.91 15.82 131.31
464 32.66 34.01 94.44 25.23 197.12
465 32.74 10.66 79.55 13.48 116.68
466 32.72 24.34 100.44 21.97 163.82
467 32.96 36.27 122.49 30.01 203.74
468 32.84 71.11 129.81 30.58 221.22
469 32.88 87.46 51.22 16.84 100.48
470 33.05 19.29 116.79 18.20 162.91
471 33.03 68.43 140.83 32.52 223.52
472 33.03 31.90 106.74 26.11 190.96
473 33.12 50.54 165.35 35.46 237.61
474 33.08 52.89 163.62 34.19 234.20
475 33.04 79.83 72.19 23.61 159.63
476 33.07 16.68 108.78 18.29 150.38
477 33.07 38.49 124.88 31.42 211.69
478 33.15 28.71 114.91 24.24 191.44
479 33.12 58.74 173.88 34.35 234.60
480 33.16 83.44 60.61 20.52 134.28
481 33.40 44.25 144.92 33.96 223.13
482 33.43 77.17 75.60 26.01 177.39
483 33.46 21.75 125.20 20.33 177.14
484 33.49 26.34 118.36 21.89 189.75
485 33.46 46.55 164.98 33.43 231.57
486 33.49 61.01 173.20 37.54 234.71
487 33.47 64.53 163.52 34.93 236.75
488 33.67 40.40 150.64 32.64 214.32
489 33.60 55.41 173.60 36.04 238.59
490 33.80 74.86 80.74 26.46 198.82
491 33.86 72.62 89.53 29.24 213.00
492 34.02 66.28 131.71 34.32 228.18
493 33.98 48.39 168.25 34.50 233.44
494 34.04 62.79 153.52 34.46 238.82
495 34.03 24.00 131.98 21.47 186.80
496 34.06 30.48 139.48 26.70 199.47
497 34.06 35.10 145.38 30.11 213.74
498 34.03 11.36 93.61 13.14 130.04
499 34.07 15.19 105.35 15.65 148.27
500 34.12 70.46 102.11 28.69 216.11
501 34.12 85.46 52.54 21.26 107.82
502 34.18 42.43 159.17 31.69 224.84
503 34.28 32.92 147.20 26.26 207.67
504 34.29 88.44 46.29 16.88 80.88
505 34.25 37.78 167.34 32.47 219.78
506 34.26 51.85 177.39 34.88 237.30
507 34.22 81.90 54.61 22.19 122.71
508 34.23 59.11 167.23 36.74 234.20
509 34.34 68.32 113.04 34.53 229.96
510 34.45 18.19 111.85 18.47 165.76
511 34.34 27.95 138.44 24.87 198.92
512 34.52 56.84 157.57 38.44 234.87
513 34.55 54.12 172.63 34.21 236.47
514 34.57 78.74 59.34 27.10 142.60
515 34.63 45.57 164.47 35.00 229.30
516 34.74 20.78 131.11 20.78 164.52
517 34.77 49.74 172.69 34.34 234.88
518 34.94 64.52 123.52 36.24 231.03
519 34.98 76.01 67.10 28.22 172.70
520 34.91 40.42 175.52 31.35 226.32
521 34.97 61.78 123.69 35.78 230.75
522 35.00 13.60 104.09 15.47 146.37
523 35.11 25.54 132.49 22.53 185.27
524 35.13 73.21 74.80 31.37 191.65
525 35.26 23.18 127.89 21.32 163.90
526 35.18 36.00 166.91 31.16 222.19
527 35.31 9.96 79.28 13.32 114.86
528 35.25 43.30 157.39 35.87 224.42
529 35.30 31.07 154.13 28.08 199.68
530 35.31 59.59 122.21 34.19 233.63
531 35.30 66.65 96.05 32.58 221.50
532 35.27 69.69 83.20 30.35 208.23
533 35.51 38.39 171.60 32.13 219.43
534 35.45 47.67 160.12 37.17 237.31
535 35.37 84.96 57.52 20.59 91.20
536 35.38 28.39 148.38 25.76 196.78
537 35.62 33.79 166.10 31.54 210.74
538 35.42 81.18 53.71 22.39 110.10
539 35.56 52.54 159.03 36.12 235.60
540 35.72 16.28 92.66 18.39 151.88
541 35.61 88.45 53.69 19.07 65.29
542 35.66 55.07 139.13 35.10 230.50
543 35.85 57.29 119.49 35.45 229.61
544 35.77 19.07 105.34 19.66 157.74
545 35.82 45.33 152.21 35.31 230.08
546 35.89 50.24 148.04 35.00 234.53
547 36.12 70.99 63.04 31.46 191.19
548 35.99 77.53 55.09 28.52 120.96
549 35.97 41.09 153.57 32.53 229.00
550 36.01 63.89 92.98 31.52 227.05
551 36.24 91.25 64.13 15.92 35.68
552 36.13 12.79 78.81 15.47 134.66
553 36.20 21.61 104.95 22.16 170.26
554 36.22 26.19 131.07 24.16 193.33
555 36.21 61.77 88.90 36.62 221.44
556 36.27 68.50 71.13 32.40 202.59
557 36.31 75.01 59.86 30.56 151.22
558 36.43 36.74 150.64 33.12 216.10
559 36.34 66.26 74.98 32.71 206.07
560 36.52 72.88 64.28 29.92 172.88
561 36.49 31.01 134.04 27.80 206.18
562 36.46 59.39 100.13 34.91 224.14
563 36.60 28.58 135.82 26.52 194.33
564 36.54 43.03 134.71 33.23 225.55
565 36.63 82.29 61.91 24.04 84.60
566 36.64 79.55 58.96 26.46 96.93
567 36.74 85.05 66.92 21.18 63.92
568 36.65 48.28 131.92 35.46 232.87
569 36.84 23.96 108.60 22.50 171.40
570 36.81 39.26 138.40 32.51 227.19
571 36.87 9.75 59.15 14.19 101.92
572 36.77 52.08 122.27 35.49 237.14
573 36.75 54.47 110.54 36.20 229.35
574 36.92 33.10 129.21 27.84 206.32
575 36.85 45.94 131.78 35.81 223.67
576 36.93 18.85 86.80 19.74 157.10
577 37.04 87.90 76.31 19.38 48.24
578 37.05 15.81 72.97 16.65 137.65
579 37.23 35.21 130.76 27.58 207.78
580 37.07 56.95 93.27 35.85 215.57
581 37.27 65.13 70.75 33.90 200.22
582 37.36 63.23 73.19 34.99 203.38
583 37.43 49.98 96.37 35.30 223.09
584 37.39 13.05 65.02 18.23 124.87
585 37.49 41.78 107.99 34.92 218.87
586 37.42 77.09 66.33 25.92 97.98
587 37.48 26.56 110.12 23.19 176.10
588 37.47 61.03 74.81 35.28 208.49
589 37.55 67.20 63.42 34.65 171.61
590 37.60 69.28 63.14 35.12 160.15
591 37.51 71.34 66.70 31.25 150.88
592 37.53 21.68 81.36 21.33 163.81
593 37.62 73.99 67.51 33.09 123.82
594 37.66 44.35 104.96 33.73 211.61
595 37.75 90.36 80.59 17.85 29.45
596 37.68 30.36 118.42 27.26 197.34
597 37.84 58.90 75.64 36.97 203.49
598 37.90 37.24 109.12 33.43 201.05
599 37.85 47.46 98.67 35.03 210.91
600 37.92 54.57 79.08 38.38 210.22
601 37.95 79.87 80.74 25.84 74.79
602 37.94 83.33 82.74 24.19 57.59
603 38.05 39.69 104.73 30.80 207.08
604 38.04 51.90 86.81 37.64 215.17
605 38.10 18.31 65.50 18.37 140.72
606 38.24 32.39 104.60 26.55 192.30
607 38.29 11.06 50.12 15.47 97.63
608 38.22 24.06 87.35 21.15 146.67
609 38.29 28.57 94.13 27.41 166.39
610 38.30 56.83 72.76 36.24 201.54
611 38.38 86.57 96.91 21.18 39.27
612 38.46 34.63 107.20 30.01 188.18
613 38.48 75.77 85.18 31.03 87.28
614 38.53 14.54 54.86 17.73 117.82
615 38.57 65.48 65.51 35.70 148.27
616 38.53 62.75 67.24 36.33 170.81
617 38.75 92.20 79.94 17.01 19.70
618 38.75 21.15 66.06 21.27 138.41
619 38.63 42.64 88.04 33.22 203.34
620 38.61 45.58 84.90 37.11 197.36
621 38.69 49.07 80.12 34.89 197.84
622 38.75 67.93 73.45 32.34 123.72
623 38.68 71.18 83.70 32.07 113.68
624 38.88 26.18 75.84 24.86 139.34
625 38.84 60.43 72.78 37.35 172.43
626 38.85 73.58 87.34 31.80 97.17
627 39.06 78.20 107.63 28.53 60.36
628 38.98 81.55 108.48 27.44 48.65
629 38.97 8.69 37.77 15.45 79.82
630 39.02 53.09 76.06 39.18 189.93
631 39.18 16.62 54.60 19.43 103.91
632 39.10 38.11 80.69 30.14 183.08
633 39.22 89.03 97.03 19.35 26.89
634 39.29 31.02 75.14 25.96 156.85
635 39.35 40.43 75.76 32.05 171.90
636 39.24 55.62 70.59 36.77 168.06
637 39.34 58.45 70.82 34.77 157.80
638 39.34 84.55 112.78 23.32 38.48
639 39.43 35.76 80.87 28.32 171.93
640 39.40 50.75 70.60 35.81 176.30
641 39.54 19.06 54.73 20.84 113.99
642 39.47 23.57 61.41 23.28 123.62
643 39.42 28.64 71.56 24.93 146.19
644 39.57 47.10 80.01 38.79 173.99
645 39.49 69.67 91.43 34.66 91.68
646 39.49 64.21 81.51 36.28 123.26
647 39.77 33.22 75.96 28.13 157.78
648 39.71 13.19 46.32 17.88 93.21
649 39.70 44.83 66.89 32.26 146.74
650 39.78 75.91 123.83 31.48 60.58
651 39.71 61.99 81.32 37.11 123.97
652 39.86 42.49 68.28 34.51 149.60
653 39.87 72.47 109.27 34.59 73.09
654 39.99 66.18 87.84 37.25 99.25
655 40.10 10.13 40.54 15.45 69.77
656 40.06 68.02 115.11 34.98 92.33
657 40.26 7.08 34.34 12.43 47.84
658 40.13 21.23 57.35 21.38 100.59
659 40.13 80.08 113.85 28.28 39.80
660 40.23 25.58 64.58 24.74 109.21
661 40.13 53.99 80.23 34.27 139.30
662 40.21 86.27 100.08 22.65 26.24
663 40.21 90.98 79.11 17.59 19.08
664 40.27 48.98 72.32 35.68 134.11
665 40.32 82.66 117.94 26.67 31.55
666 40.34 38.33 74.84 31.87 141.54
667 40.35 56.51 90.29 36.81 127.62
668 40.41 27.89 58.29 25.93 104.50
669 40.50 51.73 77.66 37.49 133.34
670 40.34 88.26 87.33 21.37 22.77
671 40.53 15.84 45.56 18.62 75.16
672 40.57 60.68 107.30 37.80 97.05
673 40.55 30.46 66.93 28.29 119.09
674 40.60 58.64 103.45 37.54 109.83
675 40.67 77.82 132.06 31.36 42.68
676 40.57 63.78 115.48 36.83 88.22
677 40.55 70.57 124.41 34.84 65.12
678 40.68 74.39 140.51 33.58 51.60
679 40.56 35.65 74.71 31.44 132.51
680 40.76 93.70 54.55 15.81 11.24
681 40.78 18.50 54.94 21.10 82.12
682 40.88 23.14 63.48 24.63 90.37
683 40.85 40.66 76.18 34.52 120.31
684 41.03 45.59 79.63 35.03 116.41
685 41.05 43.22 80.60 33.78 113.89
686 41.02 12.65 47.28 17.32 58.84
687 40.94 32.71 73.59 28.57 114.50
688 41.25 47.76 85.67 35.96 101.96
689 41.26 54.15 104.38 39.68 86.32
690 41.19 65.76 134.36 38.68 66.80
691 41.20 68.30 131.71 37.36 62.19
692 41.32 84.11 108.50 27.12 25.77
693 41.45 50.30 111.17 39.16 94.33
694 41.47 87.12 85.97 22.58 20.73
695 41.45 20.94 68.95 22.34 76.03
696 41.40 62.38 136.91 39.45 68.89
697 41.52 72.92 143.72 34.28 47.36
698 41.42 80.30 122.40 27.57 32.04
699 41.55 24.91 69.35 24.21 74.97
700 41.49 91.12 70.33 18.89 15.72
701 41.54 9.33 51.82 14.86 45.53
702 41.50 27.39 74.96 26.01 82.84
703 41.47 37.71 83.73 32.81 102.82
704 41.43 88.96 81.46 20.69 18.58
705 41.55 56.37 120.83 38.00 83.25
706 41.60 76.53 132.31 31.12 38.97
707 41.62 70.94 144.54 36.39 51.71
708 41.73 29.91 83.35 30.72 80.96
709 41.73 35.06 80.75 29.91 89.74
710 41.77 60.29 133.10 39.17 67.45
711 41.83 16.07 60.11 20.01 58.90
712 41.93 58.30 143.82 38.45 69.03
713 42.05 52.37 130.57 37.24 76.93
714 42.06 64.02 162.18 38.65 55.14
715 42.00 40.13 92.93 36.01 80.90
716 42.14 18.84 71.91 22.44 58.59
717 42.06 32.73 87.93 28.70 77.88
718 42.17 93.42 47.00 17.35 10.93
719 42.14 66.92 154.44 39.58 49.86
720 42.10 12.07 63.65 17.98 40.30
721 42.33 74.89 131.65 31.81 34.17
722 42.29 69.19 149.59 36.58 45.14
723 42.35 13.80 67.51 19.29 40.86
724 42.27 42.69 98.89 35.22 71.66
725 42.33 45.70 103.86 36.95 72.22
726 42.39 48.54 114.74 36.22 68.21
727 42.43 22.27 85.05 22.94 55.26
728 42.50 79.03 112.01 30.22 28.41
729 42.42 84.80 90.48 25.97 21.87
730 42.54 54.58 141.45 41.82 61.39
731 42.61 81.81 93.19 26.60 25.92
732 42.58 61.79 151.29 39.33 49.00
733 42.59 25.55 87.81 27.38 55.07
734 42.65 37.21 111.60 30.60 63.15
735 42.64 89.83 63.58 19.80 16.87
736 42.70 27.81 94.15 27.02 57.81
737 42.81 9.38 63.95 15.91 28.15
738 42.88 50.74 161.97 40.87 60.19
739 42.87 71.14 130.39 35.06 38.03
740 42.89 56.90 142.14 40.15 52.08
741 42.93 73.13 124.75 34.93 32.65
742 42.94 30.05 106.44 29.67 52.05
743 42.89 65.49 155.34 40.20 41.93
744 42.98 76.76 118.71 32.71 30.84
745 42.92 16.84 81.34 22.60 40.92
746 43.20 87.10 66.13 24.35 18.96
747 43.07 34.78 118.83 31.68 50.93
748 43.03 59.69 160.77 39.23 48.31
749 43.05 39.69 125.71 33.25 55.06
750 43.21 19.90 95.94 22.76 40.44
751 43.15 32.28 108.60 30.33 49.76
752 43.28 23.85 107.84 25.28 44.07
753 43.25 68.27 136.83 38.71 37.41
754 43.31 12.07 72.94 18.41 28.91
755 43.26 44.07 122.55 34.00 49.68
756 43.27 63.42 153.02 37.74 41.41
757 43.42 47.18 132.29 37.70 50.48
758 43.51 41.66 130.41 36.13 47.12
759 43.49 92.21 43.95 18.62 13.09
760 43.56 53.00 155.64 41.84 46.34
761 43.80 14.89 85.54 21.36 29.15
762 43.80 21.96 115.31 26.16 33.37
763 43.67 26.10 119.54 28.85 40.25
764 43.65 84.17 69.61 26.07 21.22
765 43.79 78.54 85.09 31.29 24.33
766 43.81 74.69 106.54 32.64 27.88
767 43.81 66.68 132.02 38.12 34.88
768 43.88 81.12 72.32 30.37 23.31
769 43.82 37.93 126.81 33.60 43.85
770 43.79 49.80 151.45 38.88 45.35
771 43.93 55.64 152.45 41.03 43.34
772 43.88 57.94 156.17 40.57 41.40
773 43.81 61.39 146.10 39.40 38.28
774 43.85 70.44 119.18 37.69 32.82
775 43.92 28.43 109.65 28.78 37.87
776 43.96 89.51 50.32 21.16 15.07
777 44.02 17.58 96.64 23.19 29.55
778 44.25 7.04 64.35 14.30 16.51
779 44.14 10.08 70.86 17.41 23.37
780 44.17 30.88 115.52 31.03 36.03
781 44.17 64.79 132.18 39.10 35.55
782 44.20 33.26 122.18 34.01 35.66
783 44.19 35.74 124.73 34.40 39.93
784 44.22 45.22 134.75 37.45 41.10
785 44.19 72.42 96.47 36.65 30.45
786 44.41 19.96 103.15 26.53 29.25
787 44.44 93.98 32.86 15.54 9.57
788 44.45 59.71 145.63 41.23 35.65
789 44.46 68.59 102.50 38.97 30.29
790 44.52 76.72 79.61 34.09 26.81
791 44.59 24.40 110.96 26.66 27.74
792 44.57 40.03 134.30 34.49 36.87
793 44.55 85.96 51.30 25.18 18.47
794 44.55 42.74 137.18 37.71 37.75
795 44.63 48.21 135.81 38.19 38.26
796 44.65 50.97 143.27 39.22 39.12
797 44.60 62.91 127.66 39.50 33.24
798 44.63 53.72 136.70 43.05 37.92
799 44.79 13.56 83.81 19.54 21.35
800 44.80 26.84 109.38 28.52 30.32
801 44.95 82.86 55.95 28.83 20.84
802 45.19 91.59 41.44 19.35 12.39
803 44.98 70.35 80.44 37.00 28.58
804 44.90 79.47 61.09 30.41 22.32
805 44.99 22.22 105.38 26.21 27.98
806 45.05 29.37 104.42 29.63 27.37
807 44.94 66.80 97.75 38.41 28.43
808 44.94 74.44 74.55 35.31 26.13
809 45.04 37.66 121.14 32.38 31.01
810 45.14 58.05 118.13 40.48 34.33
811 45.12 87.84 49.04 23.22 17.02
812 45.12 46.12 132.89 37.69 35.58
813 45.17 55.81 128.54 38.82 33.34
814 45.13 17.80 89.11 23.97 25.55
815 45.17 34.77 121.18 33.30 30.55
816 45.21 61.35 121.94 40.92 30.62
817 45.16 89.44 50.33 21.07 14.63
818 45.27 72.28 76.02 36.09 26.59
819 45.36 32.05 105.75 31.60 29.75
820 45.20 9.88 63.87 16.57 17.48
821 45.45 11.62 69.15 17.99 17.74
822 45.37 64.60 92.34 36.02 31.05
823 45.49 7.90 56.19 15.14 14.49
824 45.68 15.25 75.33 19.42 19.75
825 45.49 52.18 114.19 39.98 34.45
826 45.65 41.39 117.66 38.12 30.55
827 45.68 43.77 118.82 36.58 31.50
828 45.63 20.07 80.12 24.32 23.48
829 45.66 49.38 121.03 40.35 33.10
830 45.76 68.87 74.54 36.71 27.67
831 45.78 75.66 59.48 32.13 25.97
832 45.83 78.03 54.03 32.81 23.11
833 45.74 80.95 53.49 28.10 21.07
834 45.85 23.61 87.78 27.09 22.47
835 45.84 25.98 89.83 26.42 22.68
836 45.83 85.39 44.09 25.91 18.09
837 45.96 59.97 89.25 40.82 30.65
838 46.01 28.18 84.88 28.58 24.12
839 45.97 66.90 71.28 37.13 29.28
840 46.12 39.36 103.16 35.25 27.60
841 46.10 54.14 98.92 41.23 31.57
842 46.16 62.58 87.35 40.86 28.59
843 46.16 30.47 89.02 31.83 24.83
844 46.17 37.07 99.93 34.34 28.82
845 46.12 46.69 110.31 38.14 30.87
846 46.16 56.95 93.68 41.85 29.02
847 46.22 70.88 65.66 37.37 26.21
848 46.10 34.61 101.55 33.06 26.62
849 46.19 73.37 64.35 35.32 24.60
850 46.28 17.99 68.16 24.45 19.95
851 46.36 83.15 50.44 28.60 18.67
852 46.40 89.34 49.60 22.72 14.99
853 46.39 94.23 41.46 16.89 9.01
854 46.45 5.78 40.23 14.20 10.89
855 46.43 21.43 72.48 25.48 20.23
856 46.34 65.01 70.08 42.06 26.23
857 46.34 87.07 45.73 27.49 16.86
858 46.58 9.77 48.35 16.41 14.28
859 46.64 13.04 54.76 19.84 15.84
860 46.53 92.04 49.17 19.24 11.14
861 46.63 32.90 81.67 30.28 24.68
862 46.51 51.42 88.69 41.12 30.69
863 46.68 48.77 91.14 42.74 30.17
864 46.87 16.12 57.35 20.92 18.63
865 46.74 76.95 59.11 33.99 21.03
866 46.67 80.25 52.70 29.10 21.69
867 46.97 25.05 65.13 29.13 21.06
868 46.77 44.48 89.36 38.91 28.07
869 46.88 58.73 67.38 40.79 28.41
870 46.83 68.37 68.07 40.85 25.24
871 46.87 41.86 88.21 38.56 28.22
872 46.95 27.07 64.94 28.58 20.64
873 47.00 60.80 71.19 38.94 26.83
874 47.03 55.14 67.27 39.90 27.43
875 46.99 35.83 74.98 34.63 23.19
876 47.15 23.13 63.20 26.53 20.87
877 47.09 29.21 67.25 30.12 21.98
878 47.16 86.19 57.37 26.50 16.54
879 47.12 66.34 61.32 36.83 25.02
880 47.18 64.17 66.43 39.86 25.48
881 47.23 70.20 62.71 36.31 24.35
882 47.22 39.08 79.34 36.21 25.60
883 47.32 18.92 55.75 26.18 19.16
884 47.42 52.91 69.93 41.61 27.13
885 47.35 46.57 76.74 39.25 28.12
886 47.39 57.02 66.84 39.56 28.20
887 47.54 72.17 64.51 39.44 25.12
888 47.48 62.49 68.94 38.60 26.62
889 47.67 8.26 34.98 15.48 11.68
890 47.51 21.06 59.69 25.30 18.38
891 47.50 50.28 69.33 41.26 27.56
892 47.49 82.64 60.23 29.05 18.99
893 47.60 89.11 62.21 22.28 14.59
894 47.75 14.94 40.32 21.60 16.14
895 47.65 79.36 65.29 32.92 20.23
896 47.72 34.20 60.58 32.90 21.42
897 47.84 93.21 59.79 19.52 10.06
898 47.87 11.99 36.77 18.07 13.06
899 47.77 76.64 70.75 33.56 22.08
900 47.76 90.65 63.96 20.18 13.27
901 47.83 36.98 63.25 34.08 20.89
902 47.79 43.96 67.14 39.36 28.42
903 47.89 41.36 67.44 34.38 25.34
904 48.11 17.45 45.10 23.56 16.67
905 48.03 68.83 82.34 39.64 24.85
906 47.99 74.46 77.47 35.77 21.89
907 47.98 27.61 47.61 27.41 20.69
908 48.03 48.28 66.04 39.85 26.76
909 48.06 30.42 54.35 32.51 20.46
910 48.13 66.93 79.75 40.48 24.92
911 48.05 60.08 68.98 40.11 26.75
912 48.12 64.63 74.55 40.04 25.91
913 48.20 23.85 52.81 32.48 20.72
914 48.23 84.81 67.61 29.80 18.08
915 48.21 55.18 64.18 42.73 29.00
916 48.27 57.74 67.05 41.26 25.53
917 48.41 25.83 50.05 29.02 20.00
918 48.43 39.07 63.97 35.59 24.54
919 48.30 51.95 68.72 39.57 27.09
920 48.44 71.17 89.40 41.03 23.90
921 48.46 19.82 44.69 25.19 16.50
922 48.46 32.68 53.80 32.96 20.72
923 48.46 45.88 66.44 39.11 26.76
924 48.55 80.99 82.53 30.25 18.24
925 48.56 87.96 66.94 25.19 15.35
926 48.52 21.99 46.29 27.24 16.96
927 48.57 62.56 88.38 41.64 25.51
928 48.77 9.88 31.55 16.68 10.73
929 48.70 78.16 95.61 34.68 20.65
930 48.72 49.79 65.04 37.44 26.46
931 48.76 95.07 52.70 18.36 9.35
932 48.69 36.65 55.10 36.47 22.29
933 48.75 4.94 21.71 12.85 8.62
934 48.92 34.48 54.29 35.02 21.16
935 48.82 43.35 62.02 37.29 26.71
936 48.90 13.54 34.07 19.14 13.83
937 48.92 29.33 51.65 33.11 20.85
938 49.02 75.75 100.39 34.73 21.43
939 48.96 91.54 64.29 21.89 11.71
940 49.15 6.21 25.22 14.75 9.13
941 49.03 16.28 39.42 24.17 14.97
942 48.98 41.02 60.08 36.58 23.44
943 48.97 53.96 73.79 40.38 26.42
944 49.06 60.63 94.77 43.11 26.77
945 49.03 73.54 96.58 38.77 23.87
946 49.07 65.53 97.32 41.02 23.81
947 49.13 47.61 67.39 38.05 25.11
948 49.09 69.35 103.54 40.90 24.65
949 49.17 83.27 79.22 27.88 19.27
950 49.15 27.40 53.62 32.19 21.90
951 49.20 58.43 82.52 42.35 24.90
952 49.18 31.62 54.60 32.84 19.38
953 49.27 51.69 80.97 43.31 25.80
954 49.34 24.67 53.81 29.89 18.03
955 49.29 56.27 83.87 42.67 26.27
956 49.43 18.55 44.91 25.85 15.90
957 49.45 67.43 113.30 39.64 24.77
958 49.47 20.80 47.59 27.61 17.09
959 49.55 85.98 73.22 28.71 16.43
960 49.46 38.27 64.08 36.20 22.05
961 49.47 45.27 68.84 38.86 24.89
962 49.62 63.81 105.27 44.31 25.71
963 49.56 71.65 116.80 40.49 23.54
964 49.58 22.88 50.70 28.00 17.04
965 49.66 79.75 84.75 33.65 19.33
966 49.70 10.91 35.60 17.71 11.06
967 49.72 35.99 62.51 36.43 22.43
968 49.82 89.10 65.87 24.94 13.96
969 49.91 12.15 37.77 19.72 12.81
970 49.85 49.43 87.09 41.76 25.40
971 49.91 61.84 110.79 40.11 24.24
972 49.86 77.15 98.96 37.66 20.86
973 49.90 30.63 61.17 32.28 18.20
974 50.02 33.30 59.27 36.00 20.09
975 50.05 42.29 68.36 40.98 23.56
976 49.98 54.54 110.52 44.56 26.10
977 49.95 92.87 55.58 20.57 10.24
978 50.08 14.59 39.68 20.52 13.33
979 50.08 27.97 62.98 35.94 20.23
980 50.07 40.17 77.61 36.39 22.03
981 50.08 74.20 100.97 39.89 21.78
982 50.30 16.91 44.53 23.93 14.85
983 50.15 59.34 116.58 44.26 25.56
984 50.23 26.03 68.86 32.65 18.54
985 50.23 69.84 114.55 42.00 22.85
986 50.26 82.24 80.29 30.20 19.39
987 50.28 47.15 92.41 41.90 25.54
988 50.27 52.03 104.76 46.09 25.85
989 50.44 9.59 34.99 17.41 11.59
990 50.33 44.33 84.06 40.69 25.49
991 50.38 57.05 112.02 44.94 26.18
992 50.39 65.77 98.82 44.41 24.10
993 50.50 19.50 54.57 30.65 16.67
994 50.56 38.00 73.34 38.95 22.31
995 50.54 21.89 64.86 30.25 17.62
996 50.55 67.87 111.64 41.42 22.53
997 50.50 85.47 68.76 29.34 16.00
998 50.56 35.26 72.34 34.68 20.40
999 50.66 72.12 96.52 40.62 22.64
1000 50.73 24.06 67.88 32.14 18.42
1001 50.67 29.63 76.47 35.41 19.94
1002 50.74 63.31 102.32 43.85 24.63
1003 50.87 76.20 87.84 40.64 21.56
1004 50.83 79.34 75.31 36.04 19.61
1005 50.92 84.35 64.59 31.80 18.24
1006 50.89 87.20 56.48 27.43 15.17
1007 50.94 31.92 71.42 33.36 19.83
1008 50.99 91.42 45.95 24.82 11.82
1009 51.03 94.44 36.95 20.50 9.51
1010 50.94 49.64 105.75 44.42 25.61
1011 51.01 60.80 115.65 46.55 25.07
1012 51.01 89.00 50.93 27.81 14.11
1013 51.26 12.22 44.05 19.54 12.15
1014 51.13 55.21 115.55 45.61 26.00
1015 51.13 40.89 89.11 40.75 22.70
1016 51.14 53.14 106.84 45.64 25.62
1017 51.31 28.09 69.89 34.56 18.67
1018 51.32 34.16 70.84 37.63 19.22
1019 51.32 45.19 82.30 41.89 22.84
1020 51.28 58.67 104.62 49.42 23.83
1021 51.33 74.16 80.38 42.53 23.45
1022 51.36 25.95 65.88 35.14 19.00
1023 51.41 47.49 99.84 45.25 24.58
1024 51.34 69.47 82.07 44.24 23.27
1025 51.48 42.99 81.39 46.17 23.39
1026 51.57 5.44 31.29 16.16 9.04
1027 51.42 36.58 70.65 37.39 20.76
1028 51.46 66.68 83.61 45.05 24.36
1029 51.58 17.76 53.62 27.44 13.49
1030 51.54 20.22 60.70 30.82 16.12
1031 51.49 82.32 56.33 34.59 17.57
1032 51.58 39.02 79.70 43.49 21.63
1033 51.52 64.49 75.24 44.11 25.31
1034 51.64 8.70 35.48 18.51 9.75
1035 51.59 22.22 63.44 31.98 17.06
1036 51.75 51.44 89.36 47.59 25.16
1037 51.74 56.84 91.15 49.76 24.69
1038 51.68 71.48 70.68 42.02 22.89
1039 51.70 30.48 67.58 37.00 17.90
1040 51.78 76.96 65.02 41.07 19.93
1041 51.83 61.94 81.66 47.44 25.62
1042 51.91 24.31 64.11 37.15 19.36
1043 51.91 85.42 48.04 31.81 17.55
1044 52.07 32.92 62.64 39.91 19.96
1045 52.01 89.45 38.55 25.81 12.81
1046 52.12 49.41 81.23 46.23 25.61
1047 52.15 92.27 31.21 26.48 11.55
1048 52.19 53.72 77.02 45.64 25.38
1049 52.26 59.32 75.67 54.18 24.35
1050 52.24 68.01 63.58 47.00 22.77
1051 52.17 94.49 27.63 24.88 8.51
1052 52.24 35.59 65.02 41.78 20.52
1053 52.27 73.08 60.95 43.11 22.62
1054 52.43 75.22 53.63 42.40 21.82
1055 52.23 27.26 56.93 39.09 18.43
1056 52.32 41.22 74.81 45.59 22.83
1057 52.48 15.05 38.34 24.04 13.05
1058 52.38 46.00 72.38 47.31 23.64
1059 52.59 29.12 60.24 39.46 18.49
1060 52.45 38.10 62.58 43.75 23.00
1061 52.54 63.62 58.63 50.30 24.84
1062 52.50 12.23 34.35 21.58 11.81
1063 52.61 65.72 57.08 49.29 23.89
1064 52.56 83.18 45.60 34.28 17.43
1065 52.59 20.62 47.11 33.28 16.19
1066 52.48 43.70 63.90 45.41 24.76
1067 52.84 80.17 43.18 40.95 19.44
1068 52.57 5.23 26.90 18.40 9.36
1069 52.65 18.24 42.82 28.57 14.44
1070 52.66 23.10 51.30 36.25 18.54
1071 52.74 55.44 66.07 50.42 25.67
1072 52.73 77.65 48.02 43.41 20.59
1073 52.78 31.19 52.98 38.66 19.16
1074 52.79 57.36 60.58 52.67 25.53
1075 52.86 25.67 55.40 40.53 19.16
1076 52.90 47.89 66.13 50.85 25.26
1077 52.78 51.55 63.91 53.22 25.87
1078 52.83 60.79 60.59 52.06 23.82
1079 52.94 86.76 39.66 34.05 16.74
1080 52.88 89.55 34.85 31.38 14.11
1081 53.05 34.08 50.55 46.05 20.40
1082 53.13 40.25 54.23 45.98 24.11
1083 53.12 69.59 52.51 53.92 21.11
1084 52.82 94.89 20.50 29.50 12.75
1085 53.17 36.55 52.83 45.70 20.13
1086 53.25 42.69 51.22 49.41 23.16
1087 53.35 53.63 58.55 52.18 24.80
1088 53.15 72.79 50.68 49.39 21.17
1089 53.18 93.07 25.47 32.03 10.42
1090 53.35 62.28 56.03 55.43 23.22
1091 53.42 75.94 48.88 51.67 19.81
1092 53.72 7.87 21.53 23.71 9.39
1093 53.43 15.41 35.81 26.54 13.22
1094 53.49 21.85 43.05 38.05 16.51
1095 53.40 27.72 47.19 42.67 17.14
1096 53.53 91.55 33.85 34.20 12.19
1097 53.84 32.64 45.09 49.07 18.70
1098 53.58 81.60 38.19 45.44 19.49
1099 53.71 12.32 27.73 24.99 11.57
1100 53.60 19.46 36.18 34.62 15.31
1101 53.63 29.64 46.66 47.68 18.32
1102 53.63 56.49 52.24 58.06 22.68
1103 53.68 78.30 45.42 50.48 18.62
1104 53.70 23.76 45.34 44.18 18.43
1105 53.77 51.77 50.30 62.20 24.92
1106 53.89 74.03 52.10 56.50 21.27
1107 53.87 88.76 38.48 38.03 15.25
1108 53.87 9.55 24.35 22.67 9.40
1109 53.79 48.58 55.04 55.32 23.68
1110 53.82 66.17 46.53 59.49 23.67
1111 53.93 60.94 54.33 57.07 22.95
1112 53.94 41.10 48.91 56.21 22.51
1113 54.04 68.60 53.03 63.55 21.47
1114 54.09 6.18 20.70 23.23 8.45
1115 54.13 43.86 46.60 61.95 23.58
1116 54.07 46.13 47.37 60.56 25.12
1117 54.12 54.72 54.87 61.39 23.07
1118 54.20 26.76 38.12 48.88 18.05
1119 54.24 86.12 43.33 43.23 16.75
1120 54.34 36.86 49.19 57.48 20.15
1121 54.33 15.30 28.68 30.86 13.78
1122 54.31 30.96 45.11 58.13 19.42
1123 54.29 62.85 54.52 62.41 23.33
1124 54.46 83.25 47.14 48.82 18.45
1125 54.42 57.26 54.16 65.21 25.63
1126 54.48 80.58 46.42 53.71 18.24
1127 54.42 22.42 41.67 44.29 17.36
1128 54.51 50.39 57.28 66.14 24.69
1129 54.50 59.38 63.48 67.90 23.88
1130 54.42 76.85 50.36 59.05 19.58
1131 54.55 70.28 59.44 70.61 20.91
1132 54.47 19.84 35.32 42.58 15.45
1133 54.54 38.95 52.88 60.81 21.12
1134 54.75 13.42 25.75 28.73 12.36
1135 54.82 34.82 55.10 59.68 21.39
1136 54.65 47.94 51.73 64.90 24.49
1137 54.61 91.24 40.51 41.17 12.02
1138 54.62 94.30 34.24 39.26 8.86
1139 54.66 24.41 44.16 49.16 18.37
1140 54.78 52.88 55.51 69.19 25.07
1141 54.69 64.66 59.23 67.43 23.71
1142 54.87 72.52 66.29 71.00 22.20
1143 54.96 9.76 24.65 27.86 10.79
1144 54.87 67.25 61.32 69.95 21.88
1145 54.92 74.64 55.21 69.79 21.46
1146 54.67 95.70 32.95 35.84 8.11
1147 54.96 42.60 58.64 69.62 23.50
1148 54.72 25.89 42.00 55.00 19.50
1149 55.02 45.82 57.59 72.31 24.39
1150 55.02 61.31 67.84 73.56 23.66
1151 55.16 40.59 62.81 67.76 23.46
1152 55.10 55.32 63.14 71.89 24.17
1153 55.11 32.50 48.35 65.49 19.59
1154 55.25 78.74 64.67 62.48 19.15
1155 55.22 30.26 53.18 65.02 20.28
1156 55.34 6.48 25.72 28.86 8.12
1157 55.16 16.75 33.74 39.72 14.42
1158 55.16 88.63 54.19 43.91 15.02
1159 55.24 22.04 42.46 53.45 18.21
1160 55.26 27.35 53.18 65.51 20.33
1161 55.32 37.37 60.78 71.97 22.49
1162 55.50 58.14 84.15 79.85 24.96
1163 55.46 19.61 42.74 50.94 15.18
1164 55.48 85.25 62.18 55.02 16.95
1165 55.55 25.36 61.56 67.67 18.37
1166 55.56 82.23 63.61 56.50 17.74
1167 55.60 68.73 90.02 83.23 22.66
1168 55.60 70.76 87.85 79.20 23.10
1169 55.58 76.56 66.25 71.41 20.41
1170 55.56 49.45 67.35 82.69 25.60
1171 55.70 51.57 70.69 81.78 24.86
1172 55.71 63.73 87.29 85.31 23.94
1173 55.65 65.97 79.58 84.51 22.58
1174 55.69 93.29 56.57 46.04 10.50
1175 55.66 44.47 71.47 83.55 24.56
1176 55.83 14.37 36.66 38.57 12.59
1177 55.98 59.86 106.05 94.08 22.79
1178 55.89 23.70 58.18 63.94 18.28
1179 55.98 28.80 76.07 76.83 20.30
1180 55.95 33.98 67.62 81.84 19.89
1181 55.97 47.30 70.76 86.16 24.21
1182 55.97 74.33 81.65 85.85 20.43
1183 56.10 61.94 98.20 95.57 23.25
1184 56.23 90.78 66.99 55.22 11.89
1185 56.12 56.59 91.87 86.45 23.44
1186 56.08 8.99 32.93 34.45 9.70
1187 56.15 17.58 42.45 50.86 14.19
1188 56.16 31.65 65.05 83.89 20.04
1189 56.27 36.11 81.28 86.34 22.53
1190 56.19 42.61 86.28 87.16 24.67
1191 56.24 80.39 90.52 80.90 19.49
1192 56.25 38.26 73.73 92.12 23.80
1193 56.33 40.41 84.25 86.26 22.59
1194 56.34 21.58 61.31 63.21 16.40
1195 56.32 26.71 75.55 79.88 18.06
1196 56.29 72.17 100.17 93.07 22.19
1197 56.34 87.84 64.90 57.31 15.42
1198 56.48 95.64 57.84 50.10 8.51
1199 56.57 67.55 99.10 102.02 23.46
1200 56.52 78.15 81.69 82.69 20.53
1201 56.57 52.86 89.67 99.68 24.32
1202 56.52 5.00 31.30 33.35 8.10
1203 56.64 49.47 101.52 105.02 23.87
1204 56.63 84.48 72.77 67.54 16.80
1205 56.62 45.31 90.55 98.87 23.70
1206 56.71 65.56 110.78 105.73 23.98
1207 56.67 69.76 115.53 107.76 21.79
1208 56.85 12.55 41.86 41.44 10.96
1209 56.81 19.52 59.54 60.25 15.57
1210 56.84 76.01 92.94 90.16 21.33
1211 56.93 15.48 52.89 54.70 12.89
1212 56.78 29.82 84.18 92.27 18.84
1213 56.91 33.22 80.44 101.62 20.05
1214 56.93 25.17 78.41 90.09 19.73
1215 56.94 55.46 99.83 113.00 25.02
1216 56.97 58.10 105.91 107.79 24.67
1217 56.85 63.27 107.85 97.39 22.04
1218 56.91 82.37 69.29 73.94 19.56
1219 57.02 23.54 74.69 83.91 18.63
1220 57.21 93.05 72.02 63.48 10.20
1221 57.00 60.38 107.47 111.22 22.47
1222 57.07 73.53 87.13 112.13 22.70
1223 57.22 9.21 47.27 43.98 9.56
1224 57.14 47.52 98.20 121.34 24.98
1225 57.18 27.74 92.20 98.25 20.68
1226 57.19 35.30 80.79 110.12 20.58
1227 57.26 39.35 83.17 113.63 23.20
1228 57.20 42.68 95.73 113.94 23.13
1229 57.26 51.20 96.56 125.18 25.79
1230 57.28 71.41 101.50 118.74 22.78
1231 57.57 6.19 48.02 41.97 8.62
1232 57.40 31.46 82.80 107.04 20.67
1233 57.39 86.46 74.14 75.76 17.38
1234 57.49 37.37 80.93 116.70 23.48
1235 57.43 90.08 73.10 71.82 13.21
1236 57.49 21.76 72.90 83.75 16.58
1237 57.50 79.56 83.59 97.92 18.59
1238 57.22 81.23 83.00 81.00 20.17
1239 57.63 17.39 53.66 65.99 13.37
1240 57.48 44.84 88.77 125.06 26.81
1241 57.51 53.54 88.89 128.81 25.36
1242 57.68 95.45 59.42 65.40 9.03
1243 57.58 62.00 84.86 119.04 22.61
1244 57.60 64.55 104.04 125.64 22.58
1245 57.56 68.64 103.75 131.75 21.83
1246 57.80 66.62 89.42 138.66 23.91
1247 57.84 29.53 88.66 120.87 21.28
1248 57.83 40.86 81.73 125.79 24.69
1249 57.74 74.98 99.59 120.61 23.33
1250 57.90 77.41 92.25 113.03 21.33
1251 57.66 10.94 42.45 52.70 11.65
1252 57.96 49.12 89.74 142.57 25.90
1253 57.83 58.99 97.34 138.77 25.40
1254 57.87 19.60 65.80 85.02 15.44
1255 57.87 34.04 83.42 121.31 21.98
1256 57.90 56.27 88.39 141.93 24.86
1257 57.87 26.30 77.26 109.46 18.49
1258 57.91 82.31 77.65 104.24 18.84
1259 58.12 98.12 20.27 35.47 5.53
1260 58.06 14.37 53.44 61.99 13.74
1261 58.09 11.77 52.94 50.88 10.63
1262 58.07 24.59 66.88 118.35 19.56
1263 58.22 47.07 86.75 153.72 25.98
1264 58.24 70.18 78.93 153.93 23.17
1265 58.27 72.82 83.02 147.00 23.70
1266 58.24 42.82 76.94 142.44 25.94
1267 58.23 51.40 77.79 150.60 26.67
1268 58.37 84.84 65.51 94.72 17.73
1269 58.24 87.86 66.82 88.59 15.94
1270 58.34 35.96 67.38 145.53 24.70
1271 58.38 63.76 80.75 157.23 24.08
1272 58.44 23.13 56.74 117.82 18.60
1273 58.40 27.83 78.52 127.29 20.35
1274 58.32 31.61 83.42 132.52 20.67
1275 58.34 61.24 77.72 156.36 24.20
1276 58.32 92.73 70.41 80.14 11.12
1277 58.41 54.07 74.50 164.09 25.50
1278 58.44 8.61 47.78 53.92 10.06
1279 58.48 44.90 75.24 156.33 25.98
1280 58.53 20.89 58.13 99.44 16.00
1281 58.71 90.42 62.73 94.61 13.79
1282 58.70 37.85 64.51 156.39 24.44
1283 58.58 79.63 74.45 129.28 20.17
1284 58.70 68.07 69.85 165.71 24.16
1285 58.75 17.81 53.09 86.64 15.91
1286 58.69 39.83 65.16 156.04 25.04
1287 58.76 57.79 71.77 169.05 25.63
1288 58.68 75.01 79.27 155.75 21.18
1289 58.75 65.86 69.43 164.45 22.92
1290 58.83 33.56 66.06 149.64 22.60
1291 59.02 95.12 42.27 81.29 9.27
1292 59.07 5.58 33.98 56.77 8.17
1293 58.90 59.76 63.61 153.37 25.07
1294 58.92 82.19 63.37 127.03 19.60
1295 59.00 29.72 65.10 150.42 21.90
1296 59.02 55.91 67.47 178.76 25.47
1297 59.02 71.47 68.55 171.00 23.71
1298 59.01 11.80 42.25 70.07 10.84
1299 59.07 25.71 57.57 141.52 20.80
1300 59.05 50.54 60.85 171.19 26.74
1301 59.08 77.13 61.53 142.78 20.05
1302 59.08 15.06 45.40 75.44 14.58
1303 59.20 41.60 50.21 165.53 25.94
1304 59.26 52.96 61.06 184.39 25.63
1305 59.22 62.80 57.56 177.50 26.23
1306 59.25 46.46 61.68 170.90 25.02
1307 59.42 48.73 63.76 184.95 28.11
1308 59.27 87.20 51.99 103.95 16.27
1309 59.34 31.65 59.91 156.93 21.09
1310 59.43 35.05 58.21 169.70 23.51
1311 59.36 43.49 57.04 173.60 25.16
1312 59.42 23.68 48.58 139.67 19.37
1313 59.42 28.07 60.39 146.76 20.61
1314 59.43 69.50 63.26 183.58 24.40
1315 59.98 97.45 17.44 57.75 6.02
1316 59.46 9.24 35.55 72.92 10.67
1317 59.44 7.62 31.77 64.93 10.77
1318 59.57 19.16 47.31 113.23 15.89
1319 59.53 21.27 46.81 131.17 19.67
1320 59.59 92.41 48.63 105.79 11.80
1321 59.58 79.33 56.13 145.65 20.37
1322 59.67 84.25 46.51 122.43 18.95
1323 59.63 64.71 53.45 182.14 23.86
1324 59.72 60.87 56.00 186.81 27.86
1325 59.78 36.84 49.48 180.27 24.57
1326 59.71 39.30 50.20 176.47 23.97
1327 59.76 66.85 55.79 190.32 24.38
1328 59.70 74.83 59.86 170.39 22.24
1329 59.82 72.48 57.42 184.44 24.46
1330 59.86 55.25 57.30 195.63 26.12
1331 59.92 16.50 39.30 100.55 14.97
1332 59.83 58.17 54.84 195.90 26.84
1333 59.91 81.91 47.95 140.98 19.76
1334 60.06 13.49 32.78 91.30 12.48
1335 60.00 33.15 52.71 174.94 23.77
1336 60.07 44.73 55.38 191.61 26.78
1337 60.05 50.98 54.56 204.15 27.28
1338 60.07 26.75 46.50 159.83 20.10
1339 60.15 88.88 39.70 114.82 14.84
1340 60.14 29.79 45.36 169.50 21.56
1341 60.24 10.76 29.16 83.70 11.99
1342 60.28 77.35 47.97 157.90 21.96
1343 60.33 24.60 45.25 161.64 20.57
1344 60.31 47.25 56.16 193.53 27.90
1345 60.25 53.10 56.69 209.37 29.09
1346 60.26 41.66 49.44 185.95 27.58
1347 60.38 63.01 49.04 202.37 25.59
1348 60.40 68.22 53.78 206.41 24.08
1349 60.38 7.06 27.34 75.82 9.34
1350 60.40 22.21 41.55 154.70 19.55
1351 60.38 70.43 54.80 200.47 24.18
1352 60.52 94.38 35.77 112.52 10.03
1353 60.46 86.27 42.03 130.20 17.92
1354 60.68 31.56 48.87 178.90 22.62
1355 60.66 38.22 49.65 197.63 25.27
1356 60.69 73.64 55.26 200.42 24.58
1357 60.62 80.11 44.29 151.89 20.72
1358 60.70 18.03 35.61 125.81 15.65
1359 60.69 49.31 56.00 221.98 31.73
1360 60.66 65.07 52.81 205.58 24.65
1361 60.86 20.17 36.83 144.89 19.62
1362 60.62 60.88 51.52 211.73 27.64
1363 60.79 57.04 57.76 216.36 27.80
1364 60.84 28.19 43.96 172.40 21.58
1365 60.86 34.21 43.52 187.25 25.90
1366 60.85 36.27 47.42 189.72 24.72
1367 60.90 59.09 61.55 213.43 27.43
1368 60.91 75.60 44.95 189.66 21.32
1369 60.90 54.99 61.30 214.52 27.66
1370 60.97 15.18 27.88 118.03 13.89
1371 60.99 91.59 37.26 123.25 12.89
1372 61.10 25.90 42.73 176.93 21.80
1373 61.06 39.94 46.43 200.77 26.49
1374 60.98 45.73 61.04 208.47 28.91
1375 61.08 83.03 44.82 161.50 19.93
1376 61.22 98.23 7.83 45.14 4.29
1377 61.21 43.69 53.50 213.38 28.41
1378 61.16 51.82 61.30 221.02 31.08
1379 61.17 66.95 51.19 206.04 25.75
1380 61.22 71.80 50.81 200.44 24.72
1381 61.35 8.35 23.21 89.80 10.96
1382 61.25 4.64 17.43 75.75 9.24
1383 61.24 11.83 25.49 100.78 12.40
1384 61.31 41.83 51.90 207.67 27.35
1385 61.33 22.51 36.35 168.35 20.29
1386 61.30 69.53 57.09 211.65 25.84
1387 61.33 61.81 56.35 213.14 28.75
1388 61.43 88.92 36.66 138.96 15.67
1389 61.46 29.84 47.12 180.58 23.25
1390 61.54 47.71 60.13 216.36 31.75
1391 61.52 77.53 41.75 171.20 22.35
1392 61.55 64.01 58.84 217.68 27.46
1393 61.54 95.88 21.32 91.12 9.17
1394 61.59 85.83 36.66 150.37 17.45
1395 61.70 49.92 63.70 222.50 30.52
1396 61.68 53.71 73.64 222.06 28.58
1397 61.69 80.11 44.27 177.56 21.57
1398 61.77 31.74 48.91 190.29 24.36
1399 61.79 16.90 27.81 132.69 16.21
1400 61.80 38.00 53.57 207.73 28.33
1401 61.89 23.84 39.47 180.69 22.67
1402 61.86 33.81 51.80 198.48 25.16
1403 61.86 58.17 68.15 219.54 29.52
1404 62.01 35.80 49.02 195.07 27.28
1405 61.96 56.16 78.98 222.40 31.37
1406 62.04 93.23 31.90 129.19 11.02
1407 62.06 18.97 31.82 151.49 19.00
1408 61.97 27.99 50.57 187.21 23.66
1409 61.96 45.35 65.24 208.92 31.03
1410 62.08 60.24 76.40 219.67 31.07
1411 62.01 65.76 66.15 223.74 28.20
1412 62.04 72.92 59.73 206.80 24.44
1413 61.99 75.07 48.27 198.25 22.88
1414 62.00 14.16 28.68 119.49 14.89
1415 62.09 68.17 67.76 216.55 26.33
1416 62.29 5.83 19.96 89.68 9.81
1417 62.16 26.05 50.61 191.90 24.12
1418 62.23 21.09 38.60 162.88 21.43
1419 62.21 40.20 60.39 203.52 29.72
1420 62.38 3.38 14.18 72.51 6.62
1421 62.39 11.16 25.35 107.93 13.14
1422 62.27 62.46 79.36 226.51 27.81
1423 62.33 70.48 64.09 216.74 26.98
1424 62.28 82.33 40.88 169.58 20.49
1425 62.35 42.80 62.95 209.98 31.58
1426 62.33 51.64 68.20 219.98 33.55
1427 62.59 89.73 34.51 143.48 14.95
1428 62.56 78.32 46.72 197.18 22.37
1429 62.63 8.36 25.23 109.42 10.83
1430 62.61 30.11 62.19 196.57 26.40
1431 62.69 49.12 75.61 215.35 33.11
1432 62.63 54.26 84.81 222.06 32.40
1433 62.73 47.11 72.06 212.59 31.83
1434 62.65 85.36 39.04 160.62 19.59
1435 62.72 96.23 17.13 95.04 7.96
1436 62.81 32.30 62.45 200.47 26.33
1437 62.77 37.11 65.50 213.35 30.39
1438 62.85 24.32 47.09 191.00 22.36
1439 62.85 64.08 83.00 224.22 30.31
1440 62.95 76.26 61.16 208.85 24.05
1441 62.88 66.48 83.52 229.00 31.30
1442 62.93 16.52 34.29 138.17 17.58
1443 62.97 27.91 55.49 197.11 25.83
1444 62.91 57.85 89.38 224.95 34.75
1445 63.03 22.21 46.33 188.69 23.07
1446 63.03 34.26 59.60 196.45 28.63
1447 63.03 45.14 81.07 222.29 36.13
1448 63.07 13.75 30.43 124.57 15.26
1449 63.11 68.61 84.98 221.00 29.90
1450 63.09 71.89 66.83 216.50 29.02
1451 63.13 74.01 64.19 210.25 27.12
1452 63.17 41.12 64.65 207.65 34.06
1453 63.15 59.79 96.27 218.43 33.82
1454 63.21 80.19 46.03 184.13 22.96
1455 63.18 19.30 37.18 157.90 21.19
1456 63.20 38.83 61.81 199.96 31.70
1457 63.28 52.66 81.19 221.44 36.70
1458 63.04 95.08 19.23 110.38 12.85
1459 63.28 55.90 85.84 218.29 32.93
1460 63.22 61.80 98.54 221.29 32.38
1461 63.35 43.27 81.29 215.33 39.02
1462 63.33 92.65 29.90 138.84 11.19
1463 63.33 83.14 45.38 178.96 21.98
1464 63.36 87.00 39.52 161.55 16.93
1465 63.48 26.00 57.88 186.93 26.14
1466 63.51 50.42 87.40 216.42 38.14
1467 63.56 4.61 18.53 90.08 8.19
1468 63.60 35.89 72.52 200.33 32.72
1469 63.56 30.39 80.17 207.89 31.70
1470 63.71 11.31 28.53 112.85 14.72
1471 63.73 70.12 97.67 227.83 36.29
1472 63.76 8.60 26.99 103.40 10.69
1473 63.77 47.75 84.76 212.84 40.97
1474 63.85 23.31 59.24 188.04 26.17
1475 63.75 66.44 101.04 221.31 32.06
1476 63.92 32.25 76.47 196.78 33.27
1477 63.86 64.08 105.67 225.62 37.96
1478 63.90 77.31 70.56 202.31 25.14
1479 63.99 90.21 39.35 154.06 14.58
1480 63.98 95.08 25.29 119.38 9.67
1481 63.99 20.73 43.19 166.28 24.07
1482 63.95 28.38 72.94 195.19 32.26
1483 63.80 88.38 40.40 148.13 16.53
1484 64.05 16.17 37.59 139.73 19.14
1485 64.04 45.42 87.38 211.86 44.95
1486 64.04 54.44 89.46 218.04 40.90
1487 64.07 74.78 82.71 212.77 29.39
1488 64.10 39.96 76.35 197.74 42.59
1489 64.13 59.14 101.13 218.03 40.67
1490 64.10 72.13 94.89 220.00 32.66
1491 64.23 18.35 41.05 154.67 21.93
1492 64.18 37.38 67.78 190.87 36.43
1493 64.15 61.63 111.90 220.63 36.88
1494 64.22 42.15 81.61 210.70 43.44
1495 64.31 57.01 94.97 217.71 44.17
1496 64.33 13.60 40.38 122.36 17.39
1497 64.29 79.81 64.28 188.24 24.75
1498 64.33 34.34 72.94 187.41 35.08
1499 64.32 52.15 80.42 210.07 45.83
1500 64.30 68.40 102.82 223.78 39.49
1501 64.35 83.11 51.49 172.99 21.89
1502 64.50 24.58 63.36 185.83 29.86
1503 64.42 86.39 43.93 162.66 18.36
1504 64.55 49.49 78.76 202.11 47.44
1505 64.58 26.77 67.17 195.96 31.85
1506 64.67 92.65 38.12 145.15 12.20
1507 64.73 6.32 25.78 96.95 12.18
1508 64.66 29.83 75.75 184.73 35.27
1509 64.60 65.86 108.41 225.44 44.20
1510 64.70 43.78 78.14 190.86 50.08
1511 64.83 9.74 30.48 107.55 15.57
1512 64.78 47.31 81.00 199.67 51.47
1513 64.87 22.00 59.65 175.74 32.37
1514 64.81 63.56 107.21 216.68 45.94
1515 64.97 70.73 104.73 214.76 40.56
1516 64.93 32.27 74.27 171.84 40.84
1517 64.91 38.89 70.31 188.82 53.57
1518 65.02 73.06 95.71 207.64 37.05
1519 64.96 54.76 89.16 207.91 52.64
1520 65.01 75.29 98.58 209.30 33.54
1521 64.99 77.60 86.45 199.39 30.64
1522 65.15 20.05 47.45 152.69 26.81
1523 65.18 36.67 66.34 183.38 48.10
1524 65.08 61.03 101.60 213.33 48.77
1525 65.09 89.27 49.24 159.56 16.51
1526 65.14 81.59 64.85 180.00 25.72
1527 65.23 15.20 41.94 116.64 20.05
1528 65.23 41.16 71.45 182.47 58.84
1529 65.20 51.00 72.09 195.22 56.36
1530 65.24 58.95 91.33 207.88 58.48
1531 65.22 68.59 96.43 224.04 44.80
1532 65.35 17.65 44.86 136.14 25.88
1533 65.31 45.62 79.98 186.85 60.16
1534 65.28 34.41 69.82 179.54 48.12
1535 65.42 12.09 36.34 106.79 20.86
1536 65.46 28.01 62.54 166.60 39.97
1537 65.47 25.31 59.64 174.23 40.32
1538 65.46 56.66 82.78 196.62 64.40
1539 65.46 66.33 92.85 221.48 52.81
1540 65.59 53.21 73.65 199.07 69.19
1541 65.47 85.68 58.28 174.40 21.03
1542 65.68 30.66 64.08 163.87 51.56
1543 65.76 23.03 56.17 162.54 39.89
1544 65.68 79.57 76.71 186.69 31.44
1545 65.75 43.19 68.46 167.52 67.12
1546 65.74 64.48 100.16 213.63 58.41
1547 65.81 7.75 27.87 96.05 15.99
1548 65.77 48.30 73.09 181.25 69.67
1549 65.78 62.26 100.71 196.39 60.73
1550 65.73 84.28 60.00 170.56 21.56
1551 65.84 91.67 47.06 148.03 14.41
1552 65.86 39.19 65.05 166.98 69.65
1553 66.04 82.90 71.70 171.48 27.35
1554 66.05 32.88 63.38 151.31 58.89
1555 65.98 72.41 97.61 202.10 47.40
1556 66.04 75.50 91.47 197.24 41.22
1557 66.07 69.70 92.88 210.81 52.49
1558 66.29 20.77 49.57 134.49 38.70
1559 66.15 35.49 70.60 154.64 62.08
1560 66.15 50.99 68.16 169.33 76.95
1561 66.18 58.25 89.84 185.43 70.78
1562 66.32 88.99 58.11 164.88 17.69
1563 66.34 18.59 50.68 129.95 38.40
1564 66.21 55.18 68.80 179.53 79.15
1565 66.31 60.39 85.63 188.77 73.00
1566 66.31 14.07 39.04 104.09 26.93
1567 66.39 26.62 52.25 149.91 55.65
1568 66.32 41.38 65.66 151.30 79.57
1569 66.27 67.26 86.55 207.84 62.78
1570 66.28 45.18 65.67 154.41 77.22
1571 66.44 37.42 65.37 151.50 74.57
1572 66.49 77.70 85.19 180.45 38.96
1573 66.60 10.97 30.19 88.28 22.75
1574 66.51 29.36 58.93 140.82 55.98
1575 66.54 24.68 56.02 144.10 55.06
1576 66.76 5.63 24.78 78.56 16.76
1577 66.78 16.26 42.76 112.02 37.68
1578 66.62 63.33 83.74 198.13 81.72
1579 66.44 87.07 49.77 148.85 19.85
1580 66.76 47.44 65.00 147.32 87.50
1581 66.70 53.02 63.24 160.67 86.87
1582 66.69 80.64 72.34 173.92 34.15
1583 66.73 85.84 65.00 160.61 28.48
1584 66.84 49.42 67.35 151.54 91.82
1585 66.89 22.54 52.78 126.12 49.76
1586 66.94 71.63 76.26 184.55 52.53
1587 66.85 73.92 78.43 188.30 47.30
1588 66.96 31.80 63.09 123.90 71.81
1589 66.90 39.39 60.04 134.65 89.06
1590 67.05 56.73 74.34 163.84 96.98
1591 66.94 65.21 75.41 190.70 78.74
1592 66.99 34.38 73.73 134.05 81.88
1593 67.03 43.52 67.34 141.43 98.82
1594 67.11 83.77 69.11 159.65 27.91
1595 67.02 91.26 58.92 151.78 16.96
1596 67.22 8.21 28.00 79.07 21.78
1597 67.12 69.52 71.22 196.20 71.47
1598 67.22 61.44 72.68 178.72 92.75
1599 67.27 27.67 55.41 130.39 71.59
1600 67.18 58.82 77.24 178.53 101.06
1601 67.18 67.50 71.48 194.29 75.73
1602 67.30 75.95 76.02 187.41 52.69
1603 67.29 45.81 67.70 134.84 106.98
1604 67.36 51.25 66.86 136.76 100.76
1605 67.32 54.76 66.13 144.88 100.40
1606 67.38 41.35 71.35 123.37 103.02
1607 67.48 93.36 41.66 109.78 13.73
1608 67.55 12.98 33.63 78.21 32.17
1609 67.49 18.41 46.65 102.39 51.36
1610 67.53 20.74 47.88 110.30 56.83
1611 67.46 36.77 70.67 134.64 104.90
1612 67.54 24.97 59.97 120.08 68.28
1613 67.57 30.15 62.94 113.84 80.41
1614 67.66 78.58 74.56 170.68 51.83
1615 67.70 87.98 64.74 155.30 27.93
1616 67.70 63.36 65.64 171.32 100.48
1617 67.78 81.60 61.48 143.38 37.24
1618 67.95 15.50 36.97 76.56 39.48
1619 67.96 22.89 56.75 107.16 75.02
1620 67.84 33.46 65.66 107.85 91.88
1621 67.87 38.95 70.43 118.50 112.29
1622 67.92 48.64 71.65 123.17 114.05
1623 67.90 73.55 67.75 172.02 72.17
1624 67.75 9.43 27.54 80.77 27.31
1625 68.00 59.95 72.52 148.88 117.58
1626 67.98 65.43 68.71 167.82 99.51
1627 68.01 71.03 58.95 165.26 79.34
1628 68.04 53.07 74.20 122.22 119.33
1629 68.11 85.72 63.44 155.03 34.83
1630 68.08 90.31 61.99 149.96 24.20
1631 68.25 10.18 31.65 71.33 32.03
1632 68.07 43.85 68.04 109.57 126.29
1633 68.17 57.84 73.64 135.05 121.34
1634 68.16 67.37 61.58 167.35 96.85
1635 68.15 28.53 66.96 99.68 85.15
1636 68.34 26.45 64.43 103.14 87.29
1637 68.24 46.25 70.60 104.90 117.14
1638 68.28 35.65 71.48 104.25 106.40
1639 68.48 41.70 65.07 98.88 125.05
1640 68.38 55.35 68.86 123.06 126.66
1641 68.30 76.13 60.01 158.86 68.16
1642 68.49 31.30 66.92 95.33 105.13
1643 68.38 61.86 74.23 146.79 129.58
1644 68.51 69.18 58.09 161.79 98.21
1645 68.48 17.75 44.25 79.23 53.63
1646 68.45 50.78 81.15 111.57 137.74
1647 68.57 20.29 48.78 87.52 73.98
1648 68.66 80.01 61.18 145.36 56.61
1649 68.73 92.30 46.04 125.80 20.40
1650 68.57 7.75 23.43 58.32 29.82
1651 68.81 12.89 33.91 65.33 47.28
1652 68.76 24.59 59.84 93.18 92.93
1653 68.78 37.50 75.26 102.82 128.90
1654 68.79 64.11 72.80 147.04 136.33
1655 68.81 83.20 54.59 142.40 48.55
1656 68.89 39.70 65.05 91.96 125.32
1657 68.92 72.76 58.41 140.23 84.45
1658 68.91 33.13 66.72 86.55 110.03
1659 69.04 6.74 26.43 53.48 28.81
1660 69.10 29.41 69.69 82.69 114.36
1661 69.00 48.27 67.65 89.97 132.82
1662 69.03 60.16 86.39 120.90 147.48
1663 69.11 22.13 55.12 81.83 91.12
1664 69.08 52.76 79.72 99.86 143.05
1665 69.14 56.66 75.02 110.33 145.53
1666 69.19 77.70 51.73 126.15 74.53
1667 69.15 43.75 73.13 85.78 134.61
1668 69.26 65.98 72.02 142.57 130.00
1669 69.16 70.70 62.38 142.40 115.50
1670 69.19 89.22 49.24 132.79 34.70
1671 69.20 74.91 57.74 131.95 90.10
1672 69.39 15.83 40.07 64.22 60.18
1673 69.32 35.03 68.17 83.42 118.17
1674 69.32 45.85 75.25 89.69 145.45
1675 69.33 86.60 52.14 143.70 44.21
1676 69.31 9.73 29.51 55.01 39.64
1677 69.37 27.39 71.49 78.12 109.17
1678 69.33 67.77 66.90 135.37 122.92
1679 69.37 62.59 82.20 122.28 151.47
1680 69.46 18.84 49.25 65.00 72.76
1681 69.61 58.14 85.38 104.86 156.19
1682 69.57 50.51 85.98 91.21 146.34
1683 69.68 54.82 78.63 93.32 145.52
1684 69.67 41.75 68.15 78.27 146.32
1685 69.84 25.46 67.51 72.89 113.22
1686 69.78 31.07 65.44 72.76 128.79
1687 69.82 23.47 56.65 71.84 104.16
1688 69.80 80.63 50.00 116.84 77.27
1689 69.85 37.06 63.13 82.73 133.45
1690 69.64 12.07 31.00 56.00 47.56
1691 69.94 83.91 50.85 130.94 63.60
1692 69.96 39.32 64.61 73.54 129.91
1693 70.14 91.25 40.23 114.95 31.21
1694 70.09 33.29 65.75 80.35 137.45
1695 70.09 48.33 75.70 84.55 149.92
1696 70.04 59.95 93.67 99.71 164.49
1697 70.04 64.53 81.45 113.90 161.41
1698 70.06 69.52 64.62 123.29 135.24
1699 70.13 12.92 34.09 48.69 54.89
1700 70.13 20.78 54.75 61.78 91.55
1701 70.17 71.85 66.05 123.28 128.88
1702 70.21 76.63 55.66 109.40 103.59
1703 70.13 52.55 79.89 81.85 144.63
1704 70.24 74.23 63.71 104.48 103.50
1705 70.25 61.87 90.14 102.95 167.54
1706 70.38 43.92 66.73 75.97 149.65
1707 70.34 46.27 69.24 75.35 142.94
1708 70.34 28.69 64.35 63.40 123.65
1709 70.35 88.40 45.94 131.01 52.44
1710 70.51 56.74 91.96 88.64 170.66
1711 70.41 67.29 77.50 112.08 151.50
1712 70.56 9.47 32.29 43.71 58.35
1713 70.50 35.15 67.63 65.68 133.40
1714 70.59 15.79 38.75 50.88 66.51
1715 70.69 18.16 39.83 50.98 76.66
1716 70.74 79.13 51.71 97.30 92.92
1717 70.74 26.65 57.00 63.23 132.32
1718 70.72 50.09 73.86 75.73 149.88
1719 70.74 40.88 60.76 65.81 129.87
1720 70.79 31.79 61.60 63.70 139.90
1721 70.82 54.76 79.89 80.23 160.48
1722 70.93 84.94 40.94 104.34 62.76
1723 70.82 23.63 52.57 55.22 113.13
1724 70.84 58.81 95.65 85.67 178.35
1725 70.88 65.51 87.04 98.62 175.08
1726 70.89 82.28 46.86 108.80 89.64
1727 70.90 38.28 54.55 64.21 132.67
1728 70.91 63.07 101.90 95.39 184.12
1729 71.09 52.29 69.55 75.82 161.78
1730 71.18 60.89 90.12 86.59 178.94
1731 71.15 69.03 81.88 98.68 162.98
1732 71.17 21.01 45.64 49.51 102.24
1733 71.25 30.22 55.28 58.98 139.07
1734 71.19 73.37 77.71 97.34 138.69
1735 71.36 12.84 32.59 42.02 68.98
1736 71.26 47.84 58.98 68.16 144.86
1737 71.24 71.13 77.17 93.19 148.60
1738 71.39 42.87 54.37 62.65 137.17
1739 71.36 76.51 62.98 85.13 111.00
1740 71.42 36.47 52.77 60.87 134.77
1741 71.36 45.28 50.81 62.65 134.87
1742 71.44 91.52 32.56 93.68 38.17
1743 71.44 33.54 52.72 57.58 130.47
1744 71.27 86.08 50.83 107.67 69.33
1745 71.55 88.23 45.74 103.12 65.07
1746 71.49 67.25 82.07 101.41 178.96
1747 71.43 81.21 49.56 94.20 91.52
1748 71.62 26.00 50.24 49.40 128.02
1749 71.68 28.35 48.68 52.86 135.70
1750 71.61 57.35 78.56 76.09 187.32
1751 71.75 64.01 85.17 81.46 191.15
1752 71.87 9.79 30.26 34.94 66.97
1753 71.74 14.70 34.13 39.38 80.42
1754 71.81 50.40 61.68 70.14 177.18
1755 71.97 17.91 36.38 38.59 79.90
1756 71.85 23.62 42.86 49.41 113.28
1757 71.94 40.77 48.91 63.67 143.79
1758 71.88 55.17 68.41 73.32 170.73
1759 71.95 52.92 57.49 63.96 154.92
1760 71.95 59.16 85.29 72.76 179.98
1761 72.06 38.72 44.11 57.32 133.67
1762 72.03 62.18 82.42 80.65 192.92
1763 71.98 15.99 34.15 35.37 74.37
1764 72.13 65.83 77.73 77.90 192.84
1765 72.13 74.71 70.50 78.61 129.43
1766 72.30 78.29 60.28 78.17 121.34
1767 72.19 20.26 36.31 40.95 94.92
1768 72.25 46.52 48.78 62.08 140.18
1769 72.18 35.08 42.78 54.43 140.52
1770 72.22 72.34 76.42 78.58 155.52
1771 72.24 48.57 49.06 63.06 148.53
1772 72.22 70.03 90.83 90.72 172.20
1773 72.31 83.08 55.21 80.75 101.52
1774 72.36 30.52 45.44 51.48 133.71
1775 72.46 86.09 56.21 91.34 89.04
1776 72.42 32.54 39.95 50.27 119.02
1777 72.42 90.56 39.02 84.95 55.78
1778 72.48 42.94 46.76 57.31 133.84
1779 72.52 68.10 87.17 83.43 189.00
1780 72.60 60.51 72.90 70.42 187.67
1781 72.72 22.44 31.57 39.67 102.81
1782 72.55 25.83 34.51 46.32 115.36
1783 72.74 44.81 40.72 57.07 130.02
1784 72.80 11.72 25.92 30.90 70.58
1785 72.78 36.76 40.05 54.67 132.02
1786 72.75 56.45 62.95 61.05 168.42
1787 72.71 28.48 37.36 47.45 122.47
1788 72.85 51.74 48.89 57.57 154.09
1789 72.90 64.41 76.94 71.15 197.92
1790 72.86 54.29 50.08 58.21 155.23
1791 73.09 14.43 23.71 30.96 68.34
1792 73.00 58.28 67.33 65.76 175.37
1793 72.97 76.24 66.19 65.63 123.24
1794 73.09 88.28 50.44 76.81 85.85
1795 72.94 41.17 38.00 51.66 122.82
1796 73.17 17.00 27.66 32.79 77.22
1797 73.06 49.83 42.25 56.90 149.71
1798 73.12 62.26 67.60 64.69 182.76
1799 73.13 81.04 56.66 65.45 108.96
1800 73.18 66.41 74.62 65.35 181.94
1801 73.19 34.51 43.93 48.22 123.59
1802 73.19 38.90 37.72 50.84 127.47
1803 73.28 74.01 65.57 69.50 152.18
1804 73.33 71.82 74.80 65.60 154.56
1805 73.39 19.50 26.74 35.37 83.98
1806 73.34 24.59 31.00 42.35 101.18
1807 73.37 69.85 75.58 67.96 171.74
1808 73.46 47.76 43.51 53.66 136.64
1809 73.56 32.24 38.55 45.34 110.60
1810 73.50 26.99 31.88 43.81 110.86
1811 73.52 84.66 55.04 66.56 105.38
1812 73.58 30.01 41.00 47.05 113.50
1813 73.57 78.94 58.55 61.75 113.99
1814 73.68 43.18 41.53 53.44 121.62
1815 73.68 59.83 56.67 61.57 178.70
1816 73.79 21.79 28.53 34.34 82.92
1817 73.70 53.30 46.95 55.46 147.98
1818 73.76 45.34 45.17 53.44 131.44
1819 73.84 40.95 39.96 51.54 114.70
1820 73.86 55.69 44.27 58.95 156.07
1821 73.87 68.01 67.65 65.65 185.74
1822 73.92 36.70 42.18 48.98 117.32
1823 73.86 63.60 56.44 60.98 184.17
1824 73.96 50.18 43.66 53.16 135.52
1825 74.10 57.59 50.26 59.20 156.22
1826 74.02 76.57 55.96 60.04 133.74
1827 74.13 34.51 42.22 46.44 106.11
1828 74.19 65.45 55.30 59.60 185.15
1829 74.20 88.55 47.36 65.36 81.62
1830 74.39 12.54 18.76 25.65 62.67
1831 74.34 28.47 38.24 43.21 90.15
1832 74.26 38.71 46.55 49.09 122.83
1833 74.31 61.52 48.89 56.87 173.19
1834 74.30 16.94 22.56 28.63 65.09
1835 74.32 23.81 30.94 34.82 84.12
1836 74.21 14.76 19.40 26.17 60.21
1837 74.38 81.33 60.29 55.73 117.93
1838 74.48 51.79 47.81 53.63 120.54
1839 74.51 72.10 53.40 60.12 151.87
1840 74.59 26.15 33.52 35.72 86.95
1841 74.51 47.00 46.20 51.49 108.85
1842 74.45 74.18 59.70 61.77 155.09
1843 74.53 69.69 54.96 60.23 169.45
1844 74.62 19.79 26.23 29.60 70.52
1845 74.58 30.88 44.79 46.21 92.76
1846 74.76 84.62 65.30 60.95 117.07
1847 74.67 53.85 43.65 54.35 132.23
1848 74.67 59.37 49.80 58.18 164.76
1849 75.00 87.15 56.08 59.23 98.00
1850 74.84 33.10 46.42 44.18 91.47
1851 74.85 42.82 52.40 48.00 102.32
1852 74.75 44.82 43.14 50.76 97.67
1853 74.88 40.74 50.04 49.28 98.87
1854 74.87 49.10 47.09 48.63 110.70
1855 74.80 67.05 47.58 54.88 175.62
1856 74.86 63.49 47.30 58.64 182.36
1857 74.89 78.38 53.98 51.25 126.40
1858 74.93 55.90 45.12 57.86 135.39
1859 75.10 37.22 51.96 47.81 98.33
1860 75.15 22.35 30.66 32.22 66.89
1861 75.18 35.37 48.89 43.95 92.33
1862 75.38 14.55 20.39 23.91 54.27
1863 75.31 75.55 44.98 51.02 139.22
1864 75.35 18.04 20.90 25.72 52.56
1865 75.38 57.65 47.85 50.62 130.09
1866 75.35 61.70 47.36 52.45 163.70
1867 75.50 27.79 42.44 38.85 74.90
1868 75.43 65.36 42.39 51.32 186.80
1869 75.44 70.70 42.42 50.77 147.42
1870 75.51 24.82 35.51 33.41 64.39
1871 75.46 39.27 55.53 46.22 86.41
1872 75.55 30.15 51.83 41.31 78.14
1873 75.44 52.20 54.80 48.14 108.00
1874 75.56 82.64 56.33 49.48 112.25
1875 75.59 68.34 43.98 51.67 150.37
1876 75.75 11.68 16.71 20.37 54.24
1877 75.56 59.78 47.05 50.75 136.41
1878 75.59 16.86 20.88 23.92 51.36
1879 75.66 47.76 64.40 50.90 100.81
1880 75.65 89.81 35.32 43.57 53.62
1881 75.66 45.57 61.39 49.51 87.96
1882 75.72 73.08 39.31 47.77 139.12
1883 75.82 32.21 58.15 42.95 75.69
1884 75.79 50.38 61.39 48.93 98.18
1885 75.75 54.37 60.02 47.06 114.08
1886 75.88 20.28 26.96 28.32 53.28
1887 75.81 80.36 48.11 46.14 115.07
1888 75.86 41.22 60.66 47.59 81.77
1889 75.92 43.33 67.45 46.53 83.55
1890 75.92 63.57 44.78 52.43 141.39
1891 76.04 34.45 62.46 41.39 78.06
1892 76.09 77.79 41.74 42.89 115.93
1893 76.13 37.94 67.51 44.80 81.08
1894 76.24 85.52 53.84 46.89 112.30
1895 76.17 56.36 61.08 50.06 104.20
1896 76.43 22.48 33.17 28.80 50.27
1897 76.28 66.68 37.54 48.40 143.04
1898 76.41 88.23 45.26 41.93 84.66
1899 76.39 61.07 49.31 51.76 125.85
1900 76.57 14.75 22.16 22.28 50.55
1901 76.39 52.52 70.61 48.98 92.47
1902 76.34 58.63 53.87 49.81 118.55
1903 76.49 71.24 38.09 46.81 132.08
1904 76.54 75.14 33.33 43.78 124.58
1905 76.57 25.34 40.81 33.16 55.46
1906 76.56 27.88 47.49 37.00 63.11
1907 76.53 49.20 83.89 47.76 78.83
1908 76.64 69.03 41.85 46.15 128.65
1909 76.74 18.31 26.66 24.80 48.06
1910 76.80 30.13 62.77 39.00 68.46
1911 76.77 40.08 87.37 45.02 72.23
1912 76.61 46.95 82.34 46.96 81.90
1913 76.79 36.43 77.13 42.09 75.02
1914 76.74 44.74 84.02 48.19 75.27
1915 76.81 83.07 42.40 41.22 117.43
1916 76.86 42.24 76.61 45.70 74.24
1917 76.91 54.55 82.77 48.68 92.30
1918 76.90 32.33 58.95 39.15 61.58
1919 76.88 63.42 46.19 45.62 118.35
1920 77.11 65.35 48.05 48.02 122.62
1921 77.16 73.26 31.04 44.45 118.46
1922 77.13 80.47 36.24 39.50 114.70
1923 77.24 34.49 73.37 40.15 61.06
1924 77.25 50.68 89.66 46.04 79.19
1925 77.15 56.51 82.55 49.24 87.12
1926 77.31 38.48 83.41 42.76 63.76
1927 77.16 58.96 70.04 45.18 99.65
1928 77.44 20.49 36.58 26.04 44.46
1929 77.60 76.81 30.60 39.91 110.66
1930 77.40 62.01 60.87 47.32 111.32
1931 77.33 67.38 46.33 46.33 116.25
1932 77.47 23.52 42.67 26.86 43.49
1933 77.38 52.55 93.54 47.88 76.10
1934 77.63 16.08 28.46 21.88 42.87
1935 77.54 48.63 96.82 47.54 72.91
1936 77.67 71.05 36.55 41.40 105.15
1937 77.64 87.73 34.00 35.74 73.29
1938 77.66 46.56 98.06 45.35 71.54
1939 77.73 25.98 52.02 32.16 49.29
1940 77.69 28.42 59.52 37.62 58.27
1941 77.78 44.48 104.12 44.19 71.02
1942 78.11 85.50 31.65 34.31 92.22
1943 77.94 60.46 72.13 48.00 88.07
1944 77.92 36.64 86.50 43.76 67.30
1945 77.91 42.29 96.54 46.06 63.81
1946 78.05 40.39 91.78 43.86 63.84
1947 77.89 32.27 73.08 37.69 58.35
1948 78.07 64.08 57.90 46.43 91.76
1949 78.01 68.98 47.96 46.24 99.72
1950 78.01 82.89 35.58 36.47 110.84
1951 77.99 57.80 94.38 48.23 79.62
1952 78.15 30.30 66.71 36.43 51.62
1953 78.17 55.61 102.78 47.02 80.56
1954 78.14 53.70 98.98 45.80 72.69
1955 78.22 66.14 57.00 41.96 91.35
1956 78.39 19.14 33.15 25.24 38.44
1957 78.37 73.68 35.43 38.88 109.60
1958 78.31 51.44 109.73 47.25 72.73
1959 78.51 79.69 25.64 35.54 103.89
1960 78.49 22.05 40.90 25.48 37.66
1961 78.42 34.50 80.24 38.69 60.83
1962 78.48 38.53 94.20 45.30 58.25
1963 78.63 49.66 110.19 45.33 67.42
1964 78.56 62.23 78.67 46.00 80.49
1965 78.67 47.79 118.70 47.66 62.58
1966 78.85 15.15 33.23 20.47 35.57
1967 78.81 24.83 52.04 29.88 42.57
1968 78.70 27.82 61.36 33.08 48.34
1969 78.82 43.96 113.75 42.77 60.07
1970 78.76 18.02 36.46 25.89 38.40
1971 79.05 32.37 75.30 36.83 50.95
1972 78.75 59.19 98.41 45.82 76.43
1973 78.80 72.01 39.74 38.33 86.59
1974 78.88 45.97 116.84 46.37 65.63
1975 79.05 77.29 26.92 34.50 102.70
1976 79.09 36.42 90.12 41.74 55.85
1977 78.96 57.17 109.02 46.91 74.17
1978 79.01 67.42 64.19 40.00 85.73
1979 79.14 70.07 50.90 40.48 79.29
1980 79.25 42.31 96.32 45.36 56.52
1981 79.07 54.20 111.56 45.78 69.54
1982 79.23 82.38 22.82 33.08 97.11
1983 79.23 40.33 94.39 42.73 57.67
1984 79.26 65.13 78.67 42.91 68.09
1985 79.39 30.30 69.53 35.19 45.59
1986 79.30 52.02 116.00 45.37 67.27
1987 79.47 75.30 30.02 34.49 91.05
1988 79.38 61.00 96.89 46.20 75.78
1989 79.47 63.13 84.02 43.75 75.27
1990 79.66 85.03 20.21 28.13 75.59
1991 79.56 19.52 40.76 24.91 33.26
1992 79.46 34.31 76.07 38.18 53.82
1993 79.69 38.21 90.81 41.29 55.36
1994 79.88 22.12 47.60 24.34 33.32
1995 79.89 25.92 57.51 28.24 41.63
1996 79.64 49.56 113.66 46.98 59.56
1997 79.71 56.07 120.85 45.44 62.46
1998 79.89 28.20 66.18 32.65 42.90
1999 79.79 59.38 99.89 42.09 66.79
2000 79.85 73.16 39.97 36.46 82.03
2001 79.84 16.19 36.34 21.64 34.58
2002 79.77 47.36 104.39 45.34 57.16
2003 79.81 44.76 99.24 43.71 54.90
2004 80.06 68.94 68.11 39.90 69.29
2005 80.03 54.33 120.37 45.47 63.91
2006 80.23 79.20 23.94 29.53 83.86
2007 80.24 66.66 83.15 41.00 62.57
2008 80.45 39.79 80.65 41.41 52.78
2009 80.23 57.72 116.21 44.69 64.04
2010 80.34 35.61 80.18 39.96 50.63
2011 80.38 42.02 88.08 40.90 54.36
2012 80.27 52.55 125.90 46.43 63.00
2013 80.34 64.40 93.04 42.83 62.78
2014 80.50 81.90 19.71 29.66 86.88
2015 80.30 14.92 32.88 19.52 25.76
2016 80.41 32.73 65.24 36.36 46.74
2017 80.39 50.71 118.18 49.22 58.37
2018 80.48 71.04 57.48 34.49 65.91
2019 80.63 17.93 38.37 19.88 32.15
2020 80.40 62.17 99.98 44.13 61.27
2021 80.64 23.98 47.06 28.35 33.74
2022 80.74 43.88 87.24 41.78 53.24
2023 80.77 30.49 61.84 33.85 41.63
2024 81.13 45.99 90.91 41.40 53.28
2025 80.68 75.20 36.07 34.28 69.89
2026 80.80 37.53 79.52 38.98 49.18
2027 80.81 47.68 105.76 46.13 57.65
2028 80.83 60.53 102.55 44.08 58.63
2029 80.94 49.42 108.67 42.62 57.28
2030 80.97 76.93 35.73 30.55 75.52
2031 80.96 54.22 103.00 43.05 58.88
2032 81.13 83.93 17.39 24.62 74.06
2033 81.14 28.02 56.34 28.68 38.16
2034 81.10 56.23 108.17 46.27 55.40
2035 81.08 73.18 51.18 32.54 63.07
2036 81.21 20.30 41.55 21.52 31.77
2037 81.08 58.68 116.57 44.85 60.83
2038 81.30 34.19 61.61 34.61 43.66
2039 81.23 68.49 72.81 36.41 50.84
2040 81.16 21.85 44.55 22.40 30.55
2041 81.48 25.71 49.54 27.36 35.12
2042 81.39 52.22 101.07 43.04 51.48
2043 81.30 64.15 98.70 41.46 56.28
2044 81.44 41.93 73.16 39.03 47.98
2045 81.38 78.71 30.78 28.59 70.98
2046 81.54 66.36 89.47 39.89 51.87
2047 81.43 39.61 69.17 38.67 42.30
2048 81.64 62.21 101.43 42.45 56.82
2049 81.65 70.78 66.41 35.79 55.70
2050 81.74 36.12 57.75 36.56 43.61
2051 81.95 23.15 42.79 24.10 31.59
2052 81.98 32.40 49.25 32.47 38.79
2053 81.91 44.44 74.38 44.57 49.64
2054 81.81 50.56 94.35 46.77 50.79
2055 81.93 48.18 93.38 44.25 48.57
2056 81.97 17.64 38.84 19.09 30.42
2057 81.87 30.34 51.41 29.86 38.78
2058 82.04 38.19 60.73 38.51 44.46
2059 81.86 54.11 98.53 45.78 47.67
2060 81.88 60.27 104.32 43.83 53.21
2061 81.97 57.99 108.78 44.59 53.70
2062 82.17 75.78 44.90 30.55 56.96
2063 82.21 73.19 58.29 33.03 50.49
2064 82.31 55.77 89.91 43.30 49.88
2065 82.30 40.70 57.57 39.75 48.05
2066 82.26 64.07 94.13 39.09 45.92
2067 82.36 28.18 46.43 29.54 34.73
2068 82.28 19.16 39.12 20.36 30.00
2069 82.48 20.79 38.77 21.42 27.88
2070 82.36 68.35 73.98 35.31 49.22
2071 82.61 78.20 34.82 27.14 54.95
2072 82.62 43.08 56.00 40.54 46.14
2073 82.60 53.20 90.62 45.70 47.30
2074 82.76 25.38 36.19 26.26 31.39
2075 82.82 33.88 45.25 34.58 39.65
2076 82.69 46.47 66.81 42.22 46.24
2077 82.68 49.83 80.37 44.65 45.56
2078 82.74 66.17 92.08 39.75 47.76
2079 82.87 36.36 51.88 33.69 40.87
2080 82.79 61.80 101.89 42.54 49.19
2081 82.69 27.04 42.20 32.80 26.80
2082 82.90 57.58 90.58 38.79 44.38
2083 82.84 59.78 93.61 42.00 46.61
2084 83.15 69.90 71.08 34.90 38.78
2085 83.00 30.44 44.65 31.54 34.58
2086 83.02 51.70 70.98 40.78 46.52
2087 83.19 39.01 42.96 36.60 40.92
2088 83.24 44.84 47.90 44.26 41.30
2089 83.30 48.58 63.36 42.07 43.86
2090 83.27 41.51 44.29 41.04 41.79
2091 83.44 22.89 35.38 22.30 30.24
2092 83.21 75.17 52.27 31.52 46.15
2093 83.31 63.85 90.19 40.60 44.26
2094 83.65 73.19 63.50 31.54 40.86
2095 83.52 54.13 67.00 42.79 41.61
2096 83.55 56.02 71.75 39.83 43.58
2097 83.65 28.54 36.33 27.43 32.83
2098 83.86 32.19 33.34 29.69 32.96
2099 83.76 79.66 37.71 23.96 39.77
2100 83.58 46.97 53.79 41.36 42.30
2101 83.75 68.00 71.69 35.35 40.78
2102 83.74 26.78 31.15 26.06 29.21
2103 83.97 35.32 33.55 34.81 34.49
2104 83.77 58.64 78.28 42.00 41.35
2105 83.81 65.99 85.05 34.79 40.12
2106 83.93 76.79 47.81 25.83 39.50
2107 84.10 37.68 36.07 36.07 36.45
2108 83.97 50.55 51.57 40.56 40.83
2109 83.94 62.27 88.08 38.65 41.92
2110 84.02 60.38 75.75 38.40 39.60
2111 84.00 43.80 38.32 42.58 34.87
2112 84.35 52.58 45.32 40.99 38.96
2113 84.13 24.96 31.17 23.41 27.66
2114 84.41 71.44 76.11 33.54 44.24
2115 84.33 40.48 29.28 38.90 35.99
2116 84.08 45.10 39.00 44.40 34.00
2117 84.53 57.25 61.10 37.34 39.15
2118 84.49 46.35 35.56 41.62 35.48
2119 84.50 29.88 30.81 28.68 31.04
2120 84.54 64.22 82.24 36.93 37.23
2121 84.60 48.79 41.57 43.09 35.76
2122 84.64 55.06 47.47 43.84 35.40
2123 84.41 26.00 27.33 28.22 26.33
2124 84.76 34.10 27.74 32.84 31.22
2125 84.83 69.69 72.11 32.25 35.80
2126 84.90 22.37 29.36 20.17 28.56
2127 85.08 79.51 40.98 22.91 31.86
2128 84.82 67.25 75.91 34.42 36.06
2129 84.99 75.91 59.17 24.19 33.32
2130 84.96 27.31 25.27 24.26 29.04
2131 84.84 43.71 31.58 38.74 37.61
2132 85.19 32.10 25.02 28.07 33.04
2133 85.15 42.07 27.06 37.03 35.72
2134 85.10 60.95 59.49 39.63 35.46
2135 85.08 24.47 24.54 22.95 23.62
2136 85.31 51.53 29.29 39.99 32.26
2137 85.28 59.02 51.99 41.61 35.46
2138 85.39 73.78 67.00 26.00 33.12
2139 85.14 36.11 22.33 36.89 28.78
2140 85.35 63.30 65.88 36.49 37.76
2141 85.59 30.58 19.15 30.07 26.13
2142 85.71 44.14 24.03 37.84 31.67
2143 85.59 57.03 48.27 37.83 32.68
2144 85.75 65.06 59.14 34.59 31.27
2145 85.80 34.96 22.47 32.14 31.27
2146 85.71 47.90 25.61 40.37 31.63
2147 86.13 62.05 48.16 35.75 30.93
2148 85.96 78.28 49.57 21.84 27.40
2149 86.09 25.48 21.35 20.75 25.94
2150 86.01 67.92 66.98 32.70 32.57
2151 85.99 70.24 67.68 31.68 32.43
2152 86.29 72.36 66.96 26.18 29.93
2153 86.33 45.81 22.00 39.32 29.35
2154 86.49 76.29 56.96 22.64 26.61
2155 86.43 49.89 23.94 38.21 30.47
2156 86.47 59.96 39.69 36.67 30.39
2157 86.62 32.52 19.86 29.90 27.57
2158 86.49 30.30 18.50 28.58 25.54
2159 86.49 38.27 20.10 35.81 26.31
2160 86.68 35.90 19.80 30.96 27.80
2161 86.83 74.19 61.77 25.11 25.03
2162 86.72 47.45 21.77 36.23 30.95
2163 86.76 40.14 18.20 33.22 32.02
2164 86.87 66.57 43.50 30.73 27.44
2165 86.51 34.04 18.20 31.00 21.60
2166 86.72 42.67 20.35 34.80 30.30
2167 86.90 64.47 40.86 33.53 27.86
2168 86.91 51.99 21.76 39.44 29.68
2169 86.90 55.29 24.33 38.40 30.55
2170 87.31 23.24 13.28 20.14 19.78
2171 87.29 71.13 52.31 26.47 26.01
2172 87.20 58.77 26.42 36.97 28.78
2173 86.95 61.92 37.50 39.67 30.83
2174 87.05 62.94 34.36 39.21 27.71
2175 87.26 24.70 13.64 21.11 21.92
2176 87.39 68.91 46.80 28.43 24.24
2177 87.41 41.48 18.61 33.35 29.74
2178 87.41 26.27 16.14 21.84 22.36
2179 87.60 33.28 16.78 26.98 25.68
2180 87.52 35.39 16.91 32.51 24.44
2181 87.52 61.24 27.87 35.82 27.57
2182 87.59 45.71 23.38 36.46 26.31
2183 87.74 49.71 20.18 37.96 26.62
2184 87.82 38.57 17.04 33.79 25.31
2185 87.66 52.63 19.96 38.04 28.21
2186 87.54 57.29 23.94 36.72 28.03
2187 87.57 37.21 18.36 31.83 30.61
2188 87.90 47.24 21.11 36.75 28.67
2189 87.70 54.39 24.26 36.82 27.61
2190 87.97 75.41 54.67 22.74 21.33
2191 88.51 43.81 18.09 34.16 25.28
2192 88.41 26.80 11.95 19.57 20.41
2193 88.31 59.57 20.12 34.60 26.71
2194 88.51 51.89 18.41 37.20 25.45
2195 88.42 68.49 34.68 26.72 23.64
2196 88.57 70.52 37.45 26.75 22.42
2197 88.49 72.91 43.78 23.54 21.93
2198 88.63 61.91 21.56 33.61 25.02
2199 88.69 65.67 20.29 30.78 23.16
2200 88.52 41.13 16.76 35.74 26.24
2201 88.87 64.03 19.85 30.53 23.38
2202 88.80 54.21 20.48 35.97 25.97
2203 88.88 39.60 16.26 31.68 23.53
2204 89.28 29.25 11.66 23.76 17.98
2205 89.20 37.30 15.07 29.62 24.17
2206 88.86 55.94 20.62 36.15 24.46
2207 89.10 36.02 15.62 30.98 20.52
2208 89.21 46.20 16.69 34.80 25.84
2209 89.36 57.38 18.16 33.64 23.99
2210 89.17 61.02 20.54 32.61 23.75
2211 89.58 34.23 13.79 28.72 20.51
2212 89.52 32.19 15.15 24.88 20.75
2213 89.17 50.00 16.50 34.17 24.58
2214 89.25 55.11 17.41 35.59 26.12
2215 89.54 42.82 17.46 34.05 25.46
2216 89.74 72.38 31.24 21.13 18.66
2217 89.62 48.24 16.77 33.90 26.13
2218 89.61 70.06 29.57 23.16 21.35
2219 89.45 52.73 18.00 35.46 27.00
2220 89.64 27.29 9.96 16.22 20.39
2221 89.65 50.70 17.19 31.88 25.23
2222 89.75 54.11 19.58 35.15 25.65
2223 89.65 60.71 17.58 31.08 25.67
2224 89.85 55.38 18.50 33.38 23.38
2225 90.09 38.54 15.85 27.53 21.64
2226 89.78 41.18 19.45 34.55 19.36
2227 89.97 51.99 18.23 36.92 25.62
2228 90.21 65.44 16.47 28.48 21.00
2229 90.55 40.96 15.47 31.03 22.51
2230 90.28 61.67 17.08 31.64 21.46
2231 90.26 28.28 10.31 21.71 16.24
2232 90.35 50.26 16.54 33.24 22.30
2233 90.52 68.33 16.33 25.24 18.38
2234 90.29 53.05 16.96 35.37 21.78
2235 90.51 59.94 16.38 31.33 22.33
2236 90.46 30.17 10.61 21.00 17.75
2237 90.49 58.01 17.44 34.64 22.67
2238 90.56 32.24 10.81 24.75 17.77
2239 90.75 47.92 17.70 32.32 23.16
2240 90.95 63.60 14.29 27.48 20.52
2241 91.02 53.66 15.66 32.83 23.02
2242 91.16 65.84 15.57 26.47 16.62
2243 91.29 32.03 11.16 23.53 16.51
2244 91.63 68.07 12.56 23.00 14.73
2245 91.43 55.40 16.74 30.88 20.00
2246 92.02 59.51 15.16 30.24 21.09
2247 91.56 47.50 17.04 32.80 21.36
2248 91.80 52.50 15.70 30.74 20.88
2249 91.77 40.33 14.35 29.33 20.91
2250 92.06 63.66 12.56 26.52 17.67
2251 91.81 30.78 10.36 20.94 14.86
2252 91.85 42.24 16.26 30.45 20.92
2253 92.10 44.58 14.67 30.72 20.98
2254 92.32 49.28 14.81 32.21 20.78
2255 92.27 36.15 13.06 24.71 18.21
2256 92.11 54.99 17.06 31.28 21.62
2257 92.11 43.34 14.22 30.33 19.56
2258 92.16 47.01 15.50 31.95 20.45
2259 92.33 61.09 13.71 28.14 19.33
2260 92.50 56.56 14.43 29.71 19.91
2261 92.96 46.13 14.68 30.39 19.76
2262 92.80 43.05 14.37 27.61 20.15
2263 92.62 48.11 13.36 29.00 21.27
2264 92.83 61.93 12.38 26.50 17.07
2265 92.92 40.56 12.96 27.50 16.80
2266 92.97 34.76 10.43 21.50 13.30
2267 93.06 57.20 12.85 28.21 18.52
2268 93.15 51.19 13.88 30.19 21.12
2269 93.13 58.53 13.56 26.19 18.06
2270 93.37 33.53 10.15 20.80 13.55
2271 93.61 47.74 14.97 30.32 18.74
2272 93.60 60.57 12.53 26.05 16.49
2273 93.68 36.84 11.07 22.64 16.02
2274 93.47 63.87 11.52 24.05 13.82
2275 93.70 44.24 13.22 26.88 18.15
2276 93.61 62.13 12.95 24.56 16.15
2277 93.82 52.11 14.02 28.83 18.38
2278 93.93 59.28 13.04 24.27 16.38
2279 93.64 34.22 12.00 20.00 15.00
2280 94.00 49.96 14.11 29.43 20.18
2281 94.26 35.21 9.20 19.71 13.78
2282 94.54 63.03 9.40 23.62 13.31
2283 94.41 48.35 12.95 30.63 16.21
2284 94.62 54.97 11.00 26.94 15.25
2285 94.52 58.14 11.13 24.15 16.64
2286 94.86 50.98 12.89 26.46 16.00
2287 94.83 44.00 11.74 23.78 16.57
2288 94.64 61.43 11.00 23.45 13.05
2289 94.87 53.07 13.06 25.56 16.15
2290 95.01 56.19 11.05 25.71 15.45
2291 94.82 45.74 12.15 25.35 16.85
2292 95.33 60.34 9.82 21.95 12.57
2293 95.44 46.43 12.03 24.65 14.82
2294 95.02 48.61 12.53 24.78 16.06
2295 95.62 39.46 10.16 21.71 13.41
2296 95.48 49.48 12.33 22.78 17.56
2297 95.73 42.78 10.83 22.75 12.58
2298 95.88 48.40 11.47 23.23 12.74
2299 95.76 58.39 9.22 20.19 12.50
2300 95.58 52.76 13.30 25.30 13.90
2301 95.74 54.07 11.26 21.49 12.94
2302 96.05 50.84 10.33 23.22 13.82
2303 95.86 56.70 10.63 21.60 13.03
2304 96.61 55.13 10.34 20.96 11.00
2305 96.47 53.87 8.82 21.55 11.18
2306 96.91 48.00 8.69 20.90 11.71
2307 97.27 46.23 7.93 18.83 10.32
2308 97.67 50.93 7.81 19.42 10.58
2309 98.16 49.03 6.62 19.15 10.94
2310 98.29 47.81 6.93 17.80 9.73

