#<Embryo name> <Cleavage cycle> <Temporal class> <Genes>
kf1 14A 6 even-skipped knirps giant

#Quantitative data
#<Nucleus number> <A-P coordinate> <D-V coordinate> <Fluorescence intensity: channel 1 - eve, channel 2 - kni, channel 3 - gt>
0 1.74 47.88 8.83 94.03 3.93
1 2.80 48.64 10.87 91.84 4.71
2 3.03 45.65 11.38 89.96 5.02
3 3.23 43.40 10.26 81.29 4.11
4 3.23 51.56 9.90 89.94 4.45
5 4.16 47.35 12.70 91.21 6.17
6 4.07 50.01 13.29 90.18 5.20
7 3.80 55.02 9.66 90.62 4.38
8 4.75 38.39 10.84 94.11 6.67
9 4.56 42.44 12.79 90.02 5.77
10 4.60 52.86 12.62 94.73 6.01
11 5.04 45.25 13.23 88.31 7.19
12 5.09 55.25 11.82 84.80 5.00
13 5.50 40.81 12.88 89.40 7.51
14 5.24 49.91 14.11 87.49 6.07
15 5.91 47.86 14.53 86.01 6.90
16 5.94 59.39 8.91 87.01 4.41
17 6.06 36.64 9.84 85.82 6.21
18 6.17 43.56 13.38 84.77 8.77
19 6.19 56.88 12.30 95.14 6.21
20 6.31 51.37 14.21 90.10 6.57
21 6.10 54.09 11.92 78.33 7.28
22 6.33 38.73 13.13 91.27 8.05
23 6.64 34.44 9.92 78.54 6.33
24 6.81 61.45 7.28 77.98 4.08
25 6.56 55.03 14.71 94.31 6.40
26 6.66 39.91 11.86 87.29 9.29
27 7.02 45.75 13.76 90.93 8.01
28 7.17 41.72 13.58 83.09 8.81
29 7.27 53.12 14.97 97.71 7.55
30 7.35 48.48 15.32 93.57 7.85
31 7.16 36.33 10.68 75.88 8.34
32 7.40 59.10 12.02 87.76 6.17
33 7.51 56.76 14.53 91.92 5.62
34 7.63 32.54 9.92 58.94 6.11
35 7.74 39.21 14.14 78.42 9.63
36 7.92 50.85 15.42 95.29 8.09
37 7.88 36.95 12.71 61.57 9.93
38 8.24 43.92 15.08 80.05 9.43
39 8.30 54.43 14.72 95.16 7.65
40 8.32 34.23 12.46 59.84 7.86
41 8.40 61.28 11.51 85.85 5.51
42 8.44 46.49 15.58 93.83 9.01
43 8.30 35.69 10.94 51.72 7.39
44 8.73 41.28 16.24 70.31 9.99
45 8.82 31.54 9.74 41.85 6.40
46 8.90 58.66 14.15 93.50 6.68
47 8.99 56.56 16.52 95.23 7.99
48 9.01 48.85 16.23 91.92 8.05
49 8.97 38.25 14.70 65.58 10.88
50 9.31 51.69 16.01 94.93 8.79
51 9.14 63.68 9.69 79.42 5.74
52 9.24 33.17 11.09 43.67 7.09
53 9.66 60.97 15.49 89.59 7.14
54 9.41 43.65 16.00 68.43 10.46
55 9.55 36.16 14.86 50.83 8.96
56 9.79 46.09 15.87 78.59 9.57
57 9.79 54.31 16.85 92.75 8.27
58 9.71 30.74 9.06 35.38 5.18
59 10.00 40.31 16.41 57.08 9.05
60 9.78 62.77 13.30 80.82 7.36
61 10.00 43.25 16.90 63.85 9.34
62 9.89 59.77 14.56 91.82 7.23
63 10.30 34.64 13.36 40.07 8.09
64 10.29 65.96 10.06 81.35 6.08
65 10.33 49.24 15.80 82.44 8.77
66 10.30 58.01 16.55 98.87 8.60
67 10.82 32.01 11.78 30.75 6.76
68 11.04 55.50 16.80 100.87 9.67
69 10.79 52.43 18.09 89.82 10.34
70 10.59 63.70 13.20 80.22 6.91
71 10.54 36.79 15.15 45.09 8.36
72 10.89 38.04 14.96 41.60 9.38
73 11.30 29.97 9.84 26.27 6.99
74 11.10 42.62 16.85 52.28 8.60
75 11.10 60.20 16.16 92.25 9.32
76 11.08 45.36 15.74 61.27 10.03
77 11.11 62.32 12.96 83.05 8.10
78 11.46 47.79 16.65 67.74 10.17
79 11.34 68.65 9.02 67.71 5.52
80 10.89 35.80 13.20 37.40 8.20
81 11.32 40.09 17.06 47.06 9.29
82 11.72 50.41 17.60 79.70 10.08
83 11.70 57.64 17.65 101.70 9.74
84 11.56 66.80 9.75 76.85 6.80
85 11.60 65.24 13.14 85.59 7.23
86 11.59 36.34 17.02 34.86 8.18
87 12.28 52.84 18.13 82.77 10.89
88 12.24 38.55 17.34 37.63 9.62
89 12.28 43.93 17.08 48.58 9.73
90 12.02 31.48 14.30 27.30 8.00
91 12.18 63.46 14.81 90.81 9.23
92 12.31 41.19 16.41 38.52 10.41
93 12.46 59.81 18.45 96.35 10.22
94 12.84 46.10 17.79 51.71 10.85
95 12.47 32.71 13.18 28.42 8.56
96 12.34 36.12 15.12 32.90 9.20
97 12.57 68.60 12.41 79.29 7.66
98 12.68 55.15 19.32 94.50 11.45
99 12.83 48.46 17.38 59.03 10.70
100 12.89 66.01 14.93 86.96 9.69
101 12.85 34.53 15.09 28.61 9.07
102 12.86 26.11 10.17 19.66 5.54
103 13.35 57.13 18.08 91.56 12.03
104 13.31 50.74 19.02 65.67 10.99
105 13.30 62.01 16.35 90.57 11.88
106 13.37 29.48 12.93 22.11 8.26
107 13.45 37.87 17.52 29.79 10.14
108 13.18 68.19 11.13 72.74 8.74
109 13.42 32.22 14.60 26.22 9.69
110 13.17 27.14 9.67 18.33 8.00
111 13.35 30.64 14.69 24.14 8.17
112 13.66 43.68 18.99 41.76 11.24
113 13.87 53.63 19.07 71.25 12.32
114 13.59 64.61 15.02 86.76 12.73
115 13.75 40.70 18.82 33.40 10.59
116 13.70 70.51 12.55 73.59 9.51
117 13.60 33.78 15.62 27.38 9.16
118 14.12 28.13 13.62 22.62 7.46
119 13.75 36.30 16.81 29.17 10.64
120 13.83 59.82 17.28 92.97 12.55
121 14.00 67.18 15.76 77.56 11.22
122 14.18 48.23 18.83 48.35 11.48
123 14.13 39.16 16.82 31.36 11.64
124 14.29 68.79 14.74 78.41 10.82
125 14.39 26.34 10.26 20.68 7.97
126 14.19 30.97 14.36 26.61 9.19
127 14.08 63.88 15.88 87.50 13.38
128 14.41 58.45 18.52 80.30 13.17
129 14.53 46.02 18.51 39.04 13.30
130 14.25 33.76 19.46 26.71 10.20
131 14.72 51.22 19.03 55.51 12.79
132 14.40 65.29 15.27 75.88 11.58
133 14.51 35.81 17.63 29.83 12.30
134 15.00 55.61 19.49 70.59 15.21
135 14.71 61.98 18.86 96.02 14.87
136 14.63 71.75 12.34 62.18 12.41
137 15.13 74.46 9.50 64.02 9.12
138 14.50 34.82 15.00 31.00 12.00
139 14.88 37.08 17.44 30.12 11.37
140 14.77 30.08 14.96 24.42 10.46
141 14.96 40.51 18.50 29.89 13.47
142 14.92 32.03 15.36 26.32 11.85
143 15.09 42.62 17.35 32.92 12.56
144 15.04 34.30 16.06 27.00 11.17
145 15.48 66.69 18.52 81.95 16.38
146 15.41 53.28 19.43 56.22 16.61
147 15.09 70.71 13.74 68.97 12.03
148 15.12 44.55 17.07 34.05 13.95
149 15.16 27.51 14.39 22.03 10.29
150 15.28 48.84 20.15 41.97 16.76
151 15.37 72.89 11.47 69.22 11.53
152 15.11 29.44 16.00 26.00 11.83
153 15.23 60.15 18.68 92.88 20.03
154 15.70 57.55 18.31 77.27 20.70
155 15.84 69.44 16.52 77.10 15.36
156 15.67 64.63 19.16 94.54 17.79
157 15.81 38.22 17.83 30.43 15.13
158 15.64 41.10 17.64 29.18 13.77
159 15.99 25.81 11.49 20.86 10.41
160 15.85 35.74 17.87 28.60 14.16
161 15.64 47.46 16.91 38.36 14.36
162 15.96 22.29 10.24 19.76 8.80
163 15.95 43.77 19.30 33.28 15.58
164 15.98 59.61 20.94 87.52 17.60
165 16.05 45.84 20.47 33.80 15.96
166 16.29 51.15 20.39 43.59 20.20
167 15.82 49.28 16.82 40.55 14.55
168 16.32 75.75 9.17 59.48 8.31
169 16.41 62.15 19.79 95.17 20.90
170 16.11 30.13 14.49 23.93 11.33
171 16.41 71.83 15.77 70.23 15.04
172 16.10 23.71 10.31 20.06 8.41
173 16.04 32.05 17.41 25.29 13.06
174 16.20 42.28 18.32 30.24 18.88
175 16.16 33.79 16.96 27.00 13.39
176 16.61 53.82 18.91 45.32 25.58
177 16.73 38.48 17.71 31.08 18.52
178 16.63 31.19 16.68 25.44 12.68
179 17.03 56.37 20.10 60.12 31.01
180 16.98 36.17 17.03 27.77 19.20
181 16.95 67.31 18.02 86.23 21.06
182 16.52 24.26 11.00 20.75 10.50
183 16.76 34.63 15.08 28.27 14.66
184 16.71 77.55 6.64 51.67 4.91
185 16.99 65.00 19.43 92.53 25.21
186 16.78 22.17 10.98 16.60 16.25
187 16.98 42.23 19.04 31.75 20.13
188 17.17 48.92 19.98 34.46 25.50
189 17.24 45.29 18.01 30.23 24.32
190 16.98 24.61 12.82 20.79 12.79
191 16.96 33.09 17.30 23.55 21.79
192 17.36 58.81 20.32 76.26 32.63
193 17.02 23.35 10.69 19.69 13.62
194 17.34 72.12 16.42 74.45 21.51
195 17.80 50.90 19.42 34.93 40.08
196 17.64 69.69 18.53 87.46 24.16
197 17.63 78.95 5.71 53.05 6.04
198 17.48 21.97 11.13 20.56 12.77
199 17.79 61.41 20.51 87.83 30.35
200 17.67 32.76 17.71 23.68 23.68
201 17.71 77.38 11.10 64.92 11.18
202 18.12 28.89 16.21 25.00 24.96
203 18.04 47.29 18.33 30.96 42.64
204 17.94 26.16 15.45 21.91 25.19
205 18.14 53.00 19.99 41.09 57.58
206 18.39 67.43 20.04 93.37 26.18
207 17.98 71.60 19.58 82.66 18.79
208 18.42 55.19 19.40 44.55 69.30
209 18.30 43.11 19.98 27.39 44.23
210 18.58 31.40 17.38 25.37 33.56
211 18.55 64.67 20.76 88.42 31.03
212 18.47 23.34 14.15 21.39 28.93
213 18.36 76.65 11.83 67.27 12.05
214 18.67 57.53 20.35 51.45 64.62
215 18.59 36.47 19.40 25.98 35.11
216 18.92 45.26 19.52 28.27 57.86
217 18.93 49.29 20.29 28.56 76.60
218 19.25 69.63 20.15 92.15 29.15
219 18.67 73.20 17.14 75.16 20.58
220 19.05 59.69 23.46 67.68 60.52
221 19.10 62.25 21.83 88.75 41.12
222 19.12 41.07 19.78 27.17 54.58
223 19.07 21.40 13.23 18.49 35.03
224 19.18 34.20 18.21 25.69 43.26
225 19.31 38.63 19.17 27.11 56.98
226 19.09 71.87 17.57 78.00 22.40
227 19.40 78.07 13.80 75.35 14.22
228 19.19 26.40 16.11 21.60 42.98
229 18.98 75.52 14.78 68.87 17.11
230 19.33 19.89 11.21 17.36 39.54
231 19.43 52.59 20.10 33.49 94.97
232 19.74 29.15 16.62 23.65 56.52
233 19.55 74.49 18.80 75.38 19.75
234 19.82 55.34 22.05 37.61 108.24
235 19.89 47.52 21.39 31.03 100.60
236 19.88 23.95 16.41 20.95 57.89
237 19.96 66.73 20.56 88.97 37.24
238 19.96 31.91 18.32 24.96 68.84
239 19.84 36.17 19.66 28.68 73.52
240 20.14 80.52 10.24 69.73 13.58
241 20.17 63.83 22.46 82.15 49.98
242 20.29 42.27 21.05 29.24 97.40
243 20.28 57.71 20.15 42.05 96.27
244 20.27 50.11 21.11 29.61 119.67
245 20.03 73.15 15.34 85.21 21.87
246 20.22 44.92 22.93 29.23 102.14
247 20.31 71.71 18.59 83.91 28.37
248 20.21 60.72 20.65 64.26 76.73
249 20.43 37.09 19.34 23.37 80.91
250 20.42 76.03 17.58 79.62 23.56
251 20.54 21.79 14.13 20.34 70.77
252 20.60 26.81 16.01 23.75 84.10
253 20.50 34.21 18.67 25.63 95.20
254 20.78 39.48 22.84 28.58 105.53
255 20.80 68.50 21.85 84.93 36.46
256 20.81 52.28 23.36 30.99 131.74
257 20.60 70.27 18.91 86.33 28.24
258 21.07 19.43 12.50 18.15 78.50
259 20.86 78.57 16.67 83.40 22.22
260 20.89 74.40 18.70 75.84 23.40
261 21.18 54.73 21.81 31.45 128.13
262 21.19 46.94 22.10 31.60 123.86
263 21.24 31.92 18.19 24.19 106.75
264 21.08 35.10 18.85 26.35 87.87
265 21.56 29.23 17.79 24.86 116.17
266 21.26 59.83 21.77 41.90 102.54
267 21.31 65.43 22.24 74.53 54.46
268 21.44 62.80 21.41 65.11 70.77
269 21.52 24.00 16.43 21.94 101.21
270 21.35 81.54 11.78 72.52 17.04
271 21.59 16.55 9.99 16.23 74.64
272 21.55 44.05 21.69 28.48 142.59
273 21.18 73.08 18.46 83.08 25.77
274 21.64 49.25 22.46 31.02 152.24
275 21.65 37.27 21.41 26.75 134.16
276 21.75 57.68 21.21 37.13 112.35
277 21.79 41.56 21.67 26.38 152.70
278 21.66 72.23 22.81 88.42 37.73
279 21.84 76.89 18.44 78.10 28.96
280 21.88 70.15 20.40 91.73 43.43
281 22.00 26.81 17.31 23.77 122.39
282 22.02 74.23 19.63 83.63 33.37
283 22.07 79.61 15.54 76.22 27.12
284 22.29 21.55 15.63 20.54 103.67
285 22.17 51.40 23.02 29.12 162.41
286 22.07 67.37 23.04 81.50 50.13
287 22.26 34.31 19.89 27.14 145.12
288 22.44 55.92 21.88 31.38 136.08
289 22.22 82.98 10.87 63.68 16.21
290 22.43 60.61 19.22 38.54 101.80
291 22.68 40.00 20.99 27.28 150.95
292 22.47 46.16 23.65 28.27 160.92
293 22.73 53.47 23.22 30.43 154.77
294 22.50 31.48 19.11 25.18 145.97
295 22.60 18.67 14.36 19.09 103.71
296 22.81 63.30 22.99 47.49 84.16
297 22.91 65.61 20.13 60.23 67.55
298 22.72 82.17 15.91 70.53 21.72
299 22.62 72.42 17.63 88.85 37.93
300 22.96 24.65 16.52 21.75 127.37
301 22.94 36.54 21.32 25.95 153.52
302 22.93 43.43 23.08 28.91 161.06
303 23.09 48.55 23.18 30.37 157.56
304 23.30 77.57 21.72 78.11 36.82
305 23.25 84.39 11.57 58.50 19.56
306 23.28 27.78 17.77 22.98 144.66
307 23.21 58.38 23.25 32.78 116.84
308 23.15 71.20 21.39 87.84 47.20
309 23.26 68.21 21.83 76.94 63.95
310 23.25 81.31 14.39 73.43 30.29
311 23.66 50.68 25.34 31.52 162.43
312 23.65 30.84 19.21 24.37 151.58
313 23.83 33.64 20.86 26.00 156.23
314 23.76 38.72 22.28 28.60 179.14
315 23.74 61.91 22.51 38.22 97.96
316 23.79 22.21 16.23 21.94 126.68
317 23.83 55.30 22.30 32.30 148.97
318 23.72 80.02 19.08 68.04 37.05
319 23.75 46.16 24.20 28.22 159.72
320 23.77 17.59 13.21 18.25 111.24
321 24.18 72.71 23.39 81.98 54.44
322 23.83 19.24 14.38 19.33 110.55
323 24.02 42.84 22.58 29.14 169.73
324 24.14 52.81 23.90 30.70 164.22
325 24.12 69.86 22.25 76.86 63.24
326 24.19 64.70 24.20 51.44 84.82
327 24.26 36.31 21.00 26.28 169.94
328 24.31 59.85 23.37 36.70 119.46
329 24.37 25.52 17.10 22.67 134.02
330 24.57 40.56 22.93 31.22 175.45
331 24.41 57.34 21.41 32.07 134.77
332 24.01 83.14 16.89 62.84 31.21
333 24.56 75.09 25.61 78.17 56.42
334 24.32 82.33 15.55 69.61 32.39
335 24.57 29.01 19.43 24.19 154.28
336 24.46 67.49 22.48 66.31 82.89
337 24.25 84.28 14.90 56.62 17.62
338 24.72 48.36 25.20 32.63 165.49
339 24.45 78.72 19.87 70.64 41.36
340 24.82 15.32 12.29 18.24 95.15
341 24.84 45.59 23.85 28.46 184.41
342 24.78 77.23 26.02 70.71 51.58
343 25.02 20.62 16.24 21.60 122.18
344 24.78 81.12 26.04 68.86 55.01
345 25.04 31.80 20.48 27.06 164.91
346 25.13 17.94 14.42 19.56 116.32
347 25.02 61.91 24.19 39.04 111.04
348 25.19 51.08 25.55 34.46 154.29
349 25.28 23.29 17.31 23.79 141.31
350 25.29 34.65 21.80 29.98 161.26
351 25.34 38.15 23.06 29.05 169.48
352 25.24 54.02 26.14 33.87 142.64
353 25.32 43.27 22.87 30.84 173.00
354 25.39 86.62 12.36 43.14 20.55
355 25.24 70.61 27.33 73.16 73.22
356 25.46 66.25 26.38 56.55 99.87
357 25.57 79.12 31.90 67.60 68.76
358 25.56 63.98 25.19 49.20 106.95
359 25.56 27.47 19.71 24.51 150.87
360 25.65 56.21 25.13 35.13 141.12
361 25.48 58.89 26.02 34.22 120.50
362 25.78 73.01 31.92 74.70 78.56
363 25.70 12.78 10.04 16.37 87.08
364 25.95 68.29 29.55 62.96 93.40
365 25.78 82.02 33.26 58.42 61.58
366 25.78 76.24 37.19 67.92 83.45
367 25.96 41.08 23.98 30.13 172.75
368 26.09 48.93 25.17 30.39 153.82
369 26.16 30.19 19.53 28.18 155.65
370 26.22 25.20 18.56 26.25 141.68
371 25.99 46.26 25.61 29.92 162.41
372 26.18 61.44 26.20 42.46 122.30
373 26.50 18.96 16.26 23.14 118.71
374 26.44 33.32 20.99 25.94 156.41
375 26.40 36.44 23.22 28.63 168.89
376 26.49 16.06 14.19 19.94 112.75
377 26.43 51.33 25.84 32.66 155.01
378 26.34 13.63 11.26 19.06 74.68
379 26.48 21.92 17.91 24.03 141.09
380 26.74 53.56 27.47 35.92 152.72
381 26.51 70.25 34.43 72.54 98.04
382 26.67 38.98 23.73 30.99 168.29
383 26.63 43.50 24.55 28.91 162.33
384 26.80 80.13 65.56 49.78 90.64
385 26.76 86.17 43.21 34.12 54.21
386 26.61 58.92 28.24 36.91 124.88
387 26.70 83.55 54.68 36.39 72.56
388 26.60 65.50 27.49 59.40 110.98
389 26.65 74.57 52.29 66.79 95.84
390 26.82 56.14 28.12 36.98 146.91
391 26.99 27.46 19.26 27.02 149.81
392 27.06 62.95 28.26 55.10 124.74
393 27.07 77.11 79.21 49.27 97.02
394 27.29 47.82 26.50 32.41 153.06
395 27.22 45.46 23.94 32.82 157.95
396 27.17 72.09 55.53 63.41 108.37
397 27.42 31.28 20.37 27.05 160.20
398 27.37 40.96 25.08 32.07 172.56
399 27.31 67.60 32.38 57.25 123.48
400 27.47 23.86 18.90 23.25 141.67
401 27.52 14.38 16.80 19.48 104.29
402 27.45 50.39 28.30 36.09 160.67
403 27.49 35.17 23.16 31.14 155.60
404 27.59 60.56 31.96 55.85 143.36
405 27.70 20.80 19.52 22.90 116.01
406 27.90 37.83 24.13 30.23 153.35
407 27.76 58.12 28.78 50.75 141.28
408 28.02 81.78 121.40 27.96 96.55
409 27.74 65.04 36.09 61.66 130.05
410 27.99 28.84 21.83 26.63 149.10
411 27.87 74.59 146.25 43.31 119.32
412 27.89 17.64 16.72 21.84 121.81
413 27.90 55.21 29.30 45.13 145.24
414 28.02 69.71 58.54 52.45 129.84
415 28.02 78.76 146.34 32.38 116.22
416 28.09 84.63 92.76 22.48 88.63
417 28.27 51.78 30.27 41.29 147.66
418 28.08 43.39 24.97 33.40 150.12
419 28.29 25.99 19.90 27.30 140.27
420 28.31 33.11 22.95 28.81 151.06
421 28.36 46.28 27.34 33.40 157.57
422 28.35 62.47 36.21 54.14 136.02
423 28.55 11.91 14.30 19.09 89.84
424 28.42 72.11 150.28 39.06 118.88
425 28.52 86.61 88.40 23.01 81.34
426 28.51 48.89 28.96 35.32 155.61
427 28.53 67.30 62.91 56.35 148.42
428 28.52 40.20 25.59 33.24 164.32
429 28.67 53.53 31.44 46.80 157.85
430 28.77 35.69 23.17 35.03 157.85
431 28.77 76.61 196.75 29.46 124.08
432 28.82 15.84 19.90 21.12 112.86
433 28.86 22.80 20.61 24.72 115.01
434 28.75 57.11 33.20 61.22 144.84
435 28.81 59.96 38.95 60.15 149.16
436 29.05 30.85 23.46 29.43 138.54
437 28.86 65.02 49.39 53.68 141.34
438 28.94 19.78 20.17 23.81 130.45
439 29.13 42.50 25.58 37.68 143.45
440 29.22 79.46 184.28 24.51 128.07
441 29.46 37.51 27.83 36.40 154.82
442 29.34 82.49 147.08 23.59 122.86
443 29.29 28.15 23.70 29.37 153.75
444 29.36 74.08 199.71 28.50 137.46
445 29.40 68.88 165.30 37.01 148.59
446 29.36 44.96 28.35 42.49 152.74
447 29.50 55.22 34.00 59.71 164.46
448 29.46 71.14 201.93 33.49 125.49
449 29.42 50.25 32.77 50.13 154.77
450 29.48 25.12 24.36 27.67 145.45
451 29.48 62.80 66.64 48.60 162.16
452 29.51 33.58 22.88 32.84 153.34
453 29.68 47.41 32.76 42.25 153.14
454 29.68 85.29 116.37 19.05 102.87
455 29.69 40.17 27.06 38.29 156.35
456 29.74 13.92 23.75 21.91 116.99
457 29.81 52.92 34.60 57.89 151.11
458 29.72 57.75 46.67 67.34 162.23
459 29.90 18.19 25.70 26.22 129.58
460 30.00 66.84 192.70 32.15 162.76
461 29.92 88.21 49.48 16.19 74.39
462 29.99 11.05 23.68 23.53 107.32
463 29.89 60.39 64.79 60.13 171.26
464 30.09 64.78 160.24 37.68 171.16
465 30.01 76.68 191.98 26.71 151.03
466 30.20 21.29 26.10 29.22 133.52
467 30.46 29.39 28.49 35.14 159.46
468 30.44 35.00 29.63 41.64 149.01
469 30.31 42.65 30.73 52.89 163.07
470 30.47 26.67 27.16 35.03 153.08
471 30.42 31.96 26.52 34.26 152.24
472 30.44 80.12 175.81 23.85 128.19
473 30.40 48.99 37.54 49.75 176.79
474 30.48 72.68 221.08 27.72 166.04
475 30.54 23.83 25.34 33.63 137.50
476 30.75 16.05 30.96 26.26 118.04
477 30.47 45.04 33.67 56.69 159.95
478 30.60 51.27 41.96 59.02 170.51
479 30.56 83.35 151.96 19.60 122.86
480 30.55 38.65 30.22 44.56 165.15
481 30.53 70.04 217.13 29.08 151.67
482 30.70 58.19 83.64 59.12 182.40
483 30.65 62.67 178.74 37.80 184.40
484 30.74 55.81 54.24 63.66 175.03
485 31.03 13.06 41.55 26.07 121.62
486 31.05 74.94 201.24 27.80 166.01
487 31.09 86.08 74.50 18.26 117.02
488 31.17 67.61 225.72 31.65 173.23
489 31.11 77.65 171.39 23.55 154.89
490 31.15 19.27 35.55 32.74 133.99
491 31.06 53.65 50.88 56.12 178.09
492 31.11 60.36 162.06 40.52 189.35
493 31.12 10.26 43.44 22.00 108.80
494 31.15 41.33 35.62 56.82 161.60
495 31.17 46.86 40.65 59.68 171.58
496 31.28 36.46 37.09 48.16 161.80
497 31.30 65.09 221.57 33.67 174.19
498 31.33 88.61 47.04 16.03 97.70
499 31.53 82.06 110.72 22.86 134.93
500 31.64 22.12 39.43 33.35 142.82
501 31.56 28.00 36.17 45.08 165.28
502 31.52 31.06 35.58 45.80 159.58
503 31.44 49.41 49.00 61.65 182.34
504 31.59 44.01 44.81 61.22 172.48
505 31.62 25.20 37.34 46.07 165.54
506 31.74 34.02 39.61 41.34 155.03
507 31.71 69.85 220.22 29.04 182.13
508 31.75 72.37 199.70 27.12 177.94
509 31.69 39.08 42.06 61.35 172.46
510 31.77 58.30 152.42 40.55 204.41
511 31.82 62.61 222.93 34.23 196.28
512 32.01 79.72 116.50 24.69 158.96
513 31.84 51.76 68.67 50.58 193.14
514 32.01 17.01 67.42 28.76 153.73
515 32.17 56.46 165.43 39.91 201.04
516 32.17 54.17 115.07 44.93 201.64
517 32.35 11.08 106.73 21.49 128.15
518 32.30 77.03 117.68 23.62 174.82
519 32.38 14.12 96.17 24.50 136.62
520 32.21 60.43 218.40 33.53 215.26
521 32.29 74.61 160.74 26.29 178.40
522 32.31 41.63 54.18 60.12 174.11
523 32.27 45.84 67.17 61.88 189.15
524 32.41 8.43 81.91 17.34 96.09
525 32.38 48.18 78.61 56.60 191.89
526 32.40 36.69 51.21 46.77 179.32
527 32.31 67.46 220.26 29.79 167.22
528 32.59 19.47 68.06 28.86 151.88
529 32.53 87.18 45.66 18.20 96.24
530 32.47 64.42 231.39 32.48 195.84
531 32.39 84.35 68.87 19.88 119.32
532 32.67 29.24 68.69 44.15 182.76
533 32.58 32.15 64.20 45.53 177.16
534 32.69 26.94 68.33 41.16 178.32
535 32.67 24.15 69.00 39.03 172.42
536 32.91 50.14 163.46 40.61 203.99
537 32.77 39.08 71.93 53.16 187.99
538 32.86 70.36 174.16 28.00 195.23
539 32.88 43.59 77.99 55.33 179.08
540 32.99 21.72 97.94 30.19 180.55
541 32.97 81.89 64.09 21.94 127.64
542 33.04 72.84 136.58 27.49 176.25
543 33.17 34.93 79.22 45.40 184.56
544 33.07 52.34 180.44 36.69 216.48
545 33.10 58.95 221.72 35.74 209.54
546 33.06 61.71 231.90 31.02 210.26
547 33.21 66.14 216.10 30.09 201.28
548 33.31 54.72 210.28 40.29 207.86
549 33.34 17.01 144.48 26.37 160.40
550 33.31 78.79 68.56 23.97 156.16
551 33.45 45.56 169.83 40.57 192.88
552 33.50 56.96 222.42 33.37 211.14
553 33.54 89.73 36.09 17.31 55.00
554 33.61 68.41 148.12 28.73 199.93
555 33.47 75.63 86.00 25.01 168.01
556 33.56 84.96 51.23 18.77 106.87
557 33.48 40.95 120.94 41.68 187.18
558 33.63 48.11 191.48 37.09 198.08
559 33.60 30.50 148.08 34.95 185.59
560 33.63 37.23 124.06 37.62 181.99
561 33.77 11.32 159.08 22.42 150.55
562 33.66 63.62 222.77 34.87 209.45
563 33.85 8.37 138.04 21.12 116.01
564 33.80 14.29 169.82 24.62 147.76
565 33.68 25.50 140.54 31.83 181.75
566 33.74 33.01 154.48 36.38 193.19
567 33.82 87.55 51.45 17.84 92.80
568 33.98 71.04 103.04 27.01 189.02
569 34.17 19.86 163.83 26.77 162.17
570 34.23 22.88 184.30 31.41 178.34
571 34.29 28.16 190.85 31.80 174.44
572 34.13 51.07 222.80 34.62 222.11
573 34.21 43.57 187.01 35.49 190.02
574 34.08 60.96 221.43 32.57 208.29
575 34.25 83.15 55.61 22.62 113.38
576 34.41 53.32 225.31 32.49 208.94
577 34.35 80.58 53.01 24.58 130.02
578 34.20 65.96 152.62 30.02 206.33
579 34.56 38.79 207.82 35.72 208.29
580 34.49 58.61 223.86 34.16 213.59
581 34.40 73.77 71.50 25.98 167.46
582 34.42 77.54 58.97 23.83 150.50
583 34.63 34.16 188.90 33.70 191.47
584 34.50 46.62 219.68 33.06 221.48
585 34.49 55.91 216.78 35.60 209.64
586 34.64 41.02 209.32 34.57 205.09
587 34.72 17.01 181.97 25.78 158.43
588 34.81 91.73 44.79 14.47 29.86
589 34.68 31.07 206.09 32.57 191.17
590 35.01 49.57 223.58 37.20 197.99
591 34.78 63.17 175.03 31.46 212.14
592 34.83 68.36 91.02 29.35 188.69
593 34.82 25.50 210.17 30.07 197.17
594 34.87 36.43 213.97 31.91 207.93
595 35.06 85.66 63.71 20.60 80.70
596 35.00 88.72 60.42 17.53 53.99
597 35.13 14.17 174.14 25.40 146.01
598 35.04 11.43 142.30 23.47 155.25
599 35.15 71.29 63.56 27.76 176.78
600 35.19 60.92 168.12 30.06 216.60
601 35.39 76.06 54.22 26.10 141.55
602 35.46 8.70 114.32 19.46 129.20
603 35.40 21.26 192.29 26.07 177.29
604 35.14 65.33 104.44 32.32 199.46
605 35.39 45.11 226.91 35.34 212.38
606 35.48 51.81 219.44 35.87 227.03
607 35.40 42.69 231.78 34.44 204.85
608 35.54 47.61 227.84 34.22 216.32
609 35.47 54.42 206.05 33.35 208.22
610 35.58 57.08 187.80 33.60 219.80
611 35.77 23.79 196.46 28.67 190.06
612 35.61 73.50 52.54 27.08 155.33
613 35.50 79.24 50.33 24.08 123.29
614 35.71 18.63 190.10 26.88 178.53
615 35.54 82.87 63.54 22.27 88.23
616 35.74 26.82 207.91 30.55 190.64
617 35.75 29.31 217.10 31.70 201.65
618 35.70 32.08 213.50 32.93 187.09
619 35.92 35.03 214.16 31.41 208.01
620 35.87 37.55 228.42 31.77 212.54
621 35.79 69.30 65.91 28.07 180.71
622 35.89 40.10 223.97 33.63 206.79
623 35.95 59.26 114.16 33.36 218.11
624 36.02 63.99 82.22 31.99 202.99
625 35.95 66.77 65.29 29.92 170.27
626 36.16 15.86 161.92 26.44 163.94
627 36.23 87.28 109.69 18.45 54.68
628 36.10 90.31 87.67 18.43 33.43
629 36.29 12.11 125.92 23.81 144.68
630 36.36 61.82 91.86 31.74 216.66
631 36.44 42.93 213.48 38.35 207.46
632 36.52 48.67 158.28 34.77 219.01
633 36.50 71.65 50.83 26.28 130.62
634 36.56 80.63 69.42 24.31 94.22
635 36.63 50.86 149.50 34.63 222.20
636 36.44 55.35 114.17 32.23 224.39
637 36.49 45.72 203.49 34.64 220.00
638 36.70 53.12 130.34 35.92 229.01
639 36.54 77.67 55.47 26.58 116.99
640 36.43 85.74 103.05 22.75 42.25
641 36.72 20.05 160.14 27.88 181.78
642 36.65 74.62 55.66 28.16 122.09
643 36.63 33.02 203.91 32.07 205.55
644 36.82 8.73 76.67 20.10 128.46
645 37.07 22.46 145.48 27.22 184.72
646 36.83 83.70 104.37 23.80 56.63
647 36.96 25.28 146.17 28.40 188.99
648 36.86 30.61 194.57 29.40 213.91
649 36.83 57.56 95.26 32.90 223.77
650 36.91 27.91 180.82 31.97 205.45
651 36.91 37.96 194.07 34.79 216.45
652 36.88 69.08 58.62 29.46 154.90
653 36.97 40.56 196.14 34.49 229.13
654 37.00 66.44 55.23 28.67 161.92
655 37.27 17.60 100.86 26.31 170.02
656 37.22 14.19 110.67 22.42 151.08
657 37.22 35.02 164.32 30.19 216.94
658 37.19 59.92 73.56 34.07 200.27
659 37.27 89.32 143.24 19.91 28.99
660 37.20 64.13 65.74 32.37 185.33
661 37.47 44.28 131.11 33.48 203.33
662 37.43 46.90 118.70 35.35 225.78
663 37.54 55.29 80.69 34.18 210.76
664 37.65 61.95 74.55 32.53 191.15
665 37.91 5.69 42.80 18.17 90.33
666 37.56 76.08 82.14 27.06 89.41
667 37.65 86.38 147.39 21.17 35.87
668 37.76 11.01 65.81 23.93 140.99
669 37.56 78.97 99.60 25.46 73.90
670 37.73 70.68 64.70 28.64 119.19
671 37.79 49.39 85.48 33.48 217.45
672 37.73 7.22 42.39 19.91 88.09
673 37.80 32.37 121.03 32.21 210.91
674 37.90 41.94 109.52 33.39 218.96
675 37.84 52.45 81.44 34.67 211.31
676 37.88 73.41 70.02 26.92 95.48
677 37.82 81.48 146.69 24.75 57.76
678 37.94 58.20 69.57 32.28 196.11
679 37.86 29.17 123.83 27.41 204.21
680 38.04 36.72 119.03 32.39 203.52
681 37.92 39.37 110.42 34.20 212.27
682 37.99 67.93 64.98 30.65 134.63
683 38.14 20.18 83.97 25.21 169.06
684 38.09 26.18 99.80 27.27 201.46
685 38.20 65.28 66.62 31.87 153.31
686 38.39 23.24 80.77 28.62 173.18
687 38.20 78.27 108.12 26.85 56.74
688 38.45 84.04 160.37 25.17 34.90
689 38.35 16.28 72.22 23.50 164.95
690 38.49 13.43 62.14 22.27 145.17
691 38.62 8.51 46.21 21.69 106.32
692 38.53 34.42 89.77 30.23 207.26
693 38.66 63.03 73.83 33.70 145.77
694 38.58 90.78 140.35 16.38 15.92
695 38.63 56.68 69.80 34.21 196.62
696 38.64 60.05 74.89 33.65 171.14
697 38.56 46.96 73.94 34.85 198.99
698 38.71 50.68 71.91 36.28 211.19
699 38.74 54.57 62.22 32.09 194.66
700 38.80 30.61 89.83 32.39 200.62
701 38.66 44.10 78.29 33.37 205.22
702 38.65 75.76 147.54 29.67 61.02
703 38.78 71.83 115.15 29.58 80.40
704 38.98 87.47 165.17 21.74 22.55
705 39.06 69.36 105.01 28.96 92.10
706 39.03 28.02 71.37 31.46 182.20
707 38.91 38.57 76.95 33.11 210.08
708 38.94 80.41 160.12 28.31 44.40
709 39.25 18.51 53.57 24.45 148.12
710 39.10 41.21 80.33 31.94 202.58
711 39.11 67.00 85.77 30.00 110.60
712 39.26 52.67 63.44 33.92 192.47
713 39.25 10.87 44.15 20.48 118.92
714 39.24 25.14 64.33 28.02 186.45
715 39.45 32.17 69.20 32.15 190.93
716 39.49 48.61 62.14 35.23 183.25
717 39.48 6.00 34.29 19.63 79.24
718 39.43 77.56 178.56 28.10 42.78
719 39.52 21.23 57.88 28.78 160.63
720 39.55 36.64 67.49 32.13 186.16
721 39.48 61.37 94.05 31.03 127.94
722 39.46 64.97 88.36 30.83 107.54
723 39.52 58.12 78.12 35.05 158.53
724 39.61 74.20 167.66 31.85 48.91
725 39.60 15.69 46.94 22.96 141.88
726 39.82 82.46 171.14 26.17 26.07
727 39.73 34.45 64.62 33.90 195.12
728 39.73 46.13 61.94 35.22 188.04
729 39.79 85.15 177.16 23.21 22.41
730 39.89 43.67 63.11 35.29 169.43
731 39.86 55.31 73.81 35.36 158.12
732 39.88 71.53 167.65 30.63 53.87
733 40.24 12.77 37.94 23.35 111.99
734 40.08 91.14 106.68 17.21 11.76
735 40.22 29.79 58.90 30.53 157.25
736 39.99 39.05 65.15 30.35 178.24
737 40.18 50.51 67.45 34.50 161.42
738 40.21 23.64 52.16 26.50 146.90
739 40.21 63.07 163.46 34.88 80.18
740 40.18 67.84 171.39 30.24 71.41
741 40.34 8.55 38.95 20.15 80.22
742 40.14 26.90 57.42 29.11 158.37
743 40.37 41.35 71.10 33.76 166.78
744 40.34 79.39 175.77 28.08 27.76
745 40.41 87.75 149.50 21.72 15.66
746 40.41 60.30 126.93 34.67 93.60
747 40.51 52.71 83.32 34.21 150.72
748 40.63 76.22 192.74 27.98 30.86
749 40.78 18.27 45.35 25.09 117.16
750 40.78 70.08 197.28 30.90 46.08
751 40.57 32.14 64.90 34.34 143.88
752 40.73 65.23 177.83 32.75 59.28
753 40.54 33.36 57.86 31.11 141.23
754 40.68 58.18 125.55 34.84 110.95
755 40.82 20.84 48.84 27.65 128.96
756 40.86 35.73 74.99 33.08 144.47
757 40.84 48.06 80.43 38.31 147.19
758 41.06 5.34 40.98 19.04 56.43
759 40.88 15.63 45.98 24.94 118.64
760 40.95 45.60 73.08 34.63 145.21
761 40.98 56.05 135.47 36.89 113.40
762 40.90 72.83 192.87 31.51 35.56
763 40.99 38.10 68.19 33.44 145.34
764 41.07 84.72 144.81 26.85 18.43
765 41.24 25.34 56.66 31.77 132.69
766 41.22 28.03 59.39 29.40 128.52
767 41.36 10.70 46.23 22.00 84.68
768 41.25 43.03 77.47 34.25 129.58
769 41.18 82.11 157.85 26.68 20.32
770 41.39 53.91 143.34 36.01 100.02
771 41.44 30.89 75.60 31.37 127.68
772 41.43 62.54 212.76 36.39 55.32
773 41.44 89.84 101.43 22.12 12.40
774 41.33 91.83 62.38 19.18 9.23
775 41.33 67.57 206.34 33.99 45.17
776 41.57 93.70 49.58 15.50 7.76
777 41.57 50.18 116.14 37.79 96.36
778 41.46 22.80 54.46 29.01 99.17
779 41.59 40.26 90.05 34.18 119.74
780 41.70 74.43 199.01 31.03 27.18
781 41.58 79.11 167.24 29.08 21.50
782 41.61 13.47 59.00 23.31 95.79
783 41.57 60.14 202.36 35.09 64.90
784 41.62 33.67 78.47 31.47 110.84
785 41.96 7.97 61.22 20.42 52.34
786 41.90 57.67 196.09 37.98 69.91
787 41.95 76.68 185.13 31.75 24.91
788 41.95 65.07 211.54 35.28 40.03
789 42.06 19.26 81.91 27.23 91.94
790 41.92 69.88 202.43 32.86 33.75
791 42.21 16.60 62.11 23.93 68.78
792 42.18 47.55 146.62 39.20 82.17
793 42.23 51.95 165.81 37.25 84.79
794 42.13 37.69 107.43 34.90 99.20
795 42.14 44.67 126.57 36.44 99.67
796 42.32 72.32 179.90 31.71 27.13
797 42.36 29.08 126.33 31.66 105.51
798 42.19 86.66 86.58 24.05 13.36
799 42.32 83.91 109.68 25.79 17.77
800 42.58 21.48 106.94 28.10 59.72
801 42.43 24.21 104.39 30.26 78.94
802 42.48 26.72 109.01 31.10 80.21
803 42.46 35.31 124.92 32.29 87.65
804 42.46 80.84 123.51 28.21 17.44
805 42.43 54.85 209.94 39.92 70.95
806 42.73 5.00 68.16 18.47 30.45
807 42.45 42.06 144.97 35.53 75.66
808 42.40 67.45 205.85 34.51 31.49
809 42.57 61.22 222.76 39.43 39.44
810 42.60 91.42 58.67 17.18 9.46
811 42.66 31.74 147.06 32.67 76.98
812 42.61 63.24 225.23 34.77 37.97
813 42.78 10.84 102.77 24.23 43.39
814 42.84 14.06 99.86 23.34 46.31
815 42.95 59.38 220.02 37.00 43.84
816 42.96 93.54 33.88 18.21 8.77
817 43.14 40.00 181.68 35.86 58.59
818 43.06 50.09 201.34 38.38 61.33
819 42.94 77.85 127.17 27.87 20.41
820 43.16 88.16 69.74 23.44 12.66
821 43.06 74.91 153.62 29.31 22.02
822 43.07 45.61 195.25 36.84 62.32
823 43.12 57.28 221.73 39.43 43.07
824 43.03 70.10 180.07 31.00 22.69
825 43.26 64.87 204.27 37.61 30.88
826 43.36 18.84 129.27 24.82 46.56
827 43.28 37.50 171.21 37.14 57.25
828 43.49 52.57 204.15 38.14 47.29
829 43.40 7.46 102.74 22.70 26.81
830 43.43 34.11 171.52 32.88 61.80
831 43.50 82.13 84.75 27.86 15.10
832 43.38 85.27 76.76 24.72 15.76
833 43.38 67.34 183.53 32.04 25.39
834 43.61 23.15 144.07 28.44 42.69
835 43.56 55.10 219.10 39.11 40.51
836 43.65 25.68 146.94 30.59 49.34
837 43.59 28.54 173.09 34.24 47.70
838 43.52 42.85 212.29 36.36 51.64
839 43.62 47.99 214.57 39.86 49.21
840 43.61 72.59 147.81 31.31 21.14
841 43.79 16.09 126.46 25.98 41.11
842 43.63 9.06 98.20 23.00 24.53
843 43.67 62.04 203.40 37.39 31.10
844 43.86 79.27 83.04 30.00 17.28
845 43.79 31.34 191.78 31.78 48.34
846 43.95 91.06 45.29 20.82 9.07
847 44.00 12.18 124.01 25.53 27.15
848 43.97 76.59 97.76 32.01 18.24
849 44.26 21.15 159.30 27.52 36.03
850 44.08 69.26 136.39 32.79 22.22
851 44.28 35.75 190.96 36.33 38.76
852 44.15 59.54 203.16 35.14 29.42
853 44.24 93.99 28.93 15.75 8.00
854 44.19 45.71 209.52 36.89 34.71
855 44.41 49.84 206.08 38.79 35.58
856 44.37 57.08 202.15 36.48 31.58
857 44.31 66.27 148.40 33.98 23.44
858 44.46 38.06 188.48 38.26 35.89
859 44.43 63.87 160.00 35.07 23.51
860 44.43 88.92 51.47 22.23 11.53
861 44.62 5.35 93.24 20.10 14.02
862 44.37 40.64 204.26 37.95 38.05
863 44.54 86.14 57.09 25.21 13.25
864 44.61 83.10 63.60 25.11 14.99
865 44.48 92.34 49.09 18.62 8.40
866 44.65 18.65 157.50 28.08 25.74
867 44.79 33.50 186.25 32.57 33.46
868 44.70 70.90 101.17 32.05 19.68
869 44.59 54.06 189.96 39.73 31.14
870 44.72 26.73 178.39 31.42 29.62
871 44.78 43.21 202.92 36.92 33.21
872 44.76 8.21 120.23 22.91 19.47
873 44.90 14.10 138.68 24.29 21.13
874 44.96 29.04 175.91 35.92 28.65
875 44.85 73.02 91.66 30.96 18.26
876 44.84 75.16 79.36 30.48 18.27
877 44.90 23.69 182.04 32.32 28.38
878 44.80 61.56 170.99 39.55 26.43
879 44.96 79.93 63.51 28.55 16.72
880 44.92 31.20 196.14 34.87 31.78
881 45.09 51.72 178.96 37.15 29.78
882 45.23 10.67 105.65 23.73 15.91
883 45.34 47.54 168.45 39.61 28.01
884 45.09 68.22 94.88 32.30 20.05
885 45.30 16.58 155.19 27.48 20.81
886 45.37 77.33 58.44 30.11 15.45
887 45.21 95.50 27.52 15.02 6.52
888 45.36 58.90 147.96 39.82 24.47
889 45.36 45.13 175.03 39.09 29.21
890 45.37 65.37 97.53 37.16 21.33
891 45.36 55.95 168.96 38.51 27.56
892 45.49 36.23 188.76 35.06 28.01
893 45.67 40.85 164.67 36.99 25.90
894 45.50 93.41 42.92 17.16 6.96
895 45.53 20.99 146.77 30.09 19.87
896 45.74 38.44 166.38 37.31 25.08
897 45.81 90.79 60.18 19.99 8.97
898 45.80 25.57 145.56 33.11 19.93
899 45.66 84.30 55.71 27.12 13.85
900 45.74 63.37 92.54 33.20 21.06
901 45.62 87.92 58.80 24.60 11.04
902 45.80 49.76 155.94 37.86 26.72
903 45.83 81.75 50.61 27.14 14.45
904 45.82 53.70 148.06 38.79 25.83
905 45.88 61.09 113.66 35.86 22.31
906 45.70 85.88 51.36 24.48 12.85
907 45.85 70.24 73.21 31.70 18.99
908 45.99 74.72 62.58 30.16 16.11
909 46.04 7.56 86.60 23.10 12.28
910 46.05 12.96 109.88 26.47 15.12
911 46.07 72.46 60.15 31.59 16.79
912 46.01 31.25 154.79 34.86 24.49
913 46.01 33.98 171.87 35.80 25.28
914 46.04 67.01 76.38 35.79 17.86
915 46.22 28.13 139.88 33.45 20.13
916 46.35 18.42 105.82 28.37 15.49
917 46.29 42.77 136.78 36.64 21.73
918 46.23 56.96 108.65 39.74 23.65
919 46.27 79.15 52.26 26.28 15.81
920 46.33 23.36 116.44 29.61 17.97
921 46.57 4.58 63.20 19.89 8.84
922 46.53 15.57 113.38 23.98 14.44
923 46.53 45.22 118.16 37.55 22.64
924 46.59 52.09 99.77 41.33 23.18
925 46.71 58.71 86.83 38.96 21.37
926 46.70 47.88 102.17 38.00 22.10
927 46.66 68.42 62.85 33.63 18.21
928 46.64 87.76 80.29 24.75 12.11
929 46.80 10.47 82.77 25.27 11.15
930 46.60 64.96 60.07 35.48 18.43
931 46.71 76.60 63.19 29.48 14.66
932 46.83 20.91 98.32 28.66 14.99
933 46.68 36.01 123.60 35.24 19.45
934 47.04 93.01 94.87 19.95 8.26
935 46.86 54.90 84.50 39.89 22.54
936 46.74 83.95 60.35 25.87 13.65
937 46.97 38.88 108.85 34.38 19.70
938 46.92 62.91 70.24 36.41 18.89
939 46.93 60.65 73.83 38.73 19.36
940 47.07 30.11 100.28 34.88 19.12
941 46.94 70.86 62.98 30.60 16.12
942 46.95 32.73 118.45 38.33 19.76
943 47.13 25.68 88.77 31.56 17.50
944 47.16 50.17 89.84 38.10 21.36
945 47.10 80.99 65.17 27.94 13.46
946 47.28 40.94 84.57 36.82 18.56
947 47.12 73.86 72.38 31.84 15.76
948 47.40 89.85 121.04 22.28 9.97
949 47.43 8.27 63.21 21.43 9.28
950 47.55 13.44 73.46 25.36 11.84
951 47.77 6.32 46.34 22.31 9.45
952 47.45 28.04 84.72 32.19 17.36
953 47.39 66.42 65.47 37.55 17.32
954 47.50 57.18 69.92 38.53 20.04
955 47.52 78.45 80.46 29.62 14.87
956 47.58 86.02 95.12 24.89 11.48
957 47.54 1.93 23.28 16.78 5.45
958 47.61 23.21 69.18 29.45 13.05
959 47.65 43.19 79.29 37.67 19.79
960 47.69 16.38 66.50 27.65 12.78
961 47.60 46.04 82.28 38.88 21.22
962 47.69 36.65 79.58 34.64 18.57
963 47.80 19.07 66.07 27.45 12.72
964 47.72 68.71 64.89 35.81 16.29
965 47.81 34.31 76.37 35.86 16.81
966 47.64 52.91 71.03 37.28 21.69
967 48.14 95.42 88.02 16.14 6.34
968 48.04 31.80 66.46 33.56 17.71
969 47.92 64.55 65.80 36.35 17.54
970 47.89 82.84 106.20 26.63 13.46
971 47.84 59.75 74.70 35.58 21.30
972 47.89 75.85 104.90 29.32 14.64
973 47.97 62.13 75.85 35.19 17.62
974 47.94 71.54 101.76 32.64 16.21
975 47.99 48.43 68.29 38.20 21.63
976 48.06 55.34 63.62 37.51 18.84
977 48.22 11.15 47.35 23.91 9.91
978 48.21 38.48 71.23 36.47 17.46
979 48.35 21.15 55.48 29.20 12.92
980 48.32 50.88 68.39 37.42 19.92
981 48.31 80.67 124.48 28.04 13.48
982 48.29 26.07 59.73 31.25 14.49
983 48.36 29.44 59.82 30.88 15.25
984 48.29 3.15 24.08 17.03 5.92
985 48.51 73.83 157.28 34.01 14.88
986 48.49 40.75 63.58 36.97 18.16
987 48.48 66.57 95.28 38.25 17.50
988 48.46 91.27 165.23 23.64 9.34
989 48.53 44.52 70.46 38.87 19.49
990 48.70 88.57 168.93 23.91 10.71
991 48.40 1.36 14.75 16.67 3.75
992 48.53 57.67 92.43 36.52 19.38
993 48.76 8.37 40.12 23.83 8.71
994 48.76 77.69 156.93 31.90 14.20
995 48.68 53.43 73.60 38.12 19.67
996 48.66 23.37 47.84 32.09 14.18
997 48.83 60.06 113.47 36.27 18.46
998 48.72 69.04 108.47 33.34 15.31
999 48.87 14.07 45.25 23.85 10.32
1000 48.75 17.21 49.90 27.19 11.61
1001 48.89 36.14 66.48 37.13 18.08
1002 48.85 63.25 120.60 37.68 16.15
1003 48.95 33.80 65.95 33.38 15.31
1004 48.85 46.75 70.41 37.75 17.32
1005 48.93 85.13 173.21 26.52 12.56
1006 49.06 71.60 178.01 33.60 15.11
1007 49.15 93.41 146.44 21.68 8.23
1008 49.18 27.87 58.81 30.57 14.83
1009 49.17 42.47 71.07 36.72 16.77
1010 48.96 1.95 17.13 17.09 5.56
1011 49.23 31.50 60.86 33.70 15.43
1012 49.19 49.14 100.48 39.55 18.76
1013 49.36 19.50 47.12 28.28 10.72
1014 49.27 38.66 72.77 35.86 16.91
1015 49.28 55.43 119.21 39.13 18.97
1016 49.36 3.64 22.34 20.49 7.00
1017 49.35 25.28 57.16 31.19 13.35
1018 49.47 75.55 196.44 32.19 14.29
1019 49.54 82.43 186.42 28.80 14.04
1020 49.38 51.80 106.15 37.82 18.94
1021 49.43 79.74 194.81 30.85 15.31
1022 49.50 96.30 58.55 18.97 6.56
1023 49.57 64.92 168.32 36.76 16.46
1024 49.56 57.91 173.20 37.65 18.27
1025 49.61 61.44 160.67 37.32 17.01
1026 49.60 67.16 193.84 34.02 17.51
1027 49.65 22.91 63.00 29.63 11.74
1028 49.71 44.57 111.40 36.77 17.87
1029 49.82 29.73 75.72 35.03 15.68
1030 49.69 90.38 169.90 24.10 9.27
1031 49.59 15.82 43.88 27.67 10.52
1032 49.70 69.72 197.61 35.42 14.78
1033 49.77 40.44 107.55 36.19 17.46
1034 49.68 1.75 15.26 17.45 5.52
1035 49.93 73.21 204.61 36.47 14.91
1036 49.93 34.18 88.21 38.14 15.14
1037 49.92 47.12 130.12 39.55 19.63
1038 50.07 87.50 154.09 26.46 11.72
1039 49.99 8.01 34.21 25.85 7.71
1040 49.99 13.77 43.93 26.08 9.91
1041 49.96 16.85 47.48 25.00 11.06
1042 49.99 36.78 118.14 35.94 15.53
1043 50.16 53.32 171.18 40.48 17.79
1044 50.23 63.09 206.71 40.12 18.18
1045 50.05 4.47 33.10 18.45 5.10
1046 50.22 26.67 103.30 34.48 13.80
1047 50.28 50.30 184.77 41.32 20.56
1048 50.34 59.79 205.75 39.28 17.55
1049 50.31 21.09 64.36 28.65 11.26
1050 50.39 55.71 209.44 40.05 18.08
1051 50.43 77.30 166.20 32.25 14.47
1052 50.39 84.66 164.27 26.73 12.54
1053 50.33 31.83 108.52 33.68 14.56
1054 50.52 93.18 105.07 20.84 7.52
1055 50.56 5.43 35.84 21.56 6.46
1056 50.50 41.86 161.44 40.21 16.72
1057 50.46 3.44 31.45 19.19 4.10
1058 50.59 70.82 206.14 35.64 16.01
1059 50.54 79.86 175.70 30.73 14.70
1060 50.66 18.35 66.12 26.23 10.42
1061 50.64 68.30 219.37 38.35 16.53
1062 50.45 1.71 17.16 15.56 4.12
1063 50.72 24.33 125.75 29.95 11.54
1064 50.73 38.75 155.31 38.34 15.96
1065 50.81 10.02 57.28 25.11 9.07
1066 50.93 12.57 69.56 25.14 10.08
1067 50.76 57.71 226.10 39.23 18.04
1068 50.69 66.15 217.56 39.04 17.64
1069 50.81 74.91 183.41 33.91 15.48
1070 50.77 28.68 129.42 35.24 12.85
1071 50.75 45.00 188.51 39.79 19.44
1072 51.01 81.94 149.54 31.48 13.84
1073 50.86 48.20 185.42 39.75 18.61
1074 51.00 33.86 159.49 35.67 15.64
1075 50.96 35.90 170.33 35.59 14.97
1076 51.10 15.57 82.06 26.82 8.64
1077 51.04 90.04 99.34 24.50 9.93
1078 51.12 61.55 213.12 39.41 17.45
1079 51.17 64.06 215.26 39.41 17.47
1080 51.20 51.85 218.01 39.87 19.15
1081 51.25 72.52 191.86 35.93 16.02
1082 51.42 7.40 70.55 22.13 6.81
1083 51.56 1.82 37.93 15.32 4.51
1084 51.39 22.08 127.85 31.65 10.87
1085 51.32 31.51 175.86 33.51 14.12
1086 51.44 54.05 204.20 40.53 17.35
1087 51.37 86.81 105.75 29.54 12.58
1088 51.40 3.69 54.09 20.52 7.00
1089 51.47 26.73 160.27 34.05 11.83
1090 51.61 19.69 121.26 29.33 10.49
1091 51.47 42.13 203.66 39.66 17.38
1092 51.67 59.02 209.39 40.24 17.66
1093 51.53 78.49 126.82 31.13 13.85
1094 51.68 56.36 217.85 40.81 17.50
1095 51.78 39.58 191.20 39.04 16.78
1096 51.68 69.75 178.66 37.34 16.06
1097 51.80 67.08 196.88 37.92 16.11
1098 51.82 37.05 189.22 36.01 16.04
1099 51.73 45.21 210.51 39.92 18.21
1100 51.79 29.39 178.12 34.12 12.35
1101 51.80 83.97 104.98 30.64 13.08
1102 51.98 50.04 208.73 42.33 20.31
1103 51.93 92.86 49.44 22.06 8.31
1104 51.91 5.09 74.59 20.95 6.17
1105 51.87 47.57 203.21 40.16 17.80
1106 51.92 75.75 128.76 32.61 15.93
1107 51.95 24.60 161.60 31.89 12.29
1108 52.08 65.09 179.83 38.95 15.55
1109 52.16 10.38 93.53 26.67 7.67
1110 52.10 13.76 121.97 26.54 8.90
1111 52.21 17.41 120.06 28.58 9.29
1112 52.11 34.43 181.36 37.53 15.02
1113 52.18 89.31 61.09 26.73 9.95
1114 52.07 81.38 83.84 29.22 13.95
1115 52.19 95.07 27.55 21.37 6.17
1116 52.20 60.74 178.65 39.59 18.13
1117 52.28 62.93 174.85 39.58 16.36
1118 52.27 73.21 118.06 35.68 15.17
1119 52.43 43.56 187.96 40.52 16.68
1120 52.43 52.60 190.72 42.70 17.91
1121 52.40 32.08 176.27 39.89 16.29
1122 52.44 80.31 75.93 32.62 15.47
1123 52.54 22.41 160.26 32.74 11.16
1124 52.65 41.50 200.79 40.36 16.91
1125 52.60 27.22 163.04 34.61 12.48
1126 52.57 68.55 136.67 41.48 16.28
1127 52.64 55.08 173.82 42.03 19.03
1128 52.62 86.26 56.16 30.13 12.31
1129 52.75 57.38 162.13 41.33 19.90
1130 52.75 70.78 107.23 40.08 16.27
1131 52.68 77.98 78.61 33.43 15.31
1132 52.50 95.80 24.45 16.64 7.55
1133 53.07 1.46 36.11 16.56 3.84
1134 52.84 3.41 65.45 19.08 5.71
1135 52.82 7.58 87.70 24.05 7.11
1136 52.93 19.95 139.45 32.19 10.01
1137 52.88 29.74 180.86 35.56 13.09
1138 52.91 37.46 188.53 42.09 15.53
1139 53.08 45.85 154.51 42.46 19.48
1140 52.88 48.19 173.20 42.72 18.84
1141 52.97 91.66 38.52 26.25 9.63
1142 53.04 5.77 75.97 23.55 6.62
1143 53.08 39.39 195.49 41.82 15.60
1144 53.03 83.08 54.50 29.72 13.64
1145 53.19 15.25 113.07 26.62 9.27
1146 53.09 66.75 107.20 39.80 15.80
1147 53.11 35.39 142.61 37.48 14.80
1148 53.22 12.43 115.93 27.28 8.98
1149 53.13 24.84 130.03 34.91 12.06
1150 53.26 59.46 137.08 43.95 17.68
1151 53.17 50.66 153.69 42.94 17.91
1152 53.22 75.45 67.30 34.46 14.90
1153 53.22 61.61 102.81 41.12 16.34
1154 53.14 64.60 99.74 40.17 16.74
1155 53.27 96.86 14.35 22.96 5.28
1156 53.34 93.84 24.53 25.43 6.92
1157 53.35 32.63 144.17 36.56 13.94
1158 53.40 73.02 65.83 38.99 15.99
1159 53.39 88.98 42.64 30.73 10.01
1160 53.62 9.83 86.25 27.14 7.92
1161 53.65 17.80 102.80 30.35 10.19
1162 53.44 95.37 20.66 24.03 6.03
1163 53.61 80.57 49.51 34.53 13.75
1164 53.48 53.41 129.26 45.11 19.88
1165 53.56 43.67 116.63 42.70 18.59
1166 53.70 68.70 76.28 42.76 16.39
1167 53.67 22.20 124.03 32.05 10.32
1168 53.77 55.92 87.15 47.44 18.73
1169 53.75 27.44 102.80 38.62 12.52
1170 53.81 78.05 49.41 37.73 14.29
1171 53.82 84.98 42.85 35.40 13.46
1172 53.82 63.31 70.75 42.06 16.85
1173 53.88 30.15 114.95 38.03 13.43
1174 53.88 41.01 117.68 43.94 17.85
1175 53.86 70.99 57.73 41.56 15.44
1176 53.86 48.28 99.29 44.37 17.86
1177 54.01 57.91 76.59 46.17 17.52
1178 54.07 34.45 95.24 41.91 15.16
1179 54.17 4.14 44.14 22.35 5.13
1180 54.02 37.46 103.81 40.52 16.58
1181 54.08 91.60 29.85 32.57 9.52
1182 54.28 7.10 60.90 24.18 6.43
1183 54.22 51.50 85.56 47.21 20.20
1184 54.15 65.96 59.56 43.91 15.72
1185 54.20 82.71 45.61 35.97 13.91
1186 54.41 19.93 87.01 32.56 10.93
1187 54.12 25.00 81.28 38.09 13.25
1188 54.39 1.98 25.46 18.01 3.64
1189 54.28 74.39 49.97 43.56 16.20
1190 54.39 44.78 72.52 47.78 18.37
1191 54.43 60.11 52.09 48.78 17.89
1192 54.36 94.29 21.74 31.70 7.61
1193 54.43 15.68 84.30 31.22 9.96
1194 54.35 61.87 59.45 47.70 16.38
1195 54.51 12.80 65.87 30.05 8.99
1196 54.40 32.16 82.06 38.56 13.01
1197 54.43 54.07 67.42 49.75 18.52
1198 54.44 76.65 44.06 40.00 13.11
1199 54.68 72.15 48.29 46.18 15.36
1200 54.65 23.04 67.81 33.62 11.26
1201 54.67 28.48 68.82 42.60 13.58
1202 54.80 47.28 67.60 47.96 18.02
1203 54.63 49.58 64.25 47.53 16.22
1204 54.59 87.14 37.95 34.40 11.60
1205 54.64 41.93 69.93 47.76 15.35
1206 54.99 9.76 53.81 29.49 8.00
1207 54.64 64.41 46.83 49.20 16.40
1208 54.79 67.66 56.94 49.08 16.18
1209 54.73 69.93 50.17 49.95 15.88
1210 54.91 79.61 44.06 39.73 13.24
1211 54.92 35.92 68.58 50.81 14.58
1212 54.99 56.24 59.02 51.24 17.98
1213 54.86 38.44 62.28 48.99 14.76
1214 54.99 26.22 54.10 39.75 11.66
1215 55.15 17.76 50.41 32.12 9.16
1216 55.04 58.57 48.95 55.06 16.17
1217 54.85 77.37 42.67 39.67 14.80
1218 55.07 30.50 57.32 46.62 12.56
1219 55.38 40.59 50.07 57.02 16.52
1220 55.38 63.37 54.42 56.51 17.64
1221 55.24 5.94 36.42 26.71 6.70
1222 55.18 33.55 67.43 48.31 15.01
1223 55.17 84.68 45.32 44.03 14.05
1224 55.72 77.97 62.06 48.76 14.33
1225 55.28 82.14 56.56 46.28 14.95
1226 55.33 51.53 57.73 56.36 17.61
1227 55.29 21.33 50.58 38.29 11.02
1228 55.33 93.79 36.97 38.79 8.37
1229 55.47 95.25 31.17 38.56 6.98
1230 55.35 43.00 50.96 49.77 16.10
1231 55.46 73.43 50.90 50.63 14.33
1232 55.34 53.90 65.79 56.46 18.14
1233 55.47 14.86 43.71 35.00 8.89
1234 55.47 23.89 45.87 42.57 11.56
1235 55.46 49.19 52.20 59.41 17.76
1236 55.47 75.66 48.89 49.35 14.03
1237 55.84 68.78 75.86 59.41 16.28
1238 55.55 87.68 52.48 46.51 11.62
1239 55.69 91.24 54.11 38.80 9.90
1240 55.71 11.97 40.18 33.92 8.12
1241 55.55 19.73 29.71 43.00 9.68
1242 55.79 38.56 65.21 59.87 15.52
1243 55.75 71.23 58.74 54.05 14.54
1244 55.93 31.44 53.53 59.22 13.89
1245 56.01 66.73 81.57 64.61 16.57
1246 55.90 26.90 42.07 51.68 11.72
1247 56.04 57.97 72.38 67.90 19.93
1248 56.05 60.07 76.85 63.29 18.72
1249 55.91 36.09 63.44 57.43 13.46
1250 56.05 44.87 57.05 64.82 18.31
1251 55.90 86.46 67.50 46.10 11.64
1252 56.31 47.32 74.93 64.36 17.92
1253 56.24 80.71 93.93 50.54 14.04
1254 56.17 4.20 18.37 28.43 6.28
1255 56.09 33.90 62.96 62.70 14.05
1256 55.90 96.30 23.92 34.08 7.17
1257 56.19 7.50 26.09 35.08 7.73
1258 56.04 9.42 34.60 32.79 8.33
1259 56.16 55.62 93.17 61.42 17.68
1260 56.21 83.93 101.11 48.05 13.02
1261 56.25 53.04 88.20 64.90 18.60
1262 56.31 64.53 103.83 68.95 15.88
1263 56.12 17.33 30.52 42.77 9.07
1264 56.09 19.35 35.43 41.14 9.66
1265 56.25 21.79 43.02 49.25 9.92
1266 56.30 24.77 42.29 58.51 11.84
1267 55.99 29.09 52.87 48.52 10.39
1268 56.16 2.67 12.56 25.71 4.79
1269 56.34 42.38 63.68 63.02 16.84
1270 56.58 62.13 124.10 68.66 17.82
1271 56.59 93.63 70.50 41.37 6.76
1272 56.41 50.52 103.23 71.27 18.04
1273 56.50 14.62 32.89 41.59 8.50
1274 56.63 89.93 100.96 41.37 8.99
1275 56.64 39.98 99.59 71.85 16.63
1276 56.68 28.33 60.45 64.99 12.37
1277 56.66 37.31 96.23 72.81 15.51
1278 56.73 72.82 124.83 64.06 14.45
1279 56.66 75.40 123.54 59.57 14.37
1280 56.47 96.63 24.81 34.19 2.75
1281 56.75 70.36 118.46 62.05 15.42
1282 56.95 30.29 87.17 71.35 13.82
1283 56.98 78.43 128.69 59.13 14.27
1284 57.05 19.17 53.03 57.11 11.15
1285 57.08 32.53 105.63 69.21 13.53
1286 57.08 35.05 106.17 76.15 13.92
1287 57.00 86.92 145.62 51.46 12.59
1288 57.24 5.15 29.95 37.05 5.78
1289 57.16 10.46 36.73 42.62 8.08
1290 57.24 26.40 66.45 69.29 13.55
1291 57.09 57.33 144.17 72.80 18.27
1292 57.16 43.90 114.13 78.13 17.19
1293 57.19 23.15 76.80 64.21 10.67
1294 57.19 65.95 166.02 75.22 16.32
1295 57.21 48.55 156.00 84.16 18.14
1296 57.26 54.82 179.68 79.01 17.04
1297 57.17 59.94 174.14 72.23 17.71
1298 57.26 68.33 164.24 74.85 17.22
1299 57.10 12.50 42.38 43.92 7.03
1300 57.32 52.54 171.64 78.19 18.15
1301 57.43 7.48 39.48 44.49 6.50
1302 57.59 15.26 57.93 51.60 8.72
1303 57.56 20.89 97.05 65.75 10.45
1304 57.44 63.74 193.93 82.62 16.74
1305 57.41 83.91 179.76 58.94 13.88
1306 57.60 41.61 145.74 84.71 17.62
1307 57.65 46.14 162.28 84.72 18.24
1308 57.52 80.86 141.87 57.46 14.61
1309 57.84 95.09 74.97 45.40 6.89
1310 57.76 50.43 183.94 88.11 18.39
1311 57.68 37.07 154.41 88.52 14.66
1312 57.82 39.30 167.76 87.16 16.00
1313 57.75 70.94 191.40 70.38 15.29
1314 57.81 73.69 180.21 70.33 14.34
1315 57.84 28.73 127.63 75.25 12.84
1316 57.86 76.17 179.52 69.74 14.71
1317 57.86 91.88 121.47 57.07 7.23
1318 57.96 24.72 106.06 80.71 12.59
1319 57.89 89.63 155.50 55.48 9.69
1320 58.12 17.80 81.42 70.65 9.68
1321 58.02 61.58 204.82 91.79 18.98
1322 58.10 12.30 73.31 60.38 8.95
1323 58.17 30.90 151.73 95.05 13.17
1324 58.14 56.77 193.96 93.58 18.95
1325 58.19 33.28 155.08 94.96 14.56
1326 58.14 59.11 186.94 98.53 17.86
1327 58.14 66.85 201.80 88.97 16.83
1328 58.24 78.50 173.71 68.04 14.04
1329 58.32 86.65 170.19 54.35 12.01
1330 58.34 35.40 153.85 111.67 15.72
1331 58.24 92.67 117.28 49.39 7.28
1332 58.31 44.10 173.44 101.36 17.92
1333 58.35 54.44 204.26 106.55 20.01
1334 58.43 48.21 182.06 98.07 18.51
1335 58.42 69.00 193.01 95.67 17.74
1336 58.43 52.20 193.00 105.67 19.64
1337 58.42 64.29 195.46 93.19 18.27
1338 58.46 83.03 168.92 65.64 13.33
1339 58.52 22.63 134.32 84.35 11.08
1340 58.62 26.92 129.07 93.59 12.70
1341 58.79 96.07 48.99 39.31 4.59
1342 58.67 6.51 63.90 54.69 6.27
1343 58.80 9.73 71.75 57.39 7.70
1344 58.72 20.01 131.69 91.25 11.60
1345 58.71 37.63 153.20 111.80 15.49
1346 58.77 42.13 169.89 109.54 16.87
1347 58.75 71.72 188.23 85.77 16.39
1348 58.83 80.40 169.09 76.47 14.86
1349 58.89 39.84 159.94 122.14 16.77
1350 58.99 13.71 101.91 73.77 9.73
1351 58.93 16.05 98.65 78.89 9.56
1352 58.96 46.22 153.16 122.68 18.88
1353 58.95 74.27 167.82 87.01 15.67
1354 58.83 3.36 38.47 42.89 4.43
1355 58.93 29.38 117.48 120.70 14.40
1356 58.98 62.42 175.26 114.43 17.78
1357 59.02 50.02 151.60 116.86 18.97
1358 59.10 65.97 185.41 105.88 17.17
1359 59.12 76.81 156.42 76.62 14.09
1360 59.16 60.48 185.56 122.98 19.11
1361 59.16 24.54 136.84 94.02 11.87
1362 59.15 90.20 129.34 60.60 9.51
1363 59.41 93.70 98.26 56.01 7.46
1364 59.18 31.99 139.81 120.94 13.75
1365 59.18 34.42 112.37 135.12 15.72
1366 59.12 58.30 181.98 118.48 18.22
1367 59.18 55.58 164.92 118.69 18.65
1368 59.31 44.27 128.78 137.94 16.41
1369 59.31 52.51 133.31 135.23 18.92
1370 59.33 68.28 162.50 116.52 16.82
1371 59.47 84.94 161.92 71.38 12.90
1372 59.43 4.46 53.58 56.98 4.90
1373 59.51 70.24 166.84 109.81 16.81
1374 59.67 18.42 108.58 98.46 9.35
1375 59.46 21.61 105.55 111.90 11.32
1376 59.48 64.03 144.33 133.15 18.71
1377 59.64 11.59 84.01 84.31 8.86
1378 59.53 36.67 92.93 144.95 17.26
1379 59.62 87.46 148.35 71.72 11.88
1380 59.64 81.93 170.53 76.34 14.04
1381 59.66 28.01 92.00 130.54 13.62
1382 59.74 47.99 86.88 150.97 19.41
1383 59.65 41.58 104.10 151.59 16.86
1384 59.72 72.78 131.78 104.99 15.30
1385 59.83 7.54 75.46 75.65 6.99
1386 59.93 30.71 78.96 152.94 14.39
1387 59.85 57.24 101.12 156.46 19.25
1388 59.85 79.15 126.42 93.54 14.55
1389 59.93 25.65 81.94 141.66 13.18
1390 59.85 39.18 78.62 162.84 16.61
1391 59.89 50.43 92.13 162.27 18.67
1392 59.92 54.20 111.27 151.72 18.25
1393 60.06 16.05 123.36 109.25 9.24
1394 59.93 61.89 97.53 162.79 18.89
1395 59.96 67.19 123.84 132.82 17.04
1396 59.98 59.35 108.41 160.56 18.94
1397 60.06 33.28 67.01 159.98 15.22
1398 60.08 45.75 69.43 167.67 19.25
1399 60.07 76.52 106.57 107.69 15.87
1400 60.28 13.83 97.40 103.08 8.38
1401 60.16 6.17 75.97 75.21 5.24
1402 60.29 23.00 65.76 136.08 12.06
1403 60.24 43.52 68.42 177.35 18.49
1404 60.25 65.48 79.59 156.15 17.05
1405 60.36 9.69 67.41 90.61 7.79
1406 60.38 20.12 77.45 134.67 11.16
1407 60.37 91.65 89.88 80.67 8.26
1408 60.38 52.43 68.14 165.86 19.64
1409 60.45 74.77 70.18 129.20 15.05
1410 60.37 89.24 114.34 85.97 9.55
1411 60.60 4.39 43.96 79.89 6.05
1412 60.49 35.32 51.55 176.76 16.28
1413 60.37 63.55 77.91 153.96 17.67
1414 60.39 71.27 82.31 138.84 15.48
1415 60.57 37.51 50.99 186.47 17.01
1416 60.57 55.90 61.08 165.17 19.34
1417 60.57 69.06 67.90 147.16 17.01
1418 60.62 41.35 55.51 178.75 18.25
1419 60.63 83.57 118.57 96.00 12.04
1420 60.66 27.77 47.98 161.40 13.38
1421 60.78 48.82 55.65 190.72 20.51
1422 60.77 85.98 115.88 101.76 11.75
1423 60.72 60.55 63.06 178.70 19.45
1424 60.77 81.12 85.38 116.67 14.68
1425 60.71 79.00 74.98 124.47 15.57
1426 60.96 17.03 60.27 125.68 9.99
1427 60.93 29.96 46.09 178.11 14.60
1428 60.99 39.48 44.33 185.96 17.58
1429 60.90 46.98 48.98 187.36 19.89
1430 60.92 58.14 57.59 179.43 21.00
1431 61.00 50.50 54.84 193.79 20.33
1432 60.97 12.03 53.32 114.72 9.20
1433 60.95 25.37 50.10 168.05 14.13
1434 61.07 32.43 40.35 183.01 16.27
1435 61.06 67.08 49.48 163.87 17.44
1436 61.08 93.59 56.68 84.71 7.06
1437 61.13 73.04 52.20 152.05 17.64
1438 61.17 7.64 40.47 97.08 6.76
1439 61.24 54.11 50.01 189.70 20.21
1440 61.29 45.04 44.67 191.78 20.41
1441 61.21 77.40 52.84 144.30 15.15
1442 61.33 21.31 46.36 158.86 11.76
1443 61.17 62.53 53.14 180.67 19.52
1444 61.26 64.81 49.49 181.37 18.72
1445 61.40 95.64 20.22 61.00 4.61
1446 61.47 43.04 51.35 199.15 20.21
1447 61.42 70.72 49.58 163.92 18.28
1448 61.27 88.32 86.12 114.30 10.13
1449 61.55 19.02 41.20 161.11 11.86
1450 61.55 34.57 43.41 195.83 16.88
1451 61.58 14.59 38.82 132.57 10.13
1452 61.62 23.34 42.03 180.99 12.81
1453 61.61 51.92 44.84 193.92 20.32
1454 61.64 90.93 56.01 102.30 7.99
1455 61.62 36.74 46.17 206.32 18.64
1456 61.73 75.13 43.62 152.01 15.56
1457 61.68 10.08 34.00 119.42 8.11
1458 61.73 56.29 52.14 198.78 21.29
1459 61.67 60.20 47.92 194.88 20.52
1460 61.79 27.54 36.85 190.50 15.43
1461 61.87 68.62 43.07 175.55 17.59
1462 61.69 83.27 54.07 125.10 13.56
1463 61.91 41.07 69.54 208.32 18.31
1464 61.87 5.04 20.74 98.26 4.92
1465 61.84 80.00 44.58 131.91 14.34
1466 61.92 86.43 61.79 133.86 11.67
1467 61.95 30.61 38.88 194.71 15.94
1468 62.01 47.23 67.46 202.56 21.44
1469 62.02 38.90 56.74 209.56 19.03
1470 62.07 49.50 60.25 213.44 22.45
1471 62.09 58.24 52.18 209.51 22.06
1472 62.10 25.29 39.91 191.31 14.66
1473 62.13 62.18 46.33 193.60 19.83
1474 62.23 16.76 31.06 162.97 10.86
1475 62.14 66.30 41.08 189.93 18.52
1476 62.13 93.06 32.12 92.81 8.71
1477 62.27 12.56 26.57 137.62 9.02
1478 62.31 64.14 48.00 190.63 21.53
1479 62.30 32.85 49.46 206.42 18.25
1480 62.19 72.62 38.07 164.25 18.23
1481 62.30 88.84 50.88 116.68 10.86
1482 62.42 52.75 64.57 210.76 21.90
1483 62.46 44.98 71.58 213.47 23.19
1484 62.51 54.70 74.19 208.81 21.85
1485 62.41 77.28 36.43 160.01 16.70
1486 62.61 7.03 20.80 119.02 5.87
1487 62.58 21.25 36.71 194.69 12.62
1488 62.63 82.18 38.76 146.63 15.11
1489 62.76 28.67 44.52 191.46 15.79
1490 62.74 37.38 82.62 216.42 21.99
1491 62.64 42.90 93.32 211.14 22.39
1492 62.67 70.30 44.73 177.88 18.83
1493 62.73 34.80 79.59 209.04 19.59
1494 62.75 18.94 31.09 186.37 12.81
1495 62.75 60.27 56.07 195.78 21.49
1496 62.75 84.97 42.65 135.31 12.89
1497 62.94 9.87 24.20 150.55 8.13
1498 62.94 23.67 42.55 193.09 14.56
1499 62.99 50.61 91.99 210.13 25.09
1500 62.94 74.80 37.31 169.74 18.10
1501 63.11 14.75 30.11 170.26 10.88
1502 63.09 67.53 60.73 193.93 21.24
1503 63.05 26.09 48.87 203.39 16.12
1504 63.05 31.06 74.01 203.70 17.54
1505 63.06 39.91 123.36 214.88 20.11
1506 62.99 48.30 87.29 215.06 22.35
1507 63.10 56.19 105.32 208.04 24.42
1508 63.06 79.65 33.84 157.58 15.13
1509 63.09 91.03 31.80 118.07 9.18
1510 63.16 58.21 77.42 206.59 23.13
1511 63.21 62.13 69.34 202.23 21.91
1512 63.34 65.74 69.78 200.75 20.51
1513 63.36 46.22 134.58 219.99 25.33
1514 63.31 72.67 47.00 185.67 18.37
1515 63.31 87.35 34.77 126.40 10.35
1516 63.43 93.27 19.79 109.99 7.03
1517 63.37 88.95 31.18 132.54 9.82
1518 63.53 41.98 144.49 218.27 23.63
1519 63.45 52.90 131.64 218.30 26.55
1520 63.60 63.88 99.24 205.64 23.43
1521 63.61 17.03 40.57 182.93 12.02
1522 63.68 76.85 36.08 163.37 16.69
1523 63.71 12.44 27.75 176.14 10.64
1524 63.63 33.07 112.91 205.11 19.73
1525 63.60 69.05 80.20 197.85 21.78
1526 63.68 7.88 21.54 162.45 8.14
1527 63.65 36.26 138.86 217.92 22.04
1528 63.75 44.24 153.15 212.96 28.76
1529 63.75 22.13 56.62 199.78 13.33
1530 63.80 81.82 39.81 165.16 14.56
1531 63.93 19.63 43.44 188.09 12.82
1532 63.86 27.54 72.00 205.75 16.67
1533 63.88 60.28 105.26 202.45 23.80
1534 63.98 70.84 88.82 196.80 21.35
1535 63.87 85.51 31.15 148.93 13.96
1536 63.99 29.97 105.71 208.67 19.50
1537 64.12 38.34 139.01 216.35 24.30
1538 63.99 48.20 139.52 218.82 28.94
1539 64.00 51.04 137.44 220.07 28.43
1540 64.09 54.34 162.86 209.20 28.90
1541 63.93 83.51 34.52 159.36 13.90
1542 64.07 10.24 27.31 175.09 10.74
1543 64.15 25.19 67.01 201.87 16.77
1544 64.20 56.47 160.88 215.09 29.43
1545 64.25 58.53 134.54 210.65 27.71
1546 64.12 74.53 62.28 185.08 20.31
1547 64.29 5.66 14.30 147.39 5.82
1548 64.24 40.35 155.41 217.16 27.96
1549 64.24 78.88 49.11 174.74 17.74
1550 64.36 90.78 26.68 148.57 9.75
1551 64.43 34.79 144.33 212.17 25.79
1552 64.36 62.23 119.69 200.43 24.32
1553 64.55 14.48 43.95 169.26 11.81
1554 64.44 67.90 119.69 201.60 23.08
1555 64.52 65.14 142.75 200.06 24.46
1556 64.52 46.11 160.18 216.51 31.17
1557 64.55 88.21 38.68 158.44 11.48
1558 64.69 32.50 117.79 207.71 24.38
1559 64.60 42.93 169.38 213.20 33.32
1560 64.69 72.69 101.71 198.99 19.67
1561 64.75 92.79 20.66 130.07 8.61
1562 64.67 17.35 63.94 192.56 15.41
1563 64.81 23.63 92.86 198.48 15.81
1564 64.75 49.65 159.92 211.38 32.18
1565 64.88 21.21 73.88 203.63 16.38
1566 64.92 52.38 176.81 210.84 39.03
1567 64.85 80.78 58.55 181.42 17.42
1568 64.91 8.18 28.57 160.95 8.81
1569 64.93 27.88 106.25 196.88 19.97
1570 65.05 36.75 138.30 205.94 28.86
1571 64.95 76.44 70.60 184.45 20.64
1572 65.09 85.63 53.25 172.48 15.33
1573 65.15 11.18 36.73 160.75 9.68
1574 65.10 30.18 122.92 204.88 26.04
1575 65.08 60.20 140.75 204.98 30.79
1576 65.11 69.92 120.90 194.00 25.39
1577 65.15 83.24 71.47 176.24 15.03
1578 65.12 54.73 180.31 203.04 33.88
1579 65.12 57.60 151.46 200.22 31.74
1580 65.27 40.85 130.68 201.00 41.96
1581 65.23 63.01 151.17 197.82 27.58
1582 65.31 66.55 157.04 198.84 27.46
1583 65.39 18.90 84.34 181.22 16.13
1584 65.41 45.11 138.61 210.62 45.61
1585 65.47 38.77 117.48 198.08 42.71
1586 65.36 47.93 148.08 208.86 40.75
1587 65.41 5.51 13.88 127.80 5.10
1588 65.45 26.08 124.94 206.45 22.52
1589 65.55 74.45 117.70 191.86 22.67
1590 65.58 78.75 87.11 177.93 19.36
1591 65.61 34.77 121.85 204.56 37.21
1592 65.65 15.80 83.98 183.32 15.28
1593 65.68 71.63 142.22 193.65 24.35
1594 65.71 90.40 42.06 145.46 10.30
1595 65.61 42.85 131.36 205.54 52.36
1596 65.83 68.48 130.78 195.89 30.46
1597 65.90 13.00 70.69 179.95 12.72
1598 65.75 50.66 148.64 198.94 47.60
1599 65.72 22.95 94.63 193.75 21.08
1600 65.77 32.44 113.57 203.46 37.50
1601 65.80 87.47 67.27 159.43 12.88
1602 65.90 64.91 151.47 200.66 35.04
1603 66.05 92.74 26.07 126.86 7.25
1604 65.86 56.07 140.63 197.27 41.60
1605 65.96 61.06 140.37 202.10 40.69
1606 65.93 52.93 120.93 204.78 49.42
1607 66.02 81.31 94.28 175.18 17.64
1608 65.94 9.27 42.67 156.60 9.67
1609 66.02 58.69 137.52 202.21 41.88
1610 66.22 20.71 92.93 178.90 24.22
1611 66.29 76.75 109.47 168.68 21.07
1612 66.14 7.75 43.52 138.94 8.75
1613 66.35 27.74 89.95 192.32 33.71
1614 66.24 30.16 95.68 203.51 42.76
1615 66.28 36.87 93.37 192.70 61.39
1616 66.23 47.23 111.76 193.91 60.97
1617 66.24 63.15 151.02 202.26 44.96
1618 66.43 84.58 96.40 174.03 16.01
1619 66.46 17.34 81.41 174.29 18.25
1620 66.44 25.52 92.27 192.19 32.70
1621 66.43 44.18 91.49 181.69 67.76
1622 66.48 73.06 129.63 188.72 30.26
1623 66.46 39.83 77.45 182.28 68.18
1624 66.64 41.96 69.56 178.18 77.22
1625 66.63 10.56 62.44 162.12 14.14
1626 66.63 49.81 104.86 187.05 68.51
1627 66.56 54.63 104.85 188.12 57.49
1628 66.76 23.26 85.71 175.71 32.67
1629 66.68 34.52 70.20 184.35 56.35
1630 66.61 66.91 119.96 197.41 39.72
1631 66.65 70.17 151.15 182.62 32.37
1632 66.83 14.55 81.08 169.86 17.01
1633 66.79 57.38 84.03 186.21 64.23
1634 66.92 79.40 125.61 171.10 19.43
1635 66.92 51.93 81.85 178.02 71.75
1636 66.83 88.87 85.86 164.97 13.29
1637 66.89 32.34 65.14 184.13 59.51
1638 66.87 59.88 90.69 182.83 57.23
1639 67.17 75.05 111.36 168.62 26.04
1640 67.07 45.88 68.56 170.29 91.92
1641 67.18 19.12 67.55 166.27 29.08
1642 67.06 62.69 90.57 192.33 61.46
1643 67.20 82.03 126.47 159.97 20.50
1644 67.25 38.16 59.45 159.10 74.56
1645 67.27 65.17 101.30 193.38 56.14
1646 67.03 86.57 95.44 161.80 19.34
1647 67.21 91.02 62.84 138.20 10.45
1648 67.24 7.93 43.08 149.89 11.31
1649 67.20 48.27 63.35 171.65 90.80
1650 67.23 29.36 60.55 172.35 58.90
1651 67.35 93.08 30.31 108.03 5.78
1652 67.59 21.22 67.09 164.27 34.47
1653 67.56 35.73 56.55 158.06 87.82
1654 67.50 12.16 58.99 154.52 19.88
1655 67.50 25.01 64.92 172.73 54.34
1656 67.47 72.43 100.68 178.83 39.13
1657 67.55 40.80 54.58 141.41 107.38
1658 67.59 56.07 57.65 162.00 87.80
1659 67.69 27.15 55.99 154.04 57.96
1660 67.51 43.76 52.18 154.08 99.71
1661 67.48 53.69 62.95 168.74 90.10
1662 67.67 16.67 62.65 156.27 29.25
1663 67.68 67.53 103.42 180.90 56.88
1664 67.75 77.27 131.13 167.88 28.49
1665 67.63 69.98 89.25 177.76 49.15
1666 67.79 84.60 129.00 168.67 21.10
1667 67.68 61.13 74.57 173.46 79.25
1668 67.93 33.61 51.99 141.57 94.90
1669 67.83 58.53 64.43 167.82 89.71
1670 67.66 87.07 126.79 153.61 18.09
1671 67.95 31.53 54.91 153.94 98.98
1672 68.02 49.84 65.74 144.82 132.41
1673 68.08 47.38 55.19 143.53 124.96
1674 68.08 51.93 57.03 161.01 116.90
1675 68.08 88.92 97.42 146.54 14.26
1676 68.12 14.18 56.43 144.03 26.14
1677 68.05 63.47 62.93 169.22 86.22
1678 68.21 23.07 50.65 148.14 64.67
1679 68.26 9.97 35.18 132.12 19.86
1680 68.35 79.51 120.84 164.36 28.79
1681 68.30 29.60 56.59 127.80 103.46
1682 68.25 37.44 61.21 135.85 130.59
1683 68.37 19.05 46.11 155.11 53.91
1684 68.45 45.14 60.42 124.98 147.05
1685 68.38 54.45 54.74 141.29 115.55
1686 68.49 91.91 50.38 123.08 7.75
1687 68.42 42.54 72.60 126.83 136.19
1688 68.38 74.42 88.72 163.46 39.32
1689 68.45 82.21 129.39 157.40 26.93
1690 68.52 39.83 71.10 130.88 135.53
1691 68.51 65.35 63.40 161.81 89.05
1692 68.60 60.70 54.06 149.48 107.56
1693 68.53 71.83 69.61 162.88 59.39
1694 68.61 25.14 49.33 130.90 82.11
1695 68.60 69.39 61.60 165.61 72.49
1696 68.87 86.96 96.43 153.70 19.47
1697 68.67 56.93 58.07 148.00 137.34
1698 68.86 35.18 71.51 116.90 135.86
1699 68.88 27.65 59.60 119.79 103.70
1700 68.94 16.68 38.99 133.97 44.90
1701 69.02 21.27 39.27 124.35 63.45
1702 69.07 58.92 48.38 136.63 111.71
1703 68.95 67.31 52.90 153.34 91.67
1704 68.96 76.53 83.53 156.10 38.94
1705 69.12 12.17 38.29 117.26 33.62
1706 69.07 51.28 75.52 121.77 164.68
1707 69.01 62.78 50.79 147.32 128.38
1708 69.19 32.43 79.92 113.78 133.09
1709 69.20 49.16 98.51 120.53 176.36
1710 69.21 89.85 76.50 134.78 14.23
1711 69.16 47.08 90.48 113.18 159.87
1712 69.29 14.51 38.79 126.81 41.71
1713 69.34 30.12 88.07 103.42 139.44
1714 69.40 53.29 74.53 118.27 160.96
1715 69.29 37.50 100.50 111.49 157.23
1716 69.34 84.17 95.39 158.24 29.04
1717 69.52 41.76 104.45 101.80 169.34
1718 69.46 44.26 114.44 102.15 168.91
1719 69.48 55.49 78.43 127.00 161.00
1720 69.41 9.88 23.91 103.11 27.70
1721 69.53 23.38 64.83 108.55 106.74
1722 69.54 19.02 41.15 115.55 69.40
1723 69.53 73.60 60.09 142.17 63.49
1724 69.55 78.84 81.61 161.40 43.50
1725 69.52 81.38 92.70 165.73 38.73
1726 69.56 64.80 55.62 131.27 113.24
1727 69.68 39.73 129.70 97.88 170.86
1728 69.58 71.14 51.40 146.20 76.06
1729 69.73 25.79 80.69 97.92 118.42
1730 69.74 60.88 68.67 122.72 141.27
1731 69.92 68.90 43.90 131.58 93.27
1732 69.86 33.87 122.25 92.17 165.73
1733 69.89 57.33 97.55 116.32 156.20
1734 69.88 8.20 23.21 90.99 22.04
1735 69.95 88.02 67.14 140.81 22.38
1736 70.02 28.18 109.67 91.49 148.61
1737 70.11 66.82 49.77 126.90 128.52
1738 70.09 46.63 130.55 89.33 184.97
1739 70.18 50.46 123.14 102.07 199.01
1740 70.21 85.97 69.12 149.81 32.44
1741 70.28 16.36 45.13 90.54 75.93
1742 70.27 62.98 73.78 114.22 145.83
1743 70.24 75.60 59.98 131.20 63.45
1744 70.30 14.08 42.40 97.39 50.56
1745 70.43 35.40 124.98 79.45 174.58
1746 70.38 21.36 70.02 93.03 112.64
1747 70.39 30.88 120.58 86.97 158.36
1748 70.41 58.93 112.43 104.11 162.40
1749 70.37 11.26 40.02 89.14 50.82
1750 70.35 37.68 141.52 89.58 183.18
1751 70.51 48.70 138.96 89.83 197.91
1752 70.45 43.54 151.32 87.45 194.49
1753 70.49 52.32 122.39 97.57 194.15
1754 70.44 12.89 50.00 97.81 62.74
1755 70.49 54.66 127.13 101.19 182.43
1756 70.52 83.44 60.10 149.83 44.59
1757 70.57 89.68 45.92 129.69 16.10
1758 70.66 18.77 64.40 89.27 97.61
1759 70.64 80.73 51.97 143.64 53.61
1760 70.72 24.02 97.72 81.16 129.30
1761 70.62 73.38 45.86 121.71 92.69
1762 70.77 26.34 116.95 77.40 145.36
1763 70.81 39.94 140.78 78.13 184.86
1764 70.79 65.06 77.79 100.90 169.23
1765 70.74 70.87 52.52 117.10 110.67
1766 70.72 78.07 49.80 136.97 60.91
1767 70.92 41.86 154.72 78.19 196.72
1768 70.91 45.52 158.50 80.24 207.25
1769 70.84 61.26 103.61 104.69 181.33
1770 71.04 32.61 141.82 76.73 168.70
1771 71.09 28.63 110.90 71.23 163.08
1772 71.03 56.91 142.57 93.99 195.09
1773 71.22 86.77 43.89 134.86 36.21
1774 71.10 9.10 32.01 61.18 29.04
1775 71.19 67.68 68.14 99.58 155.46
1776 71.39 47.56 154.04 77.44 221.37
1777 71.40 50.31 165.76 79.35 210.56
1778 71.52 36.35 129.95 71.12 196.15
1779 71.55 38.32 144.01 70.43 191.74
1780 71.44 59.65 145.91 91.03 197.75
1781 71.62 22.26 110.07 66.32 119.24
1782 71.60 75.01 49.92 104.97 98.37
1783 71.60 12.00 58.21 67.05 75.16
1784 71.73 14.32 70.00 59.96 82.34
1785 71.62 16.70 74.31 63.76 94.63
1786 71.46 54.80 166.89 87.79 204.86
1787 71.54 19.82 86.40 66.07 115.13
1788 71.63 34.22 130.69 70.17 188.88
1789 71.58 63.42 110.93 89.86 185.63
1790 71.62 30.60 109.35 64.99 165.72
1791 71.52 52.60 162.09 79.50 204.86
1792 71.79 44.47 149.10 71.01 206.84
1793 71.82 69.62 73.28 92.67 141.49
1794 71.73 72.40 61.91 95.64 122.42
1795 71.69 83.36 40.15 116.70 59.92
1796 71.90 89.36 29.71 119.45 20.97
1797 71.81 80.52 42.99 119.87 74.60
1798 71.84 26.28 121.18 70.83 160.46
1799 71.87 77.62 50.17 112.49 91.35
1800 71.95 65.52 129.70 86.61 181.51
1801 71.99 42.54 121.45 68.43 206.43
1802 72.11 57.98 157.73 77.54 198.61
1803 72.09 61.57 145.60 78.64 197.69
1804 72.14 24.29 102.18 59.79 146.90
1805 72.22 40.20 104.85 63.07 179.35
1806 72.18 10.04 44.14 49.46 46.56
1807 72.19 56.07 150.72 72.46 209.82
1808 72.29 28.34 93.12 58.63 157.75
1809 72.34 46.56 124.68 69.92 205.26
1810 72.36 85.26 35.36 123.83 57.15
1811 72.32 48.92 153.95 68.36 213.57
1812 72.50 32.55 96.97 59.97 188.72
1813 72.41 67.28 112.97 80.85 156.57
1814 72.42 51.32 161.49 68.14 211.13
1815 72.43 53.88 135.43 73.85 206.15
1816 72.45 87.34 29.00 113.68 48.68
1817 72.59 18.14 73.85 52.46 116.28
1818 72.58 20.49 102.26 57.58 134.61
1819 72.69 59.75 137.72 73.52 200.24
1820 72.63 35.43 82.82 55.21 186.46
1821 72.68 37.80 92.15 58.85 190.19
1822 72.70 71.30 107.67 78.58 152.86
1823 72.77 73.77 89.64 84.77 149.15
1824 72.74 30.44 83.64 57.79 174.74
1825 72.91 63.40 135.55 73.11 194.92
1826 72.90 82.51 40.74 94.10 86.64
1827 72.96 12.07 65.17 44.69 80.80
1828 72.95 15.15 60.90 49.36 101.75
1829 72.95 22.55 90.75 54.78 136.82
1830 73.00 76.33 79.85 82.16 131.34
1831 73.00 44.60 86.48 59.92 201.53
1832 73.05 26.36 66.16 55.65 166.56
1833 73.05 69.02 114.19 70.36 182.00
1834 73.07 79.22 63.68 89.46 115.76
1835 72.94 81.27 51.16 94.52 105.56
1836 73.00 42.40 90.89 63.83 195.77
1837 73.07 65.37 137.56 76.54 197.96
1838 73.09 89.43 14.05 81.91 23.47
1839 73.14 56.75 114.05 67.79 207.95
1840 73.31 48.08 85.28 66.13 211.31
1841 73.30 52.52 103.18 62.97 207.40
1842 73.16 84.88 36.52 106.08 81.30
1843 73.33 61.46 140.92 68.72 212.05
1844 73.49 40.56 63.62 56.28 186.82
1845 73.38 50.21 95.24 62.72 209.22
1846 73.45 54.86 105.31 65.48 214.71
1847 73.46 33.70 61.61 52.04 187.97
1848 73.60 24.42 52.87 47.48 148.67
1849 73.46 28.66 60.13 49.98 169.89
1850 73.64 38.66 53.28 50.53 176.72
1851 73.54 87.12 25.02 99.48 57.14
1852 73.62 58.63 107.68 66.07 203.69
1853 73.66 66.90 146.12 60.77 186.73
1854 73.65 19.81 67.58 46.33 126.38
1855 73.70 46.31 66.58 58.39 212.62
1856 73.75 36.39 61.61 51.87 186.80
1857 73.72 17.48 61.62 46.33 131.15
1858 73.81 31.47 59.56 48.52 178.98
1859 73.74 71.66 123.77 73.12 170.33
1860 73.90 74.23 137.01 76.63 153.87
1861 74.05 13.40 45.21 40.96 96.85
1862 74.11 83.71 56.71 88.95 96.93
1863 74.07 21.89 50.33 46.50 135.29
1864 74.05 42.44 57.99 51.93 182.03
1865 74.21 44.59 47.55 52.21 186.81
1866 74.15 81.60 65.60 81.38 105.17
1867 74.16 62.82 107.00 61.69 201.25
1868 74.38 64.88 128.22 59.23 187.79
1869 74.25 26.58 40.24 44.87 143.77
1870 74.23 57.01 80.54 56.25 211.46
1871 74.27 60.45 110.81 58.77 206.41
1872 74.16 68.97 127.46 62.94 175.58
1873 74.21 76.87 129.01 70.93 149.93
1874 74.41 79.56 100.26 72.42 125.36
1875 74.40 15.79 39.47 37.36 110.58
1876 74.27 53.32 66.19 54.51 210.70
1877 74.36 51.37 59.57 56.88 204.24
1878 74.42 34.82 48.12 46.15 163.44
1879 74.45 49.34 52.96 57.18 194.68
1880 74.43 29.22 43.28 46.65 158.85
1881 74.70 85.78 47.64 79.81 76.65
1882 74.67 55.07 66.08 55.43 208.92
1883 74.66 47.29 59.00 56.59 204.04
1884 74.70 23.87 37.78 44.27 140.58
1885 74.70 38.24 47.26 50.21 170.64
1886 74.88 40.64 43.62 49.88 150.50
1887 74.84 19.10 39.23 40.24 113.64
1888 74.85 67.09 124.53 56.91 192.26
1889 74.86 72.45 141.31 58.24 167.23
1890 74.96 33.00 45.45 46.16 157.50
1891 74.94 58.83 64.54 56.42 204.32
1892 75.06 31.11 44.51 47.12 140.39
1893 75.04 70.19 139.04 58.39 179.18
1894 75.00 74.79 140.95 63.54 152.66
1895 75.05 43.12 51.42 49.12 150.58
1896 75.19 12.21 21.50 33.27 58.77
1897 75.12 61.85 73.60 52.24 190.74
1898 75.09 87.77 27.53 66.92 35.53
1899 75.39 21.47 34.84 36.56 112.37
1900 75.39 27.01 43.09 40.54 128.24
1901 75.30 45.25 54.86 49.56 165.94
1902 75.49 36.76 57.69 46.88 144.80
1903 75.23 56.67 53.00 49.46 204.65
1904 75.33 53.18 43.69 49.68 187.10
1905 75.40 14.49 29.03 35.56 92.58
1906 75.62 78.64 117.65 62.57 134.32
1907 75.53 83.31 78.13 69.35 107.70
1908 75.59 24.92 37.38 36.14 125.80
1909 75.48 50.88 47.68 52.31 182.03
1910 75.58 64.06 69.74 56.06 191.66
1911 75.60 16.92 32.14 34.74 108.31
1912 75.58 29.17 45.96 40.81 130.77
1913 75.58 48.74 54.61 51.00 165.63
1914 75.68 34.71 73.21 40.90 149.49
1915 75.83 66.04 78.81 54.51 182.72
1916 75.79 76.37 132.24 61.13 161.36
1917 75.85 38.82 68.20 47.34 122.02
1918 75.93 60.23 46.21 51.22 186.09
1919 75.85 68.58 98.15 51.46 188.22
1920 76.21 81.19 102.68 56.27 119.07
1921 75.93 42.30 83.44 49.97 126.63
1922 75.98 46.73 71.80 48.16 148.93
1923 76.11 55.45 41.86 46.68 175.91
1924 76.03 57.96 38.69 48.86 177.00
1925 76.04 71.27 116.48 53.49 176.54
1926 76.18 73.88 126.88 53.94 162.80
1927 76.18 19.07 30.58 35.63 95.54
1928 76.18 32.24 70.02 44.09 117.29
1929 76.37 23.02 41.46 39.17 105.38
1930 76.15 62.40 47.44 48.20 178.39
1931 76.41 53.58 50.86 46.78 167.67
1932 76.45 40.59 110.24 46.24 113.01
1933 76.39 44.46 85.90 44.20 113.59
1934 76.43 51.73 70.93 48.80 150.18
1935 76.46 15.03 24.81 33.13 79.08
1936 76.61 29.97 80.24 41.71 102.91
1937 76.79 27.74 74.29 40.02 103.02
1938 76.67 49.75 85.01 46.96 125.48
1939 76.78 25.63 70.86 37.02 99.89
1940 76.70 35.42 124.10 46.49 102.20
1941 76.78 20.91 46.93 35.18 86.55
1942 76.69 67.37 68.47 45.88 175.03
1943 76.87 64.23 44.26 47.24 155.41
1944 76.88 77.10 105.57 52.56 156.28
1945 77.03 17.28 35.16 30.68 72.52
1946 77.05 47.98 111.99 48.44 108.84
1947 76.95 70.21 68.20 50.98 169.98
1948 76.96 83.62 89.46 52.11 106.31
1949 76.96 59.23 38.86 44.58 167.85
1950 77.11 33.36 125.89 42.73 96.95
1951 76.95 57.03 49.15 47.13 162.57
1952 77.20 37.06 130.49 41.12 85.33
1953 77.15 43.06 128.76 45.77 94.36
1954 77.14 46.04 137.78 45.81 89.69
1955 77.22 79.51 103.88 51.25 148.79
1956 77.08 61.63 39.57 45.99 156.13
1957 77.20 72.89 72.69 49.45 163.22
1958 77.27 39.12 147.69 46.90 90.03
1959 77.50 55.34 81.24 45.39 132.51
1960 77.47 31.18 114.54 42.34 82.50
1961 77.72 75.20 74.65 42.94 150.70
1962 77.55 23.85 80.72 36.99 85.48
1963 77.55 51.32 139.20 43.40 113.09
1964 77.50 53.36 100.00 43.78 127.98
1965 77.57 66.12 41.79 43.01 143.07
1966 77.57 41.23 170.14 45.38 75.25
1967 77.80 19.25 58.52 32.97 64.47
1968 77.71 68.77 44.32 42.98 159.00
1969 77.82 81.48 72.95 47.31 118.35
1970 77.81 15.26 37.68 28.46 50.95
1971 77.95 21.49 81.60 33.14 64.30
1972 78.02 28.70 123.20 39.30 70.73
1973 77.93 49.27 149.27 46.69 84.32
1974 77.91 34.88 159.38 42.14 68.68
1975 78.04 44.98 175.18 46.38 73.93
1976 77.97 63.65 43.73 46.08 127.83
1977 78.08 26.37 106.03 36.34 64.97
1978 77.98 57.53 86.17 42.81 129.82
1979 78.01 59.66 68.02 42.22 119.42
1980 78.20 71.86 44.85 43.87 151.16
1981 78.07 77.64 87.32 47.18 165.69
1982 78.29 83.70 47.47 39.89 78.41
1983 78.18 61.62 59.01 42.84 126.38
1984 78.33 37.84 177.72 43.99 60.40
1985 78.34 47.22 174.46 47.37 65.65
1986 78.31 32.71 146.18 42.41 59.15
1987 78.34 42.95 179.54 44.77 61.31
1988 78.62 17.37 63.02 28.98 41.33
1989 78.43 39.75 181.23 46.23 62.68
1990 78.45 53.60 129.86 46.22 85.08
1991 78.65 67.55 36.43 42.33 129.05
1992 78.68 79.64 64.15 39.99 129.41
1993 78.73 24.81 102.39 36.31 46.65
1994 78.73 30.56 146.15 39.53 50.80
1995 78.63 51.12 166.86 44.06 68.88
1996 78.80 55.81 129.03 43.46 84.65
1997 78.74 65.13 50.46 44.86 121.19
1998 78.82 35.87 166.32 40.89 54.44
1999 78.92 70.45 34.22 40.16 138.24
2000 78.89 74.36 43.04 38.67 143.40
2001 79.08 22.31 99.27 31.99 42.25
2002 78.94 14.93 55.93 22.68 32.76
2003 79.05 41.34 183.60 43.09 46.49
2004 78.83 20.20 87.08 25.58 38.42
2005 79.12 48.92 178.51 45.77 58.27
2006 79.20 76.79 45.77 36.63 133.97
2007 79.15 57.75 128.22 41.41 86.41
2008 79.12 44.97 185.92 44.08 47.41
2009 79.13 62.39 90.49 43.01 86.00
2010 79.18 60.10 126.07 42.95 90.77
2011 79.31 82.34 42.24 35.20 85.99
2012 79.27 18.99 88.57 28.38 35.67
2013 79.25 27.50 128.58 38.84 42.83
2014 79.36 33.07 151.10 40.03 45.44
2015 79.54 52.45 171.37 44.93 51.78
2016 79.50 54.24 165.35 43.94 62.44
2017 79.58 46.93 180.56 46.19 44.96
2018 79.59 39.26 178.74 45.26 45.04
2019 79.70 43.24 177.87 42.07 43.41
2020 79.70 68.70 44.87 37.47 114.85
2021 79.73 72.70 33.88 35.39 124.62
2022 79.78 37.28 155.25 42.68 41.22
2023 79.92 63.78 86.59 38.19 77.60
2024 79.78 66.33 56.28 41.19 97.78
2025 79.80 30.03 149.07 40.95 38.69
2026 79.85 35.06 152.94 40.33 37.27
2027 79.84 50.56 184.68 43.96 50.32
2028 79.88 79.81 34.80 33.51 116.99
2029 79.77 17.92 83.63 27.22 26.04
2030 79.89 23.81 115.25 35.24 38.05
2031 80.15 16.72 70.15 27.35 24.33
2032 80.14 59.19 149.71 41.82 57.05
2033 80.28 25.85 120.09 35.71 31.82
2034 80.26 57.11 158.01 43.74 53.00
2035 80.38 70.53 46.07 34.43 99.14
2036 80.28 41.18 157.59 42.01 35.87
2037 80.35 45.18 168.76 44.94 39.20
2038 80.42 61.62 110.52 42.62 60.90
2039 80.38 75.19 31.45 34.04 115.76
2040 80.40 48.66 169.48 43.66 40.85
2041 80.43 55.07 164.20 41.99 48.68
2042 80.52 19.11 91.38 29.85 23.11
2043 80.44 77.68 30.97 33.36 125.06
2044 80.43 21.39 101.01 31.14 29.83
2045 80.47 32.27 146.56 37.87 35.78
2046 80.80 28.09 114.61 36.41 31.75
2047 80.72 82.32 26.45 31.94 69.29
2048 80.76 38.82 144.13 38.96 32.74
2049 80.66 52.52 164.32 41.23 41.94
2050 80.85 65.19 109.88 40.42 65.11
2051 80.88 43.30 134.76 42.23 29.38
2052 80.98 68.00 74.93 37.51 74.15
2053 81.04 34.11 115.87 38.88 30.43
2054 80.84 36.29 129.65 41.29 32.68
2055 80.94 46.86 153.76 41.31 34.64
2056 81.00 30.36 113.80 35.20 29.69
2057 81.02 50.61 173.61 42.83 38.83
2058 81.03 72.63 51.67 32.79 96.64
2059 81.39 23.61 107.63 31.04 23.08
2060 81.20 60.13 157.89 39.49 48.99
2061 81.37 41.06 122.20 42.49 29.68
2062 81.47 54.06 155.57 40.16 35.97
2063 81.39 56.33 154.49 42.07 40.61
2064 81.51 58.25 151.35 41.81 43.11
2065 81.54 63.65 125.58 39.15 50.54
2066 81.35 76.78 24.55 28.55 102.73
2067 81.53 79.84 22.55 26.79 89.58
2068 81.50 25.95 94.97 34.71 27.35
2069 81.58 48.87 148.48 44.59 35.11
2070 81.68 70.23 80.61 36.40 75.64
2071 81.77 19.53 86.24 29.81 18.64
2072 81.74 45.21 116.98 41.18 30.30
2073 81.78 74.98 31.80 31.46 92.72
2074 81.74 21.48 94.31 31.32 21.49
2075 81.86 61.96 137.97 38.04 44.99
2076 81.84 32.22 95.35 37.74 25.79
2077 81.86 36.82 95.35 37.69 28.40
2078 81.88 51.98 143.68 41.76 33.55
2079 81.88 66.07 133.51 36.05 55.08
2080 81.87 77.70 23.86 25.59 95.03
2081 81.87 39.27 108.14 40.70 31.16
2082 81.90 43.18 116.94 42.39 31.61
2083 82.07 29.46 98.21 36.07 25.77
2084 82.10 47.22 119.27 41.09 29.19
2085 82.30 34.40 85.33 38.36 26.16
2086 82.49 68.24 118.12 34.32 52.52
2087 82.35 72.64 63.40 30.73 86.00
2088 82.46 27.27 86.96 36.12 23.39
2089 82.38 55.88 121.19 37.85 30.82
2090 82.50 50.06 121.96 41.57 27.78
2091 82.50 60.33 133.77 36.84 35.05
2092 82.55 41.38 82.94 40.47 25.89
2093 82.66 53.64 117.62 39.27 29.47
2094 82.77 79.45 22.03 24.96 55.52
2095 82.70 24.97 82.59 35.05 20.16
2096 82.69 58.07 118.95 38.66 31.72
2097 82.64 64.19 142.00 37.92 39.58
2098 82.85 38.53 72.97 41.65 24.31
2099 82.89 43.86 85.79 39.90 25.33
2100 82.98 76.95 31.60 26.36 76.60
2101 82.91 30.97 73.31 36.22 22.87
2102 83.16 20.42 63.40 25.95 13.88
2103 82.92 36.44 74.89 41.80 27.79
2104 82.99 70.62 100.98 33.42 54.59
2105 83.10 22.04 80.14 26.49 16.28
2106 83.06 45.88 87.16 39.08 25.29
2107 83.08 48.03 91.94 42.04 24.91
2108 83.04 51.69 98.13 39.92 26.13
2109 83.26 74.47 55.70 27.80 74.21
2110 83.42 66.64 151.29 36.14 36.84
2111 83.36 33.34 62.04 36.25 23.48
2112 83.34 61.89 114.53 37.46 32.43
2113 83.52 28.39 56.29 34.49 20.90
2114 83.50 55.58 97.90 34.99 27.44
2115 83.47 40.35 72.51 40.89 24.55
2116 83.84 26.16 58.68 32.40 18.16
2117 83.85 42.42 69.21 40.25 24.60
2118 83.64 59.81 101.16 38.96 29.73
2119 83.80 49.49 84.95 38.82 23.76
2120 83.69 64.38 132.64 34.46 31.52
2121 83.76 57.57 95.11 39.44 27.92
2122 83.92 69.05 136.92 33.81 38.06
2123 83.84 53.80 87.90 37.00 26.66
2124 84.03 23.85 57.21 28.90 15.62
2125 83.85 78.26 30.67 22.41 40.24
2126 83.99 30.33 44.90 33.49 19.26
2127 83.97 36.19 46.70 40.93 21.37
2128 84.09 71.71 112.92 29.12 43.90
2129 84.14 44.38 60.75 39.96 23.48
2130 84.17 52.08 81.85 38.75 23.37
2131 84.06 46.95 72.32 41.38 23.80
2132 84.09 38.37 56.06 38.51 23.15
2133 84.00 19.39 36.76 20.41 10.37
2134 84.38 76.30 62.15 23.26 41.27
2135 84.39 21.81 44.41 24.43 13.79
2136 84.56 34.43 43.27 36.44 21.20
2137 84.42 62.80 97.19 36.26 29.52
2138 84.50 73.76 101.31 27.47 45.90
2139 84.40 32.22 42.53 37.31 19.71
2140 84.57 40.70 53.79 37.63 21.33
2141 84.70 58.75 80.04 36.59 24.79
2142 84.84 67.50 121.22 31.31 27.06
2143 84.77 27.46 36.21 30.28 17.70
2144 84.77 50.31 65.55 40.35 22.42
2145 84.89 61.11 74.24 35.17 25.00
2146 84.82 56.54 69.05 38.91 25.08
2147 84.89 65.07 97.44 31.44 25.70
2148 84.95 54.48 60.64 36.94 23.36
2149 84.87 28.76 33.64 38.11 16.47
2150 84.97 45.73 46.39 37.34 20.55
2151 85.06 48.03 52.87 36.91 20.68
2152 85.27 70.00 132.04 28.31 27.59
2153 84.83 30.51 31.88 36.25 20.25
2154 85.05 38.96 37.26 39.04 20.06
2155 85.20 25.32 34.92 29.77 15.65
2156 85.13 36.51 36.76 35.09 21.69
2157 85.42 22.82 29.01 26.31 12.99
2158 85.23 43.22 39.69 38.00 20.12
2159 85.38 31.93 23.45 37.62 17.58
2160 85.44 52.34 52.26 38.90 21.35
2161 85.31 29.80 29.72 38.06 17.49
2162 85.49 74.75 86.55 25.11 23.59
2163 85.53 72.21 115.79 27.40 28.32
2164 85.69 63.33 72.90 34.32 23.05
2165 85.61 37.57 21.48 41.55 18.42
2166 85.72 40.85 32.04 39.74 19.26
2167 85.97 35.00 28.46 38.11 17.28
2168 85.80 59.40 51.80 37.23 22.37
2169 85.89 49.94 40.32 40.38 19.23
2170 85.86 56.99 47.82 36.34 20.51
2171 86.01 65.79 85.53 34.71 25.53
2172 85.97 43.01 20.18 41.06 16.21
2173 86.20 30.55 21.23 35.17 15.78
2174 86.23 61.06 49.89 33.21 23.16
2175 86.19 45.10 24.56 40.67 18.00
2176 86.13 54.35 40.18 37.89 21.64
2177 86.38 68.05 97.62 28.52 21.92
2178 86.35 26.81 20.63 31.58 14.06
2179 86.25 33.16 20.08 38.02 14.62
2180 86.10 27.87 20.91 35.18 13.00
2181 86.22 48.49 40.00 37.00 20.12
2182 86.52 37.19 23.78 41.32 18.49
2183 86.36 39.31 25.78 39.49 18.04
2184 86.54 70.55 103.64 28.50 21.21
2185 86.42 32.01 18.09 35.70 14.52
2186 86.55 47.32 23.38 38.72 17.78
2187 86.69 22.69 16.26 26.30 9.17
2188 86.55 24.59 17.54 28.18 12.51
2189 86.64 29.14 19.94 35.41 15.13
2190 86.50 52.67 32.97 39.03 19.06
2191 86.70 73.37 94.76 24.75 15.71
2192 86.59 43.42 24.78 39.72 20.11
2193 86.76 41.37 22.68 40.64 17.92
2194 86.57 58.47 33.29 42.24 19.76
2195 86.88 62.88 56.24 34.39 20.66
2196 86.95 56.14 34.31 35.33 18.79
2197 86.73 57.49 29.00 41.12 18.25
2198 87.16 64.79 53.73 31.02 20.33
2199 86.84 35.35 18.11 38.98 14.35
2200 87.00 51.42 23.56 40.60 18.71
2201 87.35 49.62 23.29 39.26 17.88
2202 87.02 44.44 23.00 41.47 20.45
2203 87.08 59.19 37.00 35.23 19.49
2204 87.49 28.30 15.08 31.13 12.70
2205 87.52 34.30 18.74 38.06 16.39
2206 87.28 30.71 16.44 34.39 13.72
2207 87.07 39.36 19.62 39.38 13.88
2208 87.42 60.92 37.31 32.72 17.52
2209 87.67 66.76 62.36 28.99 17.89
2210 87.37 37.99 20.47 36.95 15.93
2211 87.17 45.80 24.67 41.50 16.67
2212 87.47 53.56 24.71 37.64 18.00
2213 87.64 25.38 14.23 28.91 11.37
2214 87.39 47.49 22.78 39.46 17.04
2215 87.21 40.44 21.67 35.67 15.67
2216 87.64 68.94 73.11 28.29 18.19
2217 87.66 71.38 76.16 24.20 16.97
2218 87.34 57.14 26.38 38.62 19.25
2219 87.41 32.19 17.14 36.57 16.29
2220 87.79 40.03 18.28 38.77 16.04
2221 87.73 54.74 23.20 36.70 17.00
2222 87.74 58.63 22.69 37.36 17.28
2223 87.92 30.56 15.75 34.18 13.36
2224 88.07 73.60 50.39 23.29 12.05
2225 87.94 46.27 19.38 39.58 17.94
2226 87.90 42.68 19.37 38.80 16.65
2227 88.01 62.99 38.45 30.37 17.66
2228 88.00 51.13 18.66 36.21 16.52
2229 88.18 44.53 19.47 40.07 16.14
2230 88.20 27.35 14.41 30.70 11.45
2231 88.27 56.04 22.31 35.94 18.96
2232 88.48 32.52 15.62 35.96 13.94
2233 88.53 64.84 37.18 28.86 15.62
2234 88.36 49.24 19.76 34.57 15.73
2235 88.65 58.54 20.46 35.42 16.80
2236 88.36 41.45 18.84 36.92 16.84
2237 88.61 61.10 21.72 34.74 16.90
2238 88.66 34.59 16.65 35.70 15.83
2239 88.85 52.95 18.19 34.60 16.76
2240 88.79 69.91 48.03 23.72 13.79
2241 89.21 51.00 17.46 37.80 16.63
2242 88.66 36.60 16.13 34.56 14.78
2243 88.87 29.72 13.47 32.42 12.08
2244 88.90 46.96 17.79 38.08 16.92
2245 89.41 67.75 34.45 25.98 13.90
2246 89.08 71.82 40.94 23.21 11.86
2247 88.75 43.95 17.22 37.78 17.22
2248 88.73 62.71 22.60 31.20 14.70
2249 89.36 48.93 17.27 36.47 16.03
2250 89.00 41.34 17.09 37.18 15.88
2251 89.17 44.96 16.44 38.24 16.42
2252 89.07 56.57 19.30 35.20 16.20
2253 89.52 62.61 19.22 30.74 13.61
2254 89.29 37.67 15.03 34.37 16.13
2255 89.33 61.03 21.67 32.93 15.62
2256 89.59 64.27 25.52 28.79 13.24
2257 89.73 31.71 12.96 33.71 11.49
2258 89.78 42.17 16.45 38.00 14.57
2259 89.73 40.30 16.02 34.80 14.15
2260 89.88 46.92 16.45 38.42 14.55
2261 89.69 56.12 15.61 35.09 14.96
2262 89.88 53.66 16.85 34.04 15.59
2263 89.91 69.88 25.87 24.33 10.80
2264 89.96 29.69 12.27 31.52 11.25
2265 90.05 27.87 11.18 29.71 10.02
2266 89.77 45.29 17.60 35.80 14.40
2267 89.98 57.45 17.11 32.12 14.92
2268 90.13 38.97 12.96 35.60 14.76
2269 90.06 48.07 17.33 37.17 15.50
2270 90.32 65.88 23.21 27.47 13.33
2271 90.31 33.37 11.66 31.63 11.87
2272 90.16 60.12 16.11 31.18 13.44
2273 90.27 43.42 15.96 34.79 16.19
2274 90.30 45.82 15.15 35.98 15.88
2275 90.42 51.22 14.79 35.01 16.41
2276 90.39 31.51 12.57 29.96 11.22
2277 90.57 41.03 15.55 34.59 14.43
2278 90.57 48.91 15.34 37.60 15.57
2279 90.48 55.68 14.92 33.92 15.42
2280 91.18 58.97 14.11 31.91 12.89
2281 90.76 67.35 20.92 22.85 10.45
2282 90.75 29.64 11.69 28.96 10.53
2283 90.69 44.65 15.39 37.00 16.13
2284 90.62 54.77 14.79 33.21 13.89
2285 90.70 61.32 15.57 31.02 13.82
2286 90.62 68.85 16.83 25.57 10.70
2287 91.07 42.14 16.38 34.59 12.36
2288 90.91 47.82 18.57 34.00 16.00
2289 91.03 39.13 14.67 33.25 15.03
2290 91.24 46.56 15.61 35.78 14.36
2291 91.03 63.19 16.47 29.79 12.65
2292 91.01 49.50 16.21 35.53 14.42
2293 91.33 56.10 13.98 32.31 14.11
2294 91.69 35.66 13.15 32.17 11.70
2295 91.11 37.11 15.41 34.14 14.81
2296 90.99 52.68 15.75 38.33 14.25
2297 91.25 68.54 15.70 21.40 9.19
2298 91.34 44.07 14.94 35.40 14.57
2299 91.36 50.73 15.40 33.43 15.00
2300 91.44 31.28 12.16 30.98 10.58
2301 91.24 61.00 16.56 30.38 13.31
2302 91.56 66.01 12.90 23.12 10.36
2303 91.62 52.83 14.62 35.25 14.58
2304 91.86 29.18 10.55 27.66 8.84
2305 91.36 48.63 14.80 35.20 14.30
2306 91.78 63.02 13.13 26.99 9.99
2307 91.72 37.85 10.97 30.38 11.69
2308 92.13 58.35 12.98 29.41 12.58
2309 91.82 43.63 12.89 35.67 11.11
2310 92.27 46.79 13.79 32.72 13.54
2311 92.31 44.59 14.55 33.17 13.45
2312 92.11 51.50 13.50 34.93 14.36
2313 92.28 33.11 13.02 30.41 10.74
2314 92.50 55.62 13.01 29.12 11.30
2315 92.41 37.80 14.25 32.63 12.92
2316 92.49 28.34 9.59 26.35 7.00
2317 92.65 62.58 12.34 27.07 10.38
2318 92.67 47.83 14.25 34.21 14.46
2319 92.65 41.91 13.00 33.50 14.25
2320 92.81 52.11 14.02 34.25 13.88
2321 92.93 50.35 15.43 32.81 13.77
2322 92.85 36.17 12.82 30.49 11.82
2323 92.95 57.18 14.60 29.62 10.41
2324 93.32 32.79 11.36 26.92 8.88
2325 93.09 39.82 11.64 32.26 11.62
2326 92.97 53.77 14.03 31.58 13.03
2327 92.98 64.22 11.07 24.95 10.02
2328 93.10 42.68 14.24 31.55 13.95
2329 93.23 61.14 11.68 25.96 10.77
2330 93.45 48.36 15.93 33.74 14.39
2331 93.59 37.88 11.55 30.77 11.33
2332 93.51 34.92 9.64 28.55 9.52
2333 93.86 56.55 12.01 28.67 11.07
2334 93.65 53.94 12.59 28.91 10.76
2335 93.94 51.67 12.98 29.90 12.19
2336 93.90 60.42 10.40 28.88 9.65
2337 94.19 40.90 11.81 30.19 10.76
2338 94.16 54.80 12.46 29.70 12.35
2339 94.18 35.10 11.85 28.55 11.15
2340 94.55 49.83 12.48 32.25 11.29
2341 94.44 45.21 11.98 28.00 9.93
2342 94.48 53.08 12.04 27.31 10.78
2343 94.81 37.46 10.10 28.43 9.78
2344 94.65 42.47 11.14 26.94 9.83
2345 94.92 46.81 11.92 28.58 11.30
2346 94.56 38.95 10.00 29.71 8.43
2347 95.18 55.51 9.39 27.66 9.67
2348 94.96 44.39 12.26 27.83 10.57
2349 95.50 39.57 9.68 26.95 8.76
2350 95.26 52.71 11.00 25.57 9.73
2351 95.18 48.69 9.50 29.00 11.25
2352 95.50 43.35 9.32 29.42 11.74
2353 95.75 37.06 8.23 25.05 8.63
2354 96.12 48.67 10.21 25.51 8.94
2355 96.05 57.27 8.33 21.74 7.61
2356 96.28 41.86 9.30 24.52 8.46
2357 96.60 44.57 8.85 24.13 8.76
2358 96.35 46.65 8.76 25.69 8.44
2359 96.51 37.43 7.93 23.18 7.02
2360 97.18 40.97 6.96 24.04 7.24
2361 97.26 47.35 7.18 19.94 7.18
2362 97.41 48.39 7.76 22.53 6.21
2363 97.60 51.40 7.07 19.36 7.07
2364 98.34 46.84 5.89 21.20 5.18

