#<Embryo name> <Cleavage cycle> <Temporal class> <Genes>
kw12 14A 7 even-skipped knirps giant

#Quantitative data
#<Nucleus number> <A-P coordinate> <D-V coordinate> <Fluorescence intensity: channel 1 - eve, channel 2 - kni, channel 3 - gt>
0 2.24 47.93 9.47 129.04 5.19
1 2.66 53.67 9.94 141.52 4.83
2 3.49 45.46 12.42 175.24 7.87
3 3.39 50.79 13.32 173.34 8.10
4 3.40 56.15 8.03 131.42 5.05
5 3.54 48.17 14.28 186.02 9.07
6 4.24 54.25 13.33 178.70 9.14
7 4.23 43.57 15.12 165.53 8.66
8 4.26 48.30 15.30 162.30 10.51
9 4.64 57.07 11.43 164.77 7.60
10 4.65 51.89 13.87 163.10 9.53
11 4.64 42.53 15.98 175.25 9.70
12 5.06 46.48 16.72 165.25 10.30
13 5.21 49.42 17.58 170.31 10.82
14 5.05 38.65 12.63 157.51 11.55
15 5.20 59.35 8.70 126.04 5.90
16 5.45 40.96 15.91 181.45 12.15
17 5.50 44.23 16.98 178.88 11.29
18 5.65 54.86 15.88 165.38 9.26
19 5.94 57.80 15.23 186.73 9.58
20 5.99 51.98 16.88 169.60 11.30
21 6.17 38.63 15.73 171.30 13.30
22 6.36 48.27 16.68 151.28 11.55
23 6.13 42.15 19.31 184.89 13.51
24 6.38 60.43 11.87 144.18 7.20
25 6.47 45.57 16.42 152.70 14.34
26 6.46 56.64 17.83 190.17 9.66
27 6.66 42.91 17.74 169.14 15.78
28 6.90 40.22 18.49 177.43 14.04
29 7.22 50.77 18.32 160.32 12.79
30 7.12 56.01 13.93 159.71 9.62
31 7.13 53.62 18.71 179.52 11.88
32 7.25 58.71 16.19 178.74 10.16
33 7.33 35.50 14.39 115.24 9.72
34 7.02 46.25 17.25 133.36 14.79
35 7.42 37.67 15.56 136.90 13.62
36 7.45 61.80 11.03 150.62 6.85
37 7.47 44.08 17.99 149.76 19.97
38 7.20 63.78 5.81 86.59 2.37
39 7.83 48.23 17.32 139.04 14.69
40 7.85 41.69 20.16 163.63 16.07
41 7.62 64.51 6.00 74.43 2.76
42 8.10 45.97 19.25 160.41 18.87
43 8.24 39.62 18.69 139.16 18.78
44 8.40 52.96 17.50 173.80 13.18
45 8.43 55.22 19.95 181.01 13.10
46 8.20 60.38 15.82 170.69 10.92
47 8.56 57.65 18.42 176.99 11.70
48 8.53 63.33 12.43 134.87 7.91
49 8.66 50.73 19.82 165.45 15.97
50 8.55 35.63 17.68 97.99 13.54
51 8.88 37.62 17.54 116.34 18.83
52 8.80 59.71 16.93 164.43 10.25
53 9.22 33.61 14.39 72.06 8.88
54 9.24 41.84 19.62 132.18 17.35
55 9.37 61.60 16.82 162.66 10.53
56 9.51 46.86 19.87 135.21 19.84
57 9.43 44.40 19.44 138.24 17.84
58 9.58 49.09 19.61 146.65 16.40
59 9.51 39.53 20.75 120.40 16.95
60 9.80 52.36 19.21 171.00 14.66
61 9.81 56.98 18.28 178.36 12.36
62 9.80 54.64 19.48 177.64 14.59
63 9.72 35.93 17.43 74.00 12.06
64 10.04 63.78 13.44 148.13 9.21
65 10.12 59.45 19.11 174.51 13.27
66 10.36 65.99 11.13 115.25 6.72
67 10.20 38.04 20.62 77.89 13.28
68 10.27 33.07 15.88 55.28 9.34
69 10.24 36.64 17.20 68.82 13.47
70 10.50 68.15 6.85 80.16 3.61
71 10.55 42.92 20.98 110.18 17.95
72 10.42 31.66 12.75 46.31 9.10
73 10.63 34.44 17.04 54.99 10.10
74 10.85 50.07 20.12 151.22 14.98
75 10.91 61.54 17.16 158.37 12.03
76 10.68 38.96 18.82 75.20 14.92
77 10.99 45.05 20.54 107.14 22.05
78 10.86 40.78 21.16 93.04 14.93
79 10.90 30.20 11.39 34.48 8.68
80 11.01 47.36 21.37 131.35 17.49
81 10.80 58.06 20.25 171.55 12.78
82 11.09 55.54 19.69 167.30 13.86
83 11.10 52.66 21.06 160.06 15.25
84 10.94 37.19 18.17 62.33 12.67
85 11.08 35.49 19.70 53.00 11.58
86 11.42 63.79 17.57 154.01 11.53
87 11.39 37.85 19.07 61.00 11.54
88 11.47 57.89 17.31 167.28 13.12
89 11.37 36.61 18.25 56.75 10.81
90 11.73 33.24 17.43 43.26 10.46
91 11.62 67.15 12.14 124.37 8.33
92 11.84 39.53 19.46 59.54 12.89
93 11.99 59.73 20.81 172.60 14.49
94 11.73 35.21 16.55 49.55 11.63
95 11.94 42.82 20.61 76.69 14.87
96 12.25 48.43 20.73 112.24 14.18
97 12.17 51.07 21.43 149.70 15.12
98 12.26 54.16 22.04 164.60 15.85
99 12.03 29.01 10.28 28.64 7.90
100 12.03 32.29 12.11 37.00 10.47
101 12.43 45.75 20.44 91.50 14.72
102 12.42 65.24 15.84 151.53 11.19
103 12.57 56.70 21.89 169.19 14.80
104 12.64 62.74 19.58 156.39 12.98
105 12.29 37.03 18.78 48.09 13.44
106 12.61 68.95 12.11 104.04 9.50
107 12.31 41.03 22.14 62.21 14.93
108 12.63 31.82 15.37 32.81 11.19
109 12.53 34.15 20.00 38.50 13.00
110 12.63 27.52 8.90 30.20 7.30
111 13.31 27.95 12.60 31.07 9.18
112 12.76 30.15 16.18 33.42 10.12
113 12.88 41.52 20.42 60.41 14.34
114 13.23 60.95 20.46 168.22 15.95
115 13.08 70.95 8.42 70.93 8.04
116 12.97 32.74 17.45 33.78 11.02
117 13.30 67.07 16.75 130.84 12.07
118 13.02 37.05 18.24 43.25 13.51
119 13.24 38.70 18.83 46.40 14.64
120 13.29 52.47 22.96 147.37 16.23
121 13.29 58.54 22.28 172.84 16.73
122 13.02 35.11 18.13 41.89 12.51
123 13.33 43.78 21.18 66.28 14.87
124 13.41 49.97 21.57 118.27 16.17
125 13.59 47.54 22.32 89.47 14.56
126 13.23 29.46 14.05 34.32 10.41
127 13.25 31.10 15.47 32.27 9.67
128 13.67 54.97 20.72 156.74 16.97
129 13.37 36.00 21.08 40.33 13.50
130 13.79 64.36 18.74 146.58 13.62
131 13.74 25.97 10.22 25.86 7.22
132 13.73 30.13 14.44 32.56 12.24
133 13.60 31.95 14.34 33.34 10.76
134 13.96 40.80 20.69 47.02 13.99
135 14.07 69.26 14.35 111.68 14.77
136 14.26 45.58 21.82 61.82 15.67
137 14.23 71.96 9.89 84.51 9.35
138 13.94 36.21 19.47 38.74 12.33
139 13.96 28.81 16.33 29.96 9.00
140 13.99 31.37 16.05 33.14 11.52
141 14.17 38.05 22.50 42.07 14.84
142 14.56 56.85 22.07 159.04 17.27
143 14.51 59.49 21.93 165.41 17.96
144 14.18 26.82 12.00 29.08 9.54
145 14.65 61.83 21.33 160.04 16.54
146 14.61 43.18 21.65 48.15 15.98
147 14.58 52.80 21.55 133.91 17.13
148 14.70 32.14 17.09 33.70 15.19
149 14.74 50.42 22.16 97.99 17.29
150 14.62 29.15 14.25 30.98 12.42
151 14.80 30.72 17.45 32.52 13.36
152 14.84 66.98 17.60 131.10 18.41
153 14.60 27.37 13.71 29.21 11.92
154 14.77 36.72 19.82 39.67 15.10
155 14.98 48.02 23.21 65.27 16.54
156 14.99 64.09 20.22 160.49 17.51
157 15.01 41.17 23.01 43.79 15.91
158 15.31 54.70 22.66 139.37 19.58
159 15.13 65.27 18.43 135.95 15.69
160 14.95 38.39 17.88 41.60 15.20
161 15.10 39.47 20.11 40.00 16.52
162 14.98 74.19 7.91 62.25 7.36
163 15.28 69.66 15.82 112.47 16.75
164 15.14 34.22 20.65 35.71 14.69
165 15.52 72.31 13.18 103.38 12.60
166 15.58 27.99 15.76 30.72 15.31
167 15.38 25.56 12.42 28.29 10.00
168 15.33 32.92 18.11 36.63 16.59
169 15.55 46.00 22.37 53.56 18.57
170 15.35 44.40 22.59 51.59 16.00
171 15.70 58.28 22.13 160.31 21.24
172 15.48 37.26 18.71 40.02 16.79
173 15.85 51.95 22.50 93.20 20.84
174 15.54 31.48 14.62 30.15 11.85
175 16.04 60.29 21.87 159.24 20.95
176 15.79 38.70 21.20 38.73 18.44
177 16.08 74.68 9.65 80.35 8.04
178 15.84 43.78 24.04 44.96 19.61
179 16.02 49.63 23.93 65.54 22.51
180 15.90 32.31 17.52 35.31 16.50
181 15.96 67.94 18.35 120.36 18.73
182 16.30 56.24 22.91 134.59 23.32
183 16.28 62.97 20.85 162.52 21.00
184 16.15 65.01 20.02 141.76 20.09
185 16.31 25.76 14.68 27.32 16.30
186 16.16 28.72 16.14 30.47 15.03
187 16.37 23.71 12.09 28.00 12.04
188 16.55 47.71 23.34 53.48 23.86
189 16.47 38.02 22.85 37.72 21.13
190 16.61 70.04 17.70 121.82 17.71
191 16.20 31.32 18.62 34.92 23.15
192 16.35 41.63 24.06 40.75 21.63
193 16.65 53.71 21.75 97.22 25.55
194 16.50 65.91 19.24 133.69 18.44
195 16.56 30.10 17.56 29.42 17.47
196 16.49 39.82 19.59 38.29 17.65
197 16.80 72.70 15.24 109.81 15.98
198 16.67 67.41 18.96 124.53 18.16
199 16.60 27.83 15.74 30.04 18.30
200 16.75 36.28 19.36 35.19 17.25
201 16.74 22.79 10.71 26.65 12.13
202 16.63 31.11 20.46 31.77 19.85
203 16.82 32.19 18.47 33.74 19.08
204 16.85 35.06 19.48 34.83 23.38
205 16.84 42.57 21.69 40.69 19.28
206 17.14 51.06 22.63 65.08 28.83
207 17.13 58.45 22.79 146.75 26.55
208 16.97 29.03 22.14 31.14 24.49
209 17.14 33.46 20.39 34.88 24.55
210 17.44 61.14 22.79 148.07 26.07
211 17.61 27.03 17.78 27.16 27.92
212 17.25 37.33 19.90 37.76 18.17
213 17.41 75.10 11.50 94.57 10.31
214 17.54 55.44 22.70 103.59 33.73
215 17.77 41.36 22.00 39.00 31.28
216 17.48 44.29 22.63 40.13 24.44
217 17.36 46.36 22.37 43.12 26.86
218 17.54 66.88 21.53 132.90 22.23
219 17.34 28.20 19.00 33.38 19.38
220 17.59 38.72 20.95 37.52 23.03
221 17.71 49.00 22.83 50.07 35.53
222 17.64 24.43 16.70 26.46 27.59
223 17.53 31.78 19.64 33.27 17.68
224 17.56 42.91 21.48 40.67 23.52
225 17.84 68.82 18.86 127.82 19.77
226 17.97 71.06 18.84 118.45 20.02
227 17.94 63.42 21.74 144.85 24.15
228 17.87 65.74 21.11 138.90 23.81
229 17.90 35.53 17.89 34.66 25.23
230 17.71 34.51 19.32 39.03 19.29
231 18.02 53.05 22.94 72.79 42.63
232 18.03 73.37 17.02 127.43 15.11
233 18.44 28.62 19.27 32.62 36.32
234 17.76 45.77 17.27 41.64 24.64
235 18.13 77.39 8.72 86.60 6.97
236 18.29 31.12 20.17 28.66 34.35
237 18.14 57.30 25.59 115.61 43.92
238 18.58 22.71 13.84 25.79 35.90
239 18.45 59.51 21.28 136.06 32.12
240 18.47 50.93 22.91 50.37 56.28
241 18.61 46.61 23.00 42.27 59.71
242 18.72 44.43 23.43 38.29 50.41
243 18.67 34.92 19.72 31.71 37.29
244 18.96 54.63 22.95 71.14 65.96
245 18.70 56.72 22.02 102.48 34.12
246 18.89 67.07 22.58 139.30 28.97
247 19.06 39.67 22.73 36.23 50.35
248 19.05 61.74 23.16 148.49 33.43
249 18.67 75.99 14.70 113.39 13.03
250 19.02 74.94 15.25 126.52 17.90
251 18.89 20.90 12.90 25.72 28.40
252 19.20 49.18 23.82 41.18 77.40
253 18.93 65.39 21.28 152.44 29.32
254 19.16 69.51 20.83 130.40 28.33
255 19.10 71.88 21.74 129.35 20.83
256 19.14 42.06 22.38 34.76 55.52
257 19.25 64.06 23.46 153.57 29.17
258 19.40 32.93 20.96 32.54 51.93
259 19.33 37.30 21.76 33.99 51.75
260 19.45 52.61 22.17 51.80 81.76
261 19.55 30.21 19.50 29.27 63.90
262 19.42 73.06 17.02 133.45 20.27
263 19.35 25.61 17.83 27.02 47.03
264 19.54 77.51 12.06 103.10 11.79
265 19.59 58.24 24.32 96.45 55.44
266 19.86 35.36 22.03 34.50 60.35
267 19.67 56.30 23.19 60.31 87.00
268 20.13 21.67 14.56 24.78 71.02
269 19.99 27.74 18.23 30.29 68.88
270 19.93 47.49 22.88 42.40 106.51
271 20.04 23.89 17.32 25.87 75.23
272 20.11 45.06 24.93 36.06 105.21
273 20.25 59.98 23.71 103.28 47.17
274 20.19 19.50 13.57 24.04 51.80
275 20.30 51.09 24.23 41.63 117.84
276 20.23 42.78 23.25 36.06 94.74
277 20.21 65.74 23.11 152.28 32.95
278 20.20 75.58 17.78 129.51 20.42
279 20.04 55.33 21.91 59.06 80.53
280 20.38 62.66 24.97 141.66 39.81
281 20.01 71.08 22.27 130.77 25.23
282 20.47 68.44 21.61 137.40 30.03
283 20.48 38.55 21.54 34.66 91.57
284 20.82 40.93 24.60 35.42 119.51
285 20.71 53.36 24.54 45.21 114.46
286 20.60 73.47 20.00 143.98 24.52
287 20.86 25.71 17.75 28.39 90.40
288 20.49 78.89 10.43 84.00 8.99
289 20.83 31.91 21.48 31.40 85.57
290 20.66 71.16 20.00 134.35 25.38
291 20.89 49.36 23.69 39.15 137.32
292 20.85 57.45 24.34 63.85 85.84
293 20.93 34.20 22.35 32.85 95.75
294 21.10 64.44 24.91 132.30 41.01
295 21.04 29.67 21.90 30.85 105.84
296 21.09 55.35 24.96 48.75 112.01
297 21.18 76.90 17.71 108.82 18.32
298 21.28 36.71 22.30 33.88 112.05
299 21.12 46.89 25.54 36.86 154.10
300 21.41 80.29 10.57 83.17 12.12
301 21.40 43.71 25.20 33.53 140.40
302 21.77 20.42 13.98 25.48 81.18
303 21.63 22.97 17.18 26.78 98.26
304 21.58 60.84 23.57 84.36 52.45
305 21.57 70.03 23.71 136.26 35.08
306 21.70 58.77 25.25 59.10 80.76
307 21.86 27.94 20.04 30.78 117.32
308 21.74 51.44 25.52 39.90 150.74
309 21.76 66.04 23.75 133.22 42.11
310 21.71 74.72 20.97 134.29 30.27
311 21.81 39.27 24.97 32.99 131.25
312 22.14 68.08 25.14 143.66 37.20
313 21.97 78.87 18.01 108.68 23.63
314 22.09 45.96 25.68 38.37 161.76
315 22.11 72.04 21.81 135.26 35.06
316 22.07 48.79 26.82 37.96 159.23
317 22.12 53.95 26.14 40.12 124.37
318 22.28 56.51 25.21 47.26 104.40
319 22.16 63.17 21.93 105.13 51.79
320 22.23 31.20 20.35 33.61 118.75
321 22.19 34.75 21.96 32.20 123.71
322 22.36 41.65 22.71 32.58 153.54
323 22.34 24.92 19.15 28.06 128.91
324 22.41 18.06 13.97 23.81 65.32
325 22.32 77.73 17.76 111.22 23.24
326 22.85 37.35 23.57 34.80 147.83
327 22.72 43.73 25.46 34.94 162.83
328 22.58 26.21 16.63 27.76 103.10
329 22.76 76.40 20.41 116.84 35.80
330 22.83 59.87 24.94 64.07 77.71
331 23.10 64.15 24.00 107.53 52.93
332 23.08 50.36 25.40 38.23 156.04
333 23.06 52.66 25.69 38.55 139.82
334 23.15 33.17 22.10 28.88 137.75
335 23.04 74.68 22.24 130.70 33.86
336 22.86 61.89 25.75 85.44 57.08
337 23.05 80.47 15.34 91.67 19.37
338 22.94 22.97 18.71 28.01 110.94
339 23.06 39.77 23.50 34.04 153.74
340 23.03 73.07 21.94 128.89 32.46
341 23.05 27.64 20.96 31.88 116.26
342 23.22 66.62 25.01 123.97 45.42
343 23.11 29.12 19.42 30.78 119.49
344 23.25 47.93 25.44 36.80 178.45
345 23.27 57.88 25.73 47.76 89.53
346 23.32 20.51 16.41 26.12 96.33
347 23.31 45.80 27.28 36.18 174.64
348 23.48 82.55 11.31 74.57 13.47
349 23.47 55.13 26.24 40.50 108.94
350 23.26 69.08 23.30 131.44 38.21
351 23.50 78.47 21.59 112.01 40.07
352 23.63 35.36 23.55 33.43 162.06
353 23.79 31.29 21.27 30.21 132.10
354 23.54 71.73 23.60 127.82 48.05
355 23.70 25.96 19.89 29.14 130.19
356 23.47 61.82 23.49 81.11 55.96
357 23.77 17.64 13.16 23.52 74.62
358 23.64 23.57 18.61 27.36 117.48
359 23.97 41.82 25.27 36.67 171.19
360 24.04 44.14 24.96 35.03 183.06
361 23.87 70.36 22.58 131.76 38.22
362 24.10 39.05 26.58 36.40 144.63
363 24.10 59.62 27.23 59.05 77.46
364 23.88 76.79 26.26 118.95 49.77
365 24.22 51.53 26.86 40.18 132.51
366 24.33 49.15 27.48 39.14 138.94
367 24.26 65.41 26.98 123.76 53.63
368 24.33 56.90 26.15 45.40 91.59
369 24.17 62.59 27.80 82.82 67.72
370 24.33 73.19 25.96 120.22 44.37
371 24.34 28.90 20.78 32.72 128.08
372 24.24 74.56 22.61 122.52 45.36
373 24.18 75.59 24.76 121.06 50.52
374 24.37 80.20 21.46 92.40 34.42
375 24.56 53.73 27.39 39.92 123.10
376 24.36 68.13 27.46 125.68 55.65
377 24.27 21.86 19.23 29.57 102.48
378 24.65 36.88 25.36 34.00 152.54
379 24.61 46.86 27.05 35.08 156.69
380 24.70 34.10 23.31 33.16 136.66
381 24.82 19.17 17.15 26.77 96.67
382 24.89 24.57 21.17 31.01 119.13
383 24.93 82.25 19.52 81.70 29.81
384 24.87 78.09 32.21 104.74 59.71
385 24.90 70.66 29.35 130.02 52.45
386 25.06 16.33 16.09 25.38 78.05
387 25.01 26.84 21.82 31.68 127.18
388 24.96 60.94 25.95 71.61 83.24
389 25.13 40.17 25.79 35.77 153.67
390 25.17 31.25 23.46 30.88 128.02
391 25.20 55.65 27.73 44.29 105.84
392 25.21 84.52 12.20 56.07 16.41
393 25.00 22.15 18.58 27.68 104.77
394 25.14 44.16 26.81 36.95 171.98
395 25.19 58.64 25.93 56.25 89.27
396 25.15 63.65 29.63 98.78 71.53
397 25.48 42.25 28.05 37.16 151.95
398 25.33 51.92 28.95 41.57 122.42
399 25.40 66.05 29.48 107.00 67.34
400 25.44 75.70 34.04 103.12 59.04
401 25.51 49.77 29.14 40.15 117.31
402 25.42 57.53 27.15 51.62 84.75
403 25.61 68.55 33.14 121.47 57.77
404 25.77 45.99 26.25 39.22 149.10
405 25.43 73.76 30.93 111.86 56.29
406 25.45 80.33 32.32 91.86 59.36
407 25.75 38.23 25.91 35.43 139.97
408 25.74 29.04 22.09 33.32 115.46
409 25.76 33.21 24.16 33.54 131.90
410 25.69 78.31 32.92 93.86 50.36
411 25.92 20.54 19.30 29.78 104.41
412 25.97 35.82 25.73 36.64 134.14
413 25.99 48.01 26.72 38.78 124.20
414 25.68 72.17 33.64 110.34 59.98
415 26.00 53.76 28.99 45.84 113.43
416 25.91 61.79 33.09 88.67 77.86
417 26.14 59.66 30.82 88.31 91.29
418 25.79 16.84 18.86 26.86 87.00
419 26.27 18.06 19.35 27.56 90.18
420 26.24 23.16 19.75 30.66 101.09
421 26.10 83.35 32.30 61.70 37.44
422 26.29 26.39 22.60 31.23 123.38
423 26.34 70.53 41.17 115.79 68.21
424 25.97 80.92 31.57 77.05 41.76
425 26.30 64.06 34.41 94.91 82.56
426 26.12 82.21 35.43 69.57 37.38
427 26.43 14.85 17.98 25.54 76.37
428 26.39 44.08 27.38 40.19 130.63
429 26.36 40.76 28.19 38.83 133.11
430 26.37 55.72 29.18 54.58 111.67
431 26.45 67.19 45.13 97.89 84.92
432 26.48 51.51 30.86 46.03 115.22
433 26.62 57.62 33.39 90.90 95.72
434 26.44 76.52 60.43 75.36 79.11
435 26.65 31.39 24.03 35.40 115.79
436 26.51 72.96 63.15 90.04 86.02
437 26.56 74.31 59.95 82.68 84.92
438 26.78 78.45 65.00 60.20 80.25
439 26.73 80.80 72.89 53.99 76.54
440 27.06 49.37 29.35 49.19 126.98
441 26.90 28.93 22.86 30.48 121.26
442 26.85 34.05 25.42 36.20 127.28
443 26.95 38.30 26.61 36.47 129.40
444 27.08 47.18 30.73 46.68 123.02
445 26.94 15.74 16.25 26.23 73.77
446 27.25 42.73 27.93 39.87 130.01
447 27.09 61.52 36.64 85.83 109.08
448 27.01 65.15 53.35 95.12 92.93
449 27.15 83.51 73.93 37.25 57.63
450 27.22 25.26 22.86 33.68 112.13
451 27.26 20.33 21.60 29.67 95.61
452 27.27 68.84 83.10 70.45 98.24
453 27.42 36.51 27.02 37.97 121.77
454 27.27 53.57 31.06 62.82 114.33
455 27.41 45.17 28.01 47.74 125.04
456 27.52 75.38 149.08 47.62 94.99
457 27.41 59.31 35.38 96.48 108.67
458 27.45 40.52 28.33 40.37 135.60
459 27.50 55.72 33.54 83.56 113.20
460 27.70 23.45 22.16 32.36 101.41
461 27.36 70.72 96.00 65.98 88.35
462 27.57 72.76 143.60 51.17 92.37
463 27.63 17.45 21.86 32.94 93.22
464 27.57 51.28 31.52 58.98 127.29
465 27.81 27.63 25.63 37.58 108.50
466 27.68 63.18 65.56 83.35 108.65
467 27.81 66.63 136.42 61.72 100.59
468 27.85 77.83 126.07 37.72 108.72
469 27.75 80.55 111.31 34.38 90.41
470 27.91 14.59 20.92 32.04 80.55
471 27.88 32.44 26.25 38.09 120.83
472 27.72 85.54 48.96 26.58 36.73
473 28.04 30.04 24.30 36.71 105.92
474 28.06 57.41 39.56 95.76 132.15
475 27.95 34.65 27.80 39.19 129.96
476 28.20 38.79 27.39 41.17 124.38
477 28.21 46.93 30.63 61.05 120.58
478 28.16 64.61 110.59 70.51 125.94
479 28.23 60.74 56.78 86.95 137.44
480 28.38 83.82 71.48 26.70 74.21
481 28.36 21.68 26.05 36.10 105.13
482 28.35 49.70 34.01 69.26 122.78
483 28.40 19.13 25.36 35.13 90.32
484 28.33 41.82 30.12 45.42 125.70
485 28.37 52.46 33.65 81.92 131.08
486 28.45 70.75 192.00 42.39 112.11
487 28.50 44.21 29.73 55.24 129.57
488 28.49 54.61 36.65 89.83 133.27
489 28.55 68.17 187.60 43.20 113.87
490 28.59 26.01 27.03 39.66 112.14
491 28.77 36.32 29.52 45.10 124.41
492 28.76 86.84 36.33 20.33 25.72
493 28.82 58.76 64.74 77.96 161.68
494 28.75 62.58 161.98 53.95 138.79
495 28.80 73.39 195.57 35.42 121.54
496 29.00 75.94 165.22 32.31 139.52
497 29.09 78.37 128.46 29.84 119.94
498 29.00 12.75 30.81 34.50 86.83
499 29.05 16.80 33.59 39.67 102.59
500 29.10 23.98 28.43 46.10 103.20
501 29.05 31.48 28.48 52.29 117.29
502 29.08 33.86 31.94 53.53 123.54
503 29.02 65.15 204.09 45.41 139.20
504 29.15 81.10 115.93 25.93 127.16
505 29.10 48.41 35.61 82.40 139.37
506 29.12 28.63 27.49 50.39 104.81
507 29.21 40.36 32.20 59.77 129.83
508 29.14 56.41 54.09 87.55 130.24
509 29.31 46.39 37.90 84.47 131.66
510 29.44 42.55 34.54 68.67 142.48
511 29.33 60.36 154.75 57.54 163.86
512 29.27 15.32 29.66 37.62 93.91
513 29.38 38.20 32.52 54.42 120.69
514 29.26 52.06 41.99 93.82 134.01
515 29.61 85.41 40.73 21.95 57.89
516 29.65 50.26 50.02 96.99 157.74
517 29.62 69.17 211.82 36.97 169.21
518 29.61 21.84 30.12 43.84 110.61
519 29.57 54.13 58.74 98.85 152.12
520 29.64 44.64 37.94 93.38 141.58
521 29.78 71.49 209.02 32.63 160.79
522 29.81 18.85 40.47 40.74 106.02
523 29.96 66.88 205.20 35.84 186.75
524 29.90 26.94 35.78 58.11 114.82
525 29.94 82.87 63.65 22.12 107.71
526 29.87 62.38 209.56 42.10 165.80
527 29.81 57.89 114.92 71.46 173.26
528 30.02 30.29 34.67 61.10 121.88
529 29.85 35.80 33.77 59.29 118.44
530 30.26 73.84 176.50 28.82 148.87
531 30.03 87.88 18.17 18.59 24.46
532 30.15 33.12 38.24 59.25 122.88
533 30.09 55.85 106.79 77.51 178.74
534 30.18 12.90 69.76 29.14 112.32
535 30.18 64.65 219.16 39.19 181.53
536 30.19 52.24 73.82 102.12 186.57
537 30.34 76.40 135.52 29.61 143.17
538 30.25 24.40 38.33 48.43 111.80
539 30.27 48.39 53.29 74.80 156.28
540 30.26 59.42 207.11 46.21 174.56
541 30.36 15.98 67.38 32.35 109.38
542 30.36 39.88 45.84 80.69 140.67
543 30.41 79.27 92.52 27.20 134.54
544 30.49 41.89 45.00 76.58 149.01
545 30.46 37.78 41.41 71.26 138.45
546 30.46 46.12 50.44 83.99 154.27
547 30.64 43.90 50.72 76.27 149.33
548 30.85 86.64 26.19 19.63 51.05
549 30.56 21.72 51.32 38.61 127.52
550 30.68 53.86 162.38 69.49 194.27
551 30.73 20.61 45.62 35.81 118.70
552 30.88 28.85 52.67 53.43 142.17
553 30.70 50.47 83.47 79.68 167.73
554 30.83 57.63 228.85 44.66 207.17
555 30.92 61.00 226.56 39.52 202.15
556 30.88 35.78 48.29 68.88 139.02
557 30.87 68.77 163.50 31.92 171.02
558 31.17 81.01 59.34 26.51 131.06
559 31.13 83.96 43.31 22.14 88.21
560 30.91 88.72 12.20 13.87 19.57
561 31.03 31.63 58.96 56.63 142.01
562 31.15 63.25 228.44 34.58 210.26
563 31.06 71.59 161.66 32.36 166.95
564 31.08 18.90 108.63 33.11 130.45
565 31.12 26.24 70.12 44.46 141.60
566 31.12 55.77 211.04 46.09 211.49
567 31.29 34.02 59.08 62.84 151.57
568 31.29 65.63 196.16 36.52 189.68
569 31.27 14.47 133.40 30.81 146.87
570 31.30 52.23 217.12 49.20 188.86
571 31.33 23.56 78.42 40.43 145.06
572 31.25 47.44 101.49 63.51 188.70
573 31.33 40.66 66.03 71.31 163.49
574 31.40 49.31 151.92 55.47 207.82
575 31.45 77.29 71.32 27.81 139.62
576 31.46 38.08 74.96 60.67 156.92
577 31.51 45.14 97.37 58.18 194.83
578 31.69 58.97 220.35 39.41 219.28
579 31.69 11.68 140.00 27.96 122.91
580 31.65 74.57 102.13 28.41 151.40
581 31.59 42.86 91.49 59.42 186.63
582 31.83 16.75 147.49 31.26 150.47
583 31.87 54.32 230.79 40.00 218.08
584 31.80 21.24 115.54 35.55 159.38
585 31.95 30.22 117.43 38.45 179.18
586 32.04 67.67 157.23 32.19 188.23
587 31.98 27.74 141.82 37.53 176.74
588 32.09 50.76 221.40 45.63 222.05
589 32.01 35.89 116.78 46.33 174.59
590 32.05 69.88 129.39 32.68 179.50
591 32.17 79.19 47.23 24.77 114.02
592 32.19 87.13 22.49 18.73 42.02
593 32.10 32.52 146.38 38.06 180.99
594 32.05 61.43 202.91 37.66 214.20
595 32.37 9.10 110.06 21.52 71.59
596 32.20 56.55 217.98 39.02 217.18
597 32.30 24.94 173.23 33.58 157.34
598 32.14 39.67 151.33 46.67 198.88
599 32.29 46.52 201.75 45.98 218.14
600 32.30 48.54 222.84 42.50 212.97
601 32.39 72.15 94.91 28.49 162.97
602 32.41 84.69 31.74 18.73 68.02
603 32.11 12.93 161.87 28.91 127.74
604 32.40 41.81 207.46 45.26 202.45
605 32.52 63.66 166.44 36.59 186.36
606 32.34 89.08 16.25 19.30 23.36
607 32.43 82.12 37.77 24.30 95.93
608 32.63 14.41 158.95 26.90 154.56
609 32.67 52.52 224.43 41.76 216.93
610 32.63 65.75 151.24 31.57 203.47
611 32.71 19.51 158.71 31.23 156.95
612 32.66 37.65 190.54 38.98 199.93
613 32.60 44.20 204.98 39.77 215.22
614 32.78 34.21 197.73 37.93 185.08
615 32.70 59.63 202.40 35.38 220.66
616 32.77 76.76 48.81 26.45 125.98
617 32.86 22.31 157.96 32.75 176.04
618 33.03 29.04 188.62 35.44 198.17
619 33.01 74.21 64.31 27.18 143.56
620 33.09 11.36 143.72 25.45 141.40
621 33.08 57.85 199.24 39.07 228.45
622 33.16 26.58 193.28 35.06 186.53
623 33.15 31.43 197.45 32.91 193.91
624 33.09 54.44 210.04 37.31 231.09
625 33.18 40.00 215.72 37.53 223.45
626 33.22 50.35 222.49 39.20 234.80
627 33.17 61.61 164.66 34.13 218.82
628 33.30 16.90 164.83 30.85 179.01
629 33.31 45.96 217.60 39.38 225.49
630 33.40 69.70 63.61 28.78 160.88
631 33.31 80.35 36.95 25.64 93.18
632 33.58 35.77 206.08 36.80 207.32
633 33.41 48.11 223.91 38.88 233.27
634 33.50 67.46 74.54 31.07 177.25
635 33.45 87.47 22.54 18.26 27.62
636 33.55 42.23 223.91 39.10 218.35
637 33.63 56.12 191.87 38.07 233.45
638 33.30 86.01 27.45 18.42 34.10
639 33.38 89.79 19.30 16.20 15.76
640 33.66 24.33 204.71 32.49 208.39
641 33.81 71.99 51.54 28.12 137.84
642 33.91 44.20 221.65 35.93 223.61
643 33.87 65.16 75.22 31.07 172.76
644 33.78 84.00 38.13 22.12 68.16
645 33.92 38.09 220.03 36.01 224.36
646 34.03 9.17 113.26 23.01 107.57
647 33.86 59.84 144.32 35.33 220.78
648 34.03 78.12 38.15 24.12 93.93
649 33.92 33.01 201.26 34.75 206.84
650 33.85 19.29 163.15 30.11 180.85
651 34.01 62.93 84.89 32.73 203.39
652 34.01 75.47 41.37 27.00 104.04
653 34.05 52.33 201.89 36.92 234.54
654 34.07 14.51 130.49 27.99 161.27
655 34.19 22.01 169.18 29.66 178.21
656 34.20 27.81 194.40 33.86 214.28
657 34.16 54.31 176.64 37.71 228.29
658 34.13 30.15 205.77 34.90 200.52
659 34.29 50.25 194.88 38.17 229.09
660 34.34 57.75 138.98 34.15 233.54
661 34.36 40.52 210.69 38.90 222.55
662 34.15 82.08 40.31 23.78 79.19
663 34.45 46.30 198.22 34.56 233.28
664 34.46 85.53 51.95 22.32 43.70
665 34.49 11.94 105.18 25.14 139.60
666 34.45 48.39 198.76 38.62 239.06
667 34.51 80.77 42.29 24.62 80.84
668 34.79 87.94 72.49 20.06 20.65
669 34.63 17.11 132.60 28.09 175.60
670 34.73 25.52 160.58 29.86 209.86
671 34.49 19.86 142.30 30.95 168.54
672 34.76 69.78 44.35 28.20 125.73
673 34.85 73.18 40.57 26.00 112.10
674 34.73 42.80 203.20 39.76 242.08
675 34.80 67.10 48.04 29.83 142.74
676 34.82 36.41 196.55 34.15 229.36
677 34.88 61.60 64.22 33.33 194.99
678 34.87 34.22 185.48 35.50 226.36
679 34.97 90.27 59.54 17.10 10.49
680 34.79 29.78 181.47 35.72 215.47
681 34.96 56.01 97.48 36.43 219.84
682 35.03 31.85 184.85 32.87 224.71
683 34.96 59.42 81.38 33.79 209.55
684 35.08 64.52 49.28 31.56 156.88
685 35.04 38.85 187.33 37.76 214.40
686 34.94 83.39 68.52 22.69 45.82
687 35.19 75.77 39.80 27.60 86.99
688 35.28 45.09 156.07 38.33 223.99
689 35.29 51.72 120.49 36.48 221.95
690 35.22 53.91 111.06 35.35 231.93
691 35.44 22.58 116.68 29.57 178.54
692 35.36 78.39 47.05 25.18 74.24
693 35.43 13.97 77.85 27.89 136.48
694 35.56 49.83 136.91 33.84 229.18
695 35.45 9.96 65.34 24.24 109.92
696 35.50 19.63 105.28 30.34 158.49
697 35.50 28.06 132.95 30.29 203.46
698 35.59 41.55 165.58 36.85 229.40
699 35.46 47.62 126.84 34.36 232.75
700 35.37 86.41 106.08 21.88 26.43
701 35.56 80.36 67.49 26.31 57.37
702 35.51 82.08 73.42 23.95 52.59
703 35.76 70.93 38.99 29.38 95.38
704 35.65 16.10 85.60 27.50 153.93
705 35.75 57.92 60.85 32.57 212.50
706 35.88 85.62 124.65 24.69 28.49
707 35.92 43.62 114.20 34.89 227.13
708 35.84 62.87 46.27 33.56 161.52
709 35.88 68.25 40.28 28.11 112.41
710 35.88 25.23 112.82 31.20 199.24
711 36.09 30.53 138.82 33.25 204.90
712 35.93 35.60 144.91 32.96 225.16
713 35.80 84.20 103.38 22.62 33.69
714 35.92 17.44 78.55 28.45 152.23
715 36.08 37.67 121.23 36.46 219.76
716 36.07 39.82 114.71 32.87 229.52
717 35.94 60.53 46.69 35.07 168.83
718 36.10 32.95 126.67 34.59 211.61
719 36.13 66.04 42.24 29.23 119.45
720 36.12 73.69 46.59 24.79 81.81
721 36.05 55.34 57.71 36.00 194.82
722 36.35 89.38 90.68 20.06 12.56
723 36.27 52.99 60.72 34.84 214.07
724 36.24 91.21 53.99 17.29 7.26
725 36.23 11.69 53.51 24.54 128.94
726 36.27 46.18 77.13 32.86 205.36
727 36.29 76.10 64.01 24.13 65.91
728 36.51 87.99 110.25 19.68 16.85
729 36.52 82.37 128.40 25.04 30.80
730 36.46 48.66 74.14 37.10 205.75
731 36.55 79.14 101.14 24.51 44.60
732 36.78 8.55 36.56 22.86 89.62
733 36.68 51.05 59.06 35.55 205.39
734 36.69 28.66 94.83 31.84 218.76
735 36.68 63.88 42.80 31.09 133.12
736 36.74 20.42 69.92 26.90 170.12
737 36.66 23.01 80.98 29.65 184.06
738 36.75 14.71 54.62 28.37 136.13
739 36.87 26.37 69.48 29.70 184.80
740 36.81 56.96 45.01 32.76 184.61
741 36.80 71.84 49.21 28.86 72.01
742 36.78 42.02 61.44 33.09 212.76
743 36.91 59.12 45.56 32.57 161.30
744 36.79 18.40 58.22 27.84 145.02
745 36.92 34.57 87.03 34.89 201.66
746 36.83 69.26 42.78 29.31 81.42
747 36.91 61.54 41.44 33.67 139.13
748 36.98 85.66 161.91 22.64 22.63
749 36.86 11.77 43.48 24.58 122.97
750 36.96 44.71 57.12 33.60 209.53
751 37.00 17.10 52.40 27.24 148.03
752 37.08 54.49 47.68 34.85 185.08
753 37.26 36.88 65.18 35.18 197.51
754 37.09 39.40 61.34 34.94 205.78
755 37.25 67.18 48.05 31.18 90.32
756 37.36 32.38 77.24 33.71 198.73
757 37.23 47.12 54.75 36.68 197.62
758 37.36 77.02 154.47 25.98 40.17
759 37.26 74.21 97.30 26.70 56.35
760 37.40 65.21 43.36 31.30 95.35
761 37.22 91.67 49.73 15.39 5.91
762 37.59 30.24 61.61 31.56 180.90
763 37.48 49.25 44.33 33.39 171.61
764 37.58 52.73 48.04 38.84 173.25
765 37.66 80.58 166.60 25.36 27.80
766 37.68 24.47 53.13 27.67 173.58
767 37.76 89.68 83.07 19.91 9.97
768 37.64 43.21 47.53 37.62 209.36
769 37.74 21.95 46.53 29.47 155.23
770 37.65 70.37 72.03 29.21 62.67
771 37.73 10.60 35.94 29.12 107.19
772 37.97 13.21 37.86 26.56 116.76
773 37.86 27.88 50.71 30.65 175.01
774 37.77 56.13 41.65 33.00 145.71
775 37.84 63.06 44.99 32.73 109.83
776 37.93 41.07 45.00 33.49 184.50
777 38.05 51.19 43.98 35.81 170.25
778 38.03 18.77 39.34 28.44 124.71
779 37.94 60.58 48.92 33.15 131.03
780 37.99 87.07 129.90 20.74 14.58
781 38.02 15.85 35.59 26.41 120.93
782 38.10 58.32 43.81 32.33 124.16
783 38.24 72.61 151.86 29.52 39.93
784 38.01 83.27 168.52 25.36 21.36
785 38.11 45.18 44.40 34.78 195.99
786 38.03 34.50 51.43 33.24 186.10
787 38.10 38.83 46.38 34.44 179.32
788 38.27 8.25 28.81 24.30 76.74
789 38.20 67.92 86.12 30.71 59.41
790 38.36 47.28 42.43 34.41 169.20
791 38.35 75.10 182.35 27.43 33.96
792 38.39 54.40 50.73 33.74 143.34
793 38.55 25.85 44.36 30.45 153.66
794 38.55 31.69 47.80 31.80 163.06
795 38.50 36.54 46.54 32.71 169.30
796 38.42 65.10 92.09 31.52 61.59
797 38.54 78.00 184.54 26.57 26.86
798 38.56 49.34 43.81 34.12 149.57
799 38.67 70.21 133.51 28.69 42.96
800 38.71 91.72 54.80 17.19 7.19
801 38.82 20.68 37.20 25.39 126.23
802 38.70 43.02 41.89 33.86 161.48
803 38.78 56.28 58.19 33.53 131.37
804 38.69 62.26 88.94 32.86 89.60
805 39.00 23.37 38.21 27.36 128.28
806 39.06 10.16 35.39 24.21 76.39
807 39.00 52.79 65.92 35.67 132.22
808 38.96 80.50 164.19 26.41 21.25
809 39.00 28.22 41.64 31.52 135.83
810 39.07 34.02 44.47 33.47 160.17
811 38.91 59.82 77.96 31.12 95.89
812 39.39 88.74 101.37 21.33 10.93
813 39.27 14.06 34.23 25.88 82.69
814 39.10 40.70 43.63 34.43 142.60
815 39.15 85.95 133.78 25.10 15.46
816 39.19 66.56 153.21 31.26 44.14
817 39.23 16.60 37.63 27.68 106.65
818 39.13 38.36 45.64 32.94 144.88
819 39.15 11.48 37.66 23.16 75.05
820 39.44 30.13 41.56 31.40 129.68
821 39.46 83.77 155.20 25.88 16.34
822 39.29 45.40 46.86 34.50 136.99
823 39.30 57.50 134.44 35.82 79.61
824 39.29 50.66 58.21 33.55 126.87
825 39.48 63.76 175.57 31.50 49.69
826 39.49 68.92 183.42 30.73 35.04
827 39.46 75.40 191.50 29.18 26.11
828 39.74 18.72 37.71 26.84 98.37
829 39.45 48.16 52.23 33.27 138.33
830 39.57 7.83 36.31 23.11 57.48
831 39.58 71.90 186.92 29.11 28.13
832 39.59 54.87 116.22 37.33 84.36
833 39.67 36.26 49.00 32.96 138.94
834 39.66 61.40 164.98 33.48 53.79
835 39.68 25.82 41.15 30.45 118.94
836 39.84 32.24 43.16 34.17 113.68
837 39.72 78.27 177.20 25.60 21.06
838 39.76 42.99 60.83 36.12 135.13
839 39.82 59.02 173.80 33.77 59.30
840 40.03 21.15 39.75 27.09 92.38
841 40.09 38.79 58.44 34.07 113.12
842 40.12 53.04 165.99 34.30 68.91
843 40.17 65.66 201.87 32.86 35.50
844 40.11 40.98 59.76 33.87 122.60
845 40.14 80.66 145.79 24.57 16.19
846 40.10 12.16 54.53 24.21 69.87
847 40.15 46.72 70.80 36.30 109.39
848 40.28 28.10 47.16 31.33 111.26
849 40.24 34.24 49.54 32.92 107.49
850 40.09 50.91 114.64 33.87 92.11
851 40.37 73.78 191.28 29.30 21.70
852 40.17 93.09 30.17 15.88 4.05
853 40.36 91.15 55.57 18.06 7.22
854 40.37 23.43 48.16 27.70 95.78
855 40.40 86.66 87.55 23.57 12.09
856 40.31 44.41 97.67 34.11 103.19
857 40.40 48.96 113.65 35.82 81.62
858 40.23 81.88 136.45 25.90 16.19
859 40.38 16.68 45.47 25.37 70.39
860 40.37 56.43 220.88 35.89 65.50
861 40.50 67.84 192.82 31.01 29.15
862 40.30 10.92 44.71 26.43 71.33
863 40.65 70.19 175.80 29.79 24.50
864 40.40 6.66 61.13 27.93 26.00
865 40.73 8.47 80.95 23.76 40.35
866 40.72 62.43 213.80 35.98 37.19
867 40.75 76.06 166.66 26.65 18.14
868 40.65 30.22 58.54 33.43 106.02
869 40.65 36.39 71.65 32.32 107.48
870 40.79 83.82 134.64 24.11 14.51
871 40.78 60.24 206.29 34.49 43.07
872 40.79 14.27 75.67 26.90 45.12
873 40.73 25.78 58.19 29.64 96.46
874 40.96 64.33 206.23 33.17 32.57
875 40.85 78.60 154.41 26.09 17.26
876 40.99 42.14 131.16 36.74 78.91
877 41.27 88.71 49.48 20.76 9.11
878 40.94 5.43 58.39 23.67 27.63
879 40.98 18.86 57.35 25.95 62.23
880 40.92 58.18 206.70 36.25 42.94
881 41.21 72.38 153.33 29.00 20.53
882 40.93 10.06 86.00 28.54 40.84
883 40.99 39.98 129.84 33.58 80.62
884 41.12 45.63 152.84 33.97 70.30
885 41.06 51.11 194.50 36.92 58.36
886 41.03 32.30 85.01 32.12 88.84
887 41.28 54.93 209.20 35.58 45.38
888 41.18 38.01 136.15 33.05 70.74
889 41.24 47.56 170.28 35.90 57.52
890 41.15 93.46 23.04 13.55 3.55
891 41.25 21.03 69.23 26.79 64.78
892 41.18 11.61 90.81 26.26 49.96
893 41.16 13.19 79.67 25.95 45.53
894 41.33 53.05 205.84 36.39 44.63
895 41.24 34.34 108.80 32.48 70.01
896 41.27 15.25 79.50 26.81 38.10
897 41.60 43.84 171.25 36.09 52.32
898 41.47 66.51 194.16 31.25 24.30
899 41.44 80.87 122.05 26.02 13.97
900 41.39 23.86 104.77 26.85 61.45
901 41.45 28.08 107.36 30.68 67.03
902 41.56 16.96 89.19 25.17 48.23
903 41.64 91.46 39.72 17.06 7.84
904 41.66 68.71 175.25 32.44 21.64
905 41.68 30.55 136.40 33.97 63.77
906 41.71 49.49 189.52 34.50 45.90
907 41.62 86.86 66.89 21.62 11.58
908 41.85 74.68 145.85 27.17 16.57
909 41.73 25.86 121.97 32.42 58.70
910 41.80 36.14 180.46 32.98 56.21
911 41.83 56.93 215.63 34.03 33.91
912 41.75 61.35 209.28 34.75 26.99
913 41.88 85.51 70.64 23.83 11.42
914 41.64 22.88 95.96 28.70 59.00
915 42.04 7.45 109.83 24.37 23.06
916 42.02 5.37 88.22 23.57 16.41
917 42.01 59.12 206.54 36.53 29.70
918 41.93 77.27 135.84 25.64 14.56
919 42.07 70.92 136.36 31.37 18.12
920 42.04 40.33 202.10 34.71 52.09
921 42.09 64.53 179.91 32.37 23.37
922 42.15 83.37 82.75 23.95 13.19
923 42.14 10.14 126.04 24.93 25.19
924 42.29 32.51 162.41 33.71 48.67
925 42.26 12.60 127.18 27.52 24.96
926 42.45 19.11 125.58 26.42 31.38
927 42.50 14.69 128.03 27.50 27.53
928 42.38 21.72 130.02 28.50 42.56
929 42.45 38.11 198.98 35.81 40.88
930 42.36 46.63 192.71 36.22 37.86
931 42.57 42.49 199.66 36.48 40.13
932 42.46 51.44 195.41 35.95 32.60
933 42.50 34.44 189.64 32.03 42.78
934 42.48 29.23 175.86 32.30 49.80
935 42.47 53.60 194.88 32.33 29.41
936 42.55 62.61 175.56 32.60 20.36
937 42.61 80.65 83.47 25.82 12.72
938 42.76 24.41 161.05 29.87 38.56
939 42.69 73.17 119.59 30.51 16.37
940 42.59 93.00 18.58 18.15 5.65
941 42.74 16.90 145.14 29.21 32.21
942 42.82 26.72 156.38 31.37 35.81
943 42.67 48.94 199.83 34.28 32.33
944 42.74 55.68 201.62 33.36 28.04
945 42.76 66.70 151.86 32.23 18.21
946 42.92 88.19 44.27 20.11 8.92
947 42.90 78.32 90.67 26.25 12.68
948 42.91 44.75 206.76 33.51 33.34
949 42.90 68.94 136.74 27.65 16.93
950 42.98 90.60 31.90 18.70 8.02
951 42.94 60.28 190.28 32.95 23.77
952 43.06 57.77 199.45 34.06 24.59
953 43.14 75.48 100.70 27.95 13.59
954 42.80 84.98 55.57 23.43 12.38
955 43.16 85.88 50.90 22.49 10.60
956 43.21 36.04 194.92 34.07 33.52
957 43.36 4.78 86.68 23.41 11.26
958 43.32 10.78 129.59 25.84 20.23
959 43.15 40.49 198.24 34.75 34.60
960 43.39 31.18 167.42 33.43 30.58
961 43.22 71.18 108.56 28.73 17.53
962 43.24 64.45 143.22 33.22 17.76
963 43.39 6.64 111.09 24.68 15.42
964 43.47 82.56 55.68 25.67 11.83
965 43.60 20.55 167.80 28.83 25.43
966 43.49 28.63 194.41 33.92 33.10
967 43.59 22.87 177.68 29.96 28.06
968 43.55 47.49 186.86 34.67 26.99
969 43.57 50.05 180.44 33.57 25.77
970 43.76 52.26 181.58 35.70 23.03
971 43.58 54.39 172.49 35.79 22.87
972 43.41 3.96 79.75 19.44 8.88
973 43.68 33.50 178.90 31.48 27.71
974 43.70 61.73 141.83 32.78 19.06
975 43.74 12.96 107.51 25.88 17.07
976 43.68 38.41 189.39 33.27 30.73
977 43.80 15.70 128.35 26.43 21.42
978 43.89 43.11 182.72 34.99 25.72
979 43.87 80.24 57.65 25.48 11.62
980 43.95 18.28 148.43 27.88 22.33
981 43.80 92.79 26.90 14.32 5.30
982 44.01 67.82 89.10 31.46 16.13
983 43.99 72.99 72.91 28.70 13.41
984 44.04 45.24 185.83 35.35 25.10
985 43.95 59.05 150.44 33.88 20.84
986 44.06 77.68 70.41 26.71 12.40
987 43.85 90.05 36.82 18.54 7.62
988 44.12 25.11 160.39 28.82 25.36
989 43.91 94.86 15.59 14.57 3.45
990 44.16 65.94 102.38 28.51 15.59
991 44.09 8.67 94.82 23.70 15.09
992 44.12 56.43 166.28 33.18 21.80
993 44.02 88.24 37.23 21.34 9.66
994 44.16 41.15 181.76 33.17 27.25
995 44.15 69.96 83.16 28.51 13.37
996 44.35 27.30 177.18 33.32 24.85
997 44.22 86.01 48.16 22.96 10.39
998 44.24 63.82 112.28 31.01 16.85
999 44.37 75.33 61.44 28.14 12.73
1000 44.41 36.57 185.07 35.37 25.12
1001 44.44 29.70 173.22 30.99 23.38
1002 44.47 10.29 92.39 25.94 15.20
1003 44.26 89.30 40.93 17.60 7.33
1004 44.56 48.15 142.49 35.14 21.90
1005 44.55 82.85 50.54 25.40 10.37
1006 44.63 14.09 115.31 28.02 17.18
1007 44.73 31.69 150.49 31.07 22.19
1008 44.83 6.52 78.94 21.76 10.45
1009 44.74 34.10 146.85 31.57 21.70
1010 44.66 50.53 148.62 32.57 21.03
1011 44.66 22.38 157.63 30.59 18.86
1012 44.75 39.14 175.09 34.14 23.86
1013 44.74 54.22 133.00 33.41 20.12
1014 44.79 62.17 75.92 32.19 17.52
1015 44.77 91.17 48.42 18.83 6.97
1016 45.02 19.83 136.08 27.79 17.60
1017 44.93 60.11 92.42 31.53 16.76
1018 45.02 71.57 58.12 27.49 12.82
1019 45.03 57.89 100.57 33.47 17.70
1020 44.84 11.04 94.04 30.26 14.70
1021 45.03 45.62 142.24 34.08 20.80
1022 45.14 87.67 72.19 22.31 9.60
1023 44.97 79.81 56.50 26.33 11.93
1024 45.17 17.12 109.92 27.78 16.59
1025 45.16 43.40 143.38 33.94 21.03
1026 45.19 52.18 100.33 36.15 19.94
1027 45.12 73.82 61.30 27.85 13.84
1028 45.23 66.91 60.05 30.72 14.81
1029 45.40 11.85 85.18 24.53 14.40
1030 45.26 77.25 55.46 25.11 10.71
1031 45.36 24.55 141.21 29.43 16.75
1032 45.25 41.19 151.49 34.30 21.49
1033 45.20 64.59 73.55 31.55 17.27
1034 45.25 69.34 56.23 28.48 14.19
1035 45.35 84.31 76.09 23.96 11.11
1036 45.50 37.72 158.07 32.96 21.51
1037 45.48 55.70 81.87 35.33 18.32
1038 45.52 26.82 143.31 32.31 19.89
1039 45.50 29.15 144.96 31.62 19.01
1040 45.52 35.64 141.90 34.10 19.43
1041 45.66 9.42 71.10 23.44 11.45
1042 45.66 14.90 89.90 27.42 14.38
1043 45.63 47.27 109.43 32.73 19.53
1044 45.69 81.89 63.63 26.47 10.28
1045 45.78 22.08 124.19 29.08 17.72
1046 45.70 49.66 81.73 33.49 19.57
1047 45.66 61.63 64.76 31.59 15.62
1048 45.81 32.06 111.97 31.26 18.46
1049 45.60 85.59 86.67 20.50 11.17
1050 45.78 92.26 66.36 19.66 7.06
1051 46.05 75.28 67.80 28.94 12.97
1052 45.86 5.98 56.77 23.51 9.96
1053 45.90 53.59 71.03 32.93 17.25
1054 46.25 34.04 103.46 34.02 17.82
1055 46.11 39.48 113.92 32.41 17.34
1056 46.04 89.47 120.90 22.14 8.63
1057 46.04 59.16 60.53 32.47 14.44
1058 46.08 72.93 58.42 29.84 12.35
1059 46.09 79.58 71.29 26.71 10.51
1060 46.18 68.49 64.74 29.34 13.47
1061 46.22 70.77 64.32 28.56 11.84
1062 46.19 44.86 83.04 31.95 18.74
1063 46.09 57.10 70.55 34.53 17.11
1064 46.15 64.73 59.33 30.23 14.30
1065 46.44 18.15 83.23 28.46 14.70
1066 46.28 42.25 91.51 32.19 17.78
1067 46.52 20.24 82.93 27.55 14.75
1068 46.30 51.57 63.70 34.62 17.77
1069 46.37 62.88 69.73 33.40 15.41
1070 46.48 3.68 33.82 21.47 6.43
1071 46.40 66.47 67.73 32.57 14.56
1072 46.44 77.58 84.54 25.68 11.76
1073 46.59 86.33 134.65 23.83 10.07
1074 46.54 13.23 56.03 25.93 12.38
1075 46.45 30.20 101.66 29.01 17.47
1076 46.62 25.88 96.92 31.84 16.28
1077 46.77 83.96 134.28 25.36 10.09
1078 46.69 11.04 48.46 25.86 10.76
1079 46.61 15.90 68.50 27.93 13.07
1080 46.60 23.82 89.62 30.59 16.08
1081 46.54 47.78 65.19 33.31 16.60
1082 46.75 28.03 76.20 29.99 15.06
1083 46.58 36.42 78.57 33.28 17.57
1084 46.50 55.23 62.76 32.45 16.92
1085 46.69 61.08 61.78 32.73 16.41
1086 46.89 49.65 62.99 32.20 16.96
1087 47.01 81.43 141.32 26.31 10.50
1088 47.06 91.38 143.80 19.70 7.53
1089 46.71 8.52 40.82 24.76 9.18
1090 46.93 9.40 40.38 25.91 9.00
1091 46.89 53.27 64.18 35.36 16.91
1092 47.01 31.87 71.22 32.22 16.38
1093 47.01 40.64 67.92 33.96 17.14
1094 46.96 57.44 65.56 33.88 15.01
1095 47.10 59.39 72.76 33.09 15.61
1096 47.16 43.35 63.82 31.79 17.09
1097 47.18 45.62 55.76 30.83 15.51
1098 47.23 22.05 62.18 27.24 13.71
1099 47.21 38.20 67.38 32.91 16.20
1100 47.21 68.36 101.87 31.20 12.46
1101 47.21 73.32 121.80 29.90 12.17
1102 47.26 75.87 138.47 27.60 11.39
1103 47.08 6.97 35.71 19.68 8.94
1104 47.16 63.95 89.27 31.26 13.83
1105 47.28 70.69 122.41 27.88 12.02
1106 47.54 79.19 173.25 27.14 9.89
1107 47.42 33.79 58.78 29.96 15.69
1108 47.45 54.85 81.59 35.27 16.44
1109 47.50 65.99 117.77 29.89 12.75
1110 47.59 29.59 57.58 29.54 15.16
1111 47.61 35.98 60.48 31.66 15.21
1112 47.55 47.54 63.13 31.70 15.94
1113 47.61 16.01 44.53 27.14 12.31
1114 47.83 10.06 39.33 24.24 10.36
1115 47.75 13.37 41.39 26.93 11.21
1116 47.76 18.42 49.54 28.71 13.68
1117 47.72 24.20 50.46 27.81 13.89
1118 47.68 26.44 57.49 28.67 14.18
1119 47.67 61.75 100.38 32.28 14.49
1120 47.90 56.62 117.46 32.70 15.50
1121 48.15 87.38 181.94 24.20 9.09
1122 48.08 89.15 177.41 23.44 9.47
1123 47.84 92.83 99.72 18.84 7.39
1124 47.87 39.50 60.69 31.30 15.17
1125 47.88 8.61 32.92 22.90 9.64
1126 47.93 41.78 59.45 32.80 15.41
1127 47.91 49.20 90.46 33.36 16.82
1128 48.00 84.18 189.22 25.99 10.81
1129 48.12 20.87 50.89 30.13 13.39
1130 48.10 52.90 131.07 34.74 16.32
1131 47.98 58.42 122.85 32.63 15.90
1132 48.03 31.56 55.48 31.61 15.35
1133 48.10 7.18 31.93 23.53 9.29
1134 48.26 28.24 62.75 34.04 14.67
1135 48.13 44.10 66.35 32.87 16.42
1136 48.31 60.07 185.94 36.57 14.65
1137 48.16 63.95 151.49 34.41 13.18
1138 48.31 77.41 206.23 29.58 10.80
1139 48.28 67.66 207.12 31.39 12.59
1140 48.35 4.75 33.52 22.79 8.60
1141 48.44 69.88 209.96 32.43 12.32
1142 48.30 72.23 215.74 31.67 12.27
1143 48.33 82.29 166.04 26.35 9.77
1144 48.32 37.46 68.43 33.05 15.80
1145 48.38 46.09 83.36 32.14 15.90
1146 48.31 74.69 191.87 29.02 11.39
1147 48.33 90.39 151.51 21.70 7.62
1148 48.38 34.62 65.91 29.49 13.57
1149 48.17 22.58 56.50 32.33 11.50
1150 48.25 26.46 58.67 28.53 14.67
1151 48.40 3.21 23.07 23.09 6.14
1152 48.33 14.72 43.08 26.00 11.67
1153 48.60 15.82 46.03 26.47 12.10
1154 48.65 54.77 185.54 35.21 15.67
1155 48.73 22.87 51.98 27.18 11.95
1156 48.80 65.86 213.80 30.26 12.51
1157 48.48 91.56 115.76 21.10 7.86
1158 48.71 12.17 49.65 30.95 11.00
1159 48.74 40.08 92.34 33.62 15.20
1160 48.80 50.37 190.49 32.60 15.58
1161 48.45 9.03 41.22 20.44 9.89
1162 48.64 18.88 50.64 26.54 12.48
1163 48.81 24.80 56.78 29.77 13.81
1164 48.86 47.97 162.24 34.31 16.31
1165 48.83 62.03 221.39 33.81 14.56
1166 48.76 32.62 74.28 30.86 14.20
1167 48.94 80.25 198.15 28.17 10.50
1168 48.86 10.83 53.27 26.16 10.98
1169 49.03 29.74 78.58 32.74 13.02
1170 48.89 42.28 102.33 32.38 15.07
1171 48.90 92.70 100.30 18.74 6.22
1172 49.07 9.64 60.30 26.18 10.04
1173 49.10 26.96 72.03 31.34 13.93
1174 49.11 58.54 222.46 33.10 13.98
1175 49.30 7.04 62.12 23.76 9.15
1176 49.13 36.15 119.85 31.70 14.72
1177 49.14 44.66 124.07 30.76 15.32
1178 49.28 17.34 58.66 27.47 10.83
1179 49.42 38.28 167.16 33.63 15.01
1180 49.28 56.64 226.70 35.01 14.44
1181 49.24 20.04 62.14 26.45 11.62
1182 49.36 75.63 211.86 27.68 11.90
1183 49.30 84.62 157.39 23.50 9.34
1184 49.18 91.65 107.00 21.27 7.68
1185 49.46 2.96 45.43 23.20 6.36
1186 49.22 21.26 68.14 28.62 13.32
1187 49.33 52.52 228.07 33.41 15.57
1188 49.44 73.46 222.19 29.98 11.30
1189 49.43 64.05 221.81 34.13 13.60
1190 49.38 71.35 218.93 30.64 11.50
1191 49.60 14.90 88.88 28.60 12.01
1192 49.45 78.16 204.41 27.41 10.02
1193 49.43 68.29 233.98 31.87 12.01
1194 49.59 87.48 135.53 22.55 9.11
1195 49.64 34.05 156.13 34.48 14.37
1196 49.73 90.06 100.22 20.74 7.88
1197 49.72 82.29 166.99 26.39 9.53
1198 49.64 31.63 135.93 31.89 13.68
1199 49.76 46.57 203.01 34.48 15.96
1200 49.70 60.42 239.48 33.91 14.33
1201 49.77 12.45 95.75 28.35 11.35
1202 49.76 54.67 230.18 33.20 14.61
1203 50.08 22.41 116.02 29.62 12.48
1204 49.90 25.02 132.56 29.89 13.45
1205 49.93 40.45 206.24 33.51 16.19
1206 49.96 42.72 196.79 33.65 14.46
1207 50.04 27.96 177.52 32.17 14.65
1208 50.01 96.01 25.38 15.89 3.58
1209 49.96 66.14 230.44 34.98 12.84
1210 49.82 93.45 53.82 15.24 5.11
1211 50.17 19.37 109.36 28.80 11.04
1212 50.04 48.39 225.19 36.03 14.91
1213 50.04 50.51 228.18 35.57 16.53
1214 50.09 62.21 234.73 33.86 13.07
1215 50.20 70.13 218.49 28.80 11.32
1216 50.05 1.41 35.72 20.68 3.38
1217 50.26 10.61 121.89 26.59 10.16
1218 50.20 36.08 206.21 34.85 14.66
1219 50.23 44.92 224.14 30.56 15.31
1220 50.07 92.24 61.95 19.38 6.78
1221 50.03 94.59 40.27 15.87 5.27
1222 50.40 30.08 189.31 31.22 13.15
1223 50.31 58.70 236.14 35.74 13.77
1224 50.39 76.84 164.89 28.12 10.14
1225 50.51 79.57 139.75 26.58 9.77
1226 50.50 7.91 132.30 24.11 9.30
1227 50.60 16.90 135.01 30.06 11.50
1228 50.48 52.79 230.37 34.28 14.20
1229 50.47 56.49 233.99 38.14 14.91
1230 50.64 72.27 190.76 31.26 11.09
1231 50.63 85.68 91.79 24.57 9.00
1232 50.63 4.64 104.42 23.91 8.14
1233 50.55 74.62 187.82 30.48 10.13
1234 50.47 84.00 110.93 27.13 9.88
1235 50.66 32.56 208.69 33.94 13.42
1236 50.60 38.64 219.92 34.90 13.65
1237 50.63 68.08 213.10 29.59 11.17
1238 50.66 64.17 224.66 33.34 13.72
1239 50.81 6.54 125.34 24.43 8.49
1240 50.58 93.23 46.54 18.73 6.19
1241 50.41 94.07 49.20 19.20 4.20
1242 50.89 14.36 132.98 28.55 10.22
1243 50.98 26.38 182.04 33.95 12.51
1244 50.98 90.83 59.95 21.71 7.36
1245 50.79 1.78 62.29 18.70 4.12
1246 50.97 41.46 217.51 34.84 13.38
1247 50.92 60.71 208.22 36.67 13.17
1248 50.72 87.39 78.37 21.30 9.67
1249 51.08 34.63 209.97 34.22 13.24
1250 51.05 81.63 105.06 27.98 9.23
1251 51.12 88.41 70.07 21.80 7.78
1252 51.12 95.95 22.15 14.82 2.68
1253 51.06 24.12 174.83 31.18 11.96
1254 51.15 46.61 201.09 36.03 14.69
1255 51.16 48.71 208.95 35.67 14.37
1256 51.16 54.87 203.49 33.06 14.63
1257 51.14 44.16 198.69 36.51 14.43
1258 51.17 66.04 182.61 32.78 11.51
1259 51.27 21.08 158.78 29.88 11.69
1260 51.28 50.76 201.00 36.33 15.86
1261 51.22 36.88 188.86 36.88 14.46
1262 51.36 28.45 182.54 31.24 12.21
1263 51.28 62.36 188.49 35.12 12.54
1264 51.39 12.24 162.14 29.23 11.11
1265 51.31 70.16 163.01 32.10 11.29
1266 51.37 77.77 100.54 28.21 9.71
1267 51.39 59.15 190.64 35.84 13.86
1268 51.53 18.64 169.81 31.34 11.44
1269 51.54 9.78 143.59 28.02 10.18
1270 51.62 30.85 201.71 33.56 12.29
1271 51.58 73.72 144.57 31.03 10.75
1272 51.50 93.06 36.86 22.58 6.98
1273 51.60 39.37 198.38 35.69 14.23
1274 51.53 57.24 179.13 34.69 14.43
1275 51.60 52.80 179.97 37.36 14.25
1276 51.79 75.88 86.81 32.91 10.82
1277 51.70 83.63 80.04 28.13 9.29
1278 51.61 86.15 61.72 26.55 9.41
1279 51.74 67.82 142.17 31.75 11.42
1280 51.80 64.13 166.23 36.60 13.46
1281 51.91 33.16 180.86 33.75 12.11
1282 51.90 42.64 152.85 34.10 12.92
1283 51.99 79.67 75.81 30.05 9.13
1284 52.03 4.50 90.59 23.50 6.46
1285 52.04 16.38 139.15 29.31 10.29
1286 52.10 22.87 145.85 32.17 11.76
1287 52.07 6.41 105.50 24.56 7.88
1288 52.16 71.99 107.50 31.69 11.19
1289 52.11 25.16 146.18 32.11 11.71
1290 52.33 13.96 132.32 29.36 11.05
1291 52.11 91.68 40.22 23.67 6.94
1292 52.25 35.23 144.31 35.29 12.36
1293 52.18 37.23 144.53 33.31 13.40
1294 52.20 45.00 121.58 33.53 14.08
1295 52.28 47.70 139.03 34.84 14.49
1296 52.13 54.80 139.32 35.83 13.67
1297 52.23 94.36 24.39 23.28 5.27
1298 52.36 40.66 142.54 35.06 12.80
1299 52.22 61.60 138.99 36.30 13.34
1300 52.42 27.31 126.70 32.41 12.15
1301 52.31 49.90 144.82 36.01 16.01
1302 52.46 88.88 44.00 27.62 8.75
1303 52.35 69.68 97.42 32.45 12.14
1304 52.27 96.09 11.72 19.38 2.56
1305 52.52 29.39 138.12 35.12 11.91
1306 52.42 59.35 134.40 37.80 14.44
1307 52.63 65.55 98.67 35.88 13.64
1308 52.54 20.53 121.76 32.74 11.38
1309 52.56 81.99 53.73 33.66 9.21
1310 52.63 52.44 135.02 37.81 16.55
1311 52.60 77.66 57.18 36.24 9.06
1312 52.36 85.46 46.00 28.38 10.15
1313 52.59 57.08 121.02 35.58 14.04
1314 52.62 74.50 68.24 33.30 10.74
1315 52.68 11.03 105.32 28.87 9.91
1316 52.82 38.70 108.62 35.78 14.26
1317 52.75 67.62 91.13 33.79 11.42
1318 52.94 18.04 104.79 32.06 10.99
1319 52.74 31.75 114.13 35.15 12.59
1320 52.77 84.77 43.83 31.50 8.96
1321 52.82 63.54 108.11 34.82 12.19
1322 52.75 91.07 37.61 26.77 7.48
1323 53.00 42.46 86.41 36.24 12.95
1324 53.07 46.43 92.00 37.45 14.22
1325 53.15 55.31 90.95 39.41 14.72
1326 53.10 92.94 25.45 28.15 5.32
1327 52.86 94.05 21.33 31.11 5.44
1328 53.11 4.16 54.93 22.56 6.33
1329 53.19 25.44 99.82 33.22 12.90
1330 53.23 36.62 86.12 35.50 12.73
1331 53.22 70.94 70.99 36.40 11.88
1332 53.11 80.07 51.75 32.83 9.75
1333 52.88 83.84 46.50 24.50 9.50
1334 53.21 96.26 10.48 18.87 2.54
1335 53.21 5.36 62.04 23.94 7.25
1336 53.22 6.58 64.94 23.94 7.53
1337 53.23 8.51 67.57 26.58 9.24
1338 53.29 34.02 91.55 37.59 12.86
1339 53.38 15.44 90.71 30.39 10.05
1340 53.30 23.32 91.36 33.33 11.51
1341 53.36 44.41 81.56 39.08 14.21
1342 53.35 61.94 88.10 38.88 13.72
1343 53.39 73.01 53.48 41.09 10.38
1344 53.28 50.20 100.66 37.05 13.16
1345 53.33 58.65 84.18 38.49 13.94
1346 53.40 87.07 38.44 32.83 8.44
1347 53.37 79.00 48.42 36.45 9.61
1348 53.37 95.00 13.62 21.18 5.12
1349 53.56 40.28 79.51 38.18 13.68
1350 53.30 89.63 37.47 32.84 8.97
1351 53.52 13.01 77.50 28.30 9.44
1352 53.64 21.25 82.85 34.75 10.95
1353 53.61 29.57 82.83 35.22 12.46
1354 53.37 83.27 39.54 37.00 9.96
1355 53.23 84.38 44.80 33.80 7.20
1356 53.57 27.37 80.93 37.03 12.12
1357 53.73 48.11 75.93 41.45 16.13
1358 53.61 75.34 51.32 39.09 11.13
1359 53.70 91.05 30.46 30.96 7.55
1360 53.68 66.78 67.55 42.09 11.84
1361 53.60 68.86 60.59 37.15 11.16
1362 53.70 82.05 42.49 39.73 9.25
1363 53.82 77.78 48.74 48.49 9.57
1364 53.72 10.78 66.69 26.44 9.96
1365 53.74 31.65 74.92 37.36 12.58
1366 53.77 51.93 76.85 40.43 14.67
1367 53.87 60.46 69.57 42.59 14.47
1368 53.78 64.44 64.95 39.26 11.77
1369 53.96 18.76 62.94 31.47 10.69
1370 54.01 38.32 59.85 39.14 12.27
1371 53.99 56.79 64.70 43.68 14.33
1372 54.11 84.40 46.20 45.12 9.50
1373 54.08 41.83 56.45 43.69 14.52
1374 54.17 54.48 64.12 43.08 14.38
1375 54.24 46.04 62.83 41.11 14.04
1376 53.97 95.45 15.10 25.48 4.33
1377 54.44 16.62 56.69 32.14 10.39
1378 54.22 36.19 64.34 48.36 13.34
1379 54.19 71.30 56.32 43.03 11.49
1380 54.32 73.89 52.30 46.64 10.80
1381 54.33 5.02 41.42 27.43 7.51
1382 54.47 7.47 45.16 28.91 8.39
1383 54.32 25.32 60.70 37.34 11.10
1384 54.30 43.67 61.20 40.89 13.88
1385 54.21 79.54 47.34 46.16 10.89
1386 54.36 50.20 64.46 45.33 14.24
1387 54.35 58.66 60.77 47.11 14.30
1388 54.32 94.22 20.59 31.19 5.28
1389 54.38 33.83 64.08 42.92 12.11
1390 54.35 62.18 70.66 46.30 13.50
1391 54.45 14.57 58.44 32.01 10.84
1392 54.45 22.93 57.16 37.97 11.08
1393 54.71 11.69 53.18 35.83 10.60
1394 54.47 69.01 57.57 46.86 11.34
1395 54.63 76.02 77.83 51.46 10.23
1396 54.58 27.78 63.82 40.76 12.45
1397 54.68 87.74 57.52 40.53 8.92
1398 54.60 29.82 54.85 44.87 12.02
1399 54.60 66.49 54.94 51.14 11.85
1400 54.68 20.54 60.92 37.34 11.65
1401 54.74 82.61 57.53 44.29 9.75
1402 54.62 31.83 63.79 48.25 12.25
1403 54.63 91.52 39.70 37.72 6.28
1404 54.67 52.38 59.27 46.61 13.71
1405 54.80 39.60 61.64 47.11 13.60
1406 54.79 64.39 63.41 46.98 12.06
1407 54.81 48.34 59.74 50.59 15.27
1408 54.70 80.51 51.58 52.14 8.53
1409 55.05 72.40 70.90 50.28 11.44
1410 55.07 78.28 94.09 47.49 9.96
1411 54.83 89.70 47.82 33.15 7.87
1412 55.03 57.32 64.33 52.49 13.21
1413 54.95 60.38 64.86 48.08 14.00
1414 55.13 9.86 40.88 36.11 10.83
1415 55.19 35.32 75.38 52.69 12.60
1416 55.13 37.57 63.26 50.12 12.77
1417 55.06 41.79 69.74 49.93 13.95
1418 55.10 44.75 66.69 48.08 13.53
1419 55.11 18.45 47.25 37.78 10.65
1420 55.37 93.75 54.12 39.88 5.18
1421 55.01 22.72 50.91 41.05 10.68
1422 55.36 24.49 49.56 48.89 11.43
1423 55.31 70.37 79.47 51.19 11.48
1424 55.34 5.16 32.74 33.84 7.53
1425 55.26 62.25 81.18 50.72 14.91
1426 55.34 84.60 82.40 47.66 8.96
1427 55.39 26.57 56.65 48.97 13.12
1428 55.31 33.23 74.13 52.55 12.98
1429 55.40 46.72 81.19 51.35 14.82
1430 55.46 95.99 31.57 26.91 3.10
1431 55.62 74.12 106.44 56.24 11.98
1432 55.47 50.77 95.09 54.65 14.45
1433 55.52 58.95 87.28 60.29 13.29
1434 55.42 68.13 90.34 57.24 12.39
1435 55.39 15.45 49.76 39.59 9.97
1436 55.44 53.24 79.07 50.98 15.19
1437 55.49 28.81 67.65 49.66 13.18
1438 55.60 30.84 68.82 53.15 12.81
1439 55.57 66.11 87.04 60.01 13.10
1440 55.87 91.65 82.46 41.67 6.41
1441 55.66 14.38 49.26 39.33 9.91
1442 55.63 81.09 107.48 51.64 9.76
1443 55.61 6.08 36.67 31.82 6.73
1444 55.86 48.60 112.22 59.57 15.41
1445 55.65 20.37 45.52 44.55 10.10
1446 55.74 89.81 95.14 41.72 8.39
1447 55.74 55.52 115.89 58.67 14.20
1448 56.10 86.27 159.34 51.67 9.88
1449 56.00 22.83 62.12 45.26 10.44
1450 55.94 40.50 111.52 57.75 13.97
1451 55.89 64.16 137.89 58.59 12.29
1452 56.17 88.53 120.51 46.86 8.16
1453 55.93 76.20 137.00 62.47 10.29
1454 56.05 38.36 124.07 64.21 14.80
1455 56.01 42.96 134.99 59.84 15.03
1456 56.07 60.84 143.40 60.47 13.90
1457 56.05 45.24 130.60 57.53 14.17
1458 56.30 32.88 119.66 63.13 13.46
1459 56.12 35.92 105.28 56.83 13.43
1460 56.27 78.55 177.13 61.64 9.88
1461 56.20 9.79 48.19 43.27 8.84
1462 56.27 18.44 69.21 48.34 11.39
1463 56.21 57.52 143.38 64.01 14.82
1464 56.31 69.41 153.55 62.26 12.42
1465 56.39 72.04 156.64 60.70 11.48
1466 56.49 27.81 140.72 62.08 12.64
1467 56.48 83.21 161.02 57.27 9.15
1468 56.28 15.97 58.81 45.16 10.77
1469 56.40 25.61 94.33 56.09 12.27
1470 56.50 53.70 165.96 64.41 14.44
1471 56.35 4.35 32.93 39.17 8.27
1472 56.40 6.71 42.37 40.29 8.35
1473 56.48 51.71 166.81 60.91 15.23
1474 56.50 67.22 171.27 69.94 12.61
1475 56.58 30.19 132.78 65.76 13.50
1476 56.89 93.82 83.18 39.65 6.28
1477 56.57 95.87 39.12 28.36 3.45
1478 56.55 11.34 51.37 47.03 10.39
1479 56.65 20.62 96.95 56.33 11.64
1480 56.73 46.86 184.61 76.25 14.17
1481 56.64 62.72 178.28 69.16 12.68
1482 56.84 49.81 198.05 74.38 14.80
1483 56.77 59.31 202.47 71.39 13.45
1484 56.67 12.63 56.22 42.17 9.46
1485 56.82 80.82 207.66 70.70 9.57
1486 56.92 14.32 61.39 46.79 10.39
1487 56.84 55.88 192.28 69.94 13.32
1488 56.92 65.26 198.75 72.01 12.52
1489 56.94 74.51 171.93 70.63 10.80
1490 57.13 24.19 127.48 62.58 12.45
1491 57.10 42.41 194.70 74.22 12.76
1492 57.15 38.94 186.74 73.22 14.71
1493 57.04 34.85 187.33 79.86 13.03
1494 57.06 44.54 209.77 73.95 14.01
1495 57.04 76.78 182.92 73.54 10.43
1496 57.22 37.00 200.71 89.13 13.12
1497 57.23 40.64 192.73 78.10 13.96
1498 57.15 90.87 136.78 44.90 7.23
1499 57.19 22.22 139.01 69.76 13.29
1500 57.17 3.21 49.15 38.80 6.87
1501 57.20 16.75 115.88 54.92 10.99
1502 57.31 4.35 57.28 41.20 6.41
1503 57.35 10.00 82.91 48.99 9.79
1504 57.30 70.57 201.97 74.26 10.94
1505 57.47 88.13 166.59 53.63 8.33
1506 57.40 61.14 217.96 79.67 14.00
1507 57.41 5.93 74.24 49.34 8.79
1508 57.42 57.80 227.31 82.11 13.93
1509 57.60 32.99 180.46 80.92 13.27
1510 57.45 68.27 205.62 80.74 12.23
1511 57.44 85.04 185.19 59.41 9.41
1512 57.57 26.67 151.44 67.31 12.35
1513 57.59 48.15 213.44 81.31 14.14
1514 57.46 12.40 93.14 53.26 10.36
1515 57.57 31.09 196.29 83.83 12.58
1516 57.49 54.13 214.52 80.51 14.54
1517 57.63 79.01 191.35 85.52 10.00
1518 57.59 51.64 231.24 79.79 16.27
1519 57.65 63.31 223.29 81.32 12.57
1520 57.71 18.89 126.16 58.12 11.67
1521 57.74 28.96 167.68 76.90 11.88
1522 57.80 72.68 201.72 87.04 11.36
1523 57.59 7.72 91.72 51.54 9.26
1524 57.74 20.31 118.54 60.86 10.69
1525 57.92 81.77 192.12 72.35 10.11
1526 57.91 46.07 207.19 98.19 15.12
1527 57.93 65.80 225.33 86.24 12.38
1528 58.02 55.95 219.54 86.83 13.58
1529 58.19 14.04 138.49 61.58 10.68
1530 57.93 11.51 98.00 56.63 9.37
1531 58.07 43.66 219.16 100.18 14.18
1532 58.11 95.73 44.96 34.11 2.87
1533 58.19 74.65 176.81 94.23 11.38
1534 58.15 76.63 181.33 90.62 10.96
1535 58.17 34.95 185.27 97.66 13.19
1536 58.13 59.28 229.48 92.34 15.94
1537 58.24 24.94 180.25 90.11 11.30
1538 58.26 49.59 207.83 99.46 14.01
1539 58.21 93.23 92.70 45.58 5.40
1540 58.26 22.40 158.64 73.13 10.61
1541 58.29 16.51 150.80 76.64 10.70
1542 58.32 41.26 172.89 103.61 14.58
1543 58.32 53.08 212.06 104.96 14.07
1544 58.35 4.29 82.29 52.41 7.61
1545 58.39 39.04 160.53 101.03 13.53
1546 58.72 97.88 14.58 18.48 0.39
1547 58.35 70.50 218.33 89.95 11.40
1548 58.44 36.94 166.68 105.62 14.27
1549 58.53 90.39 171.38 63.29 7.20
1550 58.46 86.37 168.39 65.84 9.62
1551 58.61 8.44 146.96 69.17 10.13
1552 58.46 67.99 200.42 94.66 11.74
1553 58.49 61.39 206.44 103.76 13.72
1554 58.65 63.78 211.54 103.13 12.62
1555 58.67 27.78 174.89 112.16 12.48
1556 58.76 20.18 161.81 86.28 10.91
1557 58.67 31.14 179.87 106.89 13.71
1558 58.84 51.18 186.41 108.76 14.80
1559 58.99 83.36 191.11 80.13 10.19
1560 58.76 47.54 178.13 111.60 14.33
1561 58.76 78.58 180.62 103.10 11.20
1562 58.96 11.30 158.05 78.83 11.78
1563 58.86 57.31 195.72 109.53 13.14
1564 59.07 5.84 105.06 67.45 6.88
1565 59.00 33.43 156.72 114.74 13.31
1566 58.88 45.37 182.68 113.66 14.97
1567 58.92 54.94 186.48 110.99 14.36
1568 59.06 80.87 190.14 96.99 9.97
1569 59.02 65.65 187.96 105.52 11.81
1570 59.18 18.08 136.10 81.98 10.78
1571 59.13 73.78 165.34 105.70 10.64
1572 59.22 26.05 165.30 119.63 12.02
1573 59.12 42.90 137.87 133.08 14.60
1574 59.29 87.85 162.12 64.63 8.90
1575 59.23 29.41 140.17 114.03 12.97
1576 59.23 71.68 183.45 107.45 11.49
1577 59.34 95.13 56.35 44.65 3.57
1578 59.18 59.59 188.36 106.53 14.78
1579 59.34 23.89 136.48 114.51 12.45
1580 59.40 15.62 136.61 82.54 11.08
1581 59.40 69.56 154.87 106.31 11.46
1582 59.36 92.53 121.76 59.49 6.74
1583 59.36 35.71 101.96 128.27 13.09
1584 59.36 76.38 154.70 101.23 11.16
1585 59.41 40.91 101.51 132.76 13.89
1586 59.43 49.11 136.94 120.55 14.66
1587 59.55 21.87 127.65 105.01 11.55
1588 59.43 38.23 92.93 133.16 13.23
1589 59.41 53.03 112.00 138.76 14.25
1590 59.59 13.38 133.36 82.44 10.61
1591 59.41 61.90 160.70 114.59 13.09
1592 59.59 67.41 172.99 109.07 12.05
1593 59.39 98.00 11.77 18.85 0.23
1594 59.69 85.46 151.73 76.08 9.61
1595 59.77 44.87 96.88 150.72 14.38
1596 59.83 9.29 115.02 84.77 10.47
1597 59.76 31.81 93.43 139.52 13.17
1598 59.86 63.71 144.78 116.63 13.22
1599 59.88 55.94 118.47 125.89 13.91
1600 60.01 90.44 127.61 74.25 7.47
1601 59.96 27.82 94.00 140.50 12.33
1602 59.93 47.09 92.72 142.62 14.93
1603 59.91 58.02 124.71 134.71 14.94
1604 60.03 19.86 109.48 113.79 11.48
1605 59.91 79.17 127.46 106.41 10.50
1606 60.02 7.47 95.23 82.14 9.27
1607 60.00 51.17 86.32 142.56 14.49
1608 59.93 98.42 8.36 15.24 0.13
1609 60.07 65.71 130.85 128.80 13.72
1610 60.20 39.47 68.72 159.63 15.04
1611 60.28 43.14 61.80 163.93 15.70
1612 60.16 60.27 120.15 126.35 14.46
1613 60.22 75.04 128.71 116.84 10.34
1614 60.27 81.86 122.40 94.24 10.10
1615 60.23 34.07 76.98 159.27 14.36
1616 60.21 54.00 73.65 147.92 15.05
1617 60.20 72.55 115.26 121.32 11.48
1618 60.40 10.74 88.87 83.34 10.18
1619 60.34 17.30 85.97 94.75 11.34
1620 60.45 5.34 74.15 87.66 7.52
1621 60.33 25.57 86.77 145.12 12.27
1622 60.40 29.89 72.45 159.02 13.37
1623 60.28 36.23 59.77 158.58 15.06
1624 60.55 41.31 55.44 171.04 15.65
1625 60.44 49.18 71.30 162.39 14.41
1626 60.44 69.76 101.41 133.04 12.44
1627 60.64 83.71 106.68 97.30 10.25
1628 60.53 23.30 68.30 142.42 13.02
1629 60.58 77.31 111.34 120.97 10.01
1630 60.54 93.39 68.27 67.59 5.58
1631 60.68 95.29 34.03 51.59 3.84
1632 60.65 12.68 79.58 100.25 10.59
1633 60.64 62.33 78.70 138.52 13.08
1634 60.79 87.19 110.36 83.65 9.08
1635 60.70 15.16 67.16 100.87 10.03
1636 60.82 37.88 61.48 174.32 14.33
1637 60.67 45.38 63.10 170.09 15.00
1638 60.71 98.12 8.63 18.83 0.17
1639 60.83 31.93 62.44 156.88 14.96
1640 60.76 67.29 91.95 144.51 12.11
1641 60.87 51.95 56.18 158.42 15.31
1642 60.86 56.72 80.24 154.69 15.57
1643 60.91 58.87 68.01 151.03 15.39
1644 60.84 85.03 103.50 100.06 9.14
1645 60.94 9.29 64.18 96.25 8.61
1646 60.98 21.21 65.16 144.48 11.15
1647 61.04 47.43 57.09 180.42 15.55
1648 60.94 64.96 87.45 162.86 14.04
1649 61.12 7.46 52.22 99.02 7.89
1650 61.12 18.93 70.46 130.11 11.06
1651 61.02 27.53 60.80 167.29 13.19
1652 61.18 80.40 73.42 115.23 10.37
1653 61.11 74.04 81.51 135.18 11.42
1654 61.11 54.63 64.21 173.86 16.23
1655 61.31 89.74 70.08 89.56 7.43
1656 61.21 71.64 70.32 149.03 11.47
1657 61.37 33.77 51.94 178.78 14.28
1658 61.35 25.22 54.50 179.55 14.87
1659 61.28 35.87 47.35 173.86 14.40
1660 61.33 40.00 50.63 191.36 15.80
1661 61.30 60.69 57.35 147.76 13.78
1662 61.40 43.72 56.36 184.57 16.32
1663 61.38 49.67 54.18 176.23 16.40
1664 61.32 91.78 56.31 79.95 6.85
1665 61.59 13.04 48.38 124.38 10.38
1666 61.54 29.54 52.34 174.32 13.51
1667 61.59 69.74 59.06 149.66 12.81
1668 61.36 97.66 8.02 22.20 0.41
1669 61.63 4.74 32.41 104.87 7.04
1670 61.62 16.89 51.89 139.16 11.31
1671 61.70 75.99 58.16 128.08 10.90
1672 62.03 96.36 10.54 38.15 1.20
1673 61.68 10.29 51.76 100.36 9.76
1674 61.57 63.40 57.90 162.04 13.63
1675 61.78 42.02 65.18 194.25 16.58
1676 61.66 45.58 57.58 194.42 15.35
1677 61.65 78.26 64.37 138.94 11.13
1678 61.72 93.96 29.51 71.04 4.33
1679 61.69 22.95 42.63 159.41 12.42
1680 61.80 67.75 64.27 159.26 13.51
1681 61.76 53.27 62.94 188.25 15.91
1682 61.69 82.77 50.44 100.93 9.86
1683 61.79 57.95 57.66 174.34 15.15
1684 61.89 56.08 61.19 181.90 16.10
1685 61.90 84.45 66.59 110.89 9.81
1686 61.88 31.92 52.12 185.62 15.14
1687 61.93 65.52 55.17 162.87 13.51
1688 62.02 98.33 4.16 15.98 0.16
1689 62.03 15.04 48.12 149.04 11.61
1690 61.92 38.22 54.84 194.02 15.86
1691 62.00 86.88 61.68 105.15 9.27
1692 62.04 51.31 62.29 190.04 15.56
1693 61.83 11.23 45.14 109.19 11.10
1694 62.08 73.23 57.24 162.84 11.65
1695 62.11 20.37 41.27 155.04 12.68
1696 62.09 27.15 50.96 181.18 13.83
1697 62.11 8.47 44.38 109.03 8.29
1698 62.15 47.35 83.31 198.55 16.52
1699 62.27 61.62 58.63 179.06 15.22
1700 62.29 59.63 56.22 191.00 15.93
1701 62.26 36.14 51.89 193.35 15.94
1702 62.42 82.12 47.35 131.82 9.02
1703 62.41 40.30 68.93 197.25 15.64
1704 62.40 24.71 45.41 183.19 13.16
1705 62.46 49.25 75.62 202.53 16.63
1706 62.53 71.18 48.84 167.08 11.93
1707 62.51 30.33 66.78 201.51 14.24
1708 62.52 34.05 55.59 197.30 15.10
1709 62.65 80.15 49.60 138.09 10.80
1710 62.55 44.68 111.38 204.31 17.41
1711 62.62 18.09 39.22 145.16 11.20
1712 62.70 90.08 46.23 94.72 7.13
1713 62.60 54.81 81.03 198.58 15.80
1714 62.43 7.27 32.73 119.73 8.36
1715 62.47 11.33 37.28 133.11 12.00
1716 62.65 63.27 59.69 186.91 14.09
1717 62.75 77.70 50.79 153.91 10.92
1718 62.77 4.62 21.95 126.01 6.87
1719 62.78 74.93 48.09 156.07 10.88
1720 62.79 92.13 37.57 92.51 5.59
1721 62.79 13.63 32.98 148.05 11.11
1722 62.81 22.41 42.76 169.66 13.28
1723 62.78 69.01 51.20 176.24 13.13
1724 62.87 52.85 97.23 192.52 16.77
1725 62.85 66.90 53.44 181.08 13.49
1726 62.87 98.44 3.80 13.76 0.20
1727 62.94 28.47 70.90 190.96 14.44
1728 62.84 42.51 109.55 203.63 17.85
1729 62.83 57.70 82.41 196.60 16.17
1730 63.16 94.99 16.05 66.20 2.85
1731 63.05 10.09 34.74 137.86 11.18
1732 62.92 12.05 36.02 146.08 10.88
1733 63.12 15.73 34.66 138.03 11.90
1734 63.02 32.23 88.12 205.44 15.62
1735 62.98 38.24 74.07 191.25 16.23
1736 62.93 86.69 50.29 110.08 8.51
1737 63.11 64.85 56.43 189.97 13.73
1738 63.22 26.46 71.66 195.85 14.47
1739 63.18 50.81 117.52 200.02 16.97
1740 63.17 84.23 44.23 126.27 9.95
1741 63.10 46.75 140.10 210.86 18.07
1742 63.28 72.83 49.37 173.31 12.39
1743 63.24 20.21 43.06 166.87 13.47
1744 63.26 35.92 100.68 201.79 15.88
1745 63.38 56.07 119.05 212.01 17.43
1746 63.24 60.26 85.60 188.68 16.35
1747 63.50 7.86 31.10 137.77 9.32
1748 63.49 24.44 68.37 193.56 14.24
1749 63.56 40.54 134.32 201.27 17.96
1750 63.47 48.80 148.60 212.64 19.46
1751 63.63 44.81 192.36 205.71 18.71
1752 63.61 76.63 49.17 166.54 11.07
1753 63.59 30.29 102.88 203.13 14.90
1754 63.69 70.55 52.05 175.50 12.82
1755 63.75 17.62 61.32 169.11 12.53
1756 63.61 34.08 116.88 207.98 17.63
1757 63.66 62.83 102.72 194.89 15.30
1758 63.73 81.73 46.78 140.70 10.30
1759 63.79 68.38 59.14 185.36 12.81
1760 63.75 53.78 176.07 208.82 19.13
1761 63.89 5.80 27.29 137.94 7.22
1762 63.80 42.60 189.47 212.57 18.41
1763 63.82 57.59 113.84 196.12 16.73
1764 63.85 66.31 73.31 190.43 13.61
1765 63.91 79.04 62.07 164.62 11.26
1766 63.97 89.76 35.36 117.51 6.67
1767 64.08 12.33 38.27 155.08 11.59
1768 63.90 13.96 39.69 145.22 11.66
1769 63.95 87.66 39.48 114.01 8.89
1770 63.94 91.23 27.97 121.20 6.54
1771 64.14 92.65 24.41 112.88 5.60
1772 64.01 22.52 84.12 184.16 14.28
1773 64.06 74.60 52.71 175.64 11.02
1774 64.01 38.75 135.05 207.34 18.31
1775 64.07 51.76 195.82 208.43 19.08
1776 64.04 28.10 136.00 204.74 17.31
1777 64.13 36.63 159.01 203.22 17.56
1778 64.16 32.35 147.12 201.12 17.44
1779 64.12 47.01 190.67 201.50 20.31
1780 64.16 59.25 168.38 211.02 18.33
1781 64.15 61.07 139.62 203.12 16.15
1782 64.27 10.15 42.28 150.66 10.91
1783 64.26 19.94 86.61 180.36 14.41
1784 64.31 85.06 51.00 143.80 9.85
1785 64.33 55.49 196.90 206.84 20.01
1786 64.16 82.79 44.65 129.81 10.71
1787 64.41 26.03 143.98 195.78 16.91
1788 64.37 64.38 158.19 194.47 15.25
1789 64.59 15.27 56.75 149.10 12.31
1790 64.43 49.49 189.42 194.03 21.95
1791 64.36 72.43 62.15 181.42 12.37
1792 64.40 94.77 11.14 71.48 2.86
1793 64.57 34.22 158.65 202.98 19.75
1794 64.61 43.90 180.66 207.52 22.73
1795 64.59 30.28 147.99 188.47 18.52
1796 64.65 77.13 71.46 178.89 11.98
1797 64.88 41.93 176.01 207.90 24.64
1798 64.80 8.01 44.28 149.32 9.29
1799 64.82 39.92 149.40 194.27 19.86
1800 64.76 53.36 221.14 195.45 22.30
1801 64.87 70.21 98.31 184.24 13.59
1802 64.86 96.40 4.84 38.16 0.51
1803 64.77 57.69 214.42 197.17 20.54
1804 64.81 68.03 100.57 200.07 14.60
1805 64.84 62.39 182.85 202.81 17.79
1806 64.85 18.11 109.00 175.75 14.67
1807 65.02 45.62 188.79 193.46 24.77
1808 64.92 65.86 162.09 197.22 15.78
1809 65.22 23.56 123.90 186.30 16.85
1810 64.96 79.91 74.60 174.88 11.19
1811 65.04 21.63 120.94 192.66 15.42
1812 65.09 28.40 143.37 206.25 18.90
1813 65.14 37.81 176.74 188.64 22.13
1814 65.22 6.08 47.09 131.37 8.12
1815 65.12 51.23 204.95 193.77 24.20
1816 65.37 91.63 31.50 114.80 5.99
1817 65.20 35.92 174.12 200.32 23.92
1818 65.13 60.02 209.38 199.90 18.41
1819 65.18 82.82 75.74 162.11 10.76
1820 65.35 10.93 63.56 154.01 12.54
1821 65.04 13.36 56.85 135.31 14.15
1822 65.22 47.70 183.82 192.89 25.47
1823 65.13 74.89 85.77 179.98 12.03
1824 65.26 89.67 32.36 119.58 7.18
1825 65.18 94.58 9.79 69.22 1.90
1826 65.33 31.85 159.58 191.27 22.75
1827 65.42 25.40 154.52 200.70 17.93
1828 65.37 55.61 199.88 188.47 23.56
1829 65.36 72.56 103.86 184.98 13.01
1830 65.35 88.39 38.88 127.78 8.81
1831 65.48 63.81 211.15 203.75 17.46
1832 65.47 85.49 60.20 146.59 8.80
1833 65.44 86.98 52.21 143.93 9.39
1834 65.30 12.47 62.81 153.38 13.19
1835 65.60 16.61 95.44 165.44 14.94
1836 65.42 84.30 58.55 140.23 9.29
1837 65.65 19.86 138.36 180.25 17.04
1838 65.68 34.14 146.71 192.46 26.30
1839 65.71 49.63 182.78 187.63 26.13
1840 65.80 53.56 199.69 186.58 27.21
1841 65.70 66.70 210.35 196.39 15.96
1842 65.72 77.60 136.06 200.33 13.61
1843 65.73 43.48 153.78 193.19 31.56
1844 65.58 57.68 203.60 179.96 23.73
1845 65.74 14.79 88.75 159.47 15.65
1846 65.85 29.92 152.96 197.70 25.39
1847 65.93 41.01 165.38 194.44 31.06
1848 65.80 61.35 214.40 186.73 23.09
1849 65.92 68.72 169.79 191.21 17.88
1850 66.02 27.02 137.22 194.10 22.71
1851 65.94 95.61 8.87 44.96 0.94
1852 65.85 8.98 64.78 150.12 11.78
1853 66.08 38.93 130.13 187.15 31.06
1854 66.10 70.84 161.04 189.38 15.08
1855 66.03 93.52 20.80 79.47 3.67
1856 66.13 45.90 143.51 188.16 38.21
1857 66.28 59.27 208.15 189.54 27.04
1858 66.16 13.24 93.08 171.67 14.57
1859 66.11 79.53 134.42 168.66 11.69
1860 66.10 81.61 104.08 171.69 11.16
1861 66.23 51.60 170.05 177.92 31.67
1862 66.14 75.37 126.31 186.52 13.08
1863 66.28 21.83 111.57 181.25 21.39
1864 66.28 64.98 210.75 195.51 19.99
1865 66.32 7.12 73.01 130.73 9.60
1866 66.35 36.45 126.02 182.01 33.11
1867 66.41 18.37 109.50 159.54 19.15
1868 66.32 32.37 120.78 191.09 32.58
1869 66.41 47.92 140.24 191.79 34.95
1870 66.39 73.00 170.32 178.75 14.53
1871 66.51 11.22 87.88 159.95 15.07
1872 66.60 63.10 207.14 195.74 24.38
1873 66.38 83.48 106.42 161.07 11.29
1874 66.54 57.45 185.57 182.51 30.05
1875 66.62 87.85 83.34 125.40 9.38
1876 66.71 90.82 44.70 122.29 5.21
1877 66.49 24.71 109.08 167.87 22.26
1878 66.57 55.39 153.42 181.80 33.23
1879 66.45 4.98 40.39 100.06 6.20
1880 66.71 28.54 104.49 173.15 34.84
1881 66.68 44.09 106.59 176.53 43.25
1882 66.74 67.12 199.98 191.30 20.21
1883 66.66 85.49 104.48 142.55 8.93
1884 66.82 34.37 103.67 179.79 37.56
1885 66.96 42.08 113.19 173.62 44.71
1886 66.86 15.47 92.22 148.54 19.19
1887 66.86 49.74 127.62 175.35 39.31
1888 66.90 61.27 200.94 184.53 32.06
1889 66.91 77.45 169.02 160.97 13.79
1890 66.93 30.50 107.36 184.52 35.75
1891 67.06 69.62 179.29 186.01 19.91
1892 67.19 93.38 29.72 88.39 2.82
1893 67.18 95.33 12.05 48.32 0.73
1894 67.03 39.92 93.32 168.76 44.85
1895 66.99 53.32 120.99 178.61 43.44
1896 67.06 80.62 154.08 158.99 14.49
1897 67.23 22.77 80.03 153.54 29.49
1898 67.15 74.63 183.00 165.80 15.21
1899 67.29 20.31 72.91 141.86 25.13
1900 67.18 37.84 83.65 161.51 52.80
1901 67.35 13.04 76.61 142.97 20.81
1902 67.32 26.68 83.46 163.80 37.44
1903 67.29 45.93 77.05 156.99 49.93
1904 67.30 65.28 181.93 183.22 25.37
1905 67.45 32.68 74.47 171.20 49.42
1906 67.47 71.75 182.85 164.94 17.51
1907 67.39 51.24 104.93 164.20 47.90
1908 67.24 85.36 84.81 132.59 10.15
1909 67.49 83.24 138.26 155.69 14.38
1910 67.52 48.09 94.47 162.98 49.51
1911 67.48 17.91 83.22 154.37 26.16
1912 67.60 35.84 70.44 156.08 55.93
1913 67.52 56.73 101.24 179.76 43.85
1914 67.65 58.70 116.08 177.72 42.23
1915 67.79 24.75 68.44 145.56 47.26
1916 67.73 43.76 76.28 156.10 59.95
1917 67.68 7.94 61.26 127.40 13.67
1918 67.71 88.77 99.35 135.90 8.15
1919 67.77 54.88 90.91 167.28 52.72
1920 67.78 68.02 172.18 185.07 25.20
1921 67.72 10.63 57.47 128.68 18.32
1922 67.80 62.65 131.47 176.94 36.27
1923 67.87 28.68 66.40 137.57 51.09
1924 67.91 60.47 118.96 176.36 41.15
1925 67.96 79.21 159.82 167.59 18.87
1926 67.95 40.87 65.14 156.32 73.51
1927 68.31 86.71 121.00 145.70 11.34
1928 68.05 15.46 61.20 136.08 26.77
1929 68.00 31.02 62.43 149.30 57.33
1930 68.11 76.28 169.71 153.79 18.26
1931 68.13 91.72 53.49 110.47 5.11
1932 68.18 38.82 61.86 136.02 68.61
1933 68.04 52.87 86.02 161.30 54.74
1934 68.21 34.26 63.13 142.73 70.08
1935 68.17 73.76 184.63 170.04 18.45
1936 68.26 50.02 71.06 152.04 63.09
1937 68.27 64.30 144.43 174.48 37.01
1938 68.30 66.39 184.38 178.08 31.54
1939 68.38 69.87 164.67 164.05 28.43
1940 68.43 81.82 151.24 152.98 16.99
1941 68.26 45.75 59.52 134.46 64.88
1942 68.45 20.57 55.42 122.30 39.24
1943 68.38 22.86 63.59 126.58 44.40
1944 68.39 36.87 59.41 131.58 77.46
1945 68.39 95.14 13.00 44.55 0.68
1946 68.44 13.23 54.54 112.43 27.04
1947 68.56 26.24 64.68 126.21 54.80
1948 68.51 17.87 56.79 126.78 35.46
1949 68.58 42.52 64.13 134.23 78.49
1950 68.60 48.02 62.37 135.64 70.67
1951 68.52 56.90 70.03 145.00 58.64
1952 68.58 83.92 141.58 140.32 15.06
1953 68.83 71.79 146.81 167.34 26.42
1954 68.82 9.91 41.82 105.87 24.76
1955 68.64 11.52 45.35 102.98 23.75
1956 68.84 32.75 68.82 131.21 81.07
1957 68.89 8.53 46.46 117.44 22.09
1958 68.87 59.13 68.60 145.78 53.99
1959 68.97 7.00 36.13 102.10 15.31
1960 68.91 61.29 77.07 146.52 48.20
1961 68.90 28.26 59.68 120.89 82.80
1962 68.86 52.15 69.48 138.42 71.30
1963 68.89 54.66 65.73 146.92 71.29
1964 69.03 78.17 153.40 156.74 19.96
1965 68.95 89.51 89.84 129.83 8.19
1966 68.99 40.31 77.07 115.69 84.32
1967 68.98 30.42 65.19 121.81 85.59
1968 69.10 44.23 74.12 125.05 86.31
1969 69.04 68.08 116.62 159.22 34.89
1970 69.16 63.25 89.26 152.73 52.63
1971 69.30 24.29 52.03 106.74 64.92
1972 69.12 35.44 79.92 124.72 88.74
1973 69.31 15.62 50.36 97.62 42.66
1974 69.32 37.93 81.83 106.40 95.10
1975 69.25 46.60 69.34 121.82 84.37
1976 69.25 65.68 105.11 161.08 40.60
1977 69.26 73.96 136.47 155.13 25.28
1978 69.32 50.12 68.00 127.71 86.86
1979 69.37 80.58 126.24 155.18 20.04
1980 69.17 84.61 98.29 136.47 14.06
1981 69.49 18.71 49.48 98.45 50.98
1982 69.33 22.04 55.95 109.29 65.95
1983 69.58 76.20 121.39 158.38 25.52
1984 69.52 91.68 47.53 90.94 4.35
1985 69.66 86.72 115.03 137.89 13.46
1986 69.52 12.72 46.38 96.71 42.75
1987 69.52 56.94 59.97 130.84 78.37
1988 69.62 41.85 103.49 112.87 111.45
1989 69.67 26.68 69.82 106.49 94.03
1990 69.68 70.03 86.30 144.96 33.61
1991 69.83 33.75 108.30 98.49 108.46
1992 69.78 48.39 90.31 115.19 107.91
1993 69.88 10.58 42.39 81.43 35.96
1994 69.82 31.70 104.91 104.87 114.19
1995 69.71 52.48 83.49 117.93 94.38
1996 70.09 83.68 112.60 137.23 19.30
1997 69.83 29.16 88.12 99.14 105.15
1998 69.87 54.62 81.39 120.56 101.98
1999 69.96 39.58 101.95 97.05 108.79
2000 69.94 59.17 61.56 125.28 81.48
2001 69.99 45.51 105.63 108.06 125.28
2002 69.97 35.71 122.85 101.76 110.03
2003 69.97 61.57 66.13 122.45 64.20
2004 70.07 67.19 65.51 140.15 42.58
2005 70.15 72.40 75.34 143.68 35.29
2006 70.17 8.42 37.19 77.29 27.52
2007 70.15 43.55 133.26 88.96 109.28
2008 70.09 64.43 60.71 131.02 57.03
2009 70.13 20.69 66.68 90.55 71.19
2010 70.28 79.03 109.04 149.90 27.38
2011 70.27 89.41 77.27 117.86 10.05
2012 70.49 16.50 58.22 79.64 71.12
2013 70.37 24.94 93.41 81.43 83.51
2014 70.45 37.31 116.96 82.96 103.32
2015 70.30 50.47 116.73 101.52 111.97
2016 70.42 22.80 81.20 83.39 83.47
2017 70.44 74.74 88.54 148.95 32.20
2018 70.47 56.35 84.95 114.03 114.29
2019 70.52 27.61 115.92 80.66 108.24
2020 70.57 18.79 88.98 87.12 80.58
2021 70.60 30.22 138.48 73.05 106.86
2022 70.62 46.97 140.73 82.74 125.71
2023 70.56 91.09 47.22 89.76 5.22
2024 70.76 81.53 78.09 135.20 24.08
2025 70.55 41.30 134.75 77.64 111.90
2026 70.57 52.47 122.45 93.90 123.68
2027 70.70 69.12 64.55 133.25 50.13
2028 70.65 14.50 70.66 70.62 71.61
2029 70.51 17.50 70.50 87.72 56.94
2030 70.68 12.54 55.58 76.00 61.83
2031 70.82 58.17 92.22 104.44 102.93
2032 70.89 76.85 77.43 138.92 33.79
2033 70.76 32.66 134.93 75.53 116.55
2034 70.86 48.72 173.69 78.65 123.32
2035 70.72 11.07 58.95 70.37 53.29
2036 70.87 54.69 119.48 91.59 125.68
2037 70.95 86.18 83.08 133.92 20.38
2038 70.96 34.75 152.11 73.39 117.46
2039 70.98 38.94 150.15 68.40 111.25
2040 70.90 62.65 79.32 122.04 88.87
2041 71.03 71.05 62.89 119.39 38.90
2042 70.89 60.46 82.50 106.95 83.81
2043 70.92 9.83 62.03 65.97 49.77
2044 71.05 45.06 160.75 76.25 134.80
2045 71.03 64.97 64.21 114.09 72.04
2046 71.05 67.14 55.94 121.36 64.53
2047 71.12 20.94 101.79 73.59 86.76
2048 71.26 43.11 170.19 69.88 136.53
2049 71.30 88.52 50.05 117.58 12.03
2050 71.35 50.72 190.15 72.58 128.14
2051 71.31 25.53 114.91 66.57 106.44
2052 71.10 15.50 74.07 69.93 81.29
2053 71.46 28.22 158.50 61.16 107.38
2054 71.40 74.04 62.85 126.73 40.97
2055 71.55 22.81 109.11 63.59 94.47
2056 71.49 53.20 170.58 76.21 120.48
2057 71.54 8.12 63.72 53.47 31.56
2058 71.61 40.98 173.72 64.48 114.30
2059 71.45 56.65 133.58 82.90 111.96
2060 71.44 78.80 58.59 126.14 38.96
2061 71.48 18.89 108.12 64.72 83.76
2062 71.65 13.97 94.98 55.09 65.07
2063 71.60 36.60 157.54 60.51 118.49
2064 71.73 83.40 53.52 128.04 28.75
2065 71.74 30.32 161.56 56.82 111.60
2066 71.67 59.06 119.66 89.17 113.90
2067 71.63 90.53 30.05 89.78 7.15
2068 71.73 46.81 173.28 65.73 140.85
2069 71.89 32.29 171.22 57.92 117.61
2070 71.81 79.83 44.88 119.06 37.70
2071 71.89 12.10 102.28 56.02 62.72
2072 71.87 15.69 101.27 52.95 73.51
2073 71.78 61.34 110.50 89.23 93.76
2074 71.78 68.87 56.62 108.71 62.78
2075 71.78 63.65 98.05 98.18 102.42
2076 71.82 65.92 98.97 104.19 95.71
2077 71.90 72.30 57.14 116.25 58.10
2078 72.10 34.22 157.45 59.33 121.44
2079 71.99 48.76 192.00 63.61 131.36
2080 72.04 10.45 92.69 49.22 53.28
2081 72.19 38.81 161.06 58.32 130.79
2082 72.01 76.70 59.59 108.48 45.51
2083 72.24 44.87 181.65 54.41 140.06
2084 72.19 55.15 165.06 65.82 121.20
2085 72.02 85.54 52.97 121.11 23.58
2086 72.33 17.37 114.00 49.84 85.42
2087 71.99 20.44 119.88 51.50 61.69
2088 72.25 26.37 134.64 54.03 94.40
2089 72.27 52.07 195.21 65.04 135.19
2090 72.43 57.47 168.98 69.23 116.82
2091 72.58 80.90 44.83 101.84 40.98
2092 72.56 23.51 108.31 49.40 93.21
2093 72.49 42.91 175.22 56.23 132.23
2094 72.48 71.04 74.30 95.40 69.01
2095 72.41 86.17 47.75 113.04 23.56
2096 72.51 20.13 116.55 50.73 86.59
2097 72.63 67.09 126.70 76.54 87.08
2098 72.74 50.41 181.92 56.06 131.57
2099 72.59 60.13 171.08 71.91 105.60
2100 72.81 90.09 20.38 78.10 8.75
2101 72.68 37.05 156.52 49.43 126.68
2102 72.67 62.41 151.17 73.55 101.01
2103 72.70 64.72 142.04 67.16 91.95
2104 72.56 74.13 69.20 102.74 68.05
2105 72.77 28.81 126.08 48.22 99.92
2106 72.70 40.75 155.42 51.81 124.09
2107 72.76 88.08 34.73 98.32 13.97
2108 72.99 46.59 144.61 50.48 138.11
2109 72.78 69.19 98.97 84.39 80.87
2110 72.91 31.24 132.01 50.09 118.48
2111 73.05 35.30 126.18 47.77 130.34
2112 73.00 53.52 198.75 55.30 129.36
2113 72.98 13.03 93.51 43.83 75.01
2114 73.10 9.54 74.65 35.32 34.88
2115 73.06 83.50 42.93 107.70 43.16
2116 73.03 48.47 153.34 58.24 137.09
2117 72.96 75.16 61.19 94.31 58.19
2118 73.04 76.85 68.49 98.80 58.58
2119 73.23 25.64 121.93 45.31 96.22
2120 73.37 14.99 90.70 40.08 80.99
2121 73.22 78.73 57.68 97.32 58.84
2122 73.27 11.33 88.14 36.51 54.29
2123 73.33 21.25 118.16 44.58 92.25
2124 73.41 33.03 115.74 42.33 116.52
2125 73.05 85.65 39.94 101.75 28.44
2126 73.41 55.18 172.99 53.65 128.67
2127 73.43 58.93 172.77 55.57 128.58
2128 73.41 72.85 110.32 78.71 72.90
2129 73.48 17.83 88.47 41.72 85.09
2130 73.51 44.72 120.74 46.92 134.71
2131 73.63 38.28 99.74 44.84 103.96
2132 73.69 51.93 161.00 47.33 120.57
2133 73.70 40.19 120.22 43.98 119.49
2134 73.62 42.48 128.82 45.14 119.05
2135 73.56 57.08 186.30 57.49 123.16
2136 73.53 70.77 94.20 78.35 81.57
2137 73.63 86.22 31.62 94.53 33.29
2138 73.73 61.06 170.99 57.01 114.07
2139 73.82 63.30 184.09 58.26 106.55
2140 73.72 65.78 157.69 56.77 91.62
2141 73.70 68.24 129.96 63.51 83.58
2142 73.82 27.73 92.10 40.68 107.93
2143 73.69 79.78 52.53 90.79 63.43
2144 73.93 23.47 87.20 38.96 91.46
2145 74.04 88.76 17.09 75.40 12.91
2146 73.98 50.06 142.12 46.81 128.89
2147 73.99 30.12 83.03 38.46 102.24
2148 74.19 19.04 82.25 37.12 87.74
2149 74.12 36.52 99.43 40.64 106.62
2150 74.16 48.16 121.67 42.94 127.92
2151 74.16 81.76 47.42 83.38 54.85
2152 73.94 76.51 108.98 73.22 66.92
2153 74.25 34.30 75.69 42.45 116.40
2154 74.35 74.58 131.84 63.72 76.80
2155 74.33 46.17 88.12 42.02 131.05
2156 74.39 53.71 134.88 43.34 130.82
2157 74.33 84.09 33.94 83.89 48.05
2158 74.34 12.86 62.74 32.43 62.12
2159 74.59 15.88 64.96 32.31 68.84
2160 74.43 25.55 70.77 36.67 97.26
2161 74.47 10.21 51.45 28.73 36.64
2162 74.46 69.93 133.42 59.04 79.04
2163 74.33 77.71 93.53 82.27 71.91
2164 74.50 55.77 145.00 44.36 123.44
2165 74.63 57.85 146.78 43.99 114.16
2166 74.59 21.41 69.30 35.58 82.67
2167 74.63 59.72 138.19 47.73 116.90
2168 74.64 32.00 60.20 37.28 98.66
2169 74.64 43.93 78.44 39.05 117.29
2170 74.40 79.60 82.16 73.40 54.00
2171 74.81 72.28 151.62 57.06 75.11
2172 74.73 41.83 73.02 38.82 121.81
2173 74.76 39.66 72.30 37.75 116.45
2174 74.80 67.47 144.30 46.93 85.85
2175 74.75 64.75 145.72 53.05 113.64
2176 74.91 62.17 149.92 45.89 105.42
2177 74.89 51.97 86.15 40.12 115.68
2178 75.02 27.76 61.39 35.44 90.16
2179 75.06 38.00 55.52 35.11 104.17
2180 75.22 35.66 53.54 38.14 99.26
2181 75.10 50.06 82.79 37.71 119.98
2182 74.94 79.13 92.98 71.29 70.29
2183 75.21 29.76 51.10 37.18 101.30
2184 75.17 47.40 70.45 38.71 113.30
2185 75.27 76.76 157.16 55.73 84.24
2186 75.39 23.19 52.83 31.02 79.70
2187 75.33 19.65 49.56 32.49 78.83
2188 75.42 81.03 91.97 69.31 73.54
2189 75.39 17.38 46.61 31.58 76.14
2190 75.46 11.36 37.94 25.78 45.92
2191 75.42 88.03 19.50 56.85 17.43
2192 75.52 33.55 45.75 36.06 88.82
2193 75.54 54.66 86.83 36.97 111.09
2194 75.61 83.32 59.81 67.27 53.92
2195 75.50 45.40 61.00 37.08 94.55
2196 75.66 14.00 38.10 27.97 59.59
2197 75.59 25.34 51.68 33.10 85.11
2198 75.59 56.60 103.66 38.72 112.80
2199 75.59 70.11 168.21 44.81 90.14
2200 75.55 85.46 34.41 69.43 35.94
2201 75.61 66.10 123.33 44.60 101.12
2202 75.74 41.10 50.48 35.88 90.67
2203 75.63 60.24 105.31 39.01 109.70
2204 75.78 74.46 165.92 49.30 83.33
2205 75.86 43.29 56.82 36.94 103.67
2206 75.86 52.79 67.80 37.00 100.33
2207 76.03 58.42 89.05 37.16 102.85
2208 75.85 63.95 119.28 41.82 96.55
2209 75.88 31.35 55.72 33.09 83.84
2210 75.87 48.88 65.37 34.37 106.66
2211 76.04 78.90 141.14 52.75 79.34
2212 76.08 68.11 136.64 41.91 90.38
2213 76.20 20.92 42.76 30.33 74.27
2214 76.08 37.21 63.18 33.58 95.11
2215 76.21 39.49 52.35 34.25 87.98
2216 76.15 61.84 96.93 37.15 91.88
2217 76.27 50.74 60.00 34.39 103.69
2218 76.30 72.33 139.16 44.68 88.99
2219 76.23 27.22 46.39 32.79 89.25
2220 76.27 47.23 56.88 34.51 93.08
2221 76.32 35.06 67.00 33.64 85.52
2222 76.53 15.77 36.92 27.41 61.21
2223 76.45 29.19 51.21 29.36 90.87
2224 76.60 18.55 40.36 27.56 69.11
2225 76.47 86.61 36.12 54.86 26.82
2226 76.45 12.35 29.11 24.89 42.96
2227 76.57 45.24 79.01 33.42 87.76
2228 76.64 76.22 157.42 48.87 78.06
2229 76.75 22.90 43.37 28.25 68.64
2230 76.61 56.46 56.68 33.35 94.14
2231 76.77 81.90 100.45 51.49 65.89
2232 76.70 32.81 85.86 31.39 71.26
2233 76.74 54.43 50.35 34.14 84.80
2234 76.76 65.89 93.50 37.35 100.57
2235 76.75 84.47 59.54 59.41 49.75
2236 76.88 70.36 127.68 39.30 95.01
2237 76.91 24.96 50.83 29.49 72.85
2238 76.95 59.89 58.10 32.10 95.48
2239 76.76 41.63 64.98 31.57 89.02
2240 76.95 87.74 34.82 45.06 21.92
2241 76.94 38.23 78.00 30.81 83.46
2242 77.07 49.21 72.42 33.23 88.58
2243 76.92 52.44 58.87 31.43 90.82
2244 77.05 63.70 83.97 31.93 88.28
2245 77.02 30.77 86.72 29.11 61.19
2246 77.01 43.52 85.10 34.24 73.97
2247 76.96 80.66 106.42 48.65 65.55
2248 77.20 74.33 145.00 39.74 84.14
2249 77.19 36.41 112.78 32.48 60.70
2250 77.14 68.29 90.64 34.42 93.37
2251 77.27 78.58 158.04 43.22 76.91
2252 77.08 11.36 27.91 25.00 23.30
2253 77.14 47.48 73.28 31.56 79.09
2254 77.22 61.80 60.28 33.38 93.72
2255 77.41 58.00 52.82 32.29 92.06
2256 77.34 13.92 31.29 24.37 46.44
2257 77.34 26.75 66.96 28.06 67.33
2258 77.48 34.29 124.82 31.53 51.98
2259 77.38 39.98 93.57 29.00 63.75
2260 77.38 20.71 51.18 27.97 70.33
2261 77.44 50.90 74.72 29.90 84.08
2262 77.50 16.80 42.83 25.33 53.60
2263 77.62 28.77 91.42 28.65 56.29
2264 77.63 45.82 123.50 28.26 61.25
2265 77.54 55.79 54.20 28.55 92.48
2266 77.44 12.29 30.50 21.29 29.07
2267 77.82 72.38 106.39 35.61 80.10
2268 77.73 41.95 117.24 30.48 54.41
2269 77.83 83.24 87.76 45.92 51.10
2270 77.69 53.20 68.71 31.72 71.93
2271 77.87 18.82 62.47 26.00 53.83
2272 77.94 32.09 118.67 28.73 48.67
2273 77.67 79.68 139.26 40.84 75.32
2274 78.15 85.52 57.83 37.65 26.24
2275 77.83 22.97 74.86 27.64 59.78
2276 77.94 65.53 60.84 31.61 79.23
2277 77.93 15.73 47.90 22.79 52.55
2278 77.95 38.17 119.54 29.45 51.25
2279 78.09 76.55 144.56 37.53 83.08
2280 78.05 67.62 59.83 30.78 90.60
2281 78.28 81.23 126.08 41.67 70.27
2282 78.24 69.97 73.41 30.54 79.68
2283 78.23 24.92 89.21 26.29 45.24
2284 78.04 61.08 43.51 30.87 80.40
2285 78.19 63.36 57.31 29.57 77.46
2286 78.22 47.84 135.46 29.53 55.95
2287 78.35 30.07 122.08 29.82 47.26
2288 78.29 49.77 131.28 29.89 58.50
2289 78.27 59.10 54.00 30.64 83.63
2290 78.43 35.97 149.58 27.78 42.96
2291 78.52 27.09 102.65 26.47 41.47
2292 78.46 51.76 122.87 27.27 49.05
2293 78.27 54.62 91.16 27.10 57.60
2294 78.44 14.46 47.67 21.65 29.69
2295 78.29 21.09 81.68 26.96 37.82
2296 78.39 56.94 72.98 28.82 85.74
2297 78.72 17.00 65.14 22.83 36.65
2298 78.79 39.59 165.04 30.43 39.86
2299 78.63 41.31 156.82 30.78 42.34
2300 78.67 74.58 92.14 31.42 80.05
2301 78.60 78.80 124.79 36.26 74.74
2302 78.81 33.82 159.94 30.31 35.65
2303 78.78 45.91 164.04 27.48 41.84
2304 78.90 22.80 100.83 26.15 30.50
2305 79.01 43.37 178.42 29.00 35.42
2306 79.19 37.67 170.77 29.18 33.70
2307 79.18 53.30 157.96 28.59 44.83
2308 79.00 60.95 59.82 27.62 71.19
2309 79.16 72.35 62.19 29.02 76.35
2310 79.06 83.09 86.17 35.53 37.46
2311 79.06 18.84 89.66 24.82 37.43
2312 79.13 55.54 138.99 27.69 54.27
2313 79.08 65.47 42.99 27.68 71.17
2314 79.23 31.54 153.08 25.44 35.51
2315 79.15 62.93 55.36 27.42 66.34
2316 79.08 67.78 45.86 29.21 71.17
2317 79.33 48.90 172.46 28.79 38.72
2318 79.40 57.35 120.89 25.68 49.57
2319 79.40 59.34 88.11 27.79 52.17
2320 79.44 29.00 140.59 24.91 31.03
2321 79.44 70.07 52.39 28.97 70.26
2322 79.51 50.95 174.36 26.96 37.88
2323 79.55 24.70 126.00 24.98 32.18
2324 79.58 77.15 90.99 28.05 74.08
2325 79.67 81.02 99.12 31.12 58.01
2326 79.85 14.62 61.98 20.27 18.63
2327 79.82 41.07 173.78 27.61 31.03
2328 79.73 47.10 188.13 27.65 33.42
2329 79.59 79.45 101.80 29.77 47.83
2330 79.80 35.88 168.28 26.53 28.39
2331 79.78 45.08 191.52 27.55 31.51
2332 79.75 20.79 105.83 21.74 26.05
2333 80.08 84.49 57.49 28.74 25.32
2334 79.86 26.95 131.63 25.05 26.90
2335 79.97 74.65 65.86 26.13 71.29
2336 79.99 64.48 64.29 26.95 60.44
2337 80.28 17.78 109.04 22.02 24.86
2338 80.04 33.64 177.86 27.25 27.67
2339 80.11 39.15 174.67 27.37 28.68
2340 79.74 80.24 115.22 32.33 74.11
2341 79.99 62.08 81.45 27.82 52.15
2342 79.99 16.10 75.80 21.50 22.48
2343 80.13 42.95 201.12 27.62 27.58
2344 80.03 54.50 168.36 27.99 38.67
2345 80.06 67.46 47.71 24.74 64.86
2346 80.10 19.36 122.82 22.50 27.82
2347 80.38 52.57 185.52 25.47 31.88
2348 80.37 57.90 167.25 24.93 33.88
2349 80.39 31.21 165.17 24.90 25.94
2350 80.42 48.50 188.43 26.03 28.55
2351 80.50 59.96 149.73 25.65 36.47
2352 80.53 82.73 73.91 25.19 39.06
2353 80.59 72.56 45.87 24.88 71.66
2354 80.66 22.01 114.94 23.08 25.03
2355 80.52 50.46 203.70 23.42 27.11
2356 80.57 70.10 43.03 26.03 63.85
2357 80.78 28.86 142.83 24.44 24.46
2358 80.53 78.30 79.49 27.97 53.89
2359 80.57 26.25 127.28 25.51 28.90
2360 80.73 55.98 191.08 26.38 35.29
2361 80.86 79.48 76.92 25.96 68.04
2362 80.88 37.69 169.00 27.45 25.73
2363 80.97 76.58 65.01 24.22 65.37
2364 80.80 24.26 125.32 24.97 23.72
2365 80.74 66.09 68.74 25.01 50.72
2366 80.82 81.59 73.00 24.40 39.64
2367 80.82 46.41 183.78 25.93 26.90
2368 81.01 35.62 157.15 26.19 24.52
2369 81.03 41.78 172.59 26.13 25.17
2370 80.92 44.44 191.49 25.02 23.60
2371 80.97 62.04 133.71 25.57 36.36
2372 81.15 32.96 153.48 25.50 23.38
2373 81.16 54.08 193.39 25.17 26.21
2374 81.25 19.97 117.17 20.99 20.40
2375 81.33 64.13 137.66 24.94 33.93
2376 81.38 15.68 99.78 19.39 14.93
2377 81.32 39.84 146.23 26.69 24.22
2378 81.36 17.23 100.73 21.15 18.18
2379 81.35 68.99 61.82 23.65 52.93
2380 81.36 51.86 192.57 25.33 23.37
2381 81.48 74.37 38.06 22.58 67.01
2382 81.52 49.67 178.51 25.09 22.74
2383 81.69 27.09 123.32 23.41 22.62
2384 81.57 47.72 174.78 26.10 20.97
2385 81.42 57.73 181.12 24.18 27.33
2386 81.57 30.74 126.34 24.13 22.07
2387 81.60 83.05 32.51 19.85 20.46
2388 81.63 70.91 46.96 22.46 58.13
2389 81.88 80.89 45.53 22.05 41.02
2390 81.70 60.02 177.21 25.29 27.27
2391 81.85 24.46 122.01 23.39 19.75
2392 81.82 43.43 152.06 25.34 21.28
2393 81.69 72.07 44.85 20.94 51.03
2394 81.81 66.07 116.99 25.45 34.59
2395 81.93 34.66 149.12 27.22 21.43
2396 81.97 45.42 141.64 27.94 20.95
2397 81.92 55.52 199.58 25.62 26.30
2398 82.05 22.00 110.70 20.82 20.28
2399 82.14 78.52 35.67 20.70 49.17
2400 81.98 37.97 136.31 23.96 20.61
2401 82.15 41.52 130.22 25.34 22.05
2402 82.13 67.26 102.53 21.67 33.61
2403 82.21 62.27 169.39 23.82 27.95
2404 82.20 18.93 111.94 21.07 17.65
2405 82.26 53.27 192.16 24.78 23.49
2406 82.38 28.83 109.73 23.54 20.58
2407 82.51 76.27 33.31 19.79 56.25
2408 82.40 32.77 108.91 24.04 19.64
2409 82.30 51.02 155.74 23.19 19.86
2410 82.46 68.97 99.79 21.52 35.98
2411 82.40 58.10 205.15 23.47 22.89
2412 82.52 36.35 101.82 25.66 21.70
2413 82.58 39.89 129.53 25.93 22.51
2414 82.69 16.88 83.47 19.65 11.80
2415 82.59 47.13 144.60 24.32 19.68
2416 82.65 64.37 152.24 22.79 27.79
2417 82.63 49.07 147.86 23.06 19.94
2418 82.42 74.27 51.50 21.86 51.50
2419 82.73 71.46 78.30 22.30 39.77
2420 82.77 30.91 98.20 24.75 19.82
2421 82.90 25.65 100.13 21.50 21.31
2422 82.86 60.11 190.46 22.56 21.49
2423 82.90 56.51 180.46 22.52 20.14
2424 83.11 20.70 101.42 20.43 16.94
2425 82.84 43.49 103.77 25.51 20.26
2426 83.00 73.89 51.25 20.68 49.94
2427 83.06 23.07 97.85 20.68 18.48
2428 83.12 66.71 140.50 22.68 28.02
2429 83.23 34.36 85.47 22.38 18.16
2430 83.15 38.36 88.58 25.29 18.94
2431 83.23 80.26 20.49 17.60 30.59
2432 83.20 45.50 114.95 22.87 19.69
2433 83.11 51.18 148.85 23.49 19.48
2434 83.23 54.79 157.09 24.42 18.27
2435 83.31 41.79 94.84 23.56 17.99
2436 83.38 52.97 160.75 24.24 18.99
2437 83.51 27.38 81.67 23.35 17.66
2438 83.45 62.42 170.50 22.51 22.21
2439 83.53 18.63 78.26 19.66 14.09
2440 83.62 78.02 24.68 17.77 38.53
2441 83.57 36.60 73.43 21.15 16.72
2442 83.61 29.34 76.91 20.64 18.31
2443 83.62 47.52 109.37 23.98 17.16
2444 83.70 58.44 162.74 21.67 18.37
2445 83.77 32.06 67.79 22.77 17.27
2446 83.50 70.27 118.33 20.67 28.44
2447 83.81 49.49 128.72 22.37 16.88
2448 83.82 40.04 70.90 21.66 17.40
2449 83.98 75.63 38.96 17.26 38.74
2450 83.79 64.57 170.04 22.75 21.70
2451 83.88 44.02 71.05 21.37 15.99
2452 84.15 72.79 86.59 18.74 27.37
2453 84.06 68.55 150.98 20.99 24.60
2454 83.99 60.68 152.45 21.68 17.51
2455 84.10 56.54 137.96 19.74 17.46
2456 84.13 23.99 74.51 19.05 17.11
2457 84.16 51.48 118.61 22.72 17.05
2458 84.37 22.00 76.87 19.92 14.89
2459 84.11 70.81 120.55 19.63 36.43
2460 84.37 33.75 60.59 21.80 17.69
2461 84.35 53.96 123.79 22.02 17.50
2462 84.53 20.27 58.09 18.86 13.60
2463 84.51 26.09 61.21 21.43 17.60
2464 84.41 38.25 59.09 21.91 17.31
2465 84.55 35.67 56.13 21.99 16.42
2466 84.36 42.08 59.07 22.34 16.78
2467 84.40 45.96 67.92 22.09 16.53
2468 84.49 66.26 159.09 20.20 19.96
2469 84.57 30.36 51.12 22.88 16.75
2470 84.71 63.59 145.06 21.76 19.53
2471 84.67 18.46 51.90 16.81 9.96
2472 84.62 47.94 70.52 21.67 15.57
2473 84.90 28.16 48.15 21.07 16.39
2474 84.96 77.03 34.06 16.19 28.99
2475 84.88 59.47 127.34 23.40 17.08
2476 84.97 74.30 65.79 17.82 26.15
2477 84.99 39.99 47.84 22.98 15.54
2478 84.94 44.04 49.76 22.01 15.15
2479 85.06 50.04 77.38 21.79 15.15
2480 85.02 55.45 104.54 22.04 19.00
2481 85.31 32.21 44.21 21.34 15.52
2482 85.18 61.66 124.34 21.75 16.34
2483 85.30 71.07 139.80 18.24 19.93
2484 85.21 52.07 88.15 21.55 15.73
2485 85.30 57.67 105.89 20.62 15.18
2486 85.36 68.79 178.19 19.60 17.89
2487 85.46 23.37 47.77 20.69 14.19
2488 85.34 37.00 38.56 22.66 14.75
2489 85.40 42.02 44.72 21.00 14.59
2490 85.45 46.15 56.15 20.14 15.62
2491 85.51 25.10 49.29 20.18 15.50
2492 85.51 48.11 53.64 21.51 15.81
2493 85.65 53.77 78.85 18.92 14.45
2494 85.36 78.23 27.41 13.94 14.12
2495 85.62 34.60 38.98 21.10 15.60
2496 85.60 66.68 166.71 20.42 16.59
2497 85.68 76.05 56.90 15.63 13.09
2498 85.98 21.29 37.84 18.04 11.37
2499 85.80 29.81 36.79 20.28 15.30
2500 85.90 64.73 144.46 20.53 15.01
2501 85.88 38.47 36.24 20.80 12.99
2502 85.88 44.02 42.80 20.71 13.96
2503 86.26 73.08 130.54 15.86 15.93
2504 85.91 78.63 24.04 11.87 11.28
2505 86.03 56.36 80.37 20.45 15.23
2506 86.18 27.46 37.34 22.64 15.17
2507 86.26 40.52 37.24 21.08 14.22
2508 86.22 49.87 50.09 19.60 14.23
2509 86.15 60.50 78.75 20.95 14.48
2510 86.30 62.77 97.68 19.56 12.88
2511 86.29 51.71 52.18 21.62 13.19
2512 86.48 36.31 33.33 22.18 14.48
2513 86.54 58.65 66.52 19.13 13.25
2514 86.35 25.10 33.62 19.78 12.55
2515 86.53 33.53 31.71 20.26 13.54
2516 86.62 42.27 36.40 19.13 13.01
2517 86.55 45.82 40.62 20.46 13.15
2518 86.55 47.87 42.79 20.70 12.55
2519 86.64 69.58 157.14 17.21 14.17
2520 86.62 54.99 60.19 18.54 14.35
2521 86.85 66.77 139.17 18.32 13.97
2522 86.76 22.64 31.84 16.36 12.71
2523 86.89 24.31 30.71 19.57 14.20
2524 87.12 29.00 29.04 19.89 14.95
2525 87.02 53.23 51.75 18.66 12.73
2526 87.15 71.51 130.71 14.63 14.08
2527 86.97 43.99 35.65 20.24 12.24
2528 87.05 76.23 68.00 13.25 12.07
2529 87.10 26.49 27.18 22.75 12.60
2530 87.25 57.11 59.50 20.13 13.10
2531 87.29 39.30 28.78 20.37 13.14
2532 87.38 64.96 105.59 18.50 13.30
2533 87.31 60.81 58.56 18.79 11.56
2534 87.28 35.06 29.47 20.50 13.45
2535 87.46 49.51 35.34 19.16 12.88
2536 87.50 51.35 38.11 19.18 10.57
2537 87.65 74.49 92.39 13.01 9.04
2538 87.25 32.96 24.55 23.40 12.60
2539 87.62 37.36 25.75 21.53 12.62
2540 87.54 62.83 69.91 18.14 12.70
2541 87.64 47.43 34.36 18.71 12.60
2542 87.32 28.15 22.22 28.67 11.78
2543 87.64 41.04 26.95 17.89 12.68
2544 87.82 45.31 32.03 20.10 11.40
2545 87.72 55.15 46.40 18.91 13.00
2546 87.95 22.76 21.22 17.56 10.48
2547 87.53 42.99 30.33 20.08 9.75
2548 87.58 27.40 25.00 20.84 14.53
2549 87.76 32.14 27.29 18.73 14.23
2550 87.90 59.31 47.68 18.40 11.64
2551 87.87 24.80 24.04 18.40 10.44
2552 88.09 69.82 121.24 15.11 11.32
2553 87.89 25.93 24.57 18.63 13.07
2554 88.06 66.85 95.99 18.00 11.35
2555 88.19 72.39 112.09 13.40 10.20
2556 88.10 42.98 28.18 18.95 12.34
2557 88.15 30.62 23.75 21.34 12.95
2558 87.96 23.73 23.43 18.21 11.93
2559 88.19 53.25 34.58 20.65 11.40
2560 88.17 35.74 20.06 23.17 11.00
2561 88.48 33.41 23.33 22.68 12.40
2562 88.11 40.38 24.50 21.50 10.00
2563 88.37 57.36 41.35 20.06 12.09
2564 88.22 29.29 22.40 19.90 13.10
2565 88.30 38.60 22.25 21.80 10.45
2566 88.43 27.98 23.00 18.08 12.68
2567 88.21 39.41 29.50 21.50 10.50
2568 88.61 61.55 45.22 18.68 11.01
2569 88.67 64.07 56.89 16.56 10.87
2570 88.62 48.81 27.89 19.85 10.57
2571 88.74 51.14 28.71 18.80 10.65
2572 88.45 34.51 27.26 19.84 11.32
2573 88.86 41.66 23.22 18.72 10.96
2574 88.61 39.84 22.02 19.85 11.83
2575 88.69 25.23 16.41 19.59 9.70
2576 89.05 74.15 83.94 12.46 6.24
2577 88.85 44.08 23.81 19.76 10.65
2578 88.86 46.67 23.21 18.64 10.18
2579 89.15 59.55 36.19 16.84 9.94
2580 89.10 66.29 62.68 15.79 9.58
2581 89.13 23.80 17.96 16.38 9.36
2582 88.89 29.02 15.88 23.19 11.85
2583 89.19 32.20 19.85 19.33 12.45
2584 89.29 53.44 26.76 17.30 10.57
2585 89.26 68.61 78.90 14.87 10.04
2586 89.38 30.37 19.77 18.65 11.42
2587 89.35 70.83 101.10 14.23 8.02
2588 89.26 27.55 16.46 19.68 11.03
2589 89.16 25.76 17.62 17.15 12.54
2590 89.34 72.64 81.31 13.67 6.62
2591 89.31 39.99 19.65 21.23 10.16
2592 89.66 57.39 29.11 18.44 9.16
2593 89.24 43.04 19.14 24.86 8.14
2594 89.74 50.04 21.97 17.97 9.92
2595 89.89 55.43 25.81 18.67 10.30
2596 89.93 62.99 38.85 16.23 9.58
2597 89.59 44.41 20.60 20.69 9.37
2598 89.69 47.69 20.84 21.03 9.27
2599 89.64 51.86 24.52 20.72 9.45
2600 89.89 60.96 37.26 15.87 10.16
2601 90.05 64.92 42.30 15.87 9.52
2602 89.90 40.72 19.31 22.36 11.92
2603 89.99 29.43 15.03 21.39 10.00
2604 90.16 27.99 18.07 18.82 11.34
2605 90.25 43.38 19.37 21.12 10.87
2606 90.34 67.36 56.09 14.44 8.65
2607 90.35 52.61 23.53 19.26 9.88
2608 90.45 31.51 20.00 17.53 11.82
2609 90.54 69.93 62.53 13.01 7.35
2610 90.49 35.36 17.48 19.72 10.43
2611 90.33 45.18 18.80 19.20 10.02
2612 90.68 25.49 16.46 14.46 9.21
2613 90.63 39.73 21.00 16.87 10.77
2614 90.82 50.18 20.62 19.20 8.80
2615 90.78 51.34 24.30 15.65 10.30
2616 90.98 57.09 22.77 17.05 9.10
2617 91.08 61.53 26.84 15.18 8.92
2618 91.14 54.74 22.06 17.32 9.63
2619 90.94 41.66 20.48 17.90 10.00
2620 91.12 65.67 35.33 14.41 7.12
2621 91.29 64.01 27.74 14.47 7.83
2622 91.18 42.70 15.07 21.34 9.62
2623 91.01 29.61 14.75 20.33 11.00
2624 91.15 45.17 15.05 19.88 8.84
2625 91.25 28.63 12.42 18.37 9.77
2626 91.18 52.13 20.70 18.30 8.65
2627 91.64 68.70 30.50 12.63 6.24
2628 91.52 39.16 17.26 20.03 8.82
2629 91.48 66.78 36.55 14.55 6.53
2630 91.39 43.82 15.17 19.24 9.21
2631 91.34 49.86 15.60 21.40 8.90
2632 91.52 53.26 19.88 16.64 8.42
2633 91.56 48.84 21.54 19.08 9.23
2634 91.69 51.49 20.18 16.94 7.47
2635 91.57 50.43 18.12 23.25 7.25
2636 91.68 45.60 18.06 15.50 8.69
2637 91.90 28.00 14.46 16.61 8.15
2638 91.97 58.18 20.88 15.88 8.00
2639 91.91 55.30 22.00 14.71 8.32
2640 91.93 49.53 20.83 17.22 8.70
2641 92.02 56.48 21.03 15.80 8.54
2642 92.36 62.69 22.18 13.45 7.08
2643 92.11 35.90 18.54 18.96 10.29
2644 92.02 52.80 17.74 17.21 9.44
2645 92.19 30.80 17.91 17.04 8.65
2646 92.36 50.70 16.85 18.81 8.25
2647 92.32 66.61 24.92 13.34 6.48
2648 92.63 44.21 16.45 18.72 9.08
2649 92.37 54.50 18.60 17.23 8.03
2650 92.13 64.08 22.38 15.88 6.25
2651 92.47 46.71 14.37 20.61 8.39
2652 92.61 29.61 12.32 17.89 8.75
2653 92.70 34.91 16.09 18.00 9.89
2654 92.88 64.59 18.85 13.47 6.52
2655 92.66 37.43 14.70 16.73 9.62
2656 92.62 53.43 19.69 17.72 7.97
2657 92.99 45.51 14.51 18.39 8.02
2658 92.97 48.32 19.22 16.99 8.67
2659 92.95 61.31 19.12 15.62 6.86
2660 92.81 58.83 20.00 10.40 6.00
2661 93.26 52.17 18.17 16.81 8.74
2662 93.29 59.74 17.37 16.29 6.47
2663 93.37 58.15 18.42 15.45 7.10
2664 93.33 33.40 14.43 17.96 8.98
2665 93.46 46.80 18.92 17.41 7.64
2666 93.21 52.93 16.40 22.70 8.00
2667 93.43 41.95 14.62 16.59 8.67
2668 93.57 30.41 13.74 17.04 7.75
2669 93.47 40.23 15.52 18.69 8.67
2670 94.27 62.97 15.05 13.18 5.12
2671 93.82 54.98 16.88 17.63 7.04
2672 93.92 44.57 14.74 17.67 7.86
2673 93.65 45.23 16.25 22.25 10.75
2674 93.88 51.36 15.13 17.50 7.57
2675 93.94 53.58 18.81 16.03 6.92
2676 93.90 63.39 18.47 11.38 5.91
2677 94.02 38.94 15.41 18.78 8.83
2678 93.94 45.91 14.00 18.00 9.35
2679 94.16 41.91 15.08 18.12 8.60
2680 94.14 56.62 15.70 15.77 6.62
2681 94.09 48.08 19.28 14.40 7.22
2682 94.39 35.74 12.73 17.84 7.45
2683 94.20 37.37 14.37 17.47 7.32
2684 94.28 59.31 15.44 15.61 6.80
2685 94.39 40.13 17.89 17.26 8.91
2686 94.39 31.66 12.24 16.45 7.10
2687 94.33 52.16 12.90 18.23 7.00
2688 94.22 58.06 15.50 15.50 7.62
2689 94.68 33.19 9.83 16.83 7.37
2690 94.51 47.59 16.25 22.00 9.00
2691 94.77 55.05 17.09 15.97 5.94
2692 94.90 53.35 14.76 16.45 7.25
2693 94.79 61.51 13.68 13.74 5.47
2694 94.83 38.01 16.82 15.73 7.86
2695 94.98 39.06 14.00 18.04 8.36
2696 94.72 47.06 15.14 17.71 5.29
2697 95.04 41.95 17.59 15.02 6.93
2698 94.68 43.81 12.50 17.00 6.50
2699 94.92 44.52 16.50 15.32 7.94
2700 94.99 45.91 16.77 15.60 7.67
2701 94.96 36.95 15.18 14.65 7.82
2702 95.47 59.42 15.03 12.72 5.54
2703 95.15 51.61 14.98 16.75 6.43
2704 95.22 47.48 13.47 15.59 7.53
2705 95.12 32.47 11.30 14.80 6.50
2706 95.43 49.19 16.30 15.85 6.49
2707 95.23 55.50 17.71 14.57 6.00
2708 95.58 56.62 14.36 14.34 6.52
2709 95.55 37.21 11.66 16.93 6.77
2710 95.43 40.20 11.94 16.97 8.06
2711 95.90 44.96 16.30 16.91 6.61
2712 95.61 54.03 16.14 13.95 7.12
2713 95.58 46.41 13.71 17.58 6.17
2714 95.52 43.74 20.33 15.67 6.33
2715 95.86 42.92 13.42 15.45 6.74
2716 96.16 51.38 16.43 15.82 5.80
2717 96.35 40.07 14.41 14.86 6.76
2718 96.40 37.86 13.66 14.93 6.37
2719 96.14 55.63 16.63 12.26 5.85
2720 96.16 54.15 12.89 17.22 7.00
2721 96.77 49.45 12.91 15.99 6.96
2722 96.38 56.55 9.91 15.45 6.00
2723 96.60 43.28 15.38 14.53 5.71
2724 96.76 55.06 13.96 13.03 4.97
2725 96.85 44.93 12.28 16.17 7.11
2726 97.32 43.79 11.54 14.84 5.75
2727 97.65 51.39 12.19 13.13 4.71
2728 97.81 46.00 10.98 13.14 5.20
2729 98.12 50.86 12.48 9.84 4.84
2730 98.52 45.86 9.58 12.11 3.89
2731 98.54 44.56 8.81 12.33 5.56

