0.012
0.168
0.095
0.085
0.093
0.072
0.103
0.092
0.103
0.09
0.095
0.088
0.127
0.086
0.097
0.14
0.135
0.135
0.152
0.141
0.818
0.858
0.82
0.842
0.833
0.848
0.852
0.827
0.849
0.837
0.844
0.828
0.865
0.818
0.829
0.84
0.849
0.865
0.156
0.155
0.122
0.148
0.154
0.147
0.154
0.136
0.145
0.016
0.071
0.064
0.059
0.061
0.061
0.062
0.058
0.065
0.065
0.06
0.493
0.069
0.057
0.08
0.283
0.292
0.293
0.299
0.277
0.269
0.318
0.293
0.315
0.291
0.287
0.274
0.17
0.167
0.708
0.687
0.687
0.692
0.698
0.697
0.695
0.016
0.018
0.012
0.018
0.012
0.013
0.022
0.01
0.015
0.012
0.013
0.019
0.016
0.016
0.015
0.017
0.023
