0.005
0.138
0.058
0.056
0.063
0.055
0.067
0.063
0.063
0.055
0.053
0.053
0.095
0.051
0.065
0.106
0.098
0.091
0.116
0.103
0.876
0.902
0.873
0.893
0.87
0.907
0.898
0.87
0.892
0.875
0.899
0.868
0.896
0.877
0.888
0.886
0.882
0.905
0.118
0.111
0.1
0.11
0.114
0.108
0.106
0.092
0.113
0.005
0.025
0.024
0.019
0.021
0.024
0.029
0.024
0.03
0.026
0.027
0.396
0.034
0.025
0.031
0.21
0.212
0.218
0.213
0.217
0.19
0.241
0.224
0.242
0.205
0.213
0.208
0.145
0.156
0.792
0.765
0.764
0.773
0.781
0.785
0.776
0.006
0.006
0.005
0.007
0.008
0.01
0.009
0.002
0.004
0.008
0.007
0.009
0.007
0.004
0.006
0.012
0.009
