0.053
0.23
0.184
0.172
0.188
0.17
0.177
0.194
0.186
0.166
0.182
0.177
0.183
0.152
0.181
0.201
0.204
0.204
0.209
0.229
0.715
0.743
0.711
0.695
0.728
0.715
0.706
0.702
0.716
0.721
0.706
0.717
0.729
0.684
0.695
0.72
0.704
0.732
0.208
0.212
0.194
0.204
0.217
0.216
0.213
0.194
0.194
0.058
0.21
0.203
0.212
0.176
0.189
0.209
0.204
0.217
0.204
0.215
0.605
0.194
0.203
0.18
0.367
0.351
0.363
0.353
0.356
0.371
0.382
0.354
0.344
0.37
0.376
0.349
0.21
0.218
0.535
0.469
0.51
0.498
0.519
0.524
0.482
0.045
0.062
0.053
0.07
0.05
0.06
0.068
0.052
0.055
0.068
0.052
0.059
0.063
0.054
0.069
0.066
0.06
