#<Embryo name> <Cleavage cycle> <Temporal class> <Genes>
rf1 14A 6 even-skipped Kruppel hunchback

#Quantitative data
#<Nucleus number> <A-P coordinate> <D-V coordinate> <Fluorescence intensity: channel 1 - eve, channel 2 - Kr, channel 3 - hb>
0 2.45 48.08 12.56 13.41 40.47
1 3.05 50.81 13.36 13.86 47.72
2 3.54 45.98 14.68 14.60 52.99
3 3.59 53.41 13.03 13.72 51.21
4 4.04 48.37 14.13 14.62 51.94
5 4.28 58.24 12.86 14.85 56.25
6 4.35 55.78 14.18 14.20 63.65
7 4.64 51.16 16.11 14.91 55.55
8 5.22 53.87 16.39 16.53 64.71
9 5.28 40.29 17.27 20.56 64.25
10 5.27 43.02 16.11 20.05 66.38
11 5.26 45.53 16.04 18.04 64.14
12 5.47 48.05 16.57 19.02 68.11
13 5.85 56.71 15.79 15.80 76.35
14 5.78 60.08 14.86 16.68 83.60
15 6.05 50.40 17.76 18.27 78.89
16 5.94 58.69 14.84 16.91 80.89
17 6.42 52.78 18.00 18.89 85.75
18 6.22 62.51 12.82 15.00 73.51
19 6.58 41.76 18.72 21.28 76.06
20 6.73 39.34 17.46 22.42 67.12
21 6.93 43.90 17.88 21.80 84.38
22 6.63 55.09 17.05 17.94 92.37
23 6.92 46.11 17.19 23.05 82.87
24 6.49 59.28 14.60 15.24 69.52
25 6.95 48.52 18.91 21.75 90.01
26 7.28 37.04 17.60 25.11 75.29
27 7.22 61.46 16.41 19.73 104.94
28 7.61 57.10 17.37 19.92 98.07
29 7.47 51.26 18.85 22.32 103.19
30 7.71 59.36 18.76 19.58 114.20
31 7.47 54.63 18.78 18.64 80.02
32 7.97 63.71 17.02 17.11 98.92
33 8.13 41.67 18.75 23.81 92.40
34 8.12 39.09 20.96 24.44 90.82
35 8.23 47.24 18.98 23.72 101.87
36 8.52 53.03 19.33 23.26 105.82
37 8.52 35.42 17.95 24.81 88.17
38 8.54 49.89 19.89 23.89 106.58
39 8.57 44.20 18.24 23.06 91.82
40 8.99 55.45 19.88 24.04 109.47
41 8.80 61.35 19.18 24.65 127.46
42 9.20 37.55 19.58 24.76 101.39
43 9.28 58.60 18.64 22.76 131.67
44 9.58 39.96 21.61 24.78 113.82
45 9.49 46.21 22.10 29.10 114.98
46 9.67 32.91 16.58 21.33 78.91
47 9.81 66.06 17.83 17.41 130.38
48 9.81 42.22 22.02 25.37 112.15
49 9.81 48.78 22.02 26.59 125.64
50 9.85 63.40 17.89 18.35 134.82
51 9.89 51.72 20.34 27.16 128.16
52 10.11 35.60 20.10 24.26 112.34
53 10.48 44.55 22.11 29.64 125.75
54 10.35 56.84 19.97 26.88 143.32
55 10.53 54.17 21.28 24.61 136.14
56 10.40 60.73 21.38 21.36 140.90
57 10.74 38.19 20.02 27.24 115.75
58 10.98 31.37 15.58 19.62 90.25
59 11.06 47.04 21.58 30.91 126.30
60 11.05 49.94 22.45 30.93 140.78
61 11.28 40.43 21.10 25.17 129.54
62 11.29 58.70 21.53 27.23 162.25
63 11.34 33.88 19.12 21.33 112.87
64 11.42 66.24 17.28 17.82 147.92
65 11.33 68.90 16.48 16.12 141.57
66 11.45 63.46 19.27 20.78 155.59
67 11.49 42.81 23.33 32.07 141.80
68 11.57 36.24 21.83 24.29 130.16
69 11.67 52.50 22.76 33.01 151.22
70 11.77 71.44 14.58 13.71 103.71
71 11.83 56.19 21.41 25.98 160.47
72 12.00 60.89 20.69 24.14 160.30
73 12.25 44.75 21.57 27.22 144.38
74 12.55 38.52 20.62 23.41 131.95
75 12.52 32.09 18.26 21.28 124.60
76 12.40 49.97 22.03 29.99 153.73
77 12.63 47.38 22.21 28.01 147.10
78 12.75 54.11 23.37 29.76 176.98
79 12.74 29.20 17.68 16.81 108.69
80 12.76 65.05 20.39 17.89 160.41
81 12.89 41.72 19.84 26.38 125.63
82 12.94 58.22 21.76 24.85 156.55
83 12.88 35.44 19.22 22.66 129.85
84 12.89 68.74 17.62 15.12 152.50
85 13.02 72.31 16.24 13.27 129.36
86 13.27 62.66 20.45 21.15 167.39
87 13.49 51.90 23.80 32.94 171.74
88 13.71 55.87 21.78 30.14 169.74
89 13.61 26.99 17.48 16.59 107.08
90 13.86 60.30 22.14 24.38 163.22
91 13.69 45.53 21.70 29.70 145.82
92 13.97 66.36 20.24 18.07 168.95
93 14.01 33.98 18.10 19.54 125.27
94 13.86 49.39 22.10 27.66 166.04
95 13.91 31.12 18.55 19.15 129.50
96 14.10 37.19 20.16 23.11 141.32
97 14.06 39.89 21.46 28.06 151.76
98 14.14 70.99 19.48 14.48 155.14
99 14.41 42.92 21.75 26.67 159.41
100 14.64 53.60 22.40 31.20 175.18
101 14.69 73.71 17.47 12.98 128.54
102 14.77 57.43 23.11 24.28 168.93
103 14.73 63.40 20.52 20.56 154.37
104 14.77 68.58 21.01 16.51 156.48
105 15.00 29.28 17.26 17.03 127.20
106 15.02 48.28 22.88 25.93 171.66
107 15.05 26.27 15.29 16.51 124.02
108 15.14 45.71 22.64 27.61 175.33
109 15.19 50.99 21.56 27.30 179.00
110 15.31 32.49 19.99 19.53 147.96
111 15.40 59.50 21.87 25.75 175.46
112 15.43 35.47 20.85 23.10 152.17
113 15.53 41.21 21.95 27.16 170.78
114 15.51 38.35 23.14 24.57 156.96
115 15.83 55.16 23.78 24.96 179.80
116 15.81 66.25 20.57 18.14 151.19
117 15.79 71.54 19.00 14.62 131.97
118 16.08 43.81 22.59 24.96 168.14
119 16.10 61.37 22.89 22.26 181.54
120 16.25 74.29 17.58 13.74 123.96
121 16.34 52.67 23.29 25.08 177.61
122 16.30 63.68 20.71 19.59 178.46
123 16.42 47.37 22.61 24.09 185.58
124 16.29 69.03 21.44 17.09 153.70
125 16.54 31.10 19.74 18.84 140.70
126 16.47 57.17 23.16 23.80 175.40
127 16.40 27.88 18.37 16.55 137.74
128 16.66 24.97 15.04 14.10 115.34
129 16.73 49.70 22.41 24.40 177.39
130 16.80 33.96 18.47 19.00 152.66
131 16.75 40.01 21.18 23.05 160.57
132 16.61 36.87 20.29 21.38 151.74
133 17.26 59.00 22.83 21.65 175.45
134 17.23 76.78 15.17 13.14 103.26
135 17.40 45.63 22.75 23.02 178.71
136 17.54 43.00 23.13 22.85 164.76
137 17.35 65.07 22.62 18.97 167.97
138 17.40 71.38 18.98 14.61 127.82
139 17.47 55.24 22.82 24.43 182.62
140 17.52 68.36 20.87 16.41 140.94
141 17.37 36.32 21.98 21.08 140.98
142 17.62 61.35 21.62 20.53 173.27
143 17.67 29.42 20.47 19.09 151.16
144 17.70 74.16 19.08 15.12 129.49
145 17.65 51.65 22.85 23.89 181.46
146 17.95 38.39 22.49 22.93 160.71
147 18.06 26.92 17.68 15.57 137.88
148 18.24 23.90 15.92 14.24 127.39
149 18.24 47.93 22.46 22.61 174.67
150 18.11 32.00 18.76 19.62 161.86
151 18.22 40.83 22.13 22.19 178.28
152 18.31 34.70 21.75 20.28 162.86
153 18.52 53.66 23.12 23.88 193.58
154 18.47 62.96 22.97 19.92 179.36
155 18.62 56.90 22.52 20.62 171.20
156 18.49 66.33 21.36 19.03 170.08
157 18.80 49.99 23.21 24.05 190.25
158 18.77 69.65 21.76 17.42 145.28
159 18.91 77.70 18.09 12.47 100.47
160 19.10 37.09 22.67 22.28 178.37
161 18.88 45.06 23.56 23.14 176.91
162 19.02 75.05 19.80 13.95 119.35
163 19.12 72.29 19.70 15.38 126.80
164 19.07 60.31 20.78 20.24 166.42
165 19.25 42.42 24.76 22.21 173.06
166 19.26 29.44 18.70 16.93 150.24
167 19.25 21.42 17.70 13.97 124.17
168 19.40 25.66 18.18 15.51 151.08
169 19.46 64.52 22.63 20.19 162.08
170 19.28 79.82 15.24 11.69 75.31
171 19.57 39.56 22.31 21.95 181.46
172 19.57 32.48 20.66 20.02 161.26
173 19.73 51.78 23.48 22.17 176.52
174 19.68 67.33 22.96 18.11 151.50
175 19.84 35.09 21.31 20.21 169.75
176 19.87 58.14 22.39 21.53 182.10
177 19.70 27.09 19.59 16.96 146.02
178 19.98 54.10 23.55 22.98 183.13
179 19.85 46.82 24.04 23.08 183.94
180 20.22 23.24 19.44 15.45 142.08
181 20.23 62.41 22.61 19.74 167.23
182 20.28 49.34 24.22 23.12 183.83
183 20.36 75.96 20.67 13.80 111.45
184 20.55 56.08 22.40 22.25 184.34
185 20.19 70.00 22.97 18.14 140.58
186 20.38 43.47 24.76 23.29 190.84
187 20.40 78.86 18.00 12.90 109.43
188 20.38 81.26 16.40 12.72 90.24
189 20.46 20.30 15.00 12.61 115.14
190 20.59 72.87 21.48 14.76 118.88
191 20.68 31.10 20.37 18.55 165.65
192 20.89 28.09 19.90 17.04 158.85
193 20.87 37.70 23.24 20.95 183.86
194 20.77 59.92 23.49 21.49 181.39
195 20.84 40.33 23.01 22.09 180.07
196 20.80 64.88 25.18 19.62 159.35
197 21.04 25.37 20.17 17.00 157.06
198 21.21 45.41 25.60 24.16 188.43
199 21.05 67.57 23.12 18.12 147.76
200 21.15 34.71 22.10 19.52 168.84
201 21.26 47.59 25.13 24.52 205.81
202 21.36 17.86 17.35 13.54 116.22
203 21.38 51.37 24.82 22.87 191.17
204 21.16 20.34 16.34 14.37 124.95
205 21.59 53.44 26.63 23.77 193.66
206 21.62 70.02 26.42 18.75 147.61
207 21.67 42.68 25.99 23.09 187.53
208 21.75 57.86 24.69 21.50 191.56
209 21.77 77.56 22.40 14.05 111.08
210 21.76 61.40 25.20 21.35 173.68
211 21.68 74.66 23.10 15.11 127.10
212 21.74 80.18 20.70 12.56 106.88
213 21.87 32.68 24.01 20.84 173.26
214 22.02 49.26 26.61 25.35 199.79
215 22.18 22.82 18.32 15.26 127.36
216 22.06 30.01 21.07 19.65 169.33
217 22.06 63.60 23.45 21.67 168.84
218 22.10 55.54 25.95 22.63 192.74
219 22.17 36.65 22.54 21.78 197.82
220 22.21 65.80 26.02 20.00 157.72
221 22.03 72.30 25.75 17.36 139.27
222 22.29 40.26 23.86 23.03 198.07
223 22.56 19.51 18.32 13.99 127.73
224 22.40 25.44 20.33 16.61 155.58
225 22.49 67.78 25.87 19.13 146.10
226 22.64 59.60 24.73 22.46 187.52
227 22.81 28.10 22.04 17.21 158.30
228 22.91 16.43 17.41 13.11 118.08
229 22.68 45.04 26.61 23.42 193.42
230 22.84 47.49 26.72 23.30 196.23
231 22.75 81.71 30.66 13.12 110.70
232 22.90 34.76 23.64 21.05 184.69
233 23.00 38.36 25.95 23.54 196.19
234 23.00 50.56 25.71 23.74 190.15
235 22.96 74.20 28.35 16.10 129.56
236 23.03 42.74 26.40 23.43 199.09
237 23.15 53.07 26.32 23.72 188.40
238 23.14 69.69 26.50 17.76 145.27
239 23.15 32.27 24.86 20.71 173.92
240 23.19 76.57 32.18 15.67 129.45
241 23.31 78.99 36.73 14.08 118.18
242 23.40 57.61 26.66 22.91 185.13
243 23.15 62.29 23.96 21.51 169.08
244 23.31 71.94 30.15 17.58 144.52
245 23.59 21.49 21.60 14.48 147.88
246 23.45 55.30 28.24 24.45 200.31
247 23.53 65.13 25.60 21.27 162.92
248 23.82 30.35 25.26 18.82 172.90
249 23.72 26.06 24.33 18.99 167.76
250 23.70 40.77 25.30 24.36 196.62
251 23.68 83.70 43.51 11.63 85.81
252 24.20 24.01 24.61 17.05 156.87
253 24.10 36.47 27.16 22.57 188.36
254 23.95 67.40 26.91 19.42 150.29
255 23.89 46.30 28.28 25.11 207.76
256 23.92 60.19 25.99 21.62 173.69
257 24.02 80.99 70.63 14.05 115.80
258 24.34 18.83 22.70 13.63 128.82
259 24.19 44.07 27.29 24.48 207.23
260 24.24 48.90 28.82 23.53 187.65
261 24.20 51.42 30.19 24.90 202.21
262 24.31 34.16 24.69 20.27 176.04
263 24.45 15.44 23.53 13.02 117.07
264 24.30 63.22 27.60 21.66 177.21
265 24.23 73.25 37.60 17.04 140.27
266 24.41 28.15 26.01 18.93 170.98
267 24.40 38.96 27.31 23.49 200.36
268 24.41 70.22 33.55 17.69 143.22
269 24.55 76.37 48.76 15.83 114.54
270 24.76 53.49 28.43 24.44 178.39
271 24.67 55.92 28.49 24.16 188.75
272 24.83 41.86 26.82 23.30 197.12
273 24.86 31.90 28.16 21.07 196.85
274 24.81 58.36 27.38 22.96 174.23
275 25.11 79.90 108.79 14.96 121.06
276 25.06 65.50 31.59 20.69 154.06
277 25.04 61.27 30.23 21.71 175.52
278 25.00 83.01 115.49 13.00 98.83
279 25.02 47.03 29.66 24.70 204.61
280 25.18 22.02 28.51 15.70 143.51
281 25.11 68.25 38.60 19.80 168.38
282 25.33 26.32 29.55 18.34 164.10
283 25.46 29.64 29.27 20.06 175.14
284 25.36 44.72 30.31 24.64 211.40
285 25.30 73.06 62.32 17.20 140.78
286 25.43 38.18 31.52 23.07 195.57
287 25.35 50.87 32.20 26.23 205.03
288 25.58 63.32 34.60 22.05 174.00
289 25.58 70.43 57.23 20.21 156.73
290 25.81 36.10 32.20 23.06 197.84
291 25.67 33.84 30.54 21.50 189.12
292 25.72 85.23 120.76 13.05 87.98
293 25.55 78.08 120.86 16.38 125.46
294 25.97 16.89 38.16 14.31 133.85
295 25.87 19.65 35.19 15.39 142.22
296 25.83 48.67 33.84 25.36 193.52
297 25.88 59.47 31.61 22.96 181.40
298 26.13 14.13 40.15 12.78 122.87
299 25.94 54.57 35.05 24.73 185.85
300 25.88 56.82 36.08 25.60 185.34
301 25.93 40.51 32.70 25.25 205.08
302 25.95 42.83 32.88 25.63 202.29
303 26.24 24.42 51.34 17.84 157.89
304 26.05 75.09 116.29 18.41 144.20
305 26.06 67.04 58.56 21.40 165.71
306 26.09 77.15 143.67 16.47 124.63
307 26.22 52.39 36.10 24.33 191.68
308 26.30 31.86 35.77 21.00 194.33
309 26.31 46.50 34.06 24.96 203.79
310 26.38 82.81 170.14 14.55 95.51
311 26.44 61.61 42.95 23.82 173.62
312 26.59 27.07 54.93 20.28 166.47
313 26.53 72.15 166.65 20.02 141.57
314 26.59 79.65 182.18 16.37 115.01
315 26.72 21.85 59.64 15.82 144.30
316 26.60 64.62 50.91 21.49 167.78
317 26.68 29.50 47.73 20.91 186.33
318 26.66 38.60 41.97 24.39 202.69
319 26.70 50.08 38.94 24.26 215.21
320 26.85 69.60 133.17 20.81 153.15
321 26.83 86.66 110.51 12.81 76.23
322 26.81 44.38 39.73 26.23 211.58
323 26.93 34.32 47.54 22.65 194.52
324 26.91 58.25 41.53 24.40 183.63
325 27.05 41.53 41.65 24.53 192.81
326 27.09 56.06 43.55 24.82 196.96
327 27.28 18.87 96.06 16.27 159.09
328 27.28 53.94 51.79 24.86 189.71
329 27.35 36.63 46.20 23.16 205.43
330 27.18 67.00 136.61 22.54 167.73
331 27.37 75.82 175.69 17.81 125.06
332 27.55 48.65 45.87 26.39 198.54
333 27.47 60.23 54.34 23.34 165.99
334 27.47 84.21 148.72 14.68 102.65
335 27.78 16.47 121.81 14.42 125.60
336 27.60 62.51 86.44 22.30 189.67
337 27.47 51.74 52.24 25.08 182.58
338 27.50 46.37 59.03 28.65 232.60
339 27.64 12.94 115.18 13.79 111.54
340 27.55 31.86 64.44 21.38 178.01
341 27.80 23.91 160.98 17.43 146.58
342 27.63 73.02 204.53 19.85 131.63
343 27.94 26.46 154.16 20.03 168.97
344 27.82 28.97 118.84 21.16 181.88
345 27.79 82.23 164.33 16.22 101.31
346 27.82 38.96 75.39 23.94 208.96
347 27.84 64.46 157.95 23.39 175.87
348 27.87 78.51 194.76 18.24 127.84
349 27.86 80.77 189.96 16.15 115.55
350 28.04 43.50 59.33 26.23 206.93
351 27.84 88.20 76.49 11.86 55.18
352 28.08 68.75 197.59 22.89 168.02
353 28.19 21.29 174.20 18.79 160.20
354 28.13 58.00 93.82 24.02 180.83
355 28.23 34.85 114.85 25.31 199.11
356 28.21 55.22 97.43 28.18 225.71
357 28.23 41.28 76.37 26.24 211.05
358 28.40 71.14 218.15 19.81 157.86
359 28.44 86.06 97.75 13.66 103.00
360 28.37 66.33 203.61 23.08 174.89
361 28.56 45.36 110.09 29.26 210.88
362 28.56 50.31 81.47 26.71 204.03
363 28.57 52.70 125.99 27.40 204.54
364 28.91 11.06 133.50 13.33 86.03
365 28.65 32.89 150.23 25.22 202.98
366 28.76 37.19 156.28 24.31 196.55
367 28.66 47.69 99.19 25.32 199.12
368 28.68 60.82 174.99 25.91 180.48
369 28.96 19.08 180.72 16.62 144.30
370 28.88 30.60 187.08 23.02 180.12
371 28.87 73.72 188.17 20.24 133.76
372 28.84 76.48 167.28 18.18 123.75
373 29.06 62.87 214.84 25.39 183.85
374 28.98 82.37 115.38 15.56 113.86
375 29.11 39.52 192.54 26.97 204.51
376 29.20 27.91 210.92 22.20 157.99
377 29.04 79.80 157.36 16.71 117.31
378 29.24 25.00 208.34 20.42 158.54
379 29.07 57.06 203.58 26.59 178.20
380 28.97 83.90 110.39 14.98 89.25
381 29.30 13.89 172.01 16.59 119.96
382 29.54 16.71 169.10 16.69 136.45
383 29.40 41.75 180.42 26.85 202.91
384 29.43 67.58 219.50 23.28 163.11
385 29.35 54.44 213.48 26.13 172.45
386 29.42 65.06 224.18 24.49 165.52
387 29.38 69.92 224.19 23.27 172.23
388 29.52 22.27 196.66 18.38 153.59
389 29.59 59.46 226.78 26.70 182.83
390 29.63 35.38 213.93 24.63 177.88
391 29.74 43.77 210.02 26.37 195.73
392 29.68 46.37 192.00 27.34 200.59
393 29.74 49.23 221.02 27.79 194.32
394 29.82 51.68 217.28 27.06 186.00
395 29.67 86.52 56.69 13.74 89.70
396 29.95 32.75 220.12 24.61 181.59
397 30.18 30.13 228.16 23.33 181.76
398 30.14 38.54 222.58 26.81 192.19
399 30.08 71.85 186.80 22.01 154.68
400 30.07 74.73 164.24 20.78 131.41
401 30.07 77.58 138.93 19.36 128.39
402 29.86 84.39 61.28 14.89 109.25
403 30.27 61.46 222.86 25.80 177.09
404 30.17 56.02 230.26 26.54 177.50
405 30.05 80.48 97.11 16.73 125.36
406 30.29 82.98 60.88 16.02 118.02
407 30.39 57.98 237.08 27.26 184.38
408 30.60 12.13 161.15 15.14 104.19
409 30.54 20.30 175.72 17.51 137.40
410 30.55 25.70 217.61 22.72 166.32
411 30.61 27.98 218.72 23.25 170.30
412 30.50 64.46 222.92 23.90 180.16
413 30.51 53.61 236.60 27.52 177.60
414 30.69 88.35 36.97 15.04 87.09
415 30.61 41.16 228.67 28.81 209.14
416 30.55 69.15 215.68 23.79 164.90
417 30.80 23.23 203.98 21.03 168.67
418 30.85 36.87 230.16 28.03 194.62
419 30.75 47.92 235.78 28.89 204.85
420 30.72 66.65 195.80 24.91 176.27
421 31.00 15.28 168.81 15.48 118.01
422 30.77 45.43 231.88 29.37 193.01
423 30.92 34.36 224.67 26.38 193.06
424 30.88 85.64 44.00 16.63 109.88
425 30.94 50.44 233.40 27.71 185.32
426 31.19 18.05 181.85 19.30 160.60
427 31.22 63.02 215.47 27.59 189.42
428 31.12 78.56 65.59 20.06 138.62
429 31.19 59.57 216.20 29.17 192.57
430 30.84 81.68 50.84 18.74 113.42
431 31.28 43.34 237.60 29.04 202.98
432 31.23 73.00 96.31 22.07 163.85
433 31.14 75.62 87.25 20.89 141.45
434 31.27 31.44 219.61 24.92 174.79
435 31.40 55.05 224.86 27.92 177.09
436 31.44 70.78 133.34 23.08 160.86
437 31.48 39.05 229.03 27.44 194.77
438 31.55 80.65 52.95 17.55 114.66
439 31.55 52.66 226.47 28.69 195.21
440 31.49 57.33 227.28 26.74 196.78
441 31.33 84.00 48.03 18.05 120.92
442 31.61 67.91 126.05 23.44 188.61
443 31.78 28.42 200.33 23.92 173.71
444 31.86 61.46 192.58 29.21 200.12
445 31.73 65.00 149.16 26.39 208.73
446 32.08 9.59 75.37 12.97 83.57
447 31.91 83.42 41.81 18.18 114.02
448 31.87 25.50 160.99 20.47 173.80
449 32.02 22.32 148.39 21.38 176.10
450 31.97 41.27 228.32 29.46 196.63
451 32.00 12.69 101.17 16.20 130.83
452 31.96 45.67 228.99 28.36 178.30
453 31.90 48.49 223.42 29.30 188.50
454 32.12 33.32 212.00 25.43 176.97
455 32.11 35.49 201.62 25.74 189.87
456 32.31 19.80 115.43 18.56 166.44
457 32.11 86.65 38.18 16.02 105.01
458 32.22 89.46 39.22 16.02 82.03
459 32.21 50.92 205.58 30.36 204.29
460 32.22 77.05 48.93 20.16 134.14
461 32.62 37.30 203.96 28.69 185.65
462 32.39 74.30 56.41 23.40 145.01
463 32.56 16.71 91.17 17.19 140.48
464 32.41 30.28 173.00 26.20 180.24
465 32.39 58.78 161.28 28.93 209.96
466 32.53 69.35 72.30 25.41 171.24
467 32.48 56.17 195.89 28.53 193.41
468 32.57 43.38 206.70 30.33 212.34
469 32.56 66.54 84.15 25.98 181.61
470 32.73 71.75 53.21 24.17 156.95
471 32.66 53.40 172.48 29.07 186.94
472 32.73 81.23 39.93 18.78 119.33
473 32.72 39.39 212.44 29.68 225.50
474 32.75 63.77 92.43 27.81 199.35
475 32.88 46.99 175.51 30.78 213.13
476 33.00 24.07 93.11 23.21 176.47
477 33.02 27.59 151.64 25.00 186.98
478 32.90 84.31 42.37 19.51 112.59
479 33.13 14.00 68.64 18.68 145.52
480 32.94 61.27 101.76 29.11 202.53
481 33.17 78.52 47.81 22.33 145.26
482 33.12 32.00 151.39 28.15 188.54
483 33.12 48.97 139.61 30.07 210.92
484 33.52 21.36 67.77 21.56 164.50
485 33.56 40.42 132.10 30.41 206.59
486 33.51 45.32 114.88 32.57 216.68
487 33.44 51.33 108.92 33.04 208.40
488 33.57 87.40 64.69 20.44 114.88
489 33.41 34.68 126.16 27.48 195.42
490 33.58 11.16 52.70 16.12 128.48
491 33.52 59.44 82.12 29.62 199.84
492 33.49 75.90 46.47 23.09 149.71
493 33.53 55.22 125.09 32.94 204.48
494 33.67 57.36 94.98 31.36 218.36
495 33.67 68.35 56.78 26.34 174.21
496 33.71 42.93 136.47 30.94 209.10
497 33.86 18.48 54.13 18.07 142.88
498 33.74 29.89 102.32 27.16 186.78
499 33.75 73.43 46.01 24.27 160.92
500 33.54 85.19 49.35 19.65 120.30
501 33.90 8.54 32.01 14.16 76.84
502 33.67 66.14 56.84 27.13 177.66
503 33.86 89.81 95.75 20.30 95.28
504 33.89 25.87 68.66 22.59 160.08
505 33.90 37.60 117.40 29.56 203.64
506 34.02 53.45 83.40 30.93 210.84
507 34.06 70.80 46.57 26.27 154.90
508 33.91 63.88 57.15 27.90 183.11
509 33.96 82.66 51.62 22.60 128.12
510 34.32 15.91 49.52 19.63 154.14
511 34.14 61.60 58.86 29.17 205.03
512 34.25 92.01 94.72 19.29 46.49
513 34.31 79.91 52.76 25.53 133.74
514 34.25 49.43 84.70 32.79 206.34
515 34.46 47.08 78.36 31.57 211.10
516 34.31 32.46 80.87 26.06 187.54
517 34.45 23.41 57.50 22.59 176.15
518 34.53 35.28 81.65 29.01 189.99
519 34.61 27.95 66.89 25.57 178.39
520 34.67 13.29 44.12 18.44 146.92
521 34.57 77.17 45.85 24.80 129.87
522 34.64 41.34 75.72 31.31 201.07
523 34.87 85.78 90.83 22.23 110.87
524 34.76 44.89 78.94 33.14 212.07
525 34.77 51.49 60.89 30.82 201.64
526 34.64 59.10 58.88 30.75 201.54
527 34.94 38.91 77.24 30.63 208.94
528 34.74 55.99 64.74 31.25 205.29
529 34.95 20.43 47.03 20.57 153.64
530 34.82 65.90 53.34 29.62 182.74
531 34.97 74.39 54.08 26.40 149.06
532 34.87 68.70 52.02 29.41 171.23
533 35.12 10.36 36.11 16.60 117.41
534 35.14 30.23 60.44 27.02 185.80
535 35.15 63.44 51.03 29.23 186.33
536 35.24 89.77 118.71 26.15 93.42
537 35.30 71.94 55.51 27.22 163.33
538 35.28 25.59 55.38 25.11 180.44
539 35.37 36.63 72.50 30.10 196.67
540 35.31 53.55 65.25 33.42 202.04
541 35.24 82.67 105.36 25.22 128.88
542 35.52 43.03 64.51 33.16 203.45
543 35.52 18.30 45.75 19.85 154.34
544 35.45 33.10 59.66 28.66 187.82
545 35.40 61.00 54.20 31.51 206.82
546 35.43 49.08 56.31 33.15 201.92
547 35.54 16.88 40.49 21.18 146.53
548 35.56 58.00 58.40 34.16 204.12
549 35.48 92.44 99.42 24.47 50.09
550 35.71 79.38 106.60 27.40 135.88
551 35.76 22.84 45.89 22.30 161.48
552 35.86 40.60 60.92 31.81 207.45
553 36.01 46.95 65.42 34.06 198.36
554 35.87 67.41 59.59 32.48 185.96
555 35.86 76.70 103.61 30.25 157.66
556 35.96 55.70 58.32 34.43 201.13
557 35.96 69.88 65.39 31.24 184.94
558 35.97 14.21 44.54 19.12 138.16
559 36.07 27.99 51.52 28.29 185.40
560 36.09 51.32 57.53 32.58 195.59
561 36.09 64.97 67.81 32.71 194.72
562 36.23 44.77 78.07 34.17 205.30
563 36.24 87.53 153.04 27.30 103.43
564 36.22 93.72 74.76 26.24 29.53
565 36.36 74.26 113.03 31.45 169.34
566 36.39 84.13 152.14 30.27 118.76
567 36.37 62.29 63.77 30.28 189.04
568 36.47 20.23 48.57 22.29 155.73
569 36.57 34.75 56.59 30.38 203.29
570 36.50 37.07 61.12 31.45 197.65
571 36.48 59.74 69.90 33.43 208.79
572 36.55 10.62 39.88 17.07 121.55
573 36.51 30.08 65.03 29.09 200.10
574 36.51 25.49 57.88 26.81 175.82
575 36.58 80.85 151.37 32.62 136.97
576 36.55 91.03 124.93 29.70 85.04
577 36.72 39.13 66.56 35.38 216.55
578 36.62 32.31 57.80 30.31 195.15
579 36.63 53.50 71.91 36.72 203.78
580 36.67 71.78 104.92 33.32 178.34
581 36.78 49.16 78.30 35.40 206.02
582 36.77 57.59 81.14 37.06 212.61
583 36.84 17.18 57.13 21.38 155.80
584 36.85 42.21 69.42 33.08 194.12
585 37.14 22.73 59.96 27.54 172.03
586 37.08 66.61 98.81 35.78 193.85
587 37.23 69.01 96.39 37.05 181.60
588 37.13 77.12 170.78 31.41 142.17
589 37.17 13.48 56.39 20.54 135.38
590 37.34 55.19 103.90 39.91 210.35
591 37.22 63.74 127.43 35.69 198.63
592 37.33 88.79 143.29 35.49 105.84
593 37.42 47.06 87.27 37.15 197.01
594 37.45 92.79 80.58 33.68 45.80
595 37.55 27.29 79.64 30.03 176.48
596 37.45 51.27 93.71 37.49 195.76
597 37.55 44.81 90.49 38.55 205.42
598 37.56 61.20 126.34 39.99 210.76
599 37.60 74.06 174.97 34.61 162.65
600 37.67 82.44 179.09 37.19 134.22
601 37.66 86.16 156.94 40.13 116.19
602 37.73 79.69 188.85 38.94 153.57
603 37.87 35.42 88.32 35.12 208.54
604 37.80 24.67 118.91 30.15 181.55
605 37.77 29.70 86.88 33.77 203.97
606 37.72 32.60 82.58 34.74 198.85
607 37.88 37.84 91.33 36.74 206.94
608 37.84 40.39 97.34 36.41 206.70
609 37.90 19.99 69.84 23.34 144.89
610 37.94 59.17 175.61 39.33 197.71
611 37.82 71.24 183.37 38.27 166.76
612 37.99 10.57 77.90 20.53 129.39
613 38.10 16.59 87.37 24.37 145.67
614 37.99 57.12 184.38 41.53 199.91
615 38.16 42.56 125.09 39.78 211.20
616 38.15 53.09 164.58 43.53 207.13
617 38.16 49.07 158.56 41.40 193.09
618 38.17 65.08 179.60 39.03 198.59
619 38.03 90.90 106.87 36.72 77.69
620 38.37 67.53 201.20 38.53 184.68
621 38.39 94.17 52.53 40.79 28.57
622 38.49 77.68 190.40 42.57 151.18
623 38.47 89.63 118.08 46.97 101.88
624 38.48 13.57 116.43 28.04 158.09
625 38.52 62.76 198.05 41.80 199.88
626 38.71 75.30 179.53 42.35 161.22
627 38.76 46.82 155.09 43.15 209.66
628 38.77 55.59 202.87 46.04 189.86
629 38.86 23.16 139.71 35.01 185.31
630 38.94 69.73 204.01 45.60 171.12
631 38.80 30.72 157.18 42.20 216.32
632 38.81 83.34 142.26 46.01 129.28
633 38.62 88.20 125.10 46.67 93.87
634 38.91 25.92 148.38 36.95 203.69
635 38.79 33.57 157.60 39.33 199.04
636 38.88 72.38 198.32 46.66 163.28
637 39.02 28.10 133.63 38.00 204.39
638 38.97 44.45 173.26 44.47 199.93
639 38.90 80.42 141.19 46.02 131.44
640 39.00 8.80 100.97 24.48 118.96
641 39.10 51.22 188.74 43.70 184.73
642 39.04 87.10 121.80 46.36 98.82
643 39.02 92.22 74.61 52.30 66.52
644 39.00 36.69 175.36 44.45 202.78
645 39.05 39.40 169.93 46.93 208.39
646 39.11 59.70 217.12 46.67 191.89
647 39.19 20.72 140.19 35.50 178.01
648 39.55 18.51 158.15 30.45 153.74
649 39.50 57.51 230.25 48.51 188.61
650 39.33 65.69 210.95 49.33 203.56
651 39.42 41.99 204.83 48.61 202.56
652 39.42 53.74 227.01 50.68 190.84
653 39.53 15.44 138.36 28.03 147.36
654 39.57 48.91 205.35 49.04 196.57
655 39.61 61.52 231.13 53.14 192.47
656 39.63 11.98 131.71 28.19 146.62
657 39.68 85.01 108.54 63.71 134.75
658 39.84 63.70 225.28 48.69 180.37
659 39.81 67.77 203.56 52.49 185.91
660 39.79 89.74 75.28 66.60 100.08
661 39.90 32.09 196.82 43.96 191.82
662 39.79 77.67 155.32 63.39 164.69
663 39.98 34.51 206.66 48.34 201.37
664 39.95 75.10 173.10 61.98 165.33
665 39.93 81.94 102.36 68.60 140.22
666 40.07 25.21 186.82 42.12 201.24
667 40.10 29.69 191.96 48.32 204.37
668 40.13 46.87 207.64 57.49 207.28
669 40.00 72.56 175.16 64.26 188.23
670 40.38 6.42 78.93 24.69 60.81
671 40.15 37.05 209.39 50.99 198.71
672 40.27 55.57 228.73 58.01 186.78
673 40.24 92.55 46.38 71.45 70.90
674 40.30 44.64 215.13 57.83 198.68
675 40.30 22.25 173.15 39.09 177.55
676 40.28 69.93 182.98 59.85 172.04
677 40.31 39.84 205.10 55.34 203.95
678 40.48 50.79 218.82 63.22 206.14
679 40.38 59.26 222.26 63.64 201.75
680 40.60 27.44 185.14 52.41 211.91
681 40.56 79.64 87.21 82.31 147.99
682 40.46 86.94 67.25 72.06 108.68
683 40.66 53.13 205.31 68.57 201.36
684 40.56 9.08 127.65 40.02 148.35
685 40.68 42.33 212.37 62.68 207.68
686 40.54 65.75 200.44 68.81 201.10
687 40.71 17.00 174.49 43.04 181.66
688 40.86 61.75 218.40 68.71 185.33
689 41.14 14.48 127.40 42.14 161.78
690 41.05 48.60 206.23 65.32 195.83
691 41.05 11.63 135.01 40.05 157.63
692 41.15 19.61 161.76 46.90 168.87
693 41.14 57.33 202.26 82.30 204.54
694 41.07 74.30 101.88 90.55 183.47
695 40.95 84.07 68.41 83.71 121.14
696 40.98 71.73 135.35 92.39 194.96
697 40.85 90.19 42.82 84.29 84.11
698 41.14 67.71 178.54 76.16 197.65
699 41.22 76.71 73.64 94.44 149.89
700 41.13 32.03 192.96 60.82 207.69
701 41.15 63.68 207.41 76.16 202.39
702 41.19 24.27 175.62 57.15 214.42
703 41.21 34.90 184.19 59.83 211.49
704 41.22 37.29 211.28 67.83 206.10
705 41.28 95.16 20.42 63.46 20.47
706 41.34 89.20 45.58 83.07 78.44
707 41.39 29.51 183.00 66.15 219.95
708 41.44 60.02 192.24 85.80 218.59
709 41.58 92.92 35.06 91.74 56.88
710 41.63 39.37 179.85 74.17 207.73
711 41.57 46.12 197.31 78.71 202.72
712 41.51 54.96 191.62 82.51 203.23
713 41.66 81.64 50.87 104.25 119.61
714 41.74 21.90 145.68 60.20 187.43
715 41.69 43.70 177.25 82.99 204.17
716 41.69 69.76 109.64 95.97 175.76
717 41.76 7.94 92.83 43.89 121.41
718 41.61 51.12 186.70 92.00 223.16
719 41.87 41.38 178.70 89.19 217.63
720 41.75 65.39 159.58 102.00 202.40
721 41.74 78.99 60.67 111.98 139.40
722 41.86 26.32 170.91 76.32 222.81
723 41.80 86.89 44.72 98.14 92.59
724 42.07 17.05 122.02 62.09 180.52
725 42.06 33.01 169.62 72.83 203.96
726 42.04 72.19 72.12 116.80 157.45
727 42.23 58.51 163.32 108.64 217.61
728 42.22 48.49 163.07 105.67 222.66
729 42.30 53.19 135.68 102.09 203.90
730 42.32 84.12 44.45 110.71 89.07
731 42.30 63.12 132.91 118.84 211.21
732 42.35 90.62 35.66 99.85 64.73
733 42.50 28.38 152.56 88.71 208.99
734 42.32 37.19 153.40 92.45 213.51
735 42.47 61.02 127.52 117.01 208.06
736 42.30 67.34 112.48 116.37 184.52
737 42.47 74.30 53.85 119.41 135.29
738 42.50 11.53 97.54 58.70 160.37
739 42.64 14.25 85.98 60.22 145.16
740 42.49 23.85 124.81 79.88 198.72
741 42.61 30.59 160.35 91.95 200.10
742 42.58 56.25 139.51 123.73 210.67
743 42.59 76.91 49.52 123.18 129.51
744 42.60 19.77 107.77 81.25 176.88
745 42.64 34.97 132.48 95.40 213.62
746 42.65 94.58 25.00 87.23 27.10
747 42.91 44.08 131.88 110.93 213.91
748 42.80 46.34 122.94 115.05 209.94
749 42.82 50.69 115.00 126.20 210.05
750 42.83 69.43 68.84 126.24 173.84
751 42.95 39.11 128.82 127.86 217.81
752 42.90 65.35 92.96 139.08 194.40
753 43.10 8.99 71.54 62.79 137.98
754 43.04 79.47 43.82 135.66 108.50
755 42.99 82.04 43.02 132.53 98.48
756 43.16 6.22 50.51 47.56 76.58
757 43.11 41.50 115.98 110.00 209.90
758 43.15 86.68 42.55 108.43 75.97
759 43.18 26.25 108.31 105.09 202.25
760 43.30 92.73 39.27 109.64 46.06
761 43.17 71.66 48.67 148.43 143.33
762 43.19 32.73 117.23 107.69 204.23
763 43.28 54.25 96.04 124.54 184.86
764 43.44 89.79 43.26 111.84 61.33
765 43.46 17.03 72.17 83.22 149.26
766 43.54 21.53 75.69 115.72 180.62
767 43.32 58.62 103.05 140.17 193.24
768 43.46 63.45 88.68 146.51 182.29
769 43.45 36.56 94.49 124.90 195.71
770 43.53 67.54 57.22 148.17 153.73
771 43.51 48.18 92.62 142.70 203.86
772 43.56 75.28 49.85 153.47 111.79
773 43.61 60.95 81.90 152.80 179.73
774 43.67 23.79 78.59 127.29 187.56
775 43.81 52.13 81.68 157.17 198.60
776 43.82 84.04 50.50 136.08 77.36
777 43.81 28.26 79.69 119.90 176.03
778 44.10 12.01 52.26 80.01 127.83
779 43.90 56.40 76.86 156.91 175.44
780 43.89 30.92 83.49 125.02 187.93
781 44.05 19.20 64.58 118.16 162.21
782 44.06 14.64 56.40 102.97 145.62
783 44.08 45.13 81.42 143.78 177.11
784 43.96 69.94 49.17 164.35 139.06
785 44.12 72.82 45.62 159.42 109.29
786 44.09 77.75 48.19 148.63 92.04
787 44.06 34.15 77.31 137.93 174.41
788 43.98 42.51 80.22 143.49 183.55
789 44.07 65.64 61.70 168.65 146.86
790 44.12 39.18 75.47 158.01 190.80
791 44.27 49.81 67.36 154.24 177.06
792 44.19 81.31 51.92 139.35 76.60
793 44.45 94.55 59.68 95.15 18.66
794 44.55 88.95 78.68 115.63 47.31
795 44.40 9.14 46.49 87.99 118.79
796 44.39 62.32 68.28 171.13 153.62
797 44.47 25.55 62.88 148.28 166.68
798 44.50 36.82 65.44 157.17 160.96
799 44.50 54.20 65.51 163.10 167.62
800 44.41 58.54 70.21 180.71 164.48
801 44.60 47.10 68.69 173.17 169.59
802 44.80 85.48 79.03 128.98 55.59
803 44.66 91.84 80.18 120.19 42.31
804 44.78 29.50 64.29 162.20 164.34
805 44.64 68.07 54.05 180.20 121.38
806 44.86 64.18 64.91 196.96 122.11
807 44.79 74.80 58.74 163.20 89.85
808 44.85 23.23 55.06 153.12 143.67
809 44.94 40.69 66.36 169.10 150.03
810 45.00 20.83 48.50 133.15 130.71
811 44.92 32.26 63.04 161.56 151.10
812 44.91 60.58 63.09 178.89 134.15
813 45.00 17.45 45.69 119.50 109.01
814 45.11 27.33 56.47 159.38 132.64
815 45.03 43.09 64.68 174.52 146.11
816 45.12 51.61 61.77 173.44 151.36
817 45.03 70.76 60.76 179.16 99.66
818 45.14 79.53 79.10 150.86 62.08
819 45.26 6.31 26.96 82.46 56.14
820 45.16 34.53 64.97 182.89 147.84
821 45.22 56.34 63.55 171.14 124.30
822 45.30 82.87 102.76 138.95 49.88
823 45.35 14.75 43.78 118.52 106.88
824 45.34 66.31 80.67 196.42 94.80
825 45.31 76.80 77.77 171.32 78.31
826 45.37 38.07 67.06 187.53 138.91
827 45.61 44.87 70.28 177.21 119.05
828 45.52 49.28 76.02 193.11 137.55
829 45.54 72.87 72.59 177.29 73.86
830 45.56 58.66 77.56 192.62 121.32
831 45.89 12.39 42.22 107.86 76.16
832 45.71 62.70 94.59 201.00 106.90
833 45.68 53.59 68.22 187.27 133.09
834 45.64 8.76 34.48 104.91 84.05
835 45.86 25.42 59.62 173.08 104.49
836 45.75 30.59 66.86 182.78 132.63
837 45.74 68.86 95.71 200.65 82.07
838 45.87 86.80 136.40 127.99 42.41
839 45.94 35.88 72.30 192.81 110.51
840 45.83 47.10 77.01 191.51 118.91
841 45.88 90.34 148.12 119.89 32.14
842 45.92 93.29 136.87 118.09 22.12
843 46.05 19.40 51.04 151.56 91.21
844 46.03 22.60 52.53 154.12 96.41
845 46.15 39.74 87.74 194.14 112.94
846 46.19 28.36 62.99 180.80 110.76
847 46.17 33.19 69.03 181.32 110.19
848 46.13 42.05 89.68 191.32 105.94
849 46.09 60.91 116.75 211.07 95.83
850 46.17 64.76 138.81 204.00 76.51
851 46.11 88.32 155.38 121.35 33.00
852 46.26 74.86 118.24 164.57 54.46
853 46.34 16.77 52.78 141.50 75.66
854 46.35 71.26 142.77 191.67 68.39
855 46.39 77.76 145.39 160.44 50.57
856 46.39 80.76 144.74 149.10 45.64
857 46.50 84.36 153.52 127.62 33.99
858 46.47 51.10 101.23 201.12 105.67
859 46.62 4.78 20.05 85.27 20.89
860 46.43 55.09 101.68 201.20 99.99
861 46.55 57.23 117.60 197.65 92.79
862 46.46 67.04 146.44 207.13 69.56
863 46.67 37.48 102.12 195.57 90.17
864 46.84 59.35 185.53 212.29 80.83
865 46.82 8.50 42.78 121.15 50.82
866 46.96 14.64 72.20 140.82 63.11
867 46.85 31.43 98.59 196.49 93.50
868 46.83 48.71 133.25 197.24 89.01
869 46.96 43.61 145.49 196.92 90.58
870 46.93 45.97 133.01 193.82 79.46
871 46.97 69.41 204.58 201.59 57.94
872 46.99 24.36 71.89 177.26 75.80
873 47.01 53.16 164.44 213.23 94.45
874 47.03 21.20 75.66 165.52 69.83
875 47.17 26.92 117.91 188.98 75.68
876 47.24 63.64 210.30 197.31 56.95
877 47.10 92.06 162.40 121.84 19.21
878 47.08 35.24 129.24 202.93 77.39
879 47.29 73.35 205.66 166.79 43.66
880 47.04 89.68 177.98 133.66 23.22
881 47.22 61.57 206.54 202.35 60.59
882 47.37 29.44 114.52 192.11 71.86
883 47.33 41.25 182.67 182.35 67.46
884 47.25 87.75 175.39 125.20 26.46
885 47.38 94.31 108.87 107.32 8.86
886 47.48 18.18 79.18 149.49 53.55
887 47.47 65.69 223.56 204.21 50.52
888 47.47 76.16 197.41 159.38 38.26
889 47.61 38.86 197.78 179.99 55.46
890 47.45 79.16 175.59 144.22 30.10
891 47.60 33.39 166.95 200.87 71.78
892 47.64 67.74 236.09 200.68 43.92
893 47.56 82.22 176.80 137.50 29.83
894 47.73 55.76 197.22 202.88 62.09
895 47.73 71.37 229.30 187.67 42.15
896 47.81 85.47 187.16 133.64 24.10
897 47.96 51.39 199.65 184.44 53.43
898 47.82 57.92 226.84 210.53 57.24
899 48.12 49.18 219.59 193.96 58.72
900 48.02 13.12 106.41 130.03 38.76
901 48.08 23.01 149.40 172.84 50.78
902 48.17 47.03 211.73 194.17 52.53
903 48.08 5.07 49.04 100.22 13.16
904 48.03 7.64 80.22 131.18 35.21
905 48.12 44.81 216.93 201.61 56.42
906 48.23 25.58 162.24 184.84 51.73
907 48.19 60.05 237.57 194.50 43.76
908 48.07 90.87 177.64 122.58 15.93
909 48.29 31.42 188.18 188.75 49.11
910 48.13 36.48 200.54 199.63 55.61
911 48.23 20.30 134.94 175.01 47.64
912 48.24 53.77 237.45 201.21 51.43
913 48.44 16.16 125.94 154.25 39.30
914 48.43 27.98 185.22 200.31 52.50
915 48.37 42.77 215.45 215.25 55.19
916 48.44 62.20 235.94 189.79 40.39
917 48.38 69.54 231.14 194.00 37.70
918 48.46 74.84 196.39 170.38 29.63
919 48.76 10.38 111.24 137.71 28.78
920 48.59 40.63 214.35 198.37 47.12
921 48.58 64.70 231.22 196.73 34.39
922 48.56 77.27 163.23 168.19 29.06
923 48.63 87.70 163.73 127.53 16.20
924 48.66 96.04 45.74 86.08 3.15
925 48.66 80.31 180.27 149.31 22.26
926 48.59 93.59 109.34 122.26 10.44
927 48.77 34.00 201.50 194.79 45.15
928 48.77 67.13 220.10 188.17 30.54
929 48.69 83.10 165.78 144.61 21.25
930 48.85 72.61 211.80 177.25 27.42
931 49.21 18.82 115.67 168.94 32.56
932 49.02 38.42 200.11 202.60 41.24
933 49.08 57.86 223.34 203.81 36.56
934 49.17 29.78 210.12 198.71 39.36
935 49.10 55.46 220.69 198.66 37.39
936 49.22 13.83 125.06 146.71 27.29
937 49.05 90.63 110.36 140.88 13.50
938 49.33 5.57 82.05 103.10 12.98
939 49.28 24.41 181.30 195.62 39.76
940 49.26 85.08 111.52 149.68 15.79
941 49.31 21.80 172.72 178.49 33.63
942 49.37 50.10 222.94 192.45 37.26
943 49.27 52.58 217.18 204.71 36.75
944 49.37 45.44 233.79 210.42 42.76
945 49.38 36.06 200.53 206.77 40.42
946 49.32 60.19 203.56 198.27 31.15
947 49.28 70.10 180.16 195.91 27.81
948 49.48 47.90 224.15 206.37 38.70
949 49.43 63.03 204.77 209.86 31.19
950 49.48 7.81 81.87 123.22 14.86
951 49.58 26.59 197.40 195.74 36.37
952 49.50 42.97 211.52 209.61 36.61
953 49.71 32.24 175.61 201.89 34.30
954 49.48 78.46 137.02 166.47 19.58
955 49.70 65.55 176.66 216.97 30.25
956 49.62 74.74 134.18 183.61 22.44
957 49.78 40.57 172.94 203.43 33.12
958 49.68 87.63 107.15 147.35 14.75
959 50.03 95.13 55.34 113.36 5.61
960 49.94 16.78 113.81 158.32 21.63
961 49.86 67.48 153.17 213.97 27.27
962 49.61 90.95 107.06 133.78 11.33
963 49.86 92.78 80.22 132.97 9.38
964 49.78 81.73 104.04 146.36 14.36
965 49.94 71.93 135.35 203.65 22.84
966 50.12 34.46 141.50 211.95 33.34
967 50.14 38.45 147.90 209.80 30.45
968 50.17 56.39 155.71 222.38 28.23
969 50.38 8.37 85.81 127.64 16.42
970 50.24 11.30 98.54 153.86 21.43
971 50.37 27.99 148.49 197.73 25.51
972 50.17 53.93 167.75 215.25 29.70
973 50.36 77.08 86.84 165.95 15.14
974 50.23 30.19 172.68 206.94 30.15
975 50.31 51.38 159.33 222.64 30.16
976 50.20 58.84 133.96 213.32 25.18
977 50.46 20.72 98.42 167.66 22.31
978 50.35 23.37 118.76 193.58 26.83
979 50.39 61.18 129.94 214.78 25.81
980 50.26 69.55 122.17 210.11 21.91
981 50.47 14.38 90.58 160.71 20.28
982 50.45 43.81 149.44 214.35 28.73
983 50.33 63.66 136.27 213.98 23.52
984 50.41 84.26 77.81 143.01 12.52
985 50.44 46.58 157.11 207.51 27.02
986 50.60 79.60 68.80 167.40 13.51
987 50.47 90.16 70.68 131.57 10.75
988 50.67 36.71 138.22 209.62 26.62
989 50.70 49.23 131.61 217.84 26.62
990 50.92 25.52 103.12 190.75 22.78
991 50.89 72.96 84.68 194.14 17.17
992 50.81 41.59 117.63 221.51 27.38
993 50.86 74.89 77.46 192.90 17.23
994 50.88 86.55 69.20 139.80 11.35
995 51.09 18.52 68.70 159.28 15.50
996 50.69 88.13 67.21 136.96 9.86
997 50.97 33.15 100.22 201.34 22.43
998 50.97 65.25 86.86 213.14 19.57
999 51.02 82.02 62.51 159.80 11.53
1000 50.97 67.72 85.89 205.60 18.08
1001 51.03 5.19 61.57 117.68 9.23
1002 51.24 31.27 104.91 210.20 24.31
1003 51.11 70.59 92.67 204.89 16.09
1004 51.18 54.57 89.44 211.98 22.64
1005 51.29 57.09 88.89 220.74 22.90
1006 51.20 59.11 87.48 225.52 19.16
1007 51.31 38.80 103.44 221.80 24.15
1008 51.30 62.60 84.18 216.61 20.14
1009 51.54 3.63 19.09 82.14 2.11
1010 51.14 92.04 44.98 116.64 5.60
1011 51.39 93.80 32.36 115.72 4.58
1012 51.34 44.96 90.74 211.93 21.84
1013 51.35 51.63 77.37 209.07 20.09
1014 51.35 10.86 65.79 137.87 13.15
1015 51.51 29.24 83.59 201.11 21.34
1016 51.47 35.08 90.55 207.96 21.59
1017 51.55 7.19 56.40 138.98 11.96
1018 51.67 95.74 19.02 83.43 2.38
1019 51.56 15.89 62.77 162.62 15.07
1020 51.54 23.24 69.91 200.62 21.52
1021 51.57 47.43 85.72 217.12 22.84
1022 51.63 13.28 70.14 166.80 16.01
1023 51.77 27.24 73.61 203.46 21.95
1024 51.66 76.65 53.59 179.39 12.67
1025 51.70 9.38 60.57 150.89 12.96
1026 51.65 89.74 44.69 127.44 9.29
1027 51.83 20.82 59.31 182.07 17.72
1028 51.80 40.60 74.74 213.53 20.14
1029 51.90 60.56 62.54 209.35 16.56
1030 51.85 79.20 47.63 165.28 10.62
1031 51.76 84.24 47.64 147.73 9.80
1032 51.70 88.21 46.37 131.14 8.10
1033 52.08 42.91 69.74 214.94 19.92
1034 51.87 66.52 64.27 203.30 16.55
1035 52.08 37.09 72.39 214.92 19.43
1036 52.12 49.42 66.36 214.71 18.36
1037 52.10 64.29 64.21 213.25 16.16
1038 52.02 69.34 60.45 206.65 14.36
1039 52.08 71.78 56.24 193.92 14.45
1040 52.32 91.75 36.37 120.21 6.51
1041 52.19 32.62 82.84 218.67 20.73
1042 52.14 53.47 66.85 208.14 19.98
1043 52.18 74.18 47.49 180.99 12.37
1044 52.40 25.33 56.35 191.54 15.62
1045 52.31 56.01 64.48 209.02 15.90
1046 52.37 86.82 44.36 129.44 7.96
1047 52.43 5.42 30.07 115.09 4.81
1048 52.39 81.53 39.58 158.31 9.49
1049 52.49 58.49 66.67 207.84 16.04
1050 52.45 45.20 65.19 212.42 16.64
1051 52.60 17.09 50.64 166.58 12.71
1052 52.55 62.30 66.58 212.32 14.12
1053 52.64 30.13 66.85 206.69 17.39
1054 52.84 93.86 25.21 106.56 3.93
1055 52.69 12.14 41.89 144.89 9.72
1056 52.75 51.41 70.81 216.31 18.51
1057 52.91 19.34 38.70 161.82 11.94
1058 52.70 34.72 59.64 206.40 15.48
1059 52.77 67.86 58.49 209.43 14.44
1060 52.93 8.33 39.46 133.27 9.68
1061 52.76 22.60 51.99 190.08 14.25
1062 52.80 89.34 44.78 138.71 6.44
1063 53.06 38.40 61.16 201.72 15.17
1064 52.78 77.31 43.78 174.94 9.95
1065 52.73 10.00 38.81 141.60 9.46
1066 52.92 47.44 64.03 209.01 17.20
1067 52.98 84.52 39.85 142.09 7.81
1068 53.10 27.97 57.92 191.99 14.29
1069 52.88 40.60 67.44 210.91 17.67
1070 53.15 14.63 40.38 139.32 9.78
1071 53.32 96.09 16.42 71.81 1.34
1072 53.08 65.49 66.23 203.06 12.81
1073 53.21 70.06 58.34 187.27 11.63
1074 53.17 72.46 55.08 187.01 11.54
1075 53.20 54.03 75.87 199.14 14.34
1076 53.33 60.79 122.82 210.48 13.88
1077 53.27 75.18 56.18 179.72 10.09
1078 53.31 79.61 46.90 151.93 8.40
1079 53.32 31.96 80.84 209.53 14.33
1080 53.50 36.10 67.32 204.83 13.26
1081 53.46 42.58 66.66 205.93 14.91
1082 53.39 56.64 86.73 201.48 14.73
1083 53.63 49.49 100.09 207.75 14.91
1084 53.49 24.75 61.15 208.44 15.10
1085 53.63 63.32 79.42 193.67 11.98
1086 53.53 44.93 85.65 221.95 18.00
1087 53.63 82.10 48.23 154.64 7.78
1088 53.85 5.69 22.31 106.44 4.30
1089 53.79 20.83 56.03 192.93 13.98
1090 53.92 59.04 120.38 199.34 12.78
1091 53.70 87.27 65.35 124.90 6.62
1092 53.75 91.01 47.93 112.63 4.93
1093 53.93 9.61 35.33 134.23 8.39
1094 53.88 67.52 105.08 206.75 11.42
1095 53.96 16.65 47.29 163.67 10.41
1096 54.01 30.25 114.84 202.75 13.71
1097 53.96 51.90 94.35 197.87 13.40
1098 54.02 12.63 51.35 158.20 9.82
1099 53.96 33.76 74.94 194.01 12.77
1100 54.06 22.92 63.53 199.51 12.62
1101 54.10 26.52 71.11 200.31 12.28
1102 54.06 77.38 75.10 163.26 7.88
1103 54.16 85.29 62.44 138.67 6.15
1104 53.96 88.89 62.14 121.53 5.79
1105 54.17 39.83 108.62 188.24 12.18
1106 54.12 47.04 86.00 192.14 13.65
1107 54.37 93.30 51.74 111.69 3.54
1108 54.16 74.03 100.79 185.38 9.17
1109 54.34 65.52 140.20 198.59 12.11
1110 54.32 71.59 102.25 185.51 9.53
1111 54.34 54.42 120.54 199.35 13.11
1112 54.47 37.60 97.31 190.67 12.27
1113 54.41 69.51 122.31 190.72 9.91
1114 54.57 18.95 65.10 162.24 9.09
1115 54.41 56.79 132.44 201.03 11.87
1116 54.53 61.56 153.87 202.55 12.11
1117 54.57 44.37 128.29 201.43 13.38
1118 54.57 79.97 85.45 140.62 6.45
1119 54.68 28.33 112.04 189.96 11.11
1120 54.65 95.78 45.99 78.85 1.46
1121 54.63 41.98 142.47 193.46 12.56
1122 54.88 14.01 62.29 145.70 7.83
1123 54.86 24.37 108.92 184.29 9.59
1124 54.86 35.31 143.14 203.76 11.37
1125 54.95 50.52 148.68 199.54 12.78
1126 55.01 63.71 174.11 186.23 10.50
1127 54.81 82.62 82.76 132.96 6.08
1128 54.89 7.84 52.15 133.19 6.65
1129 55.01 32.82 157.32 198.78 11.65
1130 55.09 48.47 160.61 186.05 10.62
1131 55.10 75.97 155.64 159.46 7.67
1132 55.23 90.59 107.73 110.17 4.64
1133 55.24 21.57 100.36 164.28 8.32
1134 55.15 67.52 199.96 185.80 9.29
1135 55.07 86.79 92.67 129.39 5.64
1136 55.04 88.79 108.40 127.56 6.00
1137 55.21 53.01 189.58 185.42 10.86
1138 55.20 30.62 149.14 195.25 11.26
1139 55.32 58.29 188.37 181.33 10.10
1140 55.33 73.53 175.84 170.81 7.92
1141 55.43 5.37 48.81 105.97 3.30
1142 55.15 9.67 54.97 140.66 6.91
1143 55.34 11.34 67.95 139.36 6.75
1144 55.37 16.40 91.55 153.35 7.25
1145 55.46 46.27 175.13 174.56 10.84
1146 55.47 60.21 201.10 179.26 9.55
1147 55.56 78.54 141.51 137.16 6.34
1148 55.55 26.19 153.01 177.00 9.25
1149 55.45 55.84 192.98 183.69 9.77
1150 55.72 38.89 189.47 185.96 10.18
1151 55.67 71.50 191.91 171.09 7.40
1152 55.74 41.09 205.74 178.40 11.03
1153 55.75 65.86 222.22 181.46 9.36
1154 55.71 69.48 200.05 170.75 7.84
1155 55.67 84.49 120.02 122.18 5.38
1156 55.76 43.59 191.82 176.18 10.35
1157 55.72 92.69 92.29 109.04 3.31
1158 55.89 36.81 186.71 186.39 10.63
1159 55.79 18.96 154.70 174.07 8.71
1160 55.86 94.86 71.05 84.95 1.79
1161 55.95 62.15 207.08 183.66 10.09
1162 55.93 28.72 167.82 182.58 9.47
1163 56.03 81.35 147.99 133.67 6.08
1164 56.03 34.44 188.30 166.32 9.62
1165 56.16 23.39 159.98 150.16 7.73
1166 56.19 51.77 203.28 183.76 11.11
1167 56.18 7.83 87.19 115.51 5.28
1168 56.30 31.87 190.84 179.37 9.93
1169 56.38 14.06 118.40 132.11 6.56
1170 56.27 49.15 202.87 171.48 10.14
1171 56.45 75.04 190.98 144.10 6.53
1172 56.35 88.27 148.11 112.43 4.41
1173 56.33 54.50 225.31 170.48 8.89
1174 56.53 64.02 226.48 160.03 7.56
1175 56.61 77.23 179.45 123.86 5.18
1176 56.49 57.23 211.03 161.89 8.90
1177 56.47 9.68 86.91 127.02 4.57
1178 56.55 11.47 107.84 129.15 5.12
1179 56.61 45.49 195.63 170.22 9.62
1180 56.61 68.01 213.23 168.71 8.13
1181 56.61 90.60 149.64 99.92 3.78
1182 56.69 16.96 133.53 141.72 5.80
1183 56.77 72.97 208.19 149.19 6.32
1184 56.80 20.37 151.65 138.35 6.12
1185 56.82 27.23 179.94 156.03 7.37
1186 56.72 59.86 214.79 163.34 8.97
1187 56.89 83.36 163.79 117.05 5.75
1188 56.87 5.39 60.35 97.33 2.57
1189 56.88 70.60 217.44 170.59 7.51
1190 57.03 79.62 160.52 132.64 4.98
1191 56.99 40.85 199.62 169.63 9.00
1192 57.01 43.16 218.32 164.48 9.58
1193 57.10 25.10 167.06 150.84 6.92
1194 57.03 29.98 178.97 159.38 8.09
1195 57.05 85.79 172.24 106.16 5.07
1196 57.21 93.73 99.18 81.83 2.27
1197 57.16 38.78 169.56 177.73 8.48
1198 57.18 47.48 194.09 153.60 8.66
1199 57.13 65.81 225.52 146.30 7.34
1200 57.01 91.46 131.83 84.19 2.56
1201 57.21 34.32 182.18 176.14 10.26
1202 57.15 36.60 196.46 180.42 10.42
1203 57.17 53.06 202.21 162.80 9.19
1204 57.28 62.02 209.01 169.44 8.65
1205 57.40 22.55 139.82 158.59 7.40
1206 57.31 50.42 177.08 169.58 8.96
1207 57.49 55.85 201.53 160.60 8.57
1208 57.56 32.11 160.90 163.83 8.21
1209 57.56 8.56 88.80 104.34 3.98
1210 57.61 58.20 204.90 160.26 7.24
1211 57.54 87.38 154.48 99.44 3.90
1212 57.76 12.30 116.78 123.34 5.55
1213 57.78 15.03 116.43 123.47 4.95
1214 57.74 69.33 185.96 162.93 7.35
1215 57.84 18.28 143.53 126.93 5.38
1216 57.76 81.38 147.10 100.28 4.89
1217 57.89 63.86 171.60 148.48 7.20
1218 57.75 74.83 183.33 140.34 6.06
1219 57.90 28.42 154.04 162.52 8.25
1220 57.91 67.22 200.01 144.33 7.38
1221 57.87 44.72 151.03 156.22 9.07
1222 57.95 71.87 161.22 138.51 6.28
1223 57.89 77.45 152.11 119.50 5.07
1224 57.90 60.27 177.83 157.52 6.97
1225 58.13 88.77 147.04 91.74 3.52
1226 58.16 5.24 47.31 82.26 1.74
1227 58.15 20.89 100.00 131.70 6.07
1228 58.05 42.23 121.86 166.63 8.17
1229 58.07 84.05 126.60 99.67 4.13
1230 58.26 91.34 110.46 77.80 2.35
1231 58.15 49.01 119.69 164.84 7.82
1232 58.16 53.83 128.87 165.41 7.87
1233 58.25 24.04 98.32 143.21 6.62
1234 58.19 51.74 107.42 163.35 8.55
1235 58.36 26.28 100.12 146.62 7.31
1236 58.34 30.32 103.07 158.04 6.91
1237 58.22 37.39 122.84 169.00 8.42
1238 58.38 40.01 103.06 164.47 8.14
1239 58.41 35.21 104.59 165.28 8.43
1240 58.55 33.31 107.17 154.77 7.86
1241 58.47 46.59 100.76 159.31 8.39
1242 58.34 85.35 133.96 100.50 4.46
1243 58.64 65.52 134.24 154.19 6.83
1244 58.44 6.59 53.94 95.13 3.00
1245 58.62 62.09 132.50 160.29 7.31
1246 58.60 55.67 119.15 153.94 7.12
1247 58.62 79.19 97.85 120.32 4.46
1248 58.71 93.92 70.99 74.08 1.69
1249 58.69 73.75 138.37 139.24 5.57
1250 58.74 16.33 81.93 124.51 4.97
1251 58.70 57.82 107.72 151.83 8.19
1252 58.96 86.67 114.53 88.21 3.79
1253 58.74 10.38 66.92 103.54 3.92
1254 58.73 69.80 121.82 145.24 5.82
1255 58.75 81.90 94.99 103.37 4.32
1256 58.90 7.49 60.74 92.27 3.15
1257 58.97 76.24 124.99 112.10 4.35
1258 58.93 59.93 82.42 148.50 6.07
1259 58.97 19.18 77.67 134.63 5.72
1260 59.01 44.38 69.53 146.56 8.00
1261 59.13 13.46 71.94 99.54 4.36
1262 59.08 67.63 101.38 144.11 6.39
1263 59.19 22.27 59.32 120.45 5.75
1264 59.13 31.59 80.92 158.76 7.05
1265 59.06 28.47 72.16 135.72 6.37
1266 59.21 50.98 74.82 146.30 7.22
1267 59.25 38.36 68.35 148.60 7.51
1268 59.22 42.23 58.51 125.67 6.45
1269 59.31 48.59 67.25 140.49 7.43
1270 59.36 63.86 81.11 151.32 7.20
1271 59.29 71.89 71.41 127.68 5.25
1272 59.30 53.43 66.02 133.95 7.31
1273 59.31 89.48 82.25 94.10 3.41
1274 59.52 24.50 52.87 118.87 5.68
1275 59.43 36.40 63.92 137.75 6.86
1276 59.64 91.85 72.58 86.36 2.54
1277 59.53 83.93 74.31 90.29 3.47
1278 59.55 5.48 19.61 60.41 1.11
1279 59.66 40.21 47.38 120.07 6.90
1280 59.64 55.87 62.78 130.40 7.13
1281 59.66 78.27 67.54 116.86 4.47
1282 59.73 26.76 53.77 114.46 5.66
1283 59.71 46.11 54.98 119.11 6.80
1284 59.84 34.46 55.58 128.13 7.15
1285 59.80 62.04 61.84 137.67 7.28
1286 59.73 80.81 62.40 103.84 4.14
1287 59.88 58.05 54.19 121.47 6.21
1288 59.80 74.31 54.87 109.63 4.67
1289 59.79 7.63 32.66 82.16 2.57
1290 60.05 15.48 45.31 92.50 4.53
1291 59.94 17.93 42.76 99.99 4.60
1292 59.85 65.87 61.61 124.38 5.47
1293 59.86 69.35 71.27 129.00 5.43
1294 59.96 10.09 37.00 95.35 3.20
1295 59.89 11.51 43.32 90.00 3.45
1296 60.13 20.49 44.44 102.84 4.81
1297 59.96 29.91 50.11 120.99 6.01
1298 60.17 60.01 48.46 115.03 5.36
1299 60.16 32.49 46.53 107.79 5.52
1300 60.25 43.40 43.74 102.00 5.71
1301 60.14 85.93 55.22 81.32 3.48
1302 60.20 8.63 36.67 79.67 3.21
1303 60.29 50.68 53.03 118.64 6.45
1304 60.25 87.92 53.49 87.38 2.84
1305 60.18 5.38 13.51 48.03 0.57
1306 60.15 12.64 32.00 85.80 3.20
1307 60.40 71.35 51.76 104.84 4.49
1308 60.46 48.01 48.07 102.41 6.20
1309 60.39 53.37 48.07 113.26 6.36
1310 60.52 76.72 39.38 96.97 3.77
1311 60.71 67.62 42.84 101.19 4.99
1312 60.76 22.65 35.83 78.32 4.11
1313 60.66 38.65 48.28 91.87 5.74
1314 60.72 13.33 36.14 81.31 3.79
1315 60.60 36.59 49.36 103.03 5.76
1316 60.87 83.54 41.53 79.66 3.02
1317 60.65 63.62 44.81 102.42 5.37
1318 60.64 89.88 47.10 80.35 2.42
1319 60.73 28.27 42.24 85.61 4.42
1320 60.69 41.03 46.57 88.67 5.72
1321 60.76 25.39 42.85 81.58 4.12
1322 60.75 55.72 48.56 101.14 5.65
1323 60.80 79.65 38.40 87.31 3.47
1324 60.87 45.27 47.73 87.52 5.39
1325 60.86 73.97 37.52 95.49 3.73
1326 61.02 6.82 17.54 59.80 1.96
1327 61.06 30.87 48.56 90.96 5.95
1328 61.01 65.75 44.35 94.30 4.73
1329 61.09 92.14 33.54 68.18 1.92
1330 61.07 34.93 55.66 83.90 5.43
1331 61.06 57.99 49.16 93.72 5.16
1332 61.10 61.41 48.39 93.96 5.20
1333 61.14 17.98 34.60 75.30 3.28
1334 61.12 10.55 22.64 64.51 2.82
1335 61.30 69.54 38.29 87.96 4.17
1336 61.27 8.86 24.09 65.55 2.73
1337 61.35 33.03 52.49 86.28 5.36
1338 61.25 51.89 60.66 94.57 6.18
1339 61.30 86.40 32.82 73.11 2.72
1340 61.47 42.73 65.48 78.60 5.06
1341 61.39 49.58 53.25 83.70 5.51
1342 61.65 20.21 40.50 67.42 3.52
1343 61.61 15.47 30.80 65.51 2.94
1344 61.60 47.14 68.20 80.25 5.67
1345 61.61 53.88 54.69 80.52 5.85
1346 61.48 71.97 37.86 87.45 4.02
1347 61.22 87.51 38.86 77.29 3.00
1348 61.65 75.82 35.98 78.66 3.61
1349 61.73 59.73 58.84 80.94 4.84
1350 61.74 27.19 65.19 73.27 4.62
1351 61.71 40.05 93.79 71.12 4.64
1352 61.81 78.50 33.14 77.85 3.32
1353 61.78 81.31 31.37 74.50 3.08
1354 61.85 24.48 60.25 71.64 4.98
1355 61.82 37.25 78.10 61.84 4.59
1356 61.76 63.80 44.35 74.75 3.90
1357 61.67 88.68 33.39 66.52 2.09
1358 61.96 13.22 30.54 62.24 3.20
1359 61.89 29.61 66.77 63.40 3.68
1360 61.82 56.04 65.00 73.92 4.95
1361 62.03 44.57 88.76 59.22 5.08
1362 62.07 66.07 52.83 74.69 4.30
1363 62.30 22.33 61.82 56.27 2.96
1364 62.21 68.27 52.17 70.99 3.56
1365 62.45 7.45 17.32 44.88 1.60
1366 62.31 90.47 28.05 60.10 1.68
1367 62.26 35.04 96.07 65.87 5.74
1368 62.32 73.64 33.13 65.02 3.21
1369 62.42 32.41 96.03 56.05 4.54
1370 62.44 58.08 114.41 59.69 4.56
1371 62.32 61.84 74.19 64.61 4.36
1372 62.36 83.52 32.14 63.18 2.51
1373 62.43 10.25 23.17 48.80 2.75
1374 62.37 51.37 89.75 68.65 4.95
1375 62.36 85.30 29.50 62.61 2.69
1376 62.16 91.82 25.50 56.81 1.75
1377 62.54 93.36 20.45 44.78 0.94
1378 62.46 17.52 53.17 57.53 3.29
1379 62.45 70.85 39.77 74.49 3.36
1380 62.53 49.07 107.20 61.77 5.26
1381 62.50 87.19 29.13 55.42 1.92
1382 62.69 38.76 142.64 55.45 4.82
1383 62.72 41.46 143.04 52.07 5.00
1384 62.84 26.09 136.34 48.62 3.62
1385 62.74 46.45 132.52 56.32 5.15
1386 62.71 76.86 38.43 62.02 2.85
1387 62.81 53.45 122.59 55.54 4.78
1388 62.99 28.34 113.55 48.35 3.69
1389 62.91 64.64 93.54 58.04 4.30
1390 62.99 14.95 48.63 45.67 2.90
1391 62.98 55.92 160.56 57.79 4.52
1392 62.99 79.87 35.03 61.77 3.35
1393 63.15 19.75 92.92 41.81 3.04
1394 63.01 30.45 127.81 52.08 4.73
1395 62.98 60.09 110.44 57.49 3.96
1396 63.08 43.52 153.22 47.68 4.46
1397 63.16 36.57 144.37 50.22 4.28
1398 63.21 67.12 95.03 51.78 3.62
1399 63.32 24.04 130.12 50.78 3.72
1400 63.24 12.29 41.58 46.59 2.76
1401 63.30 69.63 72.33 59.62 3.75
1402 63.31 75.15 53.46 63.01 3.04
1403 63.27 82.58 35.74 49.85 2.63
1404 63.45 62.55 139.31 51.56 4.10
1405 63.51 34.20 169.32 46.28 4.13
1406 63.40 89.13 30.64 49.32 2.02
1407 63.54 50.33 175.43 52.70 5.00
1408 63.45 72.85 56.03 60.72 3.66
1409 63.59 9.15 34.12 35.86 1.94
1410 63.55 91.78 25.34 39.79 1.26
1411 63.52 85.02 39.47 46.75 1.98
1412 63.88 17.17 109.83 33.99 2.62
1413 63.80 32.00 152.23 39.99 4.15
1414 63.77 47.77 193.60 46.01 4.02
1415 63.87 21.97 107.18 38.63 3.24
1416 63.68 39.98 165.31 43.86 4.91
1417 63.76 45.20 190.57 45.97 4.71
1418 63.83 52.45 177.54 50.05 4.64
1419 63.80 57.55 182.92 45.49 4.58
1420 63.90 78.25 61.40 47.19 2.73
1421 64.04 54.77 199.56 50.38 4.25
1422 64.12 26.91 133.52 38.32 3.76
1423 63.98 59.94 178.51 48.26 4.36
1424 64.05 65.61 172.70 49.08 3.33
1425 64.17 71.20 101.78 49.30 3.12
1426 64.22 37.96 170.45 41.84 4.48
1427 64.16 29.54 142.38 40.50 4.22
1428 64.17 42.42 179.22 43.15 4.52
1429 64.32 14.86 69.54 31.22 2.28
1430 64.28 81.58 57.45 41.39 2.98
1431 64.28 68.54 105.62 46.54 3.43
1432 64.45 10.77 63.30 31.53 2.16
1433 64.35 75.92 105.65 46.27 2.42
1434 64.37 83.57 67.20 36.80 2.07
1435 64.45 35.69 184.92 43.13 4.06
1436 64.40 13.38 66.42 33.62 2.27
1437 64.48 87.74 63.35 37.52 1.74
1438 64.60 24.63 108.59 36.61 3.18
1439 64.67 61.58 182.96 43.63 3.72
1440 64.68 63.72 180.24 42.61 4.10
1441 65.08 85.01 81.81 34.83 2.10
1442 64.69 49.14 196.76 44.65 4.63
1443 64.57 91.19 39.56 32.59 1.08
1444 64.68 19.93 87.75 31.40 3.03
1445 64.70 73.42 108.86 40.46 2.93
1446 64.86 33.49 151.60 35.87 4.26
1447 64.78 40.37 150.14 38.46 4.39
1448 64.88 51.22 198.18 44.35 4.15
1449 64.78 44.96 187.01 40.04 4.27
1450 64.79 58.46 205.61 44.46 4.75
1451 64.95 56.18 189.87 41.21 4.58
1452 65.13 31.34 120.99 35.23 3.87
1453 65.08 53.54 194.39 42.19 4.58
1454 65.27 47.30 181.05 39.44 4.13
1455 65.14 66.15 177.87 40.90 3.37
1456 64.98 16.95 89.29 27.07 2.75
1457 65.15 78.25 107.82 35.57 2.32
1458 65.41 22.82 94.00 28.72 2.74
1459 65.26 28.83 108.63 31.66 3.78
1460 65.30 26.53 98.45 32.75 3.47
1461 65.49 37.02 140.80 37.16 3.84
1462 65.37 42.80 144.66 38.62 4.49
1463 65.41 68.56 162.56 40.14 3.41
1464 65.32 70.99 158.28 40.00 3.22
1465 65.48 60.15 175.82 42.93 4.10
1466 65.56 15.95 82.30 25.82 2.51
1467 65.49 75.51 158.75 36.19 2.69
1468 65.60 12.31 83.17 27.88 2.27
1469 65.47 81.65 93.80 31.32 2.11
1470 65.57 38.99 110.91 34.75 4.00
1471 65.56 88.59 81.56 29.31 1.24
1472 65.65 13.74 83.28 25.43 2.23
1473 65.73 18.64 84.04 29.46 3.08
1474 65.79 90.31 79.51 26.72 1.01
1475 65.84 92.40 57.71 20.03 0.63
1476 66.02 9.57 65.91 21.96 1.77
1477 65.88 34.87 104.57 33.52 4.00
1478 65.80 10.92 80.53 25.82 1.76
1479 65.87 57.93 184.26 39.08 3.71
1480 65.89 62.17 150.41 35.33 3.57
1481 66.16 20.80 73.41 27.39 2.70
1482 66.04 73.56 156.69 33.84 2.85
1483 65.92 45.01 165.65 36.38 4.30
1484 66.02 49.60 126.99 36.34 4.12
1485 65.99 55.20 137.78 34.88 3.95
1486 66.02 64.41 169.14 36.61 3.33
1487 66.05 40.88 101.77 33.49 3.34
1488 66.06 51.74 145.39 37.58 3.93
1489 66.18 32.81 84.59 31.54 3.82
1490 66.24 24.87 69.75 25.25 2.77
1491 66.38 82.75 123.54 28.28 2.07
1492 66.24 30.33 78.65 30.63 3.68
1493 66.32 76.96 166.20 32.43 2.78
1494 66.32 66.86 169.04 34.58 3.36
1495 66.54 87.01 120.01 28.79 1.58
1496 66.40 27.61 66.01 27.80 3.19
1497 66.58 79.83 135.51 27.86 2.20
1498 66.52 69.31 147.51 33.32 2.70
1499 66.45 71.48 143.96 33.49 2.65
1500 66.54 84.58 121.76 27.66 2.24
1501 66.48 47.31 125.05 34.68 4.92
1502 66.70 53.31 94.71 34.41 3.75
1503 66.77 14.65 68.55 21.30 2.68
1504 66.63 42.83 77.27 33.06 3.97
1505 66.63 60.09 109.22 34.73 3.73
1506 66.91 17.37 61.27 22.15 2.67
1507 66.72 38.51 70.89 33.37 4.09
1508 66.78 36.34 70.52 32.29 3.73
1509 66.87 57.12 105.87 35.80 4.16
1510 66.92 89.52 106.72 25.95 1.41
1511 67.26 10.97 48.91 19.12 1.92
1512 67.27 22.18 44.23 22.08 3.02
1513 66.95 62.82 105.47 34.11 3.97
1514 67.04 44.90 83.28 33.26 4.44
1515 66.91 81.24 130.90 27.67 2.48
1516 67.20 31.88 53.87 29.41 3.19
1517 67.30 75.37 131.07 26.25 2.33
1518 67.40 91.30 73.31 18.80 0.78
1519 67.28 65.22 121.80 30.44 3.14
1520 67.18 34.26 50.73 28.90 3.29
1521 67.24 40.55 60.22 29.69 3.77
1522 67.22 51.02 68.10 31.51 3.66
1523 67.23 29.37 50.87 26.87 3.15
1524 67.35 49.02 70.63 33.34 3.79
1525 67.34 54.89 77.13 32.97 4.19
1526 67.39 72.89 114.15 27.94 2.03
1527 67.30 24.97 53.32 25.90 3.39
1528 67.48 19.74 43.87 20.76 2.74
1529 67.45 67.87 109.64 28.18 2.62
1530 67.50 27.28 49.09 29.94 3.32
1531 67.68 70.63 97.13 27.23 2.69
1532 67.64 78.11 123.10 25.51 1.91
1533 67.69 58.91 65.33 31.35 3.65
1534 67.73 46.73 62.70 31.08 4.29
1535 67.75 61.49 67.82 32.11 3.29
1536 67.73 37.86 54.56 29.93 3.47
1537 67.81 42.90 57.42 33.53 4.31
1538 67.93 84.02 114.89 22.14 1.79
1539 67.94 86.86 112.61 21.43 1.46
1540 67.88 52.80 60.30 33.99 3.50
1541 67.90 56.56 59.00 31.04 3.91
1542 67.97 35.66 46.76 29.80 4.08
1543 68.00 16.15 34.24 19.88 2.30
1544 68.05 80.27 90.70 24.69 1.97
1545 68.07 89.07 102.16 19.28 1.05
1546 68.11 23.71 42.55 24.57 2.67
1547 68.22 63.79 58.01 30.12 3.54
1548 68.11 33.11 47.63 26.57 3.89
1549 68.14 30.85 53.11 28.17 4.19
1550 68.14 41.25 54.67 30.69 3.40
1551 68.18 44.89 53.82 31.80 3.75
1552 68.25 13.55 33.20 16.31 1.91
1553 68.30 28.78 42.02 23.44 2.44
1554 68.44 65.94 60.01 28.47 3.12
1555 68.45 39.31 54.17 28.62 4.37
1556 68.27 50.55 53.56 31.42 4.38
1557 68.53 26.22 49.21 24.24 3.40
1558 68.45 68.23 67.78 28.36 2.80
1559 68.46 73.75 74.74 23.66 2.36
1560 68.50 76.51 82.67 22.92 1.99
1561 68.49 19.33 32.73 20.64 2.12
1562 68.50 48.32 53.68 31.40 3.73
1563 68.43 60.20 54.06 31.57 3.91
1564 68.50 10.74 25.23 17.13 1.96
1565 68.59 54.77 47.60 31.88 4.13
1566 68.67 21.81 36.31 22.40 2.46
1567 68.72 17.91 29.85 16.88 3.35
1568 68.73 37.26 59.34 29.10 4.03
1569 68.72 57.11 45.80 30.95 3.76
1570 68.88 15.22 31.35 20.77 3.42
1571 68.90 34.20 57.70 28.32 3.38
1572 68.91 71.49 53.74 25.71 2.63
1573 68.99 43.68 73.57 31.25 4.16
1574 68.92 52.66 64.58 30.28 3.99
1575 69.05 46.35 72.09 30.23 4.54
1576 68.97 62.52 46.61 28.23 3.63
1577 69.09 82.18 70.20 20.17 2.08
1578 69.20 31.57 67.49 25.32 3.59
1579 69.04 78.58 66.25 20.94 1.78
1580 69.19 85.72 76.14 17.90 1.50
1581 69.01 58.83 44.03 28.74 3.86
1582 69.12 80.32 68.81 19.83 2.11
1583 69.07 41.11 55.00 29.67 3.85
1584 69.28 24.40 54.87 21.88 2.60
1585 69.06 66.74 48.50 27.62 3.04
1586 69.24 88.59 80.91 17.89 1.12
1587 69.27 12.13 29.86 17.09 2.90
1588 69.25 50.49 68.53 33.40 3.72
1589 69.39 60.52 54.69 28.14 3.11
1590 69.47 69.72 47.26 24.55 2.11
1591 69.60 35.86 80.23 26.73 4.09
1592 69.42 67.66 44.45 25.22 3.35
1593 69.58 48.21 70.21 27.99 4.12
1594 69.50 56.08 59.79 30.79 4.04
1595 69.63 38.76 78.87 29.88 3.43
1596 69.43 64.54 42.35 27.35 3.47
1597 69.69 27.07 67.14 23.16 2.86
1598 69.63 73.34 43.24 22.47 2.33
1599 69.52 75.71 50.30 22.71 2.11
1600 69.57 17.07 32.12 18.34 2.26
1601 69.70 19.42 38.10 20.33 2.33
1602 69.79 22.47 53.98 23.47 3.28
1603 69.97 57.93 71.59 29.86 3.88
1604 70.07 62.54 60.75 25.58 2.74
1605 70.07 40.97 106.15 29.07 3.77
1606 69.98 33.24 96.20 27.39 3.79
1607 70.08 43.27 101.39 28.64 4.34
1608 70.09 78.49 43.27 20.81 1.99
1609 70.10 45.67 107.25 30.68 4.31
1610 70.16 51.93 85.71 30.97 4.44
1611 70.16 81.96 47.06 19.44 1.77
1612 70.07 15.28 36.78 16.44 2.16
1613 70.32 84.44 48.45 17.33 1.45
1614 70.12 66.00 49.28 24.75 2.87
1615 70.19 71.22 39.42 22.83 2.52
1616 70.25 49.83 98.76 31.01 4.01
1617 69.97 61.01 61.00 29.33 2.00
1618 70.39 30.26 101.84 23.59 3.55
1619 70.39 68.91 40.57 24.11 2.81
1620 70.46 86.91 40.00 15.27 1.04
1621 70.55 24.82 100.75 20.39 2.82
1622 70.49 59.62 98.74 30.81 3.87
1623 70.51 64.65 58.28 25.94 3.18
1624 70.66 37.22 137.51 27.19 4.03
1625 70.55 55.87 100.75 29.63 3.87
1626 70.69 18.23 57.49 19.10 2.17
1627 70.67 20.84 69.83 19.32 2.76
1628 70.58 75.19 34.17 22.38 2.36
1629 71.04 15.73 61.28 16.70 2.34
1630 71.00 67.31 60.67 24.87 2.92
1631 70.52 72.48 34.40 21.90 2.10
1632 70.98 27.63 112.68 21.82 3.17
1633 70.93 34.68 149.57 27.50 4.39
1634 70.96 39.51 141.29 27.65 4.18
1635 70.97 48.05 130.82 30.36 4.32
1636 70.76 73.61 32.29 20.17 2.07
1637 70.95 53.51 128.45 29.29 3.97
1638 70.97 80.09 35.91 19.18 1.96
1639 71.20 13.44 49.74 16.68 2.25
1640 71.22 32.26 122.87 25.68 3.99
1641 70.89 78.07 35.85 19.91 1.74
1642 71.12 63.15 84.97 27.04 3.21
1643 71.09 70.84 46.13 22.50 2.53
1644 71.25 43.87 168.54 27.72 4.25
1645 71.30 41.79 162.29 30.08 4.74
1646 71.20 45.84 147.76 29.72 5.12
1647 71.34 60.86 117.74 26.15 3.42
1648 71.37 58.19 133.30 29.17 3.64
1649 71.45 22.70 95.48 20.06 2.70
1650 71.26 50.78 143.18 30.22 4.18
1651 71.54 83.89 37.01 16.49 1.43
1652 71.65 29.94 116.56 23.24 3.35
1653 71.57 55.72 155.87 29.62 3.47
1654 71.73 19.27 91.74 19.03 2.74
1655 71.84 64.93 109.42 25.89 3.07
1656 71.65 75.12 42.54 22.67 2.53
1657 71.68 72.74 55.53 22.71 2.72
1658 71.87 86.93 27.63 14.96 0.79
1659 71.89 69.42 78.62 22.62 2.49
1660 71.91 25.41 111.79 21.92 3.34
1661 71.89 36.17 158.35 27.08 4.91
1662 71.83 79.46 39.71 21.38 1.90
1663 72.04 38.35 153.48 27.48 4.50
1664 72.12 47.18 156.34 30.96 4.87
1665 72.15 49.41 158.90 30.71 4.91
1666 71.99 52.53 170.27 30.61 4.16
1667 72.27 34.13 152.62 26.42 4.51
1668 72.33 40.60 167.60 28.65 4.79
1669 72.15 77.72 38.65 19.12 1.79
1670 72.48 16.09 98.47 17.27 2.43
1671 72.37 27.58 123.89 23.73 3.98
1672 72.35 62.42 148.54 26.20 3.69
1673 72.39 66.87 123.41 23.04 3.08
1674 72.46 44.91 161.20 31.53 5.01
1675 72.49 54.97 174.53 29.59 4.68
1676 72.48 42.86 153.71 29.16 5.03
1677 72.41 57.75 176.91 29.58 3.74
1678 72.52 60.10 176.69 29.63 3.82
1679 72.71 12.76 64.54 14.68 1.57
1680 72.86 20.97 116.06 18.63 2.88
1681 72.68 23.49 110.09 20.68 3.59
1682 72.70 32.20 109.08 24.43 5.81
1683 72.77 74.18 81.13 21.02 2.43
1684 72.69 76.43 49.12 20.48 2.21
1685 72.75 83.71 38.21 15.89 1.46
1686 73.08 18.47 109.54 18.25 2.73
1687 72.82 29.87 113.28 23.53 4.70
1688 73.01 71.55 105.12 23.21 2.80
1689 72.93 50.99 158.01 29.23 4.80
1690 72.82 79.72 43.76 18.97 1.72
1691 73.10 36.59 128.24 26.67 5.53
1692 73.07 68.76 153.12 22.41 2.84
1693 73.09 53.39 169.52 31.06 4.70
1694 73.13 64.08 150.77 26.20 3.46
1695 73.05 78.36 47.25 17.61 1.91
1696 73.21 39.23 139.02 30.46 7.43
1697 73.30 46.35 115.70 29.76 5.39
1698 73.20 81.03 46.07 17.62 1.58
1699 73.48 25.51 85.40 19.73 4.82
1700 73.27 48.54 139.12 29.19 5.96
1701 73.41 56.45 189.13 29.23 4.58
1702 73.29 85.62 41.28 13.72 1.20
1703 73.53 58.76 180.11 30.21 4.36
1704 73.48 41.64 103.86 27.44 6.30
1705 73.55 61.44 160.61 25.82 3.85
1706 73.68 27.96 76.90 21.18 5.27
1707 73.67 34.63 83.77 25.42 6.45
1708 73.61 66.28 147.36 22.64 3.02
1709 73.69 43.99 95.64 27.59 6.67
1710 73.86 14.50 71.55 16.20 3.06
1711 73.84 75.86 103.83 20.77 2.37
1712 73.93 32.48 75.14 23.94 6.94
1713 74.00 30.47 68.51 24.40 5.86
1714 73.95 52.23 121.28 30.06 5.72
1715 73.90 77.57 98.85 19.33 1.83
1716 73.90 22.69 77.21 19.52 3.40
1717 73.96 85.08 58.09 13.50 0.72
1718 74.04 37.92 86.83 27.09 7.94
1719 74.11 70.25 132.93 22.23 2.55
1720 74.00 79.01 82.59 20.07 2.07
1721 74.21 50.20 85.17 26.91 6.28
1722 74.22 54.62 122.01 27.38 5.41
1723 74.10 73.35 111.31 22.17 2.69
1724 74.03 83.37 59.33 15.36 1.47
1725 74.36 86.83 50.76 12.26 0.66
1726 74.32 17.17 72.25 16.48 3.85
1727 74.20 20.20 68.96 17.74 3.70
1728 74.44 40.26 67.86 26.59 9.34
1729 74.29 63.66 138.18 23.33 3.52
1730 74.39 47.79 84.39 25.71 7.57
1731 74.25 80.20 72.11 16.92 1.62
1732 74.47 45.83 69.43 26.66 8.77
1733 74.52 67.71 135.41 23.00 3.03
1734 74.53 42.32 60.58 26.77 10.82
1735 74.50 56.80 118.77 26.68 5.41
1736 74.56 59.46 136.03 28.92 5.62
1737 74.71 61.67 127.83 25.39 4.52
1738 74.60 24.82 52.98 20.59 6.05
1739 74.84 36.09 52.98 24.79 12.19
1740 74.82 26.86 47.80 21.63 7.83
1741 74.91 29.40 46.48 22.18 10.62
1742 74.77 34.00 50.08 24.62 10.31
1743 74.96 65.48 108.61 22.45 3.61
1744 75.06 23.84 49.25 17.54 6.30
1745 75.19 72.05 114.22 21.38 2.90
1746 75.29 82.94 85.27 14.77 1.54
1747 75.15 44.25 53.42 28.13 12.06
1748 75.03 52.74 79.01 27.76 7.60
1749 75.37 15.22 32.28 14.81 3.47
1750 75.21 32.08 42.20 22.73 11.09
1751 75.09 74.99 129.22 19.90 2.66
1752 75.19 38.43 51.96 27.20 12.36
1753 75.16 49.04 58.68 27.76 10.68
1754 75.21 78.25 122.45 18.70 2.09
1755 75.22 85.25 78.14 13.25 0.95
1756 75.32 69.82 113.70 22.13 3.05
1757 75.42 17.88 39.64 15.55 4.46
1758 75.51 20.99 37.56 17.07 6.54
1759 75.43 58.40 77.12 27.36 6.44
1760 75.31 76.22 129.10 18.73 2.30
1761 75.57 81.33 110.67 17.06 1.81
1762 75.68 56.26 69.16 25.74 8.32
1763 75.61 50.80 53.69 26.87 11.97
1764 75.55 42.07 49.66 25.53 17.18
1765 75.54 46.71 47.23 27.44 15.23
1766 75.70 54.43 51.80 26.08 9.91
1767 75.66 63.25 87.99 23.09 5.32
1768 75.77 60.71 69.72 24.55 5.92
1769 75.79 39.91 42.67 26.04 17.06
1770 75.98 25.61 35.41 20.03 9.13
1771 75.95 27.92 36.37 21.57 15.06
1772 75.89 33.80 38.86 25.12 17.63
1773 75.90 67.57 82.70 22.46 3.67
1774 75.82 36.92 45.10 26.42 19.00
1775 76.02 23.01 38.04 20.42 11.82
1776 75.78 23.97 40.33 16.67 10.00
1777 76.11 73.74 104.42 18.60 2.71
1778 76.12 44.91 50.64 28.76 23.98
1779 76.25 52.37 49.96 26.12 14.52
1780 76.25 65.32 68.62 23.37 4.41
1781 76.16 49.02 43.45 26.59 18.65
1782 76.44 77.21 109.38 19.27 2.08
1783 76.51 35.64 52.44 26.22 25.47
1784 76.23 75.36 108.79 19.79 2.52
1785 76.66 18.28 24.95 15.93 10.16
1786 76.50 42.79 54.35 27.25 27.26
1787 76.61 46.87 56.48 27.86 23.22
1788 76.52 69.63 73.68 21.38 3.43
1789 76.84 29.78 51.93 21.89 22.57
1790 76.47 58.22 49.42 26.27 9.61
1791 76.87 72.22 71.71 19.46 3.35
1792 76.80 79.94 119.49 16.02 1.78
1793 76.81 38.11 58.03 24.05 28.89
1794 76.73 60.30 44.81 23.15 9.19
1795 76.81 62.56 49.07 22.95 6.70
1796 76.86 50.72 49.52 27.50 20.80
1797 76.80 54.09 45.36 26.60 16.51
1798 77.07 82.90 98.61 14.17 1.27
1799 77.05 85.00 85.53 12.81 0.81
1800 77.09 33.67 64.16 23.49 27.77
1801 76.93 56.55 44.16 26.52 13.16
1802 77.24 44.50 83.63 27.27 33.97
1803 76.84 24.51 35.29 21.24 16.24
1804 77.26 26.54 46.54 20.17 19.34
1805 77.14 48.89 53.66 27.40 29.16
1806 77.28 67.42 45.65 21.40 5.88
1807 77.73 19.50 38.80 16.60 13.86
1808 77.51 75.71 82.75 18.84 2.45
1809 77.36 64.73 46.30 22.78 6.91
1810 77.82 42.17 102.14 27.12 37.88
1811 77.54 52.55 63.19 25.69 27.14
1812 77.40 58.53 39.95 24.71 14.03
1813 77.43 23.98 38.80 18.23 17.36
1814 77.78 39.81 103.36 25.47 40.22
1815 77.62 70.26 53.54 20.92 4.14
1816 77.71 55.14 57.42 23.68 23.10
1817 77.94 31.17 80.01 21.11 32.12
1818 77.72 60.64 41.54 27.44 14.51
1819 77.89 35.85 96.51 24.92 40.62
1820 77.93 78.13 89.82 17.85 2.45
1821 77.91 46.35 109.83 27.48 41.21
1822 78.27 74.01 58.74 19.09 3.62
1823 78.18 22.83 52.66 19.58 22.90
1824 78.12 48.42 98.96 28.67 41.57
1825 78.09 50.85 81.26 25.40 34.83
1826 78.24 57.23 60.95 24.40 21.93
1827 78.08 81.46 89.90 15.52 1.83
1828 78.29 37.91 101.41 26.21 44.63
1829 78.27 28.27 78.45 20.78 29.23
1830 78.29 83.69 72.35 13.48 1.22
1831 78.28 65.31 38.18 24.20 14.88
1832 78.50 71.74 45.97 19.94 4.60
1833 78.30 79.80 87.23 15.38 1.81
1834 78.47 33.60 91.81 24.81 44.12
1835 78.61 68.90 34.66 21.73 8.45
1836 78.56 44.27 119.69 27.69 51.82
1837 78.51 59.35 62.13 25.01 29.25
1838 78.74 53.47 114.89 27.53 42.60
1839 78.90 55.61 108.34 26.35 41.30
1840 78.76 76.17 50.36 17.23 3.23
1841 78.95 61.46 69.20 24.01 29.08
1842 79.04 40.40 131.19 26.71 57.08
1843 78.87 19.82 54.23 16.23 22.29
1844 78.98 21.15 59.18 16.30 21.00
1845 79.13 49.65 139.08 28.37 56.84
1846 79.06 46.90 136.16 26.67 61.64
1847 78.98 77.59 55.83 16.00 2.27
1848 79.17 36.34 122.27 24.61 53.76
1849 79.26 31.77 119.78 24.15 51.84
1850 78.90 64.61 47.73 22.27 16.36
1851 79.34 42.50 163.92 27.11 61.25
1852 79.50 51.66 123.44 26.87 54.29
1853 79.33 63.55 64.34 22.03 24.91
1854 79.50 26.82 87.95 20.92 38.78
1855 79.28 29.95 108.51 21.21 40.49
1856 79.43 66.08 47.84 23.65 18.34
1857 79.41 23.37 73.54 17.04 27.00
1858 79.45 82.68 53.65 12.21 0.97
1859 79.58 28.81 99.23 20.67 44.81
1860 79.62 57.61 120.35 25.52 40.11
1861 79.53 70.73 33.49 20.51 10.18
1862 79.53 73.58 35.43 18.67 6.66
1863 79.64 34.38 140.71 25.70 58.12
1864 79.58 59.73 99.35 25.81 42.49
1865 79.46 75.82 41.90 18.03 3.07
1866 79.36 24.72 77.33 14.22 17.11
1867 79.85 38.54 152.75 25.54 59.18
1868 79.69 44.60 154.84 26.84 67.55
1869 79.54 20.07 59.33 15.58 20.58
1870 80.02 53.78 159.40 26.54 64.44
1871 79.82 79.87 47.69 13.93 1.45
1872 80.06 21.27 84.33 18.08 30.82
1873 80.11 48.50 149.75 27.07 79.77
1874 80.12 77.24 37.00 15.92 4.01
1875 80.16 55.67 149.91 25.75 59.04
1876 80.23 46.59 164.32 28.81 80.23
1877 80.00 22.70 78.89 15.89 26.68
1878 80.06 63.65 77.94 22.11 29.47
1879 80.31 40.62 154.74 27.00 79.58
1880 80.43 61.77 107.20 22.24 43.69
1881 80.51 25.11 103.02 20.66 40.67
1882 80.43 32.78 135.45 23.76 64.16
1883 80.55 20.26 82.81 17.54 28.65
1884 80.60 30.42 134.55 21.52 57.15
1885 80.50 36.67 132.44 24.92 70.77
1886 80.37 67.03 62.36 22.09 29.12
1887 80.47 81.16 36.20 13.20 1.64
1888 80.68 50.44 149.02 26.04 76.51
1889 80.40 70.29 40.00 19.41 18.29
1890 80.53 73.68 32.84 17.54 10.66
1891 80.61 42.77 163.72 25.94 74.16
1892 80.85 27.82 101.59 20.55 49.04
1893 80.72 59.34 142.71 24.85 54.36
1894 80.85 18.40 57.91 13.65 18.47
1895 80.66 68.77 54.41 19.45 22.36
1896 80.89 52.51 164.70 27.97 78.57
1897 80.81 71.58 38.78 19.88 13.66
1898 80.98 64.76 101.66 22.30 42.76
1899 80.97 45.11 159.13 25.60 82.21
1900 81.04 34.66 129.85 23.04 70.70
1901 81.02 57.13 165.02 24.71 67.15
1902 80.92 79.08 28.93 14.09 3.20
1903 81.24 22.70 98.28 19.15 41.26
1904 81.40 38.77 139.69 25.41 85.69
1905 81.24 48.40 161.94 27.10 91.03
1906 81.41 54.97 164.68 26.88 76.27
1907 81.38 76.65 29.19 15.49 6.35
1908 81.62 40.87 141.64 26.18 88.80
1909 81.57 62.89 148.02 23.41 57.69
1910 81.64 32.04 125.41 21.60 66.60
1911 81.62 69.28 78.90 20.45 28.17
1912 81.73 72.60 43.58 17.22 18.23
1913 81.78 74.99 31.71 15.93 13.59
1914 81.80 20.03 77.82 16.97 32.04
1915 81.77 36.55 120.56 22.62 75.95
1916 81.82 25.28 97.55 19.05 49.19
1917 81.70 43.38 144.29 26.31 81.95
1918 81.85 60.52 160.18 25.49 67.75
1919 81.95 29.52 122.52 21.23 62.49
1920 81.94 46.74 148.49 26.24 95.80
1921 81.98 51.16 157.98 25.66 93.01
1922 82.05 58.37 149.46 23.08 73.84
1923 82.10 53.42 158.12 26.95 86.63
1924 82.07 79.36 26.35 13.10 3.43
1925 82.31 67.15 112.92 21.56 46.85
1926 82.30 34.13 122.92 24.51 83.33
1927 82.46 27.31 91.98 19.25 60.23
1928 82.41 48.92 143.11 24.97 96.51
1929 82.48 56.53 157.47 25.10 92.95
1930 82.36 64.84 140.29 23.39 54.90
1931 82.59 45.10 138.51 26.84 101.57
1932 82.98 21.76 82.10 15.75 35.97
1933 82.56 42.24 132.44 27.34 106.80
1934 82.81 38.78 111.48 24.35 101.41
1935 82.62 69.95 82.57 19.71 39.22
1936 82.56 76.39 31.95 14.24 8.17
1937 82.78 62.20 159.42 23.54 76.30
1938 82.71 73.14 58.42 16.87 19.99
1939 82.98 31.97 104.06 20.59 78.21
1940 82.92 36.75 107.87 24.90 95.43
1941 83.14 40.64 103.95 24.71 103.21
1942 83.19 55.07 152.28 25.41 96.57
1943 83.16 59.71 136.15 23.64 92.59
1944 82.82 71.70 63.15 16.62 21.85
1945 83.33 24.68 84.37 17.82 51.15
1946 83.17 50.61 127.55 25.69 101.68
1947 83.23 52.86 136.64 26.53 100.49
1948 83.31 29.37 90.50 20.94 71.11
1949 83.28 47.53 122.42 24.79 115.56
1950 83.34 74.50 61.84 16.33 19.53
1951 83.50 34.72 88.09 23.77 91.71
1952 83.53 43.29 102.23 25.78 105.30
1953 83.63 66.69 148.18 21.29 64.81
1954 83.64 64.15 151.33 23.39 75.62
1955 83.71 57.86 138.69 23.09 95.32
1956 83.70 27.40 80.86 19.48 62.46
1957 83.81 71.15 107.90 18.64 37.22
1958 83.78 45.40 91.73 24.32 115.49
1959 83.88 68.87 121.28 19.68 50.79
1960 83.93 61.70 131.53 22.11 80.97
1961 83.77 77.13 44.51 13.66 7.59
1962 84.17 39.08 76.55 24.11 115.07
1963 84.24 49.48 93.08 26.51 114.31
1964 84.12 37.02 75.56 25.55 109.91
1965 84.17 75.65 71.09 15.17 20.42
1966 84.15 30.98 72.40 22.54 88.68
1967 84.29 54.26 100.69 24.63 111.81
1968 84.20 26.53 75.16 17.27 63.27
1969 84.39 41.37 69.10 23.48 111.91
1970 84.24 51.85 106.11 25.04 114.68
1971 84.37 22.50 64.09 16.53 49.22
1972 84.45 33.09 63.25 21.82 90.40
1973 84.43 56.28 105.09 25.65 101.63
1974 84.52 72.91 109.14 16.85 34.24
1975 84.42 47.45 89.70 26.23 125.38
1976 84.77 24.72 62.46 17.93 57.50
1977 84.76 59.92 102.83 22.37 102.95
1978 84.96 43.39 53.04 24.62 113.93
1979 84.87 28.78 58.79 20.08 76.90
1980 84.93 35.29 58.76 22.33 106.03
1981 84.91 45.44 56.12 22.99 121.10
1982 84.84 65.00 110.61 19.67 71.45
1983 84.92 76.77 68.87 12.99 13.55
1984 85.11 70.09 125.11 18.30 52.89
1985 85.19 58.07 82.91 22.86 97.18
1986 85.05 62.30 104.20 23.02 92.83
1987 85.20 68.01 117.74 19.51 64.15
1988 85.35 37.53 45.27 23.49 108.87
1989 85.24 53.59 74.03 25.26 118.14
1990 85.31 51.35 62.32 25.56 116.36
1991 85.39 31.03 52.75 21.11 86.53
1992 85.45 74.56 109.40 15.12 28.04
1993 85.51 26.57 48.63 18.51 67.47
1994 85.45 39.79 48.34 22.80 112.21
1995 85.56 47.47 56.38 24.12 112.91
1996 85.56 55.71 80.59 23.80 112.83
1997 85.81 49.41 52.38 24.33 105.69
1998 85.83 33.21 40.13 20.67 91.72
1999 85.87 41.85 41.11 23.05 110.69
2000 85.83 72.10 129.07 16.17 47.72
2001 86.00 64.32 72.86 20.16 84.97
2002 86.09 45.30 44.16 24.38 109.10
2003 86.29 60.03 56.03 22.52 101.19
2004 86.01 61.97 80.79 23.02 100.73
2005 86.22 28.51 42.41 19.30 73.21
2006 86.19 66.53 75.43 18.80 74.89
2007 86.34 76.15 95.57 14.33 17.13
2008 86.26 35.56 38.68 21.78 96.86
2009 86.39 69.15 98.40 17.56 64.96
2010 86.32 53.49 52.49 23.81 106.62
2011 86.39 57.96 56.33 21.48 106.06
2012 86.62 51.37 47.77 23.45 119.21
2013 86.67 37.85 38.49 23.11 106.90
2014 86.77 43.71 35.56 24.73 105.39
2015 86.68 30.95 33.39 19.55 85.05
2016 86.74 55.74 45.52 23.22 111.08
2017 86.86 39.89 34.92 22.63 106.29
2018 86.81 47.21 41.26 24.53 107.24
2019 86.86 73.82 111.01 14.99 38.30
2020 86.92 71.30 94.81 14.85 51.29
2021 87.08 49.39 44.05 23.45 108.62
2022 87.23 33.60 31.90 18.56 77.24
2023 87.19 41.85 32.18 22.03 101.60
2024 87.07 62.73 54.40 21.06 101.38
2025 87.21 65.21 49.87 18.98 90.76
2026 87.47 67.70 54.42 17.58 76.67
2027 87.52 28.59 32.10 18.16 74.60
2028 87.44 53.23 41.55 23.98 109.19
2029 87.56 36.39 26.85 21.44 91.54
2030 87.62 60.63 39.05 21.66 98.47
2031 87.65 45.50 30.90 23.92 99.24
2032 87.55 57.72 41.08 21.85 91.62
2033 87.82 69.86 67.05 15.68 65.09
2034 87.96 31.10 27.75 19.86 76.89
2035 87.99 50.83 32.51 21.95 96.78
2036 88.03 47.82 33.10 23.28 101.18
2037 88.13 72.84 80.12 14.37 36.02
2038 88.06 55.29 34.30 22.96 95.27
2039 88.18 38.54 25.40 19.95 90.60
2040 88.22 43.29 28.82 22.83 90.39
2041 88.35 40.89 24.98 22.26 91.13
2042 88.23 63.34 34.14 19.02 82.83
2043 88.40 66.33 39.38 18.14 84.07
2044 88.49 34.98 23.01 22.09 86.01
2045 88.53 59.41 37.00 21.49 99.50
2046 88.79 32.79 21.31 19.56 77.03
2047 88.72 53.15 29.42 23.32 93.91
2048 88.80 28.74 20.94 17.93 59.10
2049 88.81 57.26 32.11 21.34 89.47
2050 88.91 70.42 56.89 15.67 50.74
2051 88.89 45.37 24.21 21.34 87.89
2052 89.15 36.77 21.66 19.72 81.08
2053 89.10 49.14 24.09 23.24 85.75
2054 89.08 61.67 32.17 19.59 82.07
2055 89.21 64.92 32.74 17.54 73.04
2056 89.27 51.08 24.23 23.51 99.99
2057 89.37 68.22 40.21 14.85 59.25
2058 89.48 47.36 22.55 21.44 84.31
2059 89.44 55.17 27.41 21.23 88.67
2060 89.40 30.67 19.01 18.51 62.70
2061 89.62 38.65 20.61 20.92 70.27
2062 89.64 43.24 18.80 21.42 66.83
2063 89.59 40.99 19.60 22.60 74.30
2064 89.82 59.55 28.63 20.47 82.00
2065 89.89 34.66 17.56 19.67 66.37
2066 90.13 52.71 22.21 21.71 86.77
2067 90.07 63.67 27.75 18.83 78.45
2068 90.10 57.22 27.14 20.38 84.42
2069 90.16 32.41 16.06 18.32 57.59
2070 90.27 45.54 17.82 21.05 68.99
2071 90.33 66.32 28.53 16.38 66.94
2072 90.42 50.13 17.41 20.76 68.52
2073 90.68 61.79 25.55 19.58 76.24
2074 90.67 36.63 17.39 19.32 56.86
2075 90.80 39.60 16.62 19.43 59.66
2076 90.71 68.47 28.87 13.87 50.22
2077 90.78 54.75 19.72 20.24 66.80
2078 90.92 47.80 17.33 21.77 63.78
2079 91.06 41.71 17.86 20.62 54.40
2080 91.06 43.83 18.12 20.21 60.35
2081 91.20 59.23 21.15 18.62 68.31
2082 91.33 31.40 13.58 15.83 41.19
2083 91.16 33.99 15.88 17.75 47.71
2084 91.26 56.92 19.97 19.47 65.83
2085 91.22 64.52 22.71 17.30 66.75
2086 91.43 52.25 16.78 18.20 60.53
2087 91.72 45.85 16.39 20.15 50.13
2088 91.71 49.63 16.77 19.70 60.33
2089 91.83 38.10 14.70 19.04 42.96
2090 91.72 66.67 21.43 14.72 50.97
2091 91.81 61.29 19.91 17.55 62.82
2092 92.11 35.54 12.83 17.48 40.47
2093 92.19 55.06 15.12 18.49 54.23
2094 92.20 63.58 16.98 15.96 58.45
2095 92.26 40.59 14.95 19.33 40.73
2096 92.46 42.88 16.01 19.90 40.22
2097 92.28 57.75 17.30 18.08 55.54
2098 92.50 33.17 11.87 17.28 31.65
2099 92.57 47.81 15.27 19.20 43.12
2100 92.67 50.85 14.95 19.01 43.48
2101 92.76 53.04 15.66 19.03 49.82
2102 92.75 59.81 14.53 17.33 52.29
2103 92.87 45.32 16.52 18.83 36.97
2104 93.03 62.03 14.36 15.56 48.88
2105 93.21 36.92 12.90 18.24 31.50
2106 93.18 39.16 14.82 19.45 33.19
2107 93.34 56.75 14.08 17.73 49.53
2108 93.65 49.33 14.44 19.78 36.22
2109 93.67 34.71 13.50 17.01 22.40
2110 93.80 41.11 14.04 19.35 28.25
2111 93.82 43.81 14.30 17.61 25.94
2112 93.88 54.46 13.80 16.44 37.65
2113 94.09 51.59 13.28 16.38 31.05
2114 93.95 58.96 13.32 15.43 35.88
2115 94.10 46.73 14.97 18.32 24.80
2116 94.14 61.29 12.65 14.52 34.44
2117 94.47 38.62 13.14 18.40 24.01
2118 94.51 56.88 13.65 15.99 36.55
2119 94.84 48.96 13.56 17.29 25.27
2120 94.93 53.23 13.38 18.05 30.83
2121 95.14 42.38 12.99 18.02 22.84
2122 95.15 44.72 13.66 17.12 21.47
2123 95.11 60.12 10.87 13.03 21.26
2124 95.51 39.96 12.54 16.54 17.36
2125 95.45 55.33 12.31 15.55 21.36
2126 95.53 57.81 12.21 15.15 24.29
2127 95.64 46.78 12.92 17.84 21.18
2128 95.83 51.32 12.49 15.68 15.58
2129 95.99 49.11 13.89 17.14 20.76
2130 96.24 53.70 11.78 16.04 17.38
2131 96.44 41.69 12.25 17.65 16.28
2132 96.65 44.93 11.89 17.57 17.41
2133 96.40 56.13 9.67 12.55 15.52
2134 97.08 47.44 12.29 16.33 14.56
2135 96.76 52.86 10.70 16.65 8.61
2136 97.09 50.21 10.88 15.91 14.19
2137 97.50 52.57 11.42 15.10 10.18
2138 97.87 45.67 10.55 15.39 11.00
2139 97.78 48.33 11.00 19.00 9.00
2140 98.20 49.38 9.91 15.66 6.09

