#<Embryo name> <Cleavage cycle> <Temporal class> <Genes>
dm14 14A 8 even-skipped knirps hunchback

#Data without background

#<Nucleus number> <A-P coordinate> <D-V coordinate> <Fluorescence intensity: channel 1 - eve, channel 2 - kni, channel 3 - hb>
0 2.29 46.46 0.00 188.43 29.75
1 3.06 48.76 2.82 191.66 41.71
2 3.12 42.65 0.25 183.49 32.92
3 3.75 51.16 0.00 166.14 31.99
4 3.74 45.90 1.08 174.35 40.03
5 4.53 53.74 0.00 175.63 46.11
6 4.81 43.54 0.73 157.87 34.86
7 4.92 38.72 2.09 179.21 39.97
8 4.87 48.54 0.00 164.62 44.08
9 5.46 56.06 0.00 169.60 52.91
10 5.41 46.35 0.52 157.52 49.59
11 5.53 50.58 0.00 160.59 51.58
12 5.65 41.37 0.14 139.20 46.68
13 5.43 40.00 1.47 158.75 50.22
14 6.02 59.67 0.00 106.93 24.69
15 6.17 44.16 0.53 142.97 50.65
16 5.99 54.04 0.00 173.42 53.78
17 6.28 52.62 0.91 175.35 71.48
18 6.22 34.82 0.34 104.96 43.08
19 6.67 57.82 0.00 168.44 59.17
20 6.49 38.70 0.00 105.21 39.86
21 6.78 47.44 0.12 154.65 57.18
22 6.68 32.57 1.05 95.24 51.28
23 6.93 36.19 1.13 97.98 55.62
24 6.84 41.64 0.00 127.81 49.37
25 7.08 55.43 0.58 191.07 77.71
26 7.14 50.78 0.32 161.34 64.32
27 7.50 44.15 0.00 126.63 55.01
28 7.40 33.05 0.00 75.75 32.72
29 7.66 59.93 0.00 153.35 67.70
30 7.59 37.33 0.00 79.29 40.05
31 7.78 62.33 0.00 97.55 29.79
32 7.82 39.61 0.00 103.25 53.98
33 7.63 34.60 0.39 56.12 54.90
34 8.48 32.25 0.00 50.80 56.48
35 8.34 48.69 0.00 145.90 75.16
36 8.17 46.24 0.00 140.55 64.80
37 8.30 41.96 0.47 89.67 59.93
38 8.42 57.16 0.00 172.89 88.46
39 8.32 34.87 0.04 57.29 47.50
40 8.48 53.20 0.00 175.76 75.27
41 8.80 50.88 0.95 165.70 88.60
42 8.60 37.12 0.74 67.88 67.35
43 9.12 63.53 0.00 115.23 49.53
44 9.09 43.98 0.00 95.10 69.96
45 8.92 29.25 0.32 34.97 48.67
46 9.08 60.61 0.17 153.19 79.36
47 9.37 39.93 0.00 67.79 77.60
48 9.43 35.62 0.00 39.87 73.13
49 9.49 46.50 0.00 114.02 87.35
50 9.67 54.84 0.93 181.91 102.81
51 9.82 33.24 0.83 27.14 68.62
52 9.67 41.86 1.12 61.20 88.02
53 9.89 66.16 0.00 84.53 34.04
54 9.56 30.96 1.11 26.30 62.47
55 9.87 49.16 1.18 139.15 99.80
56 9.67 58.64 0.17 182.30 113.93
57 10.07 52.15 0.87 173.05 105.28
58 10.16 38.05 0.00 38.34 84.71
59 10.11 57.39 0.10 182.51 105.43
60 10.12 30.13 0.00 19.22 62.13
61 10.47 43.59 0.00 64.62 92.91
62 10.52 60.97 0.00 166.25 101.77
63 10.82 63.87 0.00 119.94 78.07
64 10.73 35.33 0.35 24.42 81.14
65 10.74 46.70 0.50 99.88 107.83
66 11.04 31.92 0.00 16.11 68.48
67 11.07 40.51 0.00 35.61 91.21
68 11.11 55.46 0.84 176.84 109.09
69 11.18 49.36 1.86 119.31 126.22
70 11.42 26.20 0.05 11.23 52.44
71 11.34 29.12 0.00 11.22 63.44
72 11.55 58.61 0.00 182.24 121.62
73 11.31 52.19 1.02 163.69 123.08
74 11.69 44.89 0.00 52.53 116.55
75 11.75 66.33 0.00 93.59 73.82
76 11.68 37.69 0.91 24.84 97.46
77 11.86 33.94 0.80 16.00 86.45
78 12.03 42.59 0.00 31.27 108.29
79 12.12 61.52 1.18 154.19 113.42
80 12.22 47.45 0.00 69.41 126.00
81 12.35 53.60 1.79 167.54 127.24
82 12.42 30.62 0.00 10.31 77.31
83 12.45 50.15 1.76 115.47 149.90
84 12.42 24.74 0.00 5.43 33.74
85 12.57 40.12 0.00 17.93 109.66
86 12.66 64.26 0.53 123.11 112.26
87 12.77 70.45 0.00 55.87 37.00
88 12.63 56.85 1.26 183.63 133.78
89 12.71 27.92 0.18 7.27 62.49
90 12.79 35.58 0.00 11.02 94.96
91 12.99 67.50 0.00 84.16 79.76
92 13.18 45.51 0.00 35.63 125.83
93 13.20 59.59 0.58 173.72 117.03
94 13.28 32.78 0.00 7.51 78.40
95 13.40 37.85 0.00 11.80 105.54
96 13.47 25.83 0.87 4.94 67.87
97 13.57 42.94 0.00 18.78 121.21
98 13.47 54.72 0.25 171.93 145.30
99 13.63 51.67 0.25 111.39 151.27
100 13.72 62.54 1.27 160.82 126.51
101 13.73 48.45 0.00 59.08 138.03
102 13.53 68.71 0.00 65.51 51.82
103 13.85 29.93 0.00 5.08 89.93
104 14.18 65.52 0.00 115.60 118.66
105 13.95 71.96 0.00 58.79 39.16
106 14.13 40.31 0.00 13.25 117.97
107 14.25 57.28 1.61 167.90 148.07
108 14.16 35.25 0.05 9.77 95.10
109 14.52 27.51 0.39 4.34 85.73
110 14.54 69.92 0.00 77.33 80.17
111 14.64 60.41 1.24 175.74 141.97
112 14.67 45.77 0.00 21.82 139.41
113 14.70 32.34 0.13 6.89 91.50
114 14.61 72.99 0.00 51.70 28.34
115 14.78 24.92 1.34 5.28 81.48
116 14.72 54.19 0.07 120.90 153.63
117 14.98 37.71 0.00 9.07 107.49
118 14.98 51.12 1.33 77.57 160.18
119 15.13 67.66 0.00 92.89 104.90
120 15.11 42.77 0.00 12.43 133.40
121 15.31 48.43 0.00 42.49 152.73
122 15.09 29.32 0.00 4.78 95.52
123 15.38 63.27 0.00 155.62 132.74
124 15.54 22.51 0.00 3.12 77.23
125 15.59 35.06 0.00 4.30 96.96
126 15.27 73.90 0.00 53.39 28.64
127 15.71 40.11 0.50 7.01 121.06
128 15.86 56.16 2.37 136.32 159.75
129 15.73 58.67 3.03 158.81 165.80
130 15.87 71.64 0.00 86.63 86.21
131 15.78 29.72 0.00 2.89 87.62
132 15.94 65.63 0.00 129.92 127.26
133 15.92 74.58 0.00 56.96 27.75
134 16.07 25.74 0.25 3.36 84.83
135 16.15 44.95 0.12 11.68 150.82
136 16.14 53.39 0.00 64.09 170.03
137 16.21 32.42 0.00 4.14 101.59
138 16.41 60.98 1.48 165.72 158.14
139 16.55 68.74 0.05 111.76 109.26
140 16.50 50.54 0.00 27.92 156.90
141 16.65 37.69 0.00 3.97 115.30
142 16.73 42.29 0.00 6.64 130.13
143 16.74 47.59 0.20 16.33 165.43
144 17.04 27.46 0.00 3.12 91.95
145 17.07 63.47 1.48 165.48 126.72
146 16.92 22.85 0.00 1.39 85.85
147 17.04 73.04 0.00 82.85 54.85
148 17.22 29.97 0.47 3.95 94.61
149 17.15 35.04 0.00 2.72 100.63
150 17.21 58.30 0.00 111.48 165.54
151 17.37 55.62 0.05 70.67 178.51
152 17.65 40.07 0.00 4.38 131.99
153 17.69 45.49 0.00 9.80 131.83
154 17.78 32.29 0.49 1.39 106.88
155 17.72 52.56 0.00 28.54 160.32
156 17.86 66.42 0.00 147.54 123.10
157 18.00 69.53 0.00 131.24 105.80
158 17.93 25.18 0.00 1.82 97.64
159 17.99 49.54 0.00 15.89 161.23
160 18.08 19.88 0.00 0.80 77.50
161 18.08 60.89 0.21 159.66 153.55
162 17.88 75.17 0.00 96.92 57.46
163 18.25 43.08 0.00 5.66 115.58
164 18.38 37.53 0.00 2.53 107.76
165 18.32 71.83 0.00 107.79 83.64
166 18.30 22.41 0.51 1.53 97.48
167 18.61 77.81 0.00 100.88 43.11
168 18.60 63.71 1.69 162.25 134.96
169 18.58 34.48 0.00 2.56 111.88
170 18.66 28.16 0.00 2.93 108.51
171 18.76 47.25 0.00 9.63 158.26
172 18.69 58.27 0.99 85.50 168.21
173 18.79 54.82 0.00 32.48 147.90
174 18.64 74.68 0.00 102.90 51.51
175 19.13 30.69 0.96 1.42 106.50
176 19.09 51.53 0.00 14.17 153.03
177 19.19 40.60 0.00 2.78 136.16
178 19.43 66.97 0.00 150.36 88.05
179 19.41 23.80 0.46 1.00 105.68
180 19.53 26.10 0.61 2.49 106.71
181 19.37 69.63 0.97 140.96 118.36
182 19.49 20.11 0.74 1.96 75.88
183 19.82 45.67 0.00 3.60 130.53
184 19.71 61.46 1.26 130.68 133.81
185 19.68 43.20 0.00 3.96 130.47
186 19.74 72.95 0.00 119.09 80.45
187 19.56 80.19 0.00 64.90 18.55
188 19.62 75.74 0.00 128.40 84.17
189 19.80 35.77 0.31 2.97 125.95
190 19.98 33.00 0.11 2.22 100.59
191 20.09 38.36 0.00 1.72 129.58
192 20.07 48.40 0.00 6.57 149.40
193 19.95 56.25 0.88 31.03 174.17
194 19.91 64.04 1.18 156.83 111.95
195 20.06 59.15 0.00 73.75 166.66
196 19.89 70.70 0.00 138.51 79.82
197 20.25 78.40 0.00 120.08 60.62
198 20.30 53.51 0.00 14.54 172.65
199 20.42 22.17 0.38 0.76 98.97
200 20.38 28.32 0.00 1.00 109.98
201 20.43 50.91 0.00 11.90 154.03
202 20.90 68.92 0.85 146.31 87.32
203 20.88 30.76 0.00 0.59 123.87
204 20.85 40.72 0.19 1.20 132.28
205 21.02 74.19 0.00 135.22 96.86
206 20.82 19.55 0.24 0.00 80.68
207 21.35 71.46 0.32 136.72 98.77
208 20.72 25.41 0.43 4.75 101.21
209 21.02 43.78 0.00 3.22 123.62
210 21.10 65.50 0.72 164.32 129.99
211 20.91 67.06 0.61 170.96 99.92
212 21.19 62.91 1.72 130.05 130.21
213 21.15 36.34 0.35 0.43 121.92
214 21.17 57.59 0.00 26.89 172.62
215 21.32 46.77 0.64 5.07 141.39
216 21.39 60.34 0.00 54.32 137.02
217 21.33 26.50 1.96 2.08 107.71
218 21.52 33.54 0.62 1.45 117.07
219 21.59 54.90 0.00 13.10 148.54
220 21.62 49.41 0.00 4.89 151.06
221 21.74 17.76 0.46 1.10 96.00
222 21.70 23.04 0.16 0.05 99.33
223 21.77 52.19 0.00 8.23 152.41
224 21.54 20.50 0.13 0.00 73.87
225 21.84 78.06 0.00 132.36 79.03
226 21.99 38.77 0.00 1.09 132.13
227 22.03 28.40 0.00 0.00 110.09
228 22.26 41.72 0.00 1.64 145.95
229 22.31 31.18 0.87 1.30 125.21
230 22.31 44.76 0.00 4.17 149.08
231 22.27 67.56 2.55 150.80 102.02
232 22.16 75.69 0.70 138.62 82.40
233 22.15 80.35 0.00 97.96 35.11
234 22.45 64.71 1.18 139.96 121.44
235 22.40 57.04 0.00 17.10 141.13
236 22.41 73.64 0.07 130.57 87.76
237 22.54 35.74 0.56 0.82 141.73
238 22.54 62.08 2.10 83.44 141.88
239 22.52 70.06 2.73 156.94 98.93
240 22.81 19.51 0.29 0.87 99.79
241 22.79 47.42 0.00 3.13 156.21
242 22.86 59.54 0.00 35.15 115.39
243 22.87 21.89 1.91 0.00 102.63
244 22.86 25.27 0.86 0.27 106.11
245 23.06 16.04 0.07 0.29 79.92
246 23.06 54.37 0.00 9.10 157.48
247 22.96 51.41 0.00 6.14 165.22
248 22.84 78.17 2.05 136.44 94.02
249 23.35 33.40 0.29 1.83 140.90
250 23.37 81.20 0.00 98.78 48.60
251 23.49 27.78 0.95 3.04 127.11
252 23.32 38.18 0.05 2.76 144.67
253 23.36 71.50 1.12 132.70 92.16
254 23.29 72.82 2.66 125.89 83.40
255 23.37 75.29 2.44 119.20 87.35
256 23.25 83.64 0.00 76.92 22.05
257 23.57 41.00 0.97 3.54 163.18
258 23.45 78.97 0.42 127.77 65.28
259 23.62 30.44 1.40 1.02 133.12
260 23.77 49.63 0.00 7.67 146.85
261 23.62 68.90 3.25 159.14 105.79
262 23.59 44.00 1.02 2.97 167.83
263 23.71 66.26 3.75 147.19 117.60
264 23.61 57.11 0.24 25.15 134.25
265 23.75 63.53 1.44 108.93 112.94
266 23.95 60.97 2.12 71.45 113.40
267 24.18 20.19 0.62 1.32 115.70
268 24.14 17.41 0.47 0.00 94.94
269 24.26 35.74 0.60 1.74 152.94
270 24.10 23.47 2.11 0.00 117.49
271 24.13 47.04 0.82 6.08 147.38
272 24.18 52.66 0.18 12.24 157.31
273 24.43 26.14 0.68 1.28 119.72
274 24.39 14.50 0.00 0.30 56.25
275 24.26 82.62 0.00 80.35 35.55
276 24.54 72.84 5.01 131.13 90.13
277 24.65 38.81 1.31 2.38 163.55
278 24.63 55.50 0.00 25.68 144.65
279 24.62 58.46 0.07 51.42 116.05
280 24.72 32.22 0.00 2.06 151.83
281 24.61 70.24 7.19 147.30 93.27
282 24.89 41.85 0.82 3.84 155.23
283 24.71 80.00 1.81 106.71 67.87
284 25.01 44.50 1.65 7.10 168.01
285 24.89 64.72 3.69 130.65 120.46
286 24.91 67.74 3.43 131.78 103.41
287 25.10 29.18 0.48 1.20 137.29
288 25.20 84.83 4.98 54.09 33.45
289 25.13 50.11 0.26 11.68 147.68
290 25.13 61.67 2.33 107.92 101.90
291 25.07 78.60 3.77 115.52 83.30
292 25.28 17.03 0.00 0.15 94.86
293 25.33 47.17 1.48 7.51 170.54
294 25.37 24.37 1.39 0.00 122.66
295 25.34 53.11 0.81 22.84 156.41
296 25.53 81.71 12.02 72.46 79.17
297 25.53 34.32 0.79 1.36 154.37
298 25.39 19.71 2.83 0.29 118.13
299 25.56 77.65 19.45 98.19 103.28
300 25.66 21.35 0.00 0.00 113.86
301 25.80 36.82 1.41 2.32 163.21
302 25.77 59.39 3.24 119.15 119.69
303 25.64 74.21 16.96 104.26 106.55
304 25.84 56.68 1.31 96.77 136.08
305 25.65 71.01 18.36 120.69 99.67
306 26.06 14.52 0.00 1.24 86.48
307 25.93 26.83 0.80 2.81 143.64
308 25.93 39.79 0.95 4.40 160.69
309 25.89 63.55 6.62 126.17 95.40
310 26.01 68.24 23.89 108.60 118.48
311 26.19 31.77 0.57 2.53 150.83
312 26.22 65.80 14.43 120.45 106.70
313 26.39 42.42 0.00 6.77 165.35
314 26.37 45.19 1.86 9.95 147.49
315 26.30 51.23 0.15 27.80 147.53
316 26.35 48.34 2.91 15.63 158.40
317 26.41 54.11 2.05 67.09 133.20
318 26.47 23.55 0.42 1.11 128.36
319 26.45 17.94 0.54 0.89 108.99
320 26.55 61.24 5.43 127.54 117.62
321 26.38 84.02 29.55 14.36 53.11
322 26.75 29.16 0.56 3.33 141.88
323 26.55 72.83 110.97 30.19 89.48
324 26.63 75.65 114.49 30.88 97.89
325 26.60 85.96 9.53 1.67 14.63
326 26.58 77.54 68.95 33.10 102.00
327 26.82 81.40 84.97 14.26 84.94
328 26.95 34.64 1.98 3.76 154.64
329 26.77 70.02 162.82 39.32 108.49
330 26.98 20.76 0.98 1.06 133.95
331 26.95 58.52 3.98 125.99 128.45
332 27.10 37.51 1.24 6.52 160.50
333 27.08 63.13 18.42 118.16 116.31
334 27.15 56.13 5.45 128.80 144.40
335 27.14 67.03 131.82 51.05 123.04
336 27.17 39.97 2.13 10.38 158.91
337 27.18 26.02 0.33 0.56 129.84
338 27.41 13.04 0.15 0.83 81.53
339 27.32 49.55 2.15 45.99 148.99
340 27.35 15.90 0.32 2.12 97.95
341 27.53 84.08 52.61 3.01 69.40
342 27.52 46.48 3.13 30.54 153.53
343 27.39 52.40 3.14 76.82 117.09
344 27.59 43.76 0.87 19.26 157.59
345 27.53 31.81 2.08 4.69 137.35
346 27.71 64.60 146.59 38.20 108.65
347 27.75 71.59 198.88 13.69 103.38
348 27.64 74.74 181.29 12.71 99.79
349 27.85 78.34 136.34 5.12 91.27
350 27.86 18.46 0.96 1.30 125.20
351 27.84 23.58 1.29 3.79 135.82
352 27.75 60.03 14.43 104.12 124.57
353 27.99 27.99 2.00 5.28 151.62
354 28.00 54.42 10.31 130.09 137.73
355 28.09 68.54 202.97 13.58 93.88
356 28.11 40.89 3.73 20.86 152.97
357 28.20 57.24 27.80 116.13 124.24
358 28.22 34.33 1.36 10.21 147.85
359 28.26 37.28 1.45 16.17 147.47
360 28.24 20.65 2.52 2.97 130.82
361 28.25 61.95 60.75 64.71 139.53
362 28.37 51.06 10.77 126.34 156.61
363 28.59 30.38 2.11 6.83 144.60
364 28.37 48.45 5.96 87.44 147.51
365 28.39 81.74 68.75 0.37 64.28
366 28.65 66.05 210.66 12.74 98.92
367 28.55 16.23 2.21 3.63 108.65
368 28.76 25.97 1.18 7.46 133.87
369 28.55 21.86 0.00 5.11 128.65
370 29.02 14.00 0.72 4.16 103.86
371 28.75 43.33 3.86 67.16 154.02
372 28.88 46.24 5.37 85.69 155.46
373 28.84 76.47 128.19 2.82 108.25
374 28.69 58.90 114.05 50.50 128.09
375 28.93 85.53 34.89 0.00 70.80
376 28.89 73.19 142.25 4.33 108.27
377 29.06 70.28 150.31 4.36 107.72
378 29.08 52.58 19.99 122.16 138.74
379 28.99 55.09 37.21 118.64 138.34
380 29.14 63.57 218.95 15.31 102.69
381 29.17 79.87 68.19 0.89 90.32
382 29.19 32.71 2.33 19.43 141.46
383 29.07 18.37 2.38 7.02 120.37
384 29.28 23.86 1.88 9.92 132.89
385 29.44 38.10 5.93 50.67 164.15
386 29.34 60.77 219.38 16.93 113.69
387 29.19 40.54 5.59 67.08 157.24
388 29.39 35.66 2.41 26.22 145.35
389 29.55 28.20 2.78 15.43 140.96
390 29.53 49.06 13.09 115.07 145.55
391 29.71 67.81 168.42 4.42 105.54
392 29.55 82.59 24.83 0.00 85.20
393 29.55 21.07 3.09 13.36 125.50
394 29.78 55.93 223.11 23.96 124.27
395 29.80 58.15 230.40 18.77 118.39
396 29.71 44.89 10.17 99.40 157.61
397 29.76 11.49 2.33 10.66 80.28
398 29.80 16.42 2.97 13.24 104.10
399 30.01 74.60 75.57 3.58 103.92
400 30.00 77.99 50.92 1.36 115.77
401 30.03 30.60 3.86 39.30 139.23
402 29.97 42.68 10.70 90.59 165.73
403 30.02 53.26 151.86 54.30 138.52
404 30.10 87.83 1.45 0.00 28.67
405 30.03 51.10 43.47 115.32 152.62
406 30.29 65.08 188.63 4.27 112.28
407 30.15 71.87 84.64 1.56 112.38
408 30.21 46.85 22.24 106.26 149.18
409 30.34 25.80 4.85 32.87 125.25
410 30.45 14.25 5.67 33.49 100.54
411 30.33 33.29 5.11 61.30 139.94
412 30.36 39.66 10.46 116.10 164.13
413 30.44 62.46 209.79 5.21 117.06
414 30.41 85.40 9.96 0.00 86.82
415 30.58 22.91 6.66 50.20 114.75
416 30.50 69.45 48.86 2.72 74.55
417 30.76 82.30 17.53 0.00 111.66
418 30.67 35.95 5.07 94.89 131.07
419 30.64 59.78 206.40 5.50 115.43
420 30.66 20.00 6.96 42.34 106.86
421 30.64 48.96 40.58 95.94 154.41
422 30.81 28.31 6.68 66.66 132.24
423 31.00 53.82 212.80 20.25 112.60
424 31.00 17.60 8.13 43.56 97.59
425 30.92 41.67 26.03 111.62 155.51
426 30.92 44.65 39.41 99.70 154.76
427 31.16 79.10 18.25 0.00 103.86
428 31.04 56.23 226.93 11.28 148.65
429 31.05 67.29 82.44 1.40 117.24
430 31.17 38.09 15.91 108.75 150.18
431 31.06 51.20 214.91 28.46 116.83
432 31.25 11.95 13.20 33.86 84.06
433 31.30 73.40 41.82 0.00 103.30
434 31.18 31.11 9.66 93.09 130.98
435 31.23 47.01 138.60 46.48 161.28
436 31.33 76.22 21.51 0.00 89.90
437 31.45 87.11 3.72 0.00 59.82
438 31.46 70.58 23.26 0.00 82.46
439 31.52 24.23 14.30 63.28 123.89
440 31.43 33.90 17.71 111.89 148.31
441 31.63 63.60 82.91 1.92 113.04
442 31.66 58.21 198.83 4.42 132.35
443 31.71 26.77 30.23 59.54 123.28
444 31.69 60.88 132.03 2.61 126.60
445 31.72 15.32 24.85 43.96 104.26
446 31.59 21.73 21.54 53.82 114.64
447 31.70 40.09 42.34 82.85 154.41
448 31.80 42.64 173.33 49.01 153.15
449 31.87 49.16 222.34 18.65 130.95
450 31.82 20.12 32.28 55.28 114.30
451 31.89 36.45 40.71 80.41 157.28
452 31.99 84.18 8.09 0.00 86.06
453 31.95 29.34 24.72 58.32 133.28
454 32.10 44.76 222.45 22.26 164.72
455 32.18 65.91 43.14 0.00 126.47
456 32.04 10.33 32.52 12.10 51.48
457 32.08 54.31 199.47 5.10 114.41
458 32.10 82.44 12.54 0.00 113.57
459 32.39 68.69 19.67 0.00 111.93
460 32.28 80.61 12.34 0.00 117.04
461 32.23 18.33 62.22 43.40 99.65
462 32.18 31.98 32.41 88.04 141.59
463 32.37 46.74 227.91 12.61 124.28
464 32.34 51.99 213.09 8.67 135.93
465 32.48 56.33 150.47 2.73 144.26
466 32.53 38.77 214.80 24.03 131.35
467 32.47 74.50 11.75 0.00 96.76
468 32.55 77.65 11.46 0.00 107.00
469 32.40 12.85 59.82 13.56 95.59
470 32.41 34.48 119.83 32.66 147.38
471 32.46 22.74 110.14 17.83 116.44
472 32.65 71.54 10.13 0.00 97.68
473 32.77 25.27 179.37 13.49 118.18
474 32.73 41.11 236.67 14.20 149.56
475 32.77 59.01 64.60 2.09 127.33
476 32.88 61.53 52.80 1.02 120.99
477 32.89 86.12 18.90 0.00 97.96
478 32.74 16.00 128.51 11.27 88.39
479 33.20 20.78 155.54 10.26 108.95
480 32.98 27.84 185.29 12.15 120.11
481 33.08 36.86 227.65 12.20 135.36
482 33.05 50.07 201.47 7.26 137.04
483 33.06 63.90 25.99 0.00 106.75
484 33.11 30.19 190.04 19.31 138.29
485 33.19 43.41 225.22 9.00 149.97
486 33.28 47.74 195.39 7.72 113.10
487 33.44 10.70 113.70 1.95 61.18
488 33.32 32.50 217.39 14.85 125.91
489 33.28 54.25 94.91 2.93 136.47
490 33.37 66.82 12.18 0.11 110.27
491 33.51 82.56 23.00 0.00 111.73
492 33.69 17.38 153.30 3.72 79.81
493 33.61 75.37 9.11 0.00 95.10
494 33.61 79.61 14.32 0.00 106.21
495 33.68 34.65 218.23 8.83 126.66
496 33.64 56.92 65.95 0.24 133.71
497 33.75 13.89 144.63 1.71 85.85
498 33.72 45.51 147.42 6.13 139.34
499 33.86 69.74 8.96 0.00 102.00
500 33.83 51.86 91.73 2.06 140.35
501 33.81 72.70 8.47 0.00 90.74
502 33.98 23.75 178.44 3.41 103.92
503 33.74 41.15 201.00 7.72 134.25
504 34.14 87.40 133.80 0.00 82.99
505 33.90 59.59 25.64 0.00 131.20
506 34.03 39.07 175.59 5.38 151.79
507 34.15 26.54 177.64 2.06 116.67
508 34.29 62.15 15.21 0.00 112.07
509 34.12 64.83 14.91 0.00 122.11
510 34.20 19.45 151.29 2.08 94.00
511 34.37 29.17 175.73 3.90 123.52
512 34.16 49.13 101.12 2.74 141.43
513 34.34 36.70 175.72 6.26 125.38
514 34.34 77.17 20.61 0.00 113.54
515 34.49 31.52 181.12 4.72 113.85
516 34.41 43.46 137.05 1.92 140.58
517 34.39 54.59 28.80 0.00 128.64
518 34.58 8.99 64.00 0.00 41.32
519 34.54 67.35 7.14 0.00 105.42
520 34.73 83.49 145.65 0.00 88.29
521 34.68 47.01 62.31 1.01 129.72
522 34.65 80.37 69.76 0.00 105.24
523 34.87 41.08 134.59 4.85 147.24
524 34.76 57.26 16.17 0.16 111.40
525 34.90 11.86 84.52 0.00 69.32
526 34.84 33.96 136.93 3.02 112.95
527 35.06 21.62 132.72 2.61 104.55
528 34.91 71.71 10.88 0.00 99.16
529 34.91 74.46 21.96 0.00 89.79
530 34.93 52.16 34.80 0.09 150.24
531 35.01 59.96 10.21 0.00 125.01
532 35.04 14.50 107.89 0.00 89.97
533 35.06 17.38 109.46 1.59 103.92
534 35.15 89.51 69.74 0.00 37.71
535 35.19 49.73 31.19 0.00 150.14
536 35.29 45.02 37.23 4.31 146.49
537 35.23 63.97 7.31 0.00 126.32
538 35.27 25.16 107.62 0.88 125.19
539 35.28 38.85 85.67 2.88 137.50
540 35.35 77.14 122.34 0.00 106.49
541 35.51 69.13 12.69 0.00 121.36
542 35.43 27.71 101.92 0.00 126.85
543 35.36 36.06 68.50 0.82 123.47
544 35.56 54.12 11.84 0.26 137.75
545 35.76 79.33 176.54 0.00 104.86
546 35.69 86.71 126.25 0.00 87.15
547 35.80 30.26 64.42 0.74 125.72
548 35.70 42.66 50.97 0.00 149.44
549 35.69 66.29 11.52 0.00 111.11
550 35.70 32.62 75.63 0.04 136.34
551 35.77 56.55 9.42 0.00 123.50
552 35.93 61.61 7.34 0.00 125.31
553 35.99 19.80 81.05 0.00 102.69
554 35.91 10.24 32.04 0.00 50.52
555 35.91 47.26 18.79 0.00 146.50
556 36.00 58.97 7.79 0.00 118.47
557 35.93 81.12 178.74 1.88 117.86
558 36.13 51.86 16.28 1.30 144.46
559 36.03 71.57 52.90 0.00 120.21
560 36.15 74.20 138.85 0.00 105.55
561 36.09 83.02 139.85 0.00 95.88
562 36.10 12.92 44.59 0.00 76.76
563 36.25 16.38 41.96 0.00 106.34
564 36.32 40.11 26.92 0.51 137.72
565 36.22 37.50 44.74 0.00 134.88
566 36.39 34.86 42.99 0.00 129.63
567 36.31 90.55 33.70 0.00 31.67
568 36.35 25.68 47.75 0.00 131.98
569 36.44 49.29 12.06 0.00 136.62
570 36.45 22.94 50.11 0.00 106.00
571 36.50 64.06 13.77 0.00 124.43
572 36.50 44.89 15.75 0.00 128.72
573 36.72 28.40 35.01 0.00 142.54
574 36.69 76.78 191.23 0.00 84.02
575 36.73 54.85 10.11 0.00 129.52
576 36.70 66.95 52.35 0.00 141.93
577 36.88 42.20 14.30 0.00 142.17
578 36.87 32.52 28.23 0.00 126.64
579 37.04 69.29 173.11 0.00 130.83
580 36.96 57.30 8.19 0.00 132.66
581 37.03 85.22 134.16 0.00 109.49
582 37.16 88.38 75.64 0.00 88.19
583 36.98 79.94 169.48 0.00 108.24
584 37.07 59.77 14.19 0.00 130.12
585 37.17 72.04 191.78 0.72 113.92
586 37.12 18.98 24.60 0.00 107.51
587 37.31 46.94 8.69 0.00 134.26
588 37.27 50.91 8.26 0.00 129.48
589 37.35 11.53 17.98 0.00 77.39
590 37.31 62.02 24.30 0.00 138.73
591 37.24 14.06 22.37 0.00 98.94
592 37.41 30.54 13.47 0.00 123.72
593 37.33 53.04 8.97 0.00 127.74
594 37.40 21.31 16.61 0.00 110.04
595 37.19 37.56 11.81 0.00 122.69
596 37.46 90.91 32.69 0.00 43.08
597 37.46 25.90 25.29 0.00 126.15
598 37.64 39.68 8.27 0.00 136.96
599 37.59 34.83 12.15 0.00 141.93
600 37.42 81.03 161.88 0.00 131.05
601 37.65 44.18 8.70 0.00 130.41
602 37.63 64.31 131.96 0.63 121.09
603 37.76 74.63 181.32 0.00 120.39
604 37.86 16.43 14.40 0.00 104.26
605 37.92 23.61 12.16 0.00 114.56
606 37.92 49.16 12.25 0.00 132.57
607 37.85 83.00 107.82 0.00 109.32
608 37.95 66.90 205.67 1.39 123.07
609 37.98 77.56 151.62 0.00 128.97
610 37.97 28.26 11.25 0.00 118.76
611 37.97 54.94 17.61 0.00 126.53
612 38.15 41.80 10.84 0.00 138.61
613 37.97 57.59 24.91 0.00 131.69
614 38.25 32.50 7.77 0.00 123.67
615 38.28 36.82 9.24 0.00 131.10
616 38.13 59.89 67.48 0.00 141.12
617 38.38 13.71 12.06 0.00 96.05
618 38.50 69.42 173.15 0.00 117.05
619 38.39 9.76 7.32 0.00 70.39
620 38.41 52.21 30.36 0.00 132.16
621 38.47 71.89 169.05 0.00 119.98
622 38.60 89.52 66.13 0.00 94.18
623 38.47 85.99 59.28 0.00 107.69
624 38.48 19.21 11.13 0.00 105.47
625 38.56 45.49 11.12 0.00 132.44
626 38.67 61.77 185.69 0.00 125.81
627 38.73 79.94 122.87 0.00 130.28
628 38.61 26.05 8.64 0.00 115.69
629 38.70 47.74 17.83 0.00 130.24
630 38.75 29.98 9.12 0.00 126.30
631 38.84 21.73 9.79 0.00 107.90
632 38.93 34.38 10.22 0.00 133.72
633 38.88 38.76 10.39 0.00 126.91
634 38.85 56.25 183.13 1.46 136.63
635 38.77 64.40 191.50 1.05 118.88
636 38.99 43.36 17.30 0.27 124.61
637 38.99 75.73 119.63 0.00 126.64
638 39.13 11.47 5.73 0.00 89.07
639 39.10 83.17 78.70 0.00 134.49
640 39.08 58.69 197.44 1.98 145.06
641 39.02 50.11 68.16 0.00 137.43
642 39.13 16.69 8.22 0.00 99.64
643 39.35 54.24 167.09 2.22 140.62
644 39.24 67.38 130.51 0.00 124.31
645 39.24 40.91 19.40 0.00 117.73
646 39.39 24.43 8.51 0.00 112.13
647 39.43 73.21 80.37 0.00 126.72
648 39.42 27.77 11.55 0.00 116.19
649 39.60 78.15 92.00 0.00 157.74
650 39.53 31.43 12.49 0.00 120.46
651 39.47 51.99 167.86 0.65 139.08
652 39.58 36.26 18.50 0.00 116.20
653 39.73 13.99 8.76 0.00 99.11
654 39.74 18.44 12.63 0.00 98.42
655 39.90 9.17 8.10 0.00 87.57
656 39.68 45.81 87.96 0.41 143.77
657 40.01 88.28 36.52 0.00 98.55
658 39.77 20.05 10.74 0.00 101.07
659 39.68 48.28 141.70 0.02 126.32
660 39.82 70.15 94.02 0.00 132.82
661 39.84 85.53 57.34 0.00 113.69
662 39.91 60.28 170.19 0.00 180.06
663 39.92 62.56 156.01 0.00 159.19
664 39.85 65.08 167.33 0.00 160.72
665 40.05 56.85 193.56 0.00 166.03
666 40.23 80.90 64.15 0.00 125.30
667 40.13 90.96 13.90 0.00 49.09
668 39.99 22.48 17.02 0.00 106.30
669 40.00 38.70 37.94 0.00 139.76
670 40.08 33.69 37.02 0.00 143.62
671 40.09 43.21 163.33 2.00 117.24
672 40.31 75.25 80.69 0.00 126.23
673 40.27 29.19 43.00 0.00 132.16
674 40.29 40.93 127.93 2.21 132.74
675 40.50 50.34 208.22 0.86 127.77
676 40.33 16.39 20.09 0.00 98.28
677 40.41 26.05 37.06 0.00 117.31
678 40.48 67.43 109.00 0.00 140.33
679 40.57 52.85 195.20 1.02 145.92
680 40.38 83.52 43.94 0.00 115.28
681 40.53 11.56 19.26 0.00 94.48
682 40.58 72.46 69.21 0.00 150.82
683 40.59 31.41 102.47 0.00 140.22
684 40.72 54.89 156.83 0.00 158.34
685 40.65 36.46 126.57 0.93 136.89
686 40.81 47.95 200.30 0.72 149.72
687 40.90 45.47 192.44 0.45 145.89
688 40.80 58.71 134.41 0.00 157.63
689 40.87 77.82 43.70 0.00 144.77
690 40.86 21.08 75.39 0.00 112.19
691 40.91 64.20 90.61 0.00 190.72
692 40.87 18.49 70.98 0.00 114.92
693 40.98 23.67 121.11 0.00 126.28
694 41.15 34.55 195.45 1.93 136.01
695 41.05 14.08 61.85 0.00 109.19
696 41.17 38.47 200.00 2.20 135.70
697 41.06 61.20 87.15 0.28 161.55
698 41.14 8.16 35.15 0.00 66.13
699 41.28 69.57 46.70 0.00 147.82
700 41.22 27.92 166.70 0.00 116.96
701 41.30 86.26 17.40 0.00 90.59
702 41.32 91.69 3.65 0.00 27.65
703 41.16 83.52 22.90 0.00 100.79
704 41.36 42.97 201.92 1.17 130.74
705 41.46 56.58 125.59 0.00 181.23
706 41.55 40.48 205.44 2.44 142.38
707 41.60 88.89 10.40 0.00 56.76
708 41.63 32.54 186.88 1.36 137.98
709 41.69 75.12 27.73 0.00 109.47
710 41.55 80.13 29.57 0.00 119.17
711 41.57 11.03 94.28 0.00 109.48
712 41.63 30.14 191.75 0.70 136.78
713 41.74 16.65 108.59 0.00 106.10
714 41.66 66.37 55.77 0.00 161.68
715 41.78 25.66 172.65 0.00 134.83
716 41.65 52.08 164.15 1.52 173.88
717 41.76 72.54 40.06 0.00 144.57
718 41.85 58.90 100.45 0.00 181.64
719 41.82 63.03 57.44 0.00 147.94
720 41.97 22.29 158.70 0.00 107.41
721 42.05 36.46 178.78 0.84 167.01
722 42.06 49.96 145.71 0.00 175.09
723 41.97 54.49 99.66 2.04 171.92
724 41.96 19.52 164.45 0.00 114.37
725 42.00 47.58 142.82 1.81 165.63
726 42.10 77.72 21.73 0.00 122.66
727 42.26 13.60 102.86 0.00 109.44
728 42.19 45.35 159.88 4.93 153.04
729 42.19 8.44 107.44 0.00 87.19
730 42.32 82.81 15.81 0.00 86.12
731 42.31 60.73 51.65 0.00 184.88
732 42.47 28.44 178.69 0.00 161.81
733 42.46 68.00 22.19 0.00 109.81
734 42.53 70.56 17.34 0.00 123.56
735 42.54 41.15 143.84 1.62 151.33
736 42.51 85.47 18.70 0.00 62.61
737 42.66 34.20 170.19 0.00 163.55
738 42.67 38.54 146.93 1.62 164.67
739 42.66 43.30 157.55 1.14 175.74
740 42.54 57.12 82.90 0.00 167.28
741 42.64 64.93 36.25 0.00 155.55
742 42.65 23.81 155.36 0.00 122.40
743 42.53 9.88 116.87 0.00 94.60
744 42.82 31.35 157.17 0.00 176.84
745 42.69 52.41 91.18 0.00 159.75
746 42.90 11.00 106.49 0.00 113.19
747 42.79 88.05 38.16 0.00 49.28
748 43.01 62.32 35.08 0.00 158.42
749 42.98 74.02 16.73 0.00 91.92
750 43.01 76.69 19.61 0.00 79.86
751 42.98 15.79 97.28 0.00 119.50
752 43.01 17.97 129.79 0.00 135.96
753 43.07 26.04 151.49 0.00 160.52
754 43.02 54.70 58.84 0.00 172.04
755 43.23 90.43 65.16 0.00 19.07
756 43.05 20.11 157.39 0.00 142.90
757 43.14 47.92 98.58 1.37 180.08
758 43.16 79.66 19.66 0.00 86.42
759 43.04 92.43 40.38 0.00 14.39
760 43.34 59.33 34.28 0.59 148.17
761 43.38 50.35 94.53 0.46 191.22
762 43.35 7.92 84.18 0.00 90.82
763 43.37 21.64 115.88 0.00 138.16
764 43.47 36.35 107.23 0.00 180.14
765 43.33 45.44 94.18 0.00 164.55
766 43.56 40.04 130.40 1.27 181.87
767 43.54 66.75 11.46 0.00 124.43
768 43.61 13.32 96.97 0.00 135.39
769 43.42 82.63 27.71 0.00 58.90
770 43.51 56.95 31.36 0.00 156.47
771 43.56 69.10 14.53 0.00 78.25
772 43.59 71.58 15.56 0.00 91.89
773 43.65 28.42 124.56 0.00 168.78
774 43.77 84.77 109.95 0.00 43.63
775 43.78 42.80 99.41 0.00 167.89
776 44.07 87.83 173.70 0.00 35.54
777 43.79 33.56 110.33 0.53 174.93
778 43.76 64.23 11.54 0.00 133.23
779 43.84 23.68 96.07 0.00 146.59
780 43.81 52.62 46.11 0.00 155.33
781 43.88 30.78 81.38 0.00 166.80
782 43.80 93.20 80.50 0.00 9.52
783 43.92 76.07 29.74 0.00 72.72
784 44.09 10.15 73.36 0.00 112.11
785 44.05 61.54 15.73 0.00 137.39
786 44.05 80.60 100.17 0.00 58.67
787 44.16 15.98 75.38 0.00 140.70
788 44.20 18.65 89.95 0.00 148.08
789 44.29 38.15 72.85 1.23 166.76
790 44.21 54.90 21.90 0.00 130.47
791 44.32 26.17 69.24 0.00 166.31
792 44.19 46.10 57.00 1.29 152.18
793 44.28 73.51 27.20 0.00 80.18
794 44.32 48.58 47.36 0.00 157.69
795 44.45 77.97 104.04 0.00 54.47
796 44.54 21.43 68.40 0.00 141.17
797 44.57 59.54 12.33 0.00 117.36
798 44.51 57.35 15.79 0.00 115.31
799 44.55 7.57 69.07 0.00 106.03
800 44.61 68.08 17.35 0.00 95.33
801 44.76 35.17 56.12 0.86 176.28
802 44.72 50.98 27.74 0.00 132.63
803 44.63 70.61 25.23 0.00 85.96
804 44.62 41.33 54.99 0.00 158.93
805 44.75 32.40 51.64 0.00 160.87
806 44.71 65.70 19.56 0.00 74.20
807 44.79 28.81 51.61 0.00 147.49
808 44.95 82.49 175.73 0.00 36.27
809 44.86 44.14 37.03 0.00 142.84
810 44.82 63.52 14.90 0.00 96.74
811 45.25 11.85 37.51 0.00 115.12
812 44.95 53.02 17.71 0.29 115.43
813 45.04 75.05 120.73 0.00 49.85
814 45.07 23.97 53.09 0.00 151.79
815 45.12 14.24 55.38 0.00 141.15
816 45.24 85.67 212.23 0.00 28.56
817 45.24 61.46 15.73 0.00 93.29
818 45.30 46.67 17.42 0.00 118.01
819 45.48 9.18 35.87 0.00 104.28
820 45.33 37.02 31.10 0.00 152.55
821 45.34 39.36 26.62 0.00 142.72
822 45.36 55.35 21.76 0.00 109.96
823 45.43 79.56 213.86 0.00 35.94
824 45.46 72.25 112.27 0.00 49.50
825 45.50 6.03 27.69 0.00 55.58
826 45.51 16.64 48.93 0.00 125.65
827 45.49 19.12 46.11 0.00 138.98
828 45.55 26.29 35.90 0.00 145.08
829 45.53 30.73 27.93 0.00 133.03
830 45.56 49.11 18.17 0.00 125.32
831 45.47 58.04 40.23 0.00 92.19
832 45.68 42.16 24.94 0.00 129.52
833 45.68 89.30 180.69 0.00 19.49
834 45.61 66.72 86.57 0.00 54.47
835 45.64 69.45 89.72 0.00 59.18
836 45.94 93.08 97.39 0.00 9.20
837 45.83 21.86 29.57 0.00 129.55
838 45.82 33.26 21.69 0.00 129.02
839 45.95 76.58 223.62 0.00 36.45
840 45.90 51.18 23.05 0.00 96.25
841 45.79 59.92 55.36 0.00 77.48
842 45.78 64.06 78.44 0.00 66.91
843 46.02 28.24 24.09 0.00 130.39
844 46.03 44.76 16.60 0.17 97.88
845 46.31 35.48 16.50 0.00 117.77
846 46.29 14.57 27.62 0.00 104.95
847 46.40 73.74 196.69 0.00 34.37
848 46.46 83.85 177.68 0.00 22.65
849 46.48 24.30 21.39 0.00 106.35
850 46.26 61.86 134.98 0.02 56.40
851 46.43 40.20 21.27 0.00 106.33
852 46.44 57.73 118.92 0.00 59.28
853 46.47 87.37 154.59 0.00 19.70
854 46.45 37.90 20.06 0.00 102.92
855 46.33 47.33 31.77 0.00 95.96
856 46.63 65.71 194.87 1.95 44.16
857 46.54 81.30 215.27 0.00 23.53
858 46.58 54.07 167.88 0.00 58.71
859 46.67 68.31 216.28 0.32 37.52
860 46.64 71.01 209.64 0.08 42.09
861 46.69 5.69 14.76 0.00 52.37
862 46.63 11.19 14.06 0.00 90.20
863 46.58 17.49 16.84 0.00 101.35
864 46.57 30.52 18.23 0.00 108.91
865 46.67 8.33 12.76 0.00 68.17
866 46.60 13.36 21.49 0.00 99.50
867 46.78 20.16 17.13 0.00 102.69
868 46.64 49.17 126.97 0.00 68.47
869 46.68 42.81 31.24 0.00 90.78
870 47.32 60.72 231.81 2.48 40.71
871 46.92 32.83 21.83 0.00 93.77
872 47.03 78.22 211.23 1.79 20.01
873 47.11 63.49 232.28 0.67 36.34
874 47.21 92.34 53.10 0.00 10.69
875 46.92 45.35 71.16 0.30 88.03
876 47.17 25.96 17.49 0.00 87.70
877 47.22 50.97 192.67 0.12 52.64
878 47.14 28.10 22.38 0.00 91.09
879 47.40 15.75 19.41 0.00 77.29
880 47.17 22.21 16.57 0.00 87.51
881 47.29 75.51 213.19 0.07 24.03
882 47.27 56.14 233.36 2.15 44.91
883 47.28 37.07 52.75 0.00 79.56
884 47.41 34.71 53.25 0.00 84.43
885 47.53 47.15 205.56 2.40 50.33
886 47.32 39.31 80.49 2.16 63.10
887 47.65 85.58 105.82 0.44 14.22
888 47.66 88.66 67.80 0.00 11.12
889 47.53 42.72 142.73 1.85 52.57
890 47.67 72.38 196.07 1.43 28.49
891 47.65 53.45 236.15 4.30 42.49
892 47.69 18.88 15.45 0.00 74.87
893 47.84 31.06 114.51 0.00 58.40
894 47.77 58.32 239.25 0.74 45.15
895 47.72 7.83 17.30 0.00 61.05
896 47.78 67.30 217.33 1.18 26.77
897 47.72 82.88 115.75 0.43 13.33
898 47.68 10.77 13.72 0.00 63.88
899 47.80 13.18 20.49 0.00 62.86
900 47.82 23.64 39.18 0.00 68.58
901 47.87 69.73 220.32 1.56 27.59
902 47.93 80.15 135.50 0.00 16.46
903 47.94 44.91 203.79 2.89 51.15
904 47.97 65.09 233.12 0.71 29.99
905 47.89 5.73 12.72 0.00 32.57
906 48.08 49.14 235.78 5.27 43.40
907 47.95 21.09 34.38 0.00 58.62
908 48.24 38.56 171.09 2.36 46.74
909 48.24 41.03 220.97 1.26 46.10
910 48.10 26.35 122.09 0.00 55.09
911 48.26 35.89 201.23 2.62 47.26
912 48.27 55.70 244.47 4.29 34.80
913 48.30 77.40 105.63 0.80 15.99
914 48.29 91.76 23.57 0.02 8.06
915 48.56 28.89 176.45 0.53 39.59
916 48.43 74.40 150.02 0.00 19.93
917 48.64 33.29 222.59 0.42 38.13
918 48.39 51.57 239.17 2.30 37.25
919 48.57 62.84 211.47 3.74 28.32
920 48.57 60.35 219.28 5.14 23.89
921 48.79 88.17 32.83 0.98 10.20
922 48.65 9.29 87.22 0.00 43.27
923 48.76 6.73 68.68 0.04 31.71
924 48.69 19.03 114.70 0.00 36.80
925 48.75 93.82 3.13 0.00 3.12
926 48.90 22.39 152.79 0.00 35.12
927 48.75 12.02 88.25 0.00 31.93
928 49.14 16.48 137.01 0.00 39.31
929 48.85 43.89 234.68 2.18 34.48
930 48.80 85.20 48.32 0.00 10.16
931 48.95 13.96 102.91 0.00 33.58
932 48.90 24.49 161.04 0.00 37.87
933 48.87 46.94 229.97 4.11 28.48
934 48.79 53.78 222.95 5.72 27.51
935 48.87 68.12 189.28 2.81 20.10
936 48.87 71.09 129.80 0.00 18.76
937 48.90 57.83 207.03 2.73 25.65
938 49.06 81.65 68.51 3.14 10.85
939 48.95 65.31 181.02 0.00 20.10
940 48.85 91.81 20.17 0.00 7.20
941 49.32 26.52 205.76 0.00 33.98
942 49.26 37.14 225.50 2.17 34.14
943 49.43 31.09 214.99 1.53 30.29
944 49.27 40.43 224.62 4.12 31.14
945 49.28 49.58 191.81 3.17 22.81
946 49.37 78.93 70.29 0.00 11.08
947 49.43 55.70 195.47 2.01 20.74
948 49.42 76.26 56.22 0.05 12.20
949 49.43 51.99 209.84 1.75 22.44
950 49.53 73.62 74.86 0.00 13.80
951 49.63 34.36 214.15 0.81 24.92
952 49.59 61.39 126.39 1.75 15.99
953 49.71 89.40 13.47 1.78 6.88
954 49.61 59.31 152.83 2.72 18.02
955 49.75 63.68 145.92 2.77 15.16
956 49.71 42.61 199.07 3.90 24.24
957 49.92 91.99 9.22 4.92 5.47
958 49.93 7.44 121.53 0.00 19.91
959 49.79 9.90 132.00 0.00 22.73
960 49.83 28.73 215.47 0.72 25.68
961 49.92 86.47 16.49 2.24 7.88
962 49.79 66.50 97.87 2.71 14.16
963 49.92 19.96 168.02 0.00 25.41
964 49.94 45.31 147.25 3.54 21.36
965 49.96 68.96 56.08 2.68 10.83
966 49.96 47.72 146.72 3.96 20.46
967 49.97 53.84 150.57 3.02 19.60
968 50.10 71.50 42.45 0.28 9.73
969 50.24 24.60 183.33 0.31 22.62
970 50.24 22.54 154.74 0.51 22.93
971 50.26 38.55 174.96 1.27 24.42
972 50.04 84.87 17.50 3.23 8.26
973 50.05 87.67 13.80 2.39 7.34
974 50.11 14.40 160.45 0.00 19.95
975 50.08 83.19 21.11 2.89 7.27
976 50.24 57.53 74.90 1.28 14.37
977 50.37 11.48 151.01 0.80 20.78
978 50.29 50.93 110.39 3.98 16.90
979 50.47 80.57 19.79 7.08 7.45
980 50.37 36.10 172.70 2.80 18.67
981 50.48 32.33 171.27 0.97 16.60
982 50.64 17.59 145.30 0.23 17.34
983 50.55 77.81 24.01 5.38 8.07
984 50.59 40.51 105.44 3.78 18.46
985 50.53 74.95 24.16 1.59 9.00
986 50.65 26.89 145.21 1.95 16.42
987 50.65 43.30 98.11 3.21 15.41
988 50.69 55.58 84.72 2.92 13.47
989 50.71 61.92 60.78 2.21 10.18
990 50.86 29.91 128.50 3.81 14.67
991 50.68 59.64 65.04 2.43 10.48
992 50.78 64.42 48.56 7.12 11.16
993 50.77 66.76 43.91 8.09 10.01
994 51.12 94.25 1.92 15.59 3.06
995 50.87 49.03 59.57 4.93 11.62
996 50.97 70.25 24.43 4.70 7.93
997 51.00 46.53 43.92 6.03 12.32
998 51.05 53.13 78.49 4.66 10.49
999 50.85 6.16 96.41 0.00 12.28
1000 51.12 34.31 120.45 3.64 11.98
1001 50.98 83.08 15.14 13.68 6.57
1002 51.20 13.22 108.09 0.00 14.14
1003 50.95 84.85 10.48 10.32 6.82
1004 51.18 8.81 79.98 0.00 10.95
1005 51.19 72.62 22.35 5.64 7.02
1006 51.17 20.87 74.50 0.14 13.69
1007 51.15 86.89 9.93 8.17 5.64
1008 51.43 15.62 91.51 0.33 12.49
1009 51.35 36.85 71.52 1.96 14.32
1010 51.28 57.84 36.91 6.68 9.28
1011 51.44 68.35 20.27 7.74 7.17
1012 51.40 23.51 77.71 0.66 13.50
1013 51.72 41.53 34.48 9.08 8.94
1014 51.55 79.69 18.04 12.34 5.56
1015 51.58 27.65 66.79 2.42 12.51
1016 51.59 44.22 41.03 5.52 10.61
1017 51.55 51.06 33.50 9.11 9.58
1018 51.68 77.13 14.23 12.64 5.08
1019 51.72 25.53 50.46 1.33 12.31
1020 51.68 60.29 24.56 8.19 7.23
1021 51.59 63.12 24.11 10.62 9.10
1022 51.69 75.02 15.27 8.01 6.18
1023 51.52 6.12 62.06 0.00 9.72
1024 51.74 38.97 39.76 4.41 11.11
1025 51.69 31.99 58.58 2.04 10.41
1026 51.94 4.37 28.79 0.00 2.31
1027 51.68 55.10 27.32 12.18 9.66
1028 51.81 65.73 17.11 13.37 7.77
1029 51.97 17.85 46.96 0.56 7.71
1030 51.83 82.41 21.37 22.72 5.83
1031 51.86 48.67 27.85 10.11 7.12
1032 52.10 29.54 49.62 7.72 7.83
1033 52.12 84.78 41.58 23.96 4.12
1034 52.33 9.71 32.94 1.71 6.12
1035 52.10 70.67 14.46 14.57 5.11
1036 52.17 88.40 39.03 20.94 3.65
1037 52.19 12.21 39.92 0.82 7.59
1038 52.11 46.39 21.12 19.45 7.64
1039 52.12 7.28 32.43 1.06 5.94
1040 52.21 21.65 55.23 2.16 7.86
1041 52.15 34.39 34.38 7.73 9.23
1042 52.22 56.72 17.32 19.25 6.92
1043 52.38 53.39 24.47 21.28 6.26
1044 52.38 58.68 14.51 19.08 5.19
1045 52.56 36.91 31.88 10.21 7.45
1046 52.46 68.22 15.90 21.36 4.72
1047 52.52 93.33 44.97 22.65 2.82
1048 52.43 62.13 15.67 26.18 6.05
1049 52.59 72.70 22.29 19.61 3.91
1050 52.62 24.42 27.21 6.26 6.48
1051 52.61 44.07 20.80 10.83 7.85
1052 52.59 50.92 19.40 19.18 6.94
1053 52.52 64.27 15.19 25.20 4.11
1054 52.47 78.60 38.13 21.55 3.56
1055 52.59 15.29 23.71 3.02 6.05
1056 52.58 80.70 31.11 27.09 3.71
1057 52.72 27.26 21.53 9.64 5.97
1058 52.60 32.19 24.35 10.34 6.31
1059 52.69 75.48 14.65 23.51 4.51
1060 52.77 39.30 20.26 14.39 6.35
1061 52.82 48.47 15.93 27.98 5.31
1062 52.80 66.01 20.88 30.51 4.28
1063 52.79 96.09 6.14 13.98 1.29
1064 52.80 5.14 10.64 1.47 1.91
1065 52.87 60.15 24.84 18.29 3.70
1066 53.14 83.40 157.77 34.19 3.35
1067 52.90 77.51 48.66 22.22 3.09
1068 52.89 90.62 82.88 21.52 2.88
1069 52.89 11.16 21.02 7.77 5.16
1070 53.09 30.08 15.78 22.71 6.79
1071 53.10 7.20 14.25 3.29 2.56
1072 53.01 17.93 15.25 9.20 4.66
1073 53.24 34.68 24.61 21.26 5.55
1074 53.19 46.14 20.54 30.76 6.93
1075 53.17 69.92 46.65 28.41 2.92
1076 53.23 20.69 19.24 9.79 6.04
1077 53.20 56.86 36.87 30.79 4.04
1078 53.46 86.62 150.21 24.26 3.03
1079 53.26 22.56 22.55 14.24 3.32
1080 53.37 52.63 27.78 42.13 4.79
1081 53.35 12.76 15.31 9.68 4.21
1082 53.29 41.55 21.75 18.31 4.30
1083 53.42 62.54 78.57 37.47 3.25
1084 53.48 74.16 69.67 35.77 2.61
1085 53.45 32.39 20.81 26.83 3.89
1086 53.53 58.72 52.24 36.91 3.82
1087 53.67 67.49 147.24 30.72 2.92
1088 53.76 79.05 170.54 35.55 2.72
1089 53.56 3.76 3.82 6.12 0.00
1090 53.53 25.63 20.62 18.32 2.67
1091 53.70 43.75 47.81 25.68 4.13
1092 53.65 50.07 64.16 35.57 3.00
1093 53.99 15.84 22.09 15.64 2.66
1094 53.91 71.92 160.77 40.37 2.30
1095 53.58 90.92 117.57 33.94 3.29
1096 53.76 39.24 55.04 26.72 3.52
1097 53.77 54.57 98.40 38.08 3.86
1098 53.70 64.72 98.37 41.09 2.84
1099 53.44 28.70 12.79 22.44 3.48
1100 54.00 76.51 113.68 34.34 2.53
1101 53.94 93.91 107.38 28.03 1.58
1102 53.69 88.88 166.35 29.99 3.05
1103 53.83 18.89 16.01 15.09 2.38
1104 53.71 31.38 23.73 30.60 4.98
1105 54.07 60.73 141.83 54.09 2.46
1106 54.01 6.95 3.61 12.56 0.79
1107 54.13 81.28 192.62 30.90 2.34
1108 54.30 20.88 53.51 24.48 2.07
1109 54.50 37.08 132.71 32.36 2.20
1110 54.22 23.51 41.22 23.40 2.67
1111 54.28 56.50 138.56 45.36 2.67
1112 54.32 33.11 51.79 30.05 3.26
1113 54.32 45.94 95.74 33.30 2.25
1114 54.42 30.53 85.39 37.52 2.21
1115 54.31 41.51 112.18 33.34 2.63
1116 54.49 69.90 210.78 45.07 2.70
1117 54.56 13.68 30.69 18.74 1.65
1118 54.49 26.07 86.62 29.48 0.99
1119 54.39 84.82 205.08 36.16 3.47
1120 54.48 4.18 4.59 10.36 0.00
1121 54.61 28.40 81.00 31.53 2.12
1122 54.63 52.71 179.05 51.49 2.88
1123 54.44 82.84 210.94 41.91 2.44
1124 54.41 88.75 180.77 35.51 2.46
1125 54.70 65.54 223.50 50.76 2.67
1126 54.71 50.76 195.48 50.55 2.65
1127 54.70 63.04 223.46 45.18 2.43
1128 54.56 11.59 16.80 21.13 2.60
1129 54.72 48.20 180.73 41.25 3.06
1130 54.73 58.72 215.40 57.17 2.20
1131 54.77 74.47 198.96 44.26 2.13
1132 54.82 91.48 147.72 33.10 1.91
1133 55.32 19.15 108.75 36.25 0.79
1134 54.92 67.71 226.98 51.27 2.64
1135 55.10 39.31 194.72 55.30 1.65
1136 54.99 43.95 196.76 42.46 1.91
1137 54.85 6.35 21.58 19.02 0.00
1138 54.99 34.73 148.02 41.25 1.87
1139 55.13 54.65 197.10 53.20 2.61
1140 55.21 79.10 220.68 45.26 1.42
1141 55.11 8.83 41.86 20.58 0.56
1142 55.28 16.32 95.72 38.46 0.85
1143 55.24 22.35 125.84 40.85 0.62
1144 55.48 24.45 149.79 43.09 0.58
1145 55.40 61.09 229.41 66.34 2.10
1146 55.38 72.31 213.08 59.04 1.75
1147 55.43 94.01 102.42 31.32 1.10
1148 55.36 86.46 176.25 42.21 1.78
1149 55.40 76.74 195.23 46.28 2.07
1150 55.44 82.18 209.07 48.34 2.00
1151 55.52 88.94 151.07 42.20 1.94
1152 55.58 10.67 64.36 27.44 0.35
1153 55.59 32.58 170.06 47.99 2.14
1154 55.56 41.66 218.92 55.37 2.68
1155 55.64 30.15 157.96 44.17 1.67
1156 55.63 57.01 230.07 68.60 2.03
1157 55.55 84.82 189.38 38.10 2.22
1158 55.79 13.27 111.25 37.70 0.48
1159 55.71 27.30 186.29 50.04 1.17
1160 55.74 46.42 201.09 67.34 1.69
1161 55.75 64.46 229.18 65.91 1.48
1162 55.70 69.25 211.46 59.83 1.33
1163 55.90 4.37 50.67 20.96 0.00
1164 55.92 96.50 29.42 20.30 0.00
1165 55.92 37.43 214.03 65.01 1.62
1166 55.81 48.84 204.63 60.41 1.73
1167 55.91 51.42 229.01 77.04 1.65
1168 56.00 6.63 88.95 27.38 0.00
1169 56.09 35.29 191.24 62.11 2.03
1170 56.03 59.00 216.75 69.58 2.63
1171 56.13 66.54 199.12 71.15 1.98
1172 56.14 75.04 197.01 65.50 1.29
1173 56.16 53.48 203.75 78.69 1.85
1174 56.20 44.18 213.37 77.10 2.12
1175 56.16 91.29 76.76 25.16 1.01
1176 56.25 8.88 97.52 29.23 0.00
1177 56.26 62.75 189.67 69.74 0.96
1178 56.32 71.17 193.07 58.73 1.04
1179 56.41 17.41 140.18 48.59 0.00
1180 56.37 80.46 212.37 54.50 1.73
1181 56.42 21.60 164.09 58.04 0.12
1182 56.46 39.55 183.35 80.89 1.17
1183 56.47 55.54 220.83 82.33 1.78
1184 56.65 77.54 209.14 58.59 1.54
1185 56.54 25.74 170.50 65.74 0.00
1186 56.62 84.03 173.44 63.56 2.11
1187 56.62 29.06 201.57 77.61 0.57
1188 56.65 60.82 214.73 76.40 0.85
1189 56.78 87.08 131.45 61.83 1.61
1190 56.68 89.41 114.36 48.47 1.75
1191 56.70 98.30 2.08 6.70 0.00
1192 56.85 23.60 175.52 67.58 1.17
1193 56.79 33.53 205.73 84.23 1.03
1194 56.67 41.95 187.61 78.34 2.39
1195 56.76 68.48 199.21 73.81 1.16
1196 56.84 73.24 145.95 67.27 0.92
1197 56.80 11.53 127.16 41.14 0.00
1198 56.84 47.45 163.57 92.34 0.80
1199 56.78 49.88 199.35 84.39 1.22
1200 56.98 93.89 73.78 42.48 0.67
1201 57.05 31.48 189.40 69.33 0.68
1202 57.04 19.15 154.49 61.18 0.00
1203 56.93 64.46 183.60 75.87 0.98
1204 57.01 57.96 177.94 86.02 1.34
1205 57.12 45.42 152.80 104.37 1.33
1206 57.13 9.07 130.54 52.10 0.00
1207 57.04 14.16 149.56 55.99 0.00
1208 57.15 37.60 176.04 83.46 1.20
1209 57.05 5.04 83.08 28.38 0.00
1210 56.85 16.36 137.44 72.90 0.00
1211 57.34 27.41 164.83 80.14 0.14
1212 57.35 51.95 160.91 90.85 1.55
1213 57.40 35.46 146.34 100.91 0.79
1214 57.29 6.77 115.64 39.50 0.00
1215 57.38 53.89 154.06 91.78 1.25
1216 57.50 75.25 129.31 72.90 0.78
1217 57.44 71.06 115.07 83.74 0.44
1218 57.64 66.51 168.45 82.71 0.96
1219 57.58 82.69 113.56 77.45 1.32
1220 57.62 90.98 86.11 50.05 0.97
1221 57.62 62.35 169.59 97.43 1.12
1222 57.56 79.60 185.28 76.12 1.05
1223 57.57 43.30 131.39 107.69 0.40
1224 57.36 16.24 123.77 64.49 0.00
1225 57.56 40.56 127.94 114.51 1.41
1226 57.74 21.57 168.03 89.93 0.00
1227 57.67 60.10 158.68 102.76 1.36
1228 57.76 25.46 151.00 93.38 0.00
1229 57.73 55.93 153.62 110.81 0.63
1230 57.68 96.22 8.98 19.17 0.00
1231 57.79 49.28 161.84 103.82 1.27
1232 58.02 4.88 84.00 50.50 0.00
1233 57.88 16.94 103.05 75.88 0.00
1234 57.82 29.59 138.61 101.94 0.59
1235 57.82 68.83 111.55 91.36 0.61
1236 57.94 88.39 73.00 52.02 1.46
1237 57.96 85.68 64.93 81.33 1.35
1238 58.07 11.15 97.77 62.04 0.00
1239 58.10 33.67 100.32 121.85 0.53
1240 58.04 64.43 145.47 114.84 0.37
1241 58.13 77.04 88.29 85.48 0.60
1242 58.04 14.01 104.67 76.25 0.00
1243 58.03 46.54 105.59 113.56 0.88
1244 58.16 73.22 72.74 90.20 0.88
1245 58.20 38.71 111.33 132.41 0.83
1246 58.26 58.47 83.23 111.93 0.89
1247 58.19 23.66 110.19 116.02 0.00
1248 58.28 19.43 106.87 103.33 0.00
1249 58.29 8.45 97.08 64.31 0.00
1250 58.45 31.68 72.74 129.89 0.35
1251 58.33 36.37 71.17 126.55 0.00
1252 58.50 92.94 61.81 53.84 0.37
1253 58.47 27.67 67.19 124.20 0.00
1254 58.50 51.54 64.71 132.52 1.68
1255 58.58 41.42 46.17 141.35 0.62
1256 58.54 54.04 94.50 125.93 1.30
1257 58.58 70.49 116.14 84.02 0.21
1258 58.59 43.84 43.51 139.35 1.07
1259 58.72 82.03 95.92 90.88 0.93
1260 58.69 79.43 78.51 100.57 1.12
1261 58.82 60.99 68.72 131.88 1.18
1262 58.82 67.96 83.75 105.11 0.00
1263 58.81 48.68 42.17 128.34 0.41
1264 58.89 63.29 90.17 117.57 0.28
1265 58.95 75.08 48.00 83.73 0.57
1266 58.92 56.57 43.59 141.46 0.75
1267 58.73 14.32 47.28 108.36 0.00
1268 58.92 25.35 39.05 119.55 0.00
1269 58.98 65.78 74.75 127.92 0.25
1270 58.97 17.36 44.16 126.90 0.00
1271 59.09 22.82 38.89 132.23 0.00
1272 59.00 29.79 34.13 146.69 0.00
1273 59.00 46.01 29.95 150.60 0.49
1274 58.99 90.43 69.83 73.98 0.88
1275 59.01 3.31 17.51 45.92 0.00
1276 59.12 85.41 38.83 104.70 1.32
1277 59.17 88.32 51.09 89.29 0.68
1278 59.24 12.66 35.98 113.41 0.00
1279 59.30 35.35 31.37 174.80 0.69
1280 59.34 37.48 23.29 169.83 0.64
1281 59.22 39.64 24.08 159.84 0.80
1282 59.26 5.28 26.32 63.46 0.00
1283 59.07 15.25 38.83 107.66 0.00
1284 59.29 33.28 39.12 164.24 1.00
1285 59.27 72.40 32.86 100.45 0.33
1286 59.35 7.85 32.53 95.30 0.00
1287 59.39 20.31 27.64 156.17 0.00
1288 59.26 10.28 23.50 87.88 0.00
1289 59.32 58.76 36.88 138.13 0.97
1290 59.40 77.62 31.34 99.93 0.00
1291 59.52 52.68 31.15 159.92 0.96
1292 59.33 93.93 15.29 61.21 0.00
1293 59.51 27.58 24.93 151.14 0.00
1294 59.55 50.42 27.23 165.83 0.59
1295 59.65 43.84 28.89 181.03 0.97
1296 59.76 41.70 24.82 175.06 0.89
1297 59.69 55.04 23.09 161.27 0.73
1298 59.71 69.76 24.53 134.04 0.39
1299 59.74 80.67 39.11 108.52 0.05
1300 59.92 31.58 19.94 182.31 0.00
1301 59.80 47.52 21.92 174.33 0.93
1302 59.86 62.51 28.65 146.22 0.75
1303 60.36 18.69 14.14 168.53 0.00
1304 59.86 15.09 22.88 131.34 0.00
1305 59.91 67.36 27.23 143.95 0.37
1306 60.00 25.31 23.49 171.83 0.17
1307 60.04 64.99 20.76 163.28 0.84
1308 59.88 94.08 4.79 60.66 0.00
1309 60.05 60.18 26.16 163.51 0.39
1310 60.14 73.86 15.42 111.95 0.17
1311 60.50 11.28 12.83 141.05 0.00
1312 60.11 21.74 16.16 173.28 0.00
1313 60.22 76.24 18.77 117.45 0.54
1314 60.23 82.62 25.74 109.91 0.53
1315 60.21 29.57 24.20 198.97 0.58
1316 60.20 57.43 19.30 166.43 0.38
1317 60.12 16.51 17.59 142.07 0.00
1318 60.32 45.28 57.86 187.28 0.97
1319 60.28 84.27 19.11 126.11 0.82
1320 60.37 86.83 17.96 119.76 1.06
1321 60.17 13.64 18.98 143.64 0.00
1322 60.40 5.91 10.03 107.98 0.00
1323 60.31 39.30 60.14 206.22 0.61
1324 60.60 92.18 9.03 90.85 0.12
1325 60.42 3.91 5.58 71.80 0.00
1326 60.36 8.37 15.65 127.44 0.00
1327 60.44 34.35 27.79 196.93 0.63
1328 60.41 36.71 31.13 190.78 0.20
1329 60.42 78.98 23.58 145.47 0.47
1330 60.37 71.37 12.79 118.92 0.81
1331 60.45 89.42 15.78 108.03 0.52
1332 60.56 49.12 36.40 199.59 1.07
1333 60.61 23.40 24.96 178.42 0.00
1334 60.61 53.56 27.52 182.90 1.12
1335 60.75 51.15 46.33 179.02 0.71
1336 60.69 27.57 31.88 170.89 0.00
1337 60.77 42.71 90.27 204.80 1.06
1338 61.04 94.89 0.00 69.48 0.00
1339 60.81 55.72 47.75 179.77 0.81
1340 60.90 69.34 12.17 155.11 0.00
1341 60.94 61.39 18.38 173.87 0.47
1342 60.71 9.65 12.99 146.34 0.00
1343 60.90 63.66 16.74 177.70 0.00
1344 60.95 66.96 16.43 174.07 0.25
1345 61.04 32.31 68.06 196.14 0.00
1346 60.94 14.75 13.56 163.13 0.00
1347 61.18 40.87 165.62 210.74 0.41
1348 61.22 46.99 194.61 195.50 0.80
1349 61.13 59.15 41.83 180.90 0.42
1350 60.98 80.03 13.16 156.79 0.00
1351 61.16 25.34 47.33 189.82 0.00
1352 61.18 21.34 25.80 174.62 0.00
1353 61.29 74.72 14.21 146.70 0.00
1354 61.31 81.67 15.38 159.00 1.22
1355 61.28 38.54 107.75 206.50 0.05
1356 61.29 72.25 10.56 143.20 0.39
1357 61.34 77.56 15.56 165.42 0.43
1358 61.34 29.95 82.77 200.87 0.00
1359 61.48 17.22 41.64 178.36 0.00
1360 61.42 36.02 78.25 211.24 0.06
1361 61.46 44.29 173.35 207.09 0.53
1362 61.53 84.61 16.79 131.23 0.58
1363 61.60 7.05 15.59 145.36 0.00
1364 61.50 56.94 198.06 185.52 0.34
1365 61.62 52.45 191.72 186.66 1.03
1366 61.62 65.27 36.26 176.64 0.00
1367 61.64 89.99 7.02 100.03 0.33
1368 62.02 93.04 5.12 121.67 0.00
1369 61.77 33.97 148.02 199.70 0.44
1370 61.64 49.00 179.53 205.25 0.74
1371 61.74 54.65 197.88 199.17 0.05
1372 61.71 87.50 11.35 124.19 0.48
1373 61.77 27.69 118.78 202.55 0.00
1374 61.80 12.00 34.57 165.91 0.00
1375 61.83 23.20 86.20 191.59 0.00
1376 61.89 19.19 65.17 181.45 0.00
1377 61.89 62.66 92.69 210.61 1.25
1378 62.01 70.43 28.78 169.37 0.10
1379 62.03 67.94 43.15 183.31 0.25
1380 61.97 14.34 54.32 174.42 0.00
1381 62.12 42.37 189.04 198.83 0.79
1382 62.21 50.56 205.93 178.53 0.54
1383 62.16 60.59 186.92 203.22 0.99
1384 62.18 31.76 161.39 203.60 0.00
1385 62.30 79.57 46.66 169.56 0.39
1386 62.28 39.91 197.47 199.05 0.54
1387 62.32 9.48 38.46 156.21 0.00
1388 62.26 25.40 122.88 207.74 0.00
1389 62.23 45.79 226.06 175.21 0.08
1390 62.34 58.12 229.59 190.55 0.45
1391 62.22 76.35 39.57 158.48 0.31
1392 62.27 37.65 201.77 209.72 0.36
1393 62.38 21.15 80.05 183.88 0.00
1394 62.32 73.35 47.41 171.28 0.05
1395 62.64 82.15 54.70 163.25 1.16
1396 62.54 29.62 152.42 203.67 0.00
1397 62.71 48.15 214.66 188.50 0.00
1398 62.60 35.62 170.10 208.88 0.13
1399 62.57 63.91 190.23 191.29 0.58
1400 62.62 65.86 195.75 184.95 0.34
1401 62.74 53.29 222.86 177.11 0.07
1402 62.74 84.24 21.47 149.23 0.08
1403 62.85 55.58 221.82 177.21 0.34
1404 62.87 6.24 44.73 134.90 0.00
1405 62.73 4.06 19.78 101.47 0.00
1406 62.85 16.63 106.03 173.08 0.00
1407 62.98 44.64 193.81 191.54 0.51
1408 62.98 33.53 153.97 208.78 0.00
1409 62.99 88.51 34.42 138.55 0.17
1410 63.18 91.19 24.79 124.47 0.00
1411 62.91 13.66 102.69 171.04 0.00
1412 62.98 27.40 162.92 189.32 0.00
1413 62.98 23.12 154.11 191.44 0.00
1414 63.05 69.14 144.07 195.88 0.13
1415 62.98 11.26 69.59 143.65 0.00
1416 63.17 71.31 107.36 173.43 0.00
1417 63.29 51.46 206.92 187.94 0.24
1418 63.16 75.49 181.50 174.34 0.20
1419 63.29 62.09 221.46 172.25 0.18
1420 63.33 19.95 116.60 182.78 0.00
1421 63.34 40.65 163.01 196.29 0.00
1422 63.28 42.73 155.19 199.47 0.55
1423 63.27 78.01 170.29 183.78 0.48
1424 63.35 59.74 218.35 179.98 0.00
1425 63.33 38.16 179.91 195.97 0.00
1426 63.40 31.26 154.96 191.76 0.00
1427 63.33 25.12 143.66 184.33 0.00
1428 63.45 67.07 204.69 177.62 0.16
1429 63.53 93.71 41.16 102.87 0.00
1430 63.48 57.52 195.34 190.48 0.00
1431 63.57 73.38 162.22 170.66 0.00
1432 63.58 80.84 152.05 165.17 0.55
1433 63.64 46.92 193.60 180.78 0.00
1434 63.69 64.57 213.45 174.65 0.08
1435 63.74 29.15 118.13 189.48 0.00
1436 63.73 35.53 129.08 196.41 0.00
1437 63.74 49.76 150.63 186.48 0.42
1438 63.97 9.62 104.42 159.67 0.00
1439 63.73 83.58 131.60 127.80 0.24
1440 64.05 5.03 50.46 105.92 0.00
1441 64.00 53.62 179.15 194.61 0.88
1442 63.95 12.01 104.92 157.26 0.00
1443 64.01 14.60 98.78 163.13 0.00
1444 64.06 16.93 103.14 175.37 0.00
1445 64.06 33.15 90.05 196.18 0.00
1446 64.15 55.71 155.74 179.32 0.00
1447 64.21 6.93 69.61 135.32 0.00
1448 64.16 44.60 112.96 188.78 0.00
1449 64.56 85.82 158.70 130.53 0.00
1450 64.17 88.89 145.94 122.38 0.00
1451 64.25 22.43 74.87 178.58 0.00
1452 64.27 69.39 198.64 167.17 0.00
1453 64.21 27.12 125.03 167.28 0.00
1454 64.46 19.13 81.66 169.35 0.00
1455 64.37 75.30 180.46 161.42 0.00
1456 64.35 39.81 82.60 189.17 0.00
1457 64.34 42.32 138.77 190.65 0.00
1458 64.53 58.08 138.48 179.43 0.00
1459 64.35 77.93 184.39 153.27 0.00
1460 64.35 24.90 109.09 175.81 0.00
1461 64.43 37.29 96.68 179.80 0.00
1462 64.55 62.64 190.08 178.02 0.00
1463 64.45 71.97 168.26 155.92 0.00
1464 64.48 60.39 144.66 181.67 0.00
1465 64.55 66.98 205.92 176.08 0.00
1466 64.62 30.50 70.38 186.81 0.00
1467 64.60 49.06 101.59 182.01 0.00
1468 64.57 51.49 121.55 181.53 0.00
1469 64.81 91.73 124.51 131.13 0.00
1470 64.71 94.50 31.95 63.91 0.00
1471 64.63 82.74 193.13 125.52 0.48
1472 64.74 46.51 92.54 167.47 0.02
1473 64.95 79.94 205.10 162.41 0.00
1474 64.95 34.51 51.44 177.59 0.00
1475 64.86 64.73 171.81 177.58 0.00
1476 65.01 10.86 81.52 145.07 0.00
1477 65.15 15.72 74.32 167.32 0.00
1478 65.20 28.39 42.40 165.27 0.00
1479 65.08 32.44 45.18 171.47 0.00
1480 65.19 9.00 61.68 138.94 0.00
1481 65.28 41.23 44.57 165.08 0.00
1482 65.13 53.74 136.00 162.97 0.00
1483 65.29 13.22 56.46 133.68 0.00
1484 65.25 5.34 39.54 108.29 0.00
1485 65.21 23.42 56.65 164.40 0.00
1486 65.27 44.07 50.47 161.25 0.00
1487 65.23 26.07 48.17 156.38 0.00
1488 65.26 56.12 100.59 175.78 0.00
1489 65.39 73.97 162.25 161.45 0.00
1490 65.37 20.85 52.90 138.42 0.00
1491 65.41 36.41 36.29 169.56 0.00
1492 65.41 38.82 38.60 156.35 0.00
1493 65.51 68.98 141.86 160.77 0.00
1494 65.49 76.65 188.62 161.91 0.00
1495 65.50 88.88 130.38 133.17 0.00
1496 65.51 71.47 141.01 155.60 0.00
1497 65.50 61.09 132.25 168.99 0.00
1498 65.66 18.16 43.33 141.31 0.00
1499 65.67 66.35 186.12 161.76 0.00
1500 65.62 48.62 49.13 161.65 0.00
1501 65.75 51.27 69.84 164.63 0.00
1502 65.64 58.75 88.90 161.55 0.00
1503 65.86 84.68 177.90 142.75 0.00
1504 65.85 30.68 35.40 158.56 0.00
1505 65.88 63.89 120.85 152.01 0.00
1506 65.85 81.87 184.46 149.83 0.00
1507 65.91 46.41 34.56 128.26 0.00
1508 65.94 92.17 49.71 82.78 0.00
1509 65.91 6.73 40.96 108.08 0.00
1510 66.12 10.84 31.72 110.70 0.00
1511 66.17 22.05 26.68 125.93 0.00
1512 66.19 42.58 26.98 133.33 0.00
1513 66.19 32.70 30.76 128.84 0.00
1514 66.21 34.74 24.25 135.62 0.00
1515 66.25 24.52 28.23 118.24 0.00
1516 66.19 26.90 37.96 130.90 0.00
1517 66.23 53.57 45.19 136.22 0.00
1518 66.28 79.01 163.90 141.27 0.00
1519 66.20 86.49 140.74 114.60 0.00
1520 66.33 13.10 27.07 109.70 0.00
1521 66.23 56.58 57.66 146.94 0.00
1522 66.40 15.43 34.64 124.39 0.00
1523 66.52 19.78 27.86 122.61 0.00
1524 66.36 37.47 31.65 132.17 0.00
1525 66.44 29.13 39.51 124.23 0.00
1526 66.50 40.14 25.41 122.52 0.00
1527 66.39 61.70 51.20 147.98 0.00
1528 66.56 8.64 25.84 97.74 0.00
1529 66.70 90.23 107.34 117.33 0.00
1530 66.63 44.64 24.39 116.95 0.00
1531 66.59 73.20 81.78 140.68 0.00
1532 66.56 75.74 84.68 153.39 0.00
1533 66.62 67.90 101.38 152.82 0.00
1534 66.54 70.70 66.47 136.10 0.00
1535 66.67 87.67 105.11 130.92 0.00
1536 66.61 48.62 25.25 116.48 0.00
1537 66.70 59.20 43.87 141.74 0.00
1538 66.74 50.88 36.66 125.54 0.00
1539 66.90 65.61 49.16 144.12 0.00
1540 66.65 17.38 31.53 92.93 0.00
1541 67.09 6.46 13.76 75.28 0.00
1542 67.19 54.95 31.09 118.44 0.00
1543 67.06 83.24 84.81 145.79 0.00
1544 67.09 30.79 53.99 104.41 0.00
1545 67.18 63.38 37.86 148.89 0.00
1546 67.27 93.45 17.82 62.17 0.00
1547 67.10 35.89 35.68 112.39 0.00
1548 67.15 46.57 34.57 109.50 0.00
1549 67.08 25.13 41.29 99.97 0.00
1550 67.56 80.98 79.33 140.42 0.00
1551 67.19 17.51 43.58 87.40 0.00
1552 67.12 22.32 49.83 87.66 0.00
1553 67.12 27.53 95.27 92.39 0.00
1554 67.11 32.95 43.87 99.83 0.00
1555 67.39 57.12 33.53 111.57 0.00
1556 67.26 10.69 21.51 76.62 0.00
1557 67.21 38.44 42.61 109.86 0.00
1558 67.20 52.75 36.54 103.20 0.00
1559 67.34 12.63 36.44 88.52 0.00
1560 67.48 60.78 34.47 115.46 0.00
1561 67.24 42.20 39.67 108.35 0.00
1562 67.43 77.53 55.71 141.05 0.00
1563 67.46 69.60 59.21 119.62 0.00
1564 67.56 85.64 72.06 126.38 0.00
1565 67.40 49.31 42.24 95.25 0.00
1566 67.47 15.09 53.96 78.25 0.00
1567 67.88 20.25 117.26 60.66 0.00
1568 67.72 71.86 50.33 123.16 0.00
1569 67.72 34.20 131.17 76.50 0.00
1570 67.76 40.02 125.28 81.10 0.00
1571 67.60 44.23 69.13 98.18 0.00
1572 67.75 74.36 50.55 124.99 0.00
1573 68.04 9.52 41.60 58.83 0.00
1574 67.83 23.47 127.69 70.67 0.00
1575 67.87 67.40 30.49 134.27 0.00
1576 67.83 88.39 73.48 114.70 0.00
1577 67.73 91.21 40.06 106.94 0.00
1578 67.93 51.20 150.87 70.30 0.00
1579 67.91 28.15 155.03 50.68 0.00
1580 67.98 25.83 136.93 67.10 0.00
1581 67.97 37.11 157.11 70.35 0.00
1582 68.01 58.68 29.50 102.25 0.00
1583 67.98 30.20 189.86 58.79 0.00
1584 68.23 32.36 185.78 60.34 0.00
1585 68.21 65.03 23.97 112.64 0.00
1586 68.21 53.39 158.61 75.33 0.00
1587 68.19 42.35 167.34 54.06 0.00
1588 68.53 15.43 98.02 44.44 0.00
1589 68.18 62.76 28.21 98.03 0.00
1590 68.37 45.14 156.52 66.45 0.00
1591 68.21 55.60 41.27 98.27 0.00
1592 68.26 12.77 80.59 55.50 0.00
1593 68.37 48.96 158.99 61.40 0.00
1594 68.41 76.61 40.47 132.77 0.00
1595 68.54 83.93 61.18 107.47 0.00
1596 68.64 82.62 85.62 106.23 0.00
1597 68.47 91.38 33.06 103.67 0.00
1598 68.43 17.35 110.85 54.35 0.00
1599 68.70 34.95 193.10 51.90 0.00
1600 68.60 69.72 28.02 104.55 0.00
1601 68.70 93.33 4.17 55.50 0.00
1602 68.62 60.71 44.97 97.56 0.00
1603 68.93 86.42 50.91 116.46 0.00
1604 68.68 79.40 55.22 109.88 0.00
1605 68.79 19.07 131.71 39.51 0.00
1606 68.85 39.55 190.87 46.25 0.00
1607 68.62 89.44 40.27 114.82 0.00
1608 68.88 23.61 167.81 45.29 0.00
1609 68.89 72.23 18.19 89.69 0.00
1610 69.02 28.69 206.50 44.67 0.00
1611 69.12 47.35 211.16 45.98 0.00
1612 68.85 56.88 102.98 72.99 0.00
1613 69.05 26.16 177.83 41.30 0.00
1614 68.99 66.83 20.43 97.59 0.00
1615 69.15 74.80 33.31 101.51 0.00
1616 69.06 37.22 214.62 53.22 0.00
1617 69.02 58.67 125.32 71.74 0.00
1618 69.12 8.45 66.00 35.51 0.00
1619 69.19 30.90 196.82 46.23 0.00
1620 69.28 41.65 216.51 43.42 0.00
1621 69.22 52.22 220.21 53.82 0.00
1622 69.18 54.67 199.02 52.44 0.00
1623 69.40 44.09 217.80 38.41 0.00
1624 69.18 62.79 102.40 75.32 0.00
1625 69.39 49.92 215.18 41.58 0.00
1626 69.35 11.86 112.03 32.88 0.00
1627 69.54 33.19 201.27 39.41 0.00
1628 69.47 64.91 68.72 86.88 0.00
1629 69.42 21.63 141.59 29.25 0.00
1630 69.45 89.29 37.19 105.48 0.00
1631 69.75 16.31 140.82 29.53 0.00
1632 69.60 68.72 35.63 79.79 0.00
1633 69.73 60.71 190.99 54.03 0.00
1634 69.71 77.68 19.18 86.16 0.00
1635 69.79 82.00 31.93 103.08 0.00
1636 69.88 70.92 27.58 72.32 0.00
1637 69.82 18.93 134.44 28.65 0.00
1638 69.99 35.59 181.35 32.40 0.00
1639 70.06 46.25 224.91 40.07 0.00
1640 70.01 56.23 222.96 47.19 0.00
1641 70.07 84.56 22.28 104.38 0.00
1642 70.06 27.07 166.54 27.87 0.00
1643 70.09 38.05 155.12 29.95 0.00
1644 70.09 58.56 224.02 48.04 0.00
1645 70.09 73.48 29.52 87.35 0.00
1646 69.91 9.12 98.19 34.10 0.00
1647 70.06 24.19 153.69 26.75 0.00
1648 70.23 40.27 163.34 32.69 0.00
1649 70.22 29.80 167.79 28.83 0.00
1650 70.23 66.74 123.10 60.78 0.00
1651 70.38 51.16 227.05 41.01 0.00
1652 70.46 86.98 21.75 117.31 0.00
1653 70.38 53.57 220.43 36.33 0.00
1654 70.38 62.82 217.35 52.54 0.00
1655 70.24 14.02 142.00 24.93 0.00
1656 70.52 21.16 127.84 22.94 0.00
1657 70.44 48.83 188.66 34.98 0.00
1658 70.54 76.18 28.51 77.51 0.00
1659 70.44 42.84 160.08 31.25 0.00
1660 70.58 31.73 134.08 30.69 0.00
1661 70.74 11.56 100.51 22.80 0.00
1662 70.75 33.99 148.21 22.38 0.00
1663 70.84 64.86 209.04 41.05 0.00
1664 70.74 69.05 140.09 52.75 0.00
1665 70.82 79.60 16.19 81.35 0.00
1666 70.89 89.38 4.97 67.72 0.00
1667 70.90 18.76 95.19 19.10 0.00
1668 70.93 45.28 149.41 25.24 0.00
1669 70.98 60.58 231.18 42.10 0.00
1670 71.01 71.60 119.90 55.87 0.00
1671 70.89 16.82 79.13 16.54 0.00
1672 71.28 23.33 91.57 17.19 0.00
1673 71.14 14.44 97.86 16.45 0.00
1674 71.07 25.94 115.62 21.44 0.00
1675 71.07 36.54 108.63 22.19 0.00
1676 71.23 38.81 126.88 22.88 0.00
1677 71.19 47.41 153.38 29.61 0.00
1678 71.10 55.60 208.43 36.06 0.00
1679 71.24 82.58 19.44 92.78 0.00
1680 71.16 58.06 221.39 37.36 0.00
1681 71.14 28.52 92.30 17.86 0.00
1682 71.28 74.27 115.24 61.09 0.00
1683 71.36 41.18 131.17 22.10 0.00
1684 71.48 49.97 144.48 24.52 0.00
1685 71.47 43.62 103.59 18.03 0.00
1686 71.39 52.35 154.67 26.40 0.00
1687 71.62 67.19 217.27 38.39 0.00
1688 71.66 30.66 76.69 17.62 0.00
1689 71.61 77.46 87.55 53.97 0.00
1690 71.61 84.83 12.61 72.84 0.00
1691 71.73 32.79 102.22 17.42 0.00
1692 71.73 62.44 217.33 35.64 0.00
1693 71.73 20.74 55.24 12.32 0.00
1694 71.91 87.44 11.47 81.04 0.00
1695 71.90 35.22 63.55 16.32 0.00
1696 71.97 54.16 152.25 21.55 0.00
1697 71.97 69.84 203.45 35.01 0.00
1698 71.98 18.02 58.14 11.33 0.00
1699 72.04 9.80 36.54 7.36 0.00
1700 72.08 12.40 48.83 12.20 0.00
1701 72.01 27.46 54.76 14.60 0.37
1702 72.05 64.69 214.08 30.73 0.00
1703 72.11 45.56 89.60 16.94 0.00
1704 72.17 79.97 57.21 76.03 0.00
1705 72.15 57.38 178.42 21.12 0.00
1706 72.14 59.96 177.24 29.52 0.00
1707 72.13 37.52 59.53 16.43 0.00
1708 72.27 72.44 201.12 40.32 0.00
1709 72.18 25.43 45.16 17.07 0.00
1710 72.26 47.96 84.80 22.08 0.00
1711 72.37 40.12 65.12 12.92 0.00
1712 72.53 29.17 29.03 8.42 0.00
1713 72.41 42.60 89.60 14.26 0.00
1714 72.63 52.07 112.68 15.99 0.00
1715 72.44 82.05 62.08 58.75 0.00
1716 72.63 22.64 35.13 9.84 0.00
1717 72.53 75.24 204.92 43.15 0.00
1718 72.63 49.80 73.06 15.74 0.00
1719 72.84 34.32 23.81 10.51 2.09
1720 72.79 55.97 109.28 21.36 0.00
1721 72.95 66.09 183.54 24.59 0.00
1722 72.94 68.47 168.71 26.68 0.00
1723 72.95 85.45 39.24 64.60 0.00
1724 72.87 32.16 25.25 8.72 0.03
1725 72.94 63.03 187.06 20.13 0.00
1726 72.82 77.92 174.67 34.29 0.00
1727 72.98 16.89 32.43 5.15 0.00
1728 72.95 19.30 25.98 5.87 0.29
1729 73.02 14.34 27.99 4.96 0.00
1730 73.15 11.63 22.30 7.14 0.00
1731 73.14 46.54 52.40 13.27 0.00
1732 73.16 36.31 23.62 7.09 1.41
1733 73.23 60.80 98.46 19.37 0.00
1734 73.17 25.12 18.65 4.56 0.78
1735 73.16 27.03 22.12 8.57 1.40
1736 73.16 38.87 25.81 10.11 3.28
1737 73.26 44.02 37.79 10.10 0.39
1738 73.28 70.94 177.68 28.88 0.00
1739 73.31 58.58 91.77 17.94 0.00
1740 73.16 20.58 21.11 6.71 1.61
1741 73.37 54.12 74.98 13.31 0.00
1742 73.39 88.45 10.96 42.99 0.00
1743 73.44 41.82 33.09 9.37 0.66
1744 73.72 80.15 181.52 29.91 0.00
1745 73.49 49.95 47.68 9.98 0.00
1746 73.75 73.61 216.43 27.87 0.00
1747 73.77 83.53 129.57 45.64 0.00
1748 73.56 28.86 15.77 3.93 2.79
1749 73.70 30.84 13.92 5.44 3.04
1750 73.78 76.28 216.45 31.86 0.00
1751 73.98 56.25 59.12 11.24 0.00
1752 73.83 22.11 18.79 4.05 3.81
1753 73.91 48.10 21.51 6.59 0.30
1754 73.89 52.16 32.15 8.93 0.00
1755 73.98 64.53 102.26 16.66 0.00
1756 73.88 15.69 16.32 3.50 0.10
1757 73.97 18.16 16.16 4.04 3.82
1758 73.99 40.43 20.50 8.43 6.56
1759 74.12 35.12 23.68 3.07 11.10
1760 74.03 38.05 18.63 6.84 3.99
1761 74.12 45.17 22.11 7.92 2.40
1762 74.24 62.40 108.49 13.03 0.00
1763 74.19 66.95 100.14 15.41 0.00
1764 74.14 12.83 13.73 1.30 0.48
1765 74.05 25.28 18.35 1.84 7.59
1766 74.29 69.26 131.65 15.18 0.00
1767 74.16 27.34 20.92 2.25 6.56
1768 74.33 86.19 81.78 31.27 0.00
1769 74.42 58.30 59.42 7.54 0.00
1770 74.66 60.47 67.75 10.79 0.00
1771 74.48 50.40 22.78 7.02 2.29
1772 74.49 29.76 34.15 3.84 6.71
1773 74.55 42.77 16.45 7.51 6.65
1774 74.64 71.81 133.56 17.11 0.00
1775 74.60 32.84 32.86 2.07 15.36
1776 74.67 54.37 28.58 6.85 0.00
1777 74.73 76.64 194.87 24.94 0.00
1778 74.76 14.81 17.42 1.24 4.94
1779 74.81 22.55 37.55 1.48 12.62
1780 74.82 46.99 21.31 6.09 4.76
1781 74.85 19.52 35.22 3.23 11.62
1782 74.80 39.83 37.22 3.11 10.37
1783 75.07 81.85 189.00 33.68 0.00
1784 74.81 17.42 22.10 3.16 9.74
1785 74.96 37.27 48.42 2.19 12.52
1786 75.20 25.38 72.85 1.13 19.02
1787 75.08 65.32 66.13 13.08 0.00
1788 75.31 28.24 87.27 3.00 22.06
1789 75.10 52.67 19.75 7.05 1.80
1790 75.07 44.77 21.61 2.22 5.36
1791 75.01 78.01 178.89 24.92 0.00
1792 75.36 74.28 174.88 19.72 0.00
1793 75.36 12.46 25.30 1.97 6.65
1794 75.21 56.59 19.35 5.42 0.25
1795 75.25 79.70 188.04 24.11 0.00
1796 75.36 34.64 89.71 1.71 26.49
1797 75.74 41.49 96.76 2.98 21.86
1798 75.62 63.20 35.41 8.54 0.00
1799 75.46 69.95 96.99 11.86 0.00
1800 75.59 67.70 63.82 9.88 0.00
1801 75.55 84.92 125.06 30.42 0.00
1802 75.56 10.67 22.78 1.34 4.33
1803 75.58 58.87 19.74 9.79 1.43
1804 76.29 44.30 114.98 3.49 24.69
1805 75.82 17.69 73.45 0.50 18.35
1806 75.90 15.06 49.10 0.71 14.30
1807 75.74 51.31 30.91 3.53 7.98
1808 75.84 32.31 122.25 1.81 27.34
1809 75.81 54.82 16.74 6.76 5.53
1810 75.92 21.94 118.63 0.99 21.50
1811 75.96 38.95 143.99 3.52 27.88
1812 75.72 77.21 121.89 17.01 0.00
1813 76.03 46.66 89.99 5.86 13.62
1814 75.97 61.10 17.45 4.85 0.72
1815 76.01 36.36 134.89 1.27 34.31
1816 76.30 72.13 104.81 13.81 0.00
1817 76.29 29.97 170.27 1.82 32.02
1818 76.40 24.22 154.90 1.21 33.74
1819 76.22 49.04 63.62 4.96 16.41
1820 76.26 86.46 65.09 16.27 0.00
1821 76.46 20.12 141.31 0.72 31.05
1822 76.26 57.15 17.33 5.65 4.58
1823 76.28 65.41 25.33 7.44 0.00
1824 76.35 76.03 81.56 14.06 0.00
1825 76.50 53.34 42.85 3.46 10.27
1826 76.36 10.80 37.42 0.00 4.52
1827 76.40 26.99 146.09 2.80 35.87
1828 76.58 81.37 158.02 24.92 0.00
1829 76.42 12.62 43.39 0.41 11.12
1830 76.65 84.07 104.64 17.51 0.00
1831 76.63 34.50 183.99 2.18 48.27
1832 76.71 69.67 31.44 8.95 0.00
1833 76.68 59.26 14.76 3.54 5.34
1834 76.80 67.30 21.42 6.90 0.00
1835 76.87 51.10 95.05 2.50 22.58
1836 77.11 78.67 91.32 15.04 0.00
1837 77.02 55.52 57.78 4.77 16.36
1838 77.14 37.82 207.35 3.70 48.22
1839 77.06 40.39 203.50 3.16 42.61
1840 77.19 42.48 193.06 3.16 38.53
1841 77.00 61.76 14.17 4.37 3.39
1842 77.26 17.74 154.70 0.00 33.35
1843 77.21 15.52 115.99 0.00 24.78
1844 77.19 74.33 61.85 15.15 0.00
1845 77.21 31.62 192.04 1.11 44.22
1846 77.28 48.16 186.93 4.26 27.76
1847 77.35 25.78 184.68 0.81 49.51
1848 77.56 57.83 76.15 2.23 17.29
1849 77.56 13.56 105.66 0.00 23.71
1850 77.51 22.53 174.33 1.26 43.88
1851 77.52 28.59 187.72 0.70 47.14
1852 77.64 65.87 13.12 3.69 1.83
1853 77.70 71.49 27.85 6.13 0.00
1854 77.72 20.18 159.98 0.98 45.77
1855 77.73 33.83 199.35 2.13 54.90
1856 77.81 68.61 14.10 5.16 0.00
1857 77.85 36.09 215.33 1.67 60.78
1858 77.95 46.42 220.99 4.95 41.17
1859 77.82 53.19 192.63 3.83 32.28
1860 77.81 83.17 73.45 15.32 0.00
1861 77.72 85.47 33.61 10.12 0.00
1862 77.89 60.20 77.45 2.90 12.73
1863 77.93 44.22 217.43 2.17 55.02
1864 77.94 50.37 213.72 2.68 37.08
1865 77.99 63.18 22.60 2.50 19.20
1866 78.22 39.90 203.58 2.34 58.40
1867 78.25 55.78 159.28 4.14 27.66
1868 78.41 30.88 193.81 0.95 68.41
1869 78.56 26.60 185.72 1.22 74.57
1870 78.63 76.32 48.70 8.79 0.00
1871 78.41 82.59 58.13 12.78 0.00
1872 78.51 17.03 138.18 0.00 49.23
1873 78.62 79.97 53.22 11.11 0.00
1874 78.67 15.11 104.17 0.00 34.67
1875 78.67 42.37 210.31 2.67 56.80
1876 78.65 12.60 74.04 0.00 13.01
1877 78.70 37.85 203.87 2.29 74.12
1878 78.75 48.58 217.02 4.76 48.40
1879 78.70 65.93 24.85 2.54 10.09
1880 78.85 28.99 187.73 2.54 69.98
1881 78.75 33.02 170.33 1.09 75.06
1882 78.62 72.17 14.40 3.74 0.90
1883 78.80 20.52 155.03 0.29 58.19
1884 78.96 22.75 145.21 0.00 64.84
1885 78.84 58.26 160.96 2.42 33.96
1886 78.90 61.41 140.01 2.00 30.17
1887 78.72 69.82 12.28 2.60 2.26
1888 78.90 51.35 209.80 2.83 48.35
1889 79.00 53.89 220.74 3.69 46.30
1890 79.10 44.95 223.67 2.99 65.45
1891 79.25 35.67 183.50 2.58 79.05
1892 79.53 63.72 160.98 3.31 29.95
1893 79.47 40.69 193.99 2.84 87.70
1894 79.04 67.92 19.14 5.33 2.74
1895 79.17 71.83 13.61 2.79 1.97
1896 79.56 47.13 221.49 2.34 82.64
1897 79.54 56.07 222.76 0.94 47.54
1898 79.53 18.72 126.25 0.00 59.46
1899 79.53 81.82 23.93 8.48 0.00
1900 79.68 25.10 117.31 0.24 78.14
1901 79.51 74.11 13.66 4.54 0.53
1902 79.75 68.88 76.31 3.44 12.86
1903 79.66 14.27 90.93 0.00 30.74
1904 79.84 59.56 212.03 2.97 56.28
1905 79.74 38.49 179.62 1.48 91.15
1906 79.78 76.20 15.29 5.32 0.00
1907 79.99 79.19 16.01 7.94 0.00
1908 79.84 27.65 108.58 0.03 73.45
1909 79.93 30.25 127.20 1.32 87.83
1910 79.80 32.66 131.74 0.51 103.24
1911 79.96 66.25 128.31 2.44 17.33
1912 79.95 49.35 214.02 2.00 67.00
1913 79.86 51.88 212.15 0.00 58.58
1914 80.15 16.77 80.49 0.00 53.87
1915 80.05 42.99 182.43 1.07 73.45
1916 80.08 21.22 100.16 0.00 67.80
1917 80.02 71.14 66.88 3.31 8.93
1918 79.92 77.57 14.91 5.57 0.00
1919 80.19 15.15 82.86 0.00 43.57
1920 80.20 22.86 102.04 0.97 79.15
1921 80.30 54.13 230.09 2.15 61.34
1922 80.31 61.67 200.51 3.29 37.87
1923 80.26 45.46 200.64 1.19 82.19
1924 80.37 35.20 117.33 0.75 99.28
1925 80.45 57.58 220.80 3.77 45.49
1926 80.82 74.76 35.33 4.03 4.78
1927 80.74 37.80 133.87 1.99 109.03
1928 80.64 40.31 162.96 3.21 90.65
1929 80.77 19.24 78.43 0.00 69.84
1930 80.87 24.08 59.12 0.00 84.04
1931 80.66 80.78 4.95 4.71 0.00
1932 80.83 64.12 201.35 2.31 43.40
1933 80.93 47.37 192.07 0.89 101.26
1934 81.06 68.11 197.29 2.96 25.96
1935 81.00 32.67 81.71 0.44 104.69
1936 80.89 51.84 225.31 2.28 78.99
1937 80.95 82.00 1.32 4.11 0.00
1938 80.94 28.35 85.75 1.77 106.36
1939 81.07 77.21 10.97 3.62 0.00
1940 81.09 26.08 55.64 0.00 83.34
1941 81.06 49.61 197.77 1.90 96.09
1942 81.10 55.84 220.00 2.48 75.95
1943 81.11 59.61 197.35 2.11 51.55
1944 81.29 30.56 64.79 0.00 102.25
1945 81.28 42.33 136.91 0.83 99.98
1946 81.25 44.80 136.21 0.68 114.00
1947 81.42 70.77 156.47 3.17 17.57
1948 81.59 21.99 51.20 0.00 96.85
1949 81.62 34.59 60.20 0.39 129.28
1950 81.56 61.86 195.28 2.13 62.28
1951 81.59 17.71 36.83 0.00 55.70
1952 81.56 53.70 216.58 0.89 87.74
1953 81.76 65.97 200.35 2.89 53.40
1954 81.55 79.06 6.42 3.83 0.00
1955 81.64 36.85 67.91 0.16 115.06
1956 81.82 57.90 207.40 1.32 87.26
1957 81.79 39.96 84.28 0.65 112.69
1958 81.91 73.07 95.64 4.04 14.49
1959 81.99 19.80 29.31 0.00 65.64
1960 81.71 80.85 0.00 2.60 0.00
1961 82.11 24.52 32.20 0.00 81.00
1962 82.12 48.88 178.25 1.46 99.59
1963 82.00 51.24 161.08 0.22 105.02
1964 82.08 27.86 44.14 0.00 101.37
1965 82.17 46.67 114.50 0.00 124.79
1966 82.15 63.82 162.68 1.28 50.98
1967 82.15 75.77 40.54 0.79 5.98
1968 82.36 44.27 92.76 1.33 120.17
1969 82.30 55.58 158.32 1.50 107.33
1970 82.40 60.19 171.89 2.28 77.54
1971 82.40 32.78 45.39 0.00 94.33
1972 82.58 42.17 75.68 0.63 144.36
1973 82.47 30.46 38.59 1.17 111.54
1974 82.46 38.10 52.16 0.63 104.48
1975 82.60 68.13 211.14 2.69 44.44
1976 82.60 78.64 15.15 2.64 3.65
1977 82.41 70.01 211.06 4.33 27.65
1978 82.75 26.44 23.74 0.00 98.46
1979 82.68 53.11 142.34 2.05 114.99
1980 82.74 35.25 45.90 0.00 117.29
1981 82.80 22.02 23.00 0.00 86.47
1982 82.87 71.00 204.59 2.65 29.95
1983 83.02 65.42 160.74 2.84 55.17
1984 83.17 73.16 175.66 2.59 16.49
1985 83.01 40.22 38.90 0.08 123.49
1986 83.06 19.62 12.95 0.00 65.85
1987 83.03 57.65 125.35 2.28 95.60
1988 83.08 50.63 99.95 0.95 97.68
1989 83.09 62.66 149.99 0.62 74.30
1990 83.26 45.95 56.35 0.00 129.33
1991 83.34 48.22 60.03 0.00 118.01
1992 83.46 29.49 18.90 0.68 103.03
1993 83.43 24.35 14.41 0.00 82.24
1994 83.40 54.92 103.86 0.94 107.61
1995 83.71 75.88 142.42 2.49 14.06
1996 83.46 37.35 23.99 0.00 107.95
1997 83.52 59.91 115.54 1.14 88.41
1998 83.47 32.59 24.51 0.00 108.03
1999 83.58 43.90 37.48 0.24 119.95
2000 83.80 67.10 193.77 1.16 48.24
2001 83.82 52.86 67.01 0.00 107.93
2002 83.92 34.82 20.78 1.19 111.33
2003 84.09 70.41 196.63 1.43 36.22
2004 83.91 26.96 12.39 0.00 99.90
2005 84.18 18.62 7.24 0.00 56.88
2006 84.06 41.98 22.63 0.00 123.81
2007 84.09 21.33 8.12 0.00 77.19
2008 84.04 39.71 25.51 1.03 128.53
2009 84.22 64.63 138.62 0.97 72.33
2010 84.19 50.72 51.45 0.24 111.86
2011 84.15 56.51 67.15 0.71 112.12
2012 84.21 62.04 87.87 2.27 94.53
2013 84.41 58.82 59.50 0.09 113.61
2014 84.33 46.38 27.21 0.64 115.04
2015 84.44 48.70 34.07 0.00 126.91
2016 84.48 31.50 15.81 0.00 97.60
2017 84.54 73.12 168.88 2.55 23.55
2018 84.53 37.57 16.18 0.00 107.10
2019 84.66 24.58 10.63 0.00 88.59
2020 84.81 29.28 9.08 1.11 87.97
2021 84.76 43.96 17.00 0.08 123.92
2022 84.89 54.62 36.06 0.00 98.75
2023 84.93 67.01 153.46 2.57 58.13
2024 85.20 33.56 7.26 0.00 101.02
2025 84.90 52.49 29.52 0.00 113.48
2026 85.03 26.96 7.28 0.23 84.64
2027 85.08 35.71 9.44 0.00 111.47
2028 85.00 76.55 81.43 0.78 7.24
2029 85.18 22.77 6.91 0.00 75.80
2030 85.13 39.88 11.84 0.68 110.29
2031 85.21 60.86 46.72 1.13 103.01
2032 85.36 69.31 158.99 2.03 50.39
2033 85.21 57.22 45.15 0.67 123.79
2034 85.44 42.13 11.75 0.00 113.96
2035 85.28 75.35 104.21 1.21 12.45
2036 85.30 63.18 67.20 0.33 95.38
2037 85.46 20.82 3.25 0.00 59.49
2038 85.39 45.88 11.84 0.00 104.08
2039 85.48 50.60 18.92 0.00 120.42
2040 85.41 48.10 14.59 0.00 116.64
2041 85.72 71.69 165.03 1.65 33.18
2042 85.73 31.28 3.85 0.94 80.91
2043 85.71 65.14 99.07 0.89 84.33
2044 85.82 37.82 6.49 0.00 93.60
2045 85.91 53.25 25.08 0.00 108.09
2046 85.98 74.35 121.16 1.64 20.38
2047 86.07 25.35 4.64 0.00 62.26
2048 85.93 28.19 3.57 0.00 64.50
2049 86.07 55.89 26.43 0.23 108.06
2050 86.06 58.80 26.95 0.29 107.71
2051 86.22 44.42 5.55 0.08 95.69
2052 86.31 67.30 118.53 2.27 60.36
2053 86.43 22.92 3.36 0.00 56.17
2054 86.27 35.56 3.27 0.00 77.98
2055 86.36 40.17 4.05 0.00 84.13
2056 86.43 49.37 10.14 0.00 98.09
2057 86.47 61.18 25.61 0.26 90.13
2058 86.40 46.95 5.63 0.00 87.50
2059 86.51 63.60 42.03 2.13 88.43
2060 86.69 33.07 1.07 0.00 63.20
2061 86.74 42.50 2.58 0.00 83.96
2062 86.61 69.66 111.82 2.39 42.97
2063 86.76 29.97 1.94 1.11 61.70
2064 86.75 51.81 11.25 0.00 102.09
2065 86.85 54.56 17.25 0.17 94.54
2066 87.17 72.11 107.76 2.10 29.54
2067 87.12 27.16 2.44 0.00 48.22
2068 87.18 38.27 0.72 0.00 65.99
2069 87.18 59.12 18.69 1.58 105.40
2070 87.19 65.78 55.80 0.00 83.15
2071 87.37 56.64 15.35 0.09 99.16
2072 87.45 24.62 0.30 0.00 44.45
2073 87.46 35.87 1.86 0.00 56.43
2074 87.48 45.05 1.80 0.00 64.17
2075 87.59 40.67 0.55 0.00 62.95
2076 87.49 47.13 3.30 0.00 78.09
2077 87.60 49.19 3.12 0.00 74.17
2078 87.64 63.28 18.41 1.60 82.18
2079 87.58 67.94 67.55 2.47 54.28
2080 87.83 31.49 2.18 0.00 43.71
2081 87.81 51.40 4.57 0.42 85.77
2082 87.83 61.02 10.32 0.26 79.82
2083 87.95 33.60 0.97 0.00 44.85
2084 87.87 53.98 8.22 0.45 76.81
2085 87.96 69.97 71.61 1.41 32.69
2086 87.90 29.07 0.43 0.00 35.43
2087 87.92 43.02 2.18 0.00 58.49
2088 88.14 58.51 7.96 0.43 73.55
2089 88.38 65.89 29.57 0.96 74.48
2090 88.38 26.18 0.71 0.00 28.41
2091 88.51 37.48 0.31 0.31 37.39
2092 88.67 39.81 0.00 0.00 37.36
2093 88.66 56.39 4.80 0.16 78.40
2094 88.58 71.74 34.95 1.55 20.20
2095 88.58 47.00 0.42 0.00 46.88
2096 88.84 44.67 0.00 0.00 42.59
2097 88.92 63.35 13.15 1.88 75.15
2098 88.69 73.01 30.17 0.00 18.50
2099 88.91 35.17 0.39 0.00 33.25
2100 88.87 49.36 0.00 0.00 48.08
2101 88.92 42.10 0.00 0.00 35.59
2102 88.83 52.24 2.05 0.00 55.86
2103 88.96 68.05 28.47 0.78 49.37
2104 89.05 60.88 8.80 1.11 65.23
2105 88.97 28.18 0.42 1.19 22.86
2106 89.09 30.59 0.88 0.35 20.45
2107 88.92 54.18 3.70 0.54 64.29
2108 89.16 32.89 0.00 0.47 23.28
2109 89.15 58.81 3.30 0.00 65.49
2110 89.36 70.00 20.96 0.00 34.32
2111 89.71 25.87 0.00 0.00 14.25
2112 89.63 65.64 10.52 0.84 52.79
2113 89.86 36.58 0.00 0.00 20.24
2114 89.83 39.06 0.29 0.00 24.17
2115 89.75 46.43 0.00 0.00 30.49
2116 89.76 50.84 2.58 0.00 41.55
2117 89.46 54.43 0.52 1.19 59.27
2118 90.12 55.32 1.86 1.28 52.02
2119 90.04 41.65 0.00 0.10 21.43
2120 90.08 57.77 0.75 0.00 47.88
2121 90.03 43.97 0.00 0.00 20.52
2122 90.16 48.45 1.51 0.00 29.28
2123 90.05 62.92 6.04 0.41 58.77
2124 90.05 28.75 0.00 0.01 12.61
2125 90.35 53.09 1.08 0.56 37.03
2126 90.17 68.03 11.24 0.41 41.62
2127 90.30 31.82 0.24 0.94 12.74
2128 90.19 60.45 2.59 0.75 47.43
2129 90.22 34.25 0.57 0.00 12.33
2130 90.69 65.55 4.24 2.42 45.22
2131 90.88 40.27 0.58 0.00 17.44
2132 90.84 45.30 0.00 0.00 15.97
2133 90.96 26.70 0.00 0.00 8.00
2134 90.86 35.00 0.00 0.00 11.62
2135 91.05 50.55 0.00 1.59 22.06
2136 90.75 61.12 0.00 1.98 39.68
2137 91.18 37.33 0.00 0.00 11.67
2138 91.15 56.94 0.89 1.37 32.96
2139 91.14 29.59 0.00 0.00 8.57
2140 91.48 42.80 0.00 0.00 11.73
2141 91.34 47.59 0.00 0.03 15.02
2142 91.23 63.18 2.31 0.32 45.67
2143 91.31 59.40 1.29 0.68 32.77
2144 91.48 33.30 0.00 0.00 9.66
2145 91.39 54.35 0.50 0.51 22.09
2146 91.81 52.57 1.14 1.69 15.13
2147 91.82 61.10 0.00 0.57 25.73
2148 91.88 45.24 0.00 0.00 8.29
2149 91.91 39.54 0.00 0.08 8.31
2150 91.82 65.05 0.00 0.23 24.45
2151 91.95 35.64 0.00 0.00 9.23
2152 92.10 30.80 0.00 0.00 4.76
2153 92.16 49.64 0.67 1.87 11.91
2154 92.28 56.68 0.00 1.27 17.98
2155 92.11 28.68 1.54 0.00 1.86
2156 92.61 54.55 1.48 0.22 12.92
2157 92.47 62.72 0.00 0.42 19.98
2158 92.59 47.93 0.00 0.00 9.15
2159 92.62 59.13 0.61 1.38 14.76
2160 92.54 34.66 0.10 1.89 2.56
2161 92.41 50.92 0.00 1.08 11.98
2162 92.85 37.25 0.34 0.52 5.87
2163 92.61 41.22 0.46 0.00 7.24
2164 92.49 42.60 0.71 0.87 0.74
2165 92.79 32.59 0.00 0.25 4.87
2166 92.55 29.95 0.75 0.00 5.18
2167 92.57 52.44 3.23 2.02 5.28
2168 93.10 45.60 0.38 0.45 5.08
2169 93.08 40.02 1.34 2.00 2.76
2170 93.10 51.75 0.83 0.00 7.75
2171 93.27 60.82 0.00 1.94 10.60
2172 93.05 49.05 0.89 1.58 4.79
2173 93.70 35.19 0.24 0.00 2.00
2174 93.59 57.72 0.00 0.00 6.01
2175 93.74 49.97 0.82 0.12 3.93
2176 93.54 54.92 1.31 1.66 4.29
2177 93.90 38.40 0.00 0.00 2.78
2178 93.56 44.75 2.86 1.03 0.00
2179 93.90 47.11 1.85 1.30 0.26
2180 94.38 36.62 0.00 1.69 0.00
2181 94.33 54.57 1.54 1.46 3.88
2182 94.47 41.98 1.15 0.13 0.84
2183 94.33 60.30 0.00 1.78 3.84
2184 94.49 56.23 0.00 2.15 0.17
2185 94.46 57.74 0.15 1.79 0.64
2186 94.36 45.05 0.97 0.00 0.79
2187 94.82 48.68 1.21 0.00 0.38
2188 94.93 53.13 0.26 2.17 0.00
2189 95.48 45.56 0.92 1.07 0.00
2190 95.18 47.17 0.00 0.25 0.00
2191 95.29 36.57 1.85 0.00 0.00
2192 95.44 39.44 1.64 1.41 0.00
2193 95.53 42.67 0.82 0.26 0.00
2194 95.53 34.99 0.00 0.70 0.00
2195 95.32 56.18 0.00 0.00 0.00
2196 95.79 54.06 0.00 1.31 0.00
2197 95.89 40.70 1.08 0.08 0.00
2198 96.05 37.00 0.00 2.14 0.00
2199 96.27 48.58 0.99 0.63 0.00
2200 96.11 43.58 0.00 2.73 0.00
2201 96.76 38.23 1.84 0.61 0.00
2202 96.83 40.44 0.00 0.96 0.00
2203 96.74 42.11 0.00 0.00 0.00
2204 96.93 50.66 0.00 2.30 0.00
2205 97.37 43.45 0.25 0.55 0.00
2206 97.26 49.40 0.00 1.95 0.00
2207 97.25 45.50 0.36 1.58 0.00
2208 97.73 46.32 0.41 1.92 0.00

