0.248
0.49
0.476
0.481
0.446
0.482
0.468
0.451
0.466
0.473
0.469
0.441
0.165
0.475
0.461
0.163
0.148
0.172
0.14
0.152
0.028
0.019
0.021
0.018
0.026
0.016
0.021
0.026
0.022
0.019
0.027
0.021
0.014
0.022
0.029
0.017
0.027
0.017
0.151
0.144
0.165
0.152
0.17
0.152
0.156
0.185
0.166
0.268
0.306
0.296
0.317
0.292
0.312
0.316
0.304
0.301
0.313
0.323
0.366
0.985
0.977
0.981
0.956
0.951
0.947
0.943
0.96
0.962
0.957
0.961
0.958
0.955
0.954
0.95
0.523
0.518
0.061
0.083
0.077
0.075
0.073
0.075
0.074
0.263
0.26
0.233
0.24
0.257
0.262
0.265
0.269
0.259
0.256
0.264
0.225
0.244
0.262
0.272
0.263
0.258
