0.068
0.91
0.877
0.86
0.868
0.878
0.854
0.858
0.879
0.874
0.882
0.859
0.059
0.865
0.877
0.04
0.056
0.042
0.048
0.052
0.0
0.0
0.0
0.0
0.0
0.0
0.0
0.0
0.0
0.0
0.0
0.0
0.0
0.0
0.0
0.0
0.0
0.0
0.035
0.046
0.052
0.053
0.046
0.051
0.047
0.06
0.058
0.074
0.115
0.102
0.084
0.095
0.091
0.099
0.096
0.122
0.101
0.106
0.883
1.0
1.0
1.0
1.0
1.0
1.0
1.0
1.0
1.0
1.0
1.0
1.0
1.0
1.0
1.0
0.901
0.894
0.0
0.0
0.0
0.0
0.0
0.0
0.0
0.079
0.072
0.066
0.072
0.081
0.067
0.068
0.063
0.042
0.081
0.087
0.064
0.073
0.062
0.07
0.07
0.068
