0.229
0.557
0.533
0.53
0.508
0.543
0.51
0.503
0.53
0.528
0.535
0.496
0.156
0.531
0.498
0.141
0.148
0.17
0.126
0.143
0.018
0.017
0.015
0.014
0.018
0.012
0.013
0.022
0.015
0.014
0.017
0.012
0.008
0.014
0.02
0.013
0.018
0.01
0.128
0.128
0.159
0.143
0.152
0.14
0.139
0.177
0.154
0.246
0.297
0.293
0.301
0.265
0.292
0.323
0.286
0.312
0.295
0.33
0.446
0.989
0.987
0.99
0.964
0.95
0.963
0.949
0.965
0.952
0.948
0.955
0.959
0.954
0.952
0.959
0.57
0.574
0.052
0.06
0.055
0.056
0.059
0.055
0.055
0.234
0.232
0.226
0.214
0.242
0.246
0.243
0.233
0.24
0.252
0.236
0.204
0.215
0.238
0.251
0.223
0.248
