0.163
0.724
0.669
0.665
0.659
0.675
0.663
0.661
0.675
0.668
0.682
0.643
0.116
0.647
0.661
0.098
0.109
0.121
0.109
0.116
0.004
0.003
0.007
0.004
0.007
0.006
0.003
0.01
0.006
0.005
0.007
0.007
0.002
0.005
0.006
0.003
0.006
0.004
0.083
0.099
0.108
0.109
0.113
0.103
0.098
0.13
0.111
0.192
0.237
0.23
0.237
0.214
0.224
0.246
0.238
0.263
0.233
0.269
0.639
0.997
0.999
0.998
0.984
0.974
0.972
0.98
0.976
0.983
0.972
0.977
0.979
0.973
0.976
0.964
0.724
0.718
0.028
0.022
0.028
0.021
0.023
0.022
0.016
0.163
0.158
0.173
0.154
0.169
0.167
0.182
0.172
0.178
0.184
0.173
0.132
0.171
0.178
0.179
0.174
0.177
