0.107
0.819
0.764
0.749
0.75
0.774
0.746
0.738
0.773
0.753
0.775
0.743
0.092
0.737
0.774
0.076
0.094
0.094
0.093
0.095
0.002
0.0
0.0
0.0
0.001
0.001
0.001
0.001
0.002
0.002
0.002
0.001
0.0
0.003
0.002
0.003
0.003
0.001
0.064
0.073
0.084
0.082
0.083
0.085
0.071
0.095
0.102
0.153
0.186
0.183
0.156
0.151
0.168
0.175
0.167
0.192
0.177
0.18
0.759
1.0
1.0
1.0
0.991
0.994
0.99
0.99
0.992
0.993
0.989
0.986
0.988
0.986
0.992
0.99
0.812
0.8
0.013
0.008
0.01
0.006
0.008
0.006
0.006
0.12
0.11
0.127
0.129
0.13
0.118
0.124
0.127
0.108
0.141
0.13
0.101
0.132
0.128
0.134
0.124
0.133
