0.279
0.439
0.43
0.44
0.402
0.433
0.439
0.399
0.426
0.426
0.427
0.4
0.167
0.429
0.414
0.179
0.159
0.181
0.139
0.17
0.032
0.028
0.032
0.025
0.035
0.026
0.032
0.032
0.038
0.033
0.035
0.031
0.02
0.027
0.035
0.028
0.025
0.026
0.165
0.15
0.182
0.172
0.178
0.156
0.166
0.188
0.176
0.292
0.322
0.309
0.334
0.31
0.31
0.317
0.312
0.315
0.304
0.33
0.305
0.975
0.973
0.981
0.957
0.946
0.954
0.945
0.957
0.95
0.952
0.95
0.955
0.949
0.947
0.956
0.471
0.483
0.073
0.103
0.088
0.104
0.093
0.086
0.096
0.286
0.265
0.256
0.253
0.267
0.276
0.281
0.281
0.271
0.275
0.278
0.24
0.256
0.262
0.28
0.284
0.257
