AP,gt,kni,kr,hb,time
4,0,1,0,0.6666666666666666,1
5,0,1,0,1,1
6,0,1,0,1,1
7,0,1,0,1,1
8,0,0.75,0,1,1
9,0,0.7,0,1,1
10,0,0.6111111111111112,0,1,1
11,0,0.6470588235294118,0,1,1
12,0,0.6666666666666666,0,1,1
13,0,0.625,0,1,1
14,0,0.7,0,1,1
15,0,0.65,0,1,1
16,0,0.55,0,1,1
17,0,0.631578947368421,0,1,1
18,0,0.4782608695652174,0,1,1
19,0.1111111111111111,0.5185185185185185,0,1,1
20,0.5,0.3333333333333333,0,1,1
21,0.85,0.35,0,0.9411764705882353,1
22,0.8076923076923077,0.3076923076923077,0,1,1
23,0.8181818181818182,0.22727272727272727,0,0.9473684210526315,1
24,0.9,0.1,0,1,1
25,0.8260869565217391,0.13043478260869565,0,1,1
26,0.8846153846153846,0.11538461538461539,0,0.9444444444444444,1
27,0.9285714285714286,0.03571428571428571,0,0.9545454545454546,1
28,0.896551724137931,0,0,1,1
29,0.8846153846153846,0,0,1,1
30,0.9285714285714286,0,0,0.9090909090909091,1
31,0.8888888888888888,0,0,0.9230769230769231,1
32,0.8846153846153846,0,0,0.9615384615384616,1
33,0.9230769230769231,0,0,0.9473684210526315,1
34,0.8571428571428571,0,0,0.875,1
35,0.8148148148148148,0,0,0.9310344827586207,1
36,0.8,0,0,1,1
37,0.7037037037037037,0,0,0.9,1
38,0.65625,0,0,0.88,1
39,0.5517241379310345,0,0,0.9230769230769231,1
40,0.5555555555555556,0,0,0.95,1
41,0.4,0,0,0.84,1
42,0.13793103448275862,0,0,0.9230769230769231,1
43,0,0,0,0.9130434782608695,1
44,0,0,0,0.8518518518518519,1
45,0,0,0.44,0.84,1
46,0,0,0.56,0.76,1
47,0,0,0.6153846153846154,0.6153846153846154,1
48,0,0,0.78125,0.1875,1
49,0,0,0.8846153846153846,0.038461538461538464,1
50,0,0,0.8571428571428571,0,1
51,0,0,1,0,1
52,0,0,1,0,1
53,0,0,1,0,1
54,0,0,0.9655172413793104,0,1
55,0,0,0.967741935483871,0,1
56,0,0.2,1,0,1
57,0,0.46153846153846156,0.9655172413793104,0,1
58,0,0.5405405405405406,1,0,1
59,0,0.7142857142857143,0.9615384615384616,0,1
60,0,0.7368421052631579,1,0,1
61,0,0.75,0.9032258064516129,0,1
62,0,0.8918918918918919,0.8888888888888888,0,1
63,0,0.9487179487179487,0.7857142857142857,0,1
64,0,0.926829268292683,0.7692307692307693,0,1
65,0,1,0.15384615384615385,0,1
66,0,1,0,0,1
67,0,1,0,0,1
68,0,1,0,0,1
69,0,1,0,0,1
70,0,1,0,0,1
71,0,1,0,0,1
72,0,1,0,0,1
73,0.09090909090909091,1,0,0,1
74,0.21875,0.96875,0,0,1
75,0.3142857142857143,0.6857142857142857,0,0,1
76,0.4444444444444444,0.7037037037037037,0,0,1
77,0.7333333333333333,0.43333333333333335,0,0,1
78,0.7,0.26666666666666666,0,0,1
79,0.8846153846153846,0.15384615384615385,0,0,1
80,0.7692307692307693,0,0,0,1
81,0.8518518518518519,0,0,0,1
82,0.8695652173913043,0,0,0,1
83,0.7407407407407407,0,0,0,1
84,0.75,0,0,0,1
85,0.36363636363636365,0,0,0,1
86,0.125,0,0,0,1
87,0.1,0,0,0,1
88,0,0,0,0,1
89,0,0,0,0,1
90,0,0,0,0,1
91,0,0,0,0,1
92,0,0,0,0,1
93,0,0,0,0,1
94,0,0,0,0,1
95,0,0,0,0,1
96,0,0,0,0,1
97,0,0,0,0,1
98,0,0,0,0,1
4,0,1,0,1,2
5,0,1,0,1,2
6,0,1,0,1,2
7,0,0.9166666666666666,0,1,2
8,0,1,0,1,2
9,0,1,0,1,2
10,0,0.8888888888888888,0,1,2
11,0,0.7777777777777778,0,1,2
12,0,0.8,0,1,2
13,0,0.7333333333333333,0,1,2
14,0,0.8333333333333334,0,1,2
15,0,0.68,0,1,2
16,0.047619047619047616,0.8095238095238095,0,1,2
17,0.05263157894736842,0.6842105263157895,0,1,2
18,0.7142857142857143,0.7619047619047619,0,1,2
19,0.7619047619047619,0.6190476190476191,0,1,2
20,0.9523809523809523,0.6666666666666666,0.043478260869565216,1,2
21,0.9583333333333334,0.5833333333333334,0.15789473684210525,1,2
22,0.9565217391304348,0.43478260869565216,0.24,1,2
23,0.9545454545454546,0.4090909090909091,0.17391304347826086,1,2
24,1,0.3333333333333333,0.14285714285714285,1,2
25,1,0.22727272727272727,0.22727272727272727,1,2
26,1,0.23076923076923078,0.3333333333333333,1,2
27,1,0.03571428571428571,0.48,1,2
28,1,0,0.3076923076923077,1,2
29,1,0,0.37037037037037035,1,2
30,0.96875,0,0.36,1,2
31,1,0,0.4583333333333333,1,2
32,1,0,0.5925925925925926,1,2
33,0.9629629629629629,0,0.48,1,2
34,0.9354838709677419,0,0.43478260869565216,1,2
35,0.875,0,0.5833333333333334,1,2
36,0.7931034482758621,0,0.5862068965517241,1,2
37,0.75,0,0.7407407407407407,1,2
38,0.5428571428571428,0,0.7407407407407407,1,2
39,0.4117647058823529,0,0.8076923076923077,1,2
40,0.1111111111111111,0,0.6666666666666666,1,2
41,0,0,0.8,1,2
42,0,0,0.8620689655172413,0.9655172413793104,2
43,0,0,0.9655172413793104,0.9655172413793104,2
44,0,0,0.96,1,2
45,0,0,1,0.8928571428571429,2
46,0,0,1,0.7391304347826086,2
47,0,0,1,0.3333333333333333,2
48,0,0,1,0.25925925925925924,2
49,0,0,1,0,2
50,0,0.024390243902439025,1,0,2
51,0,0.044444444444444446,1,0,2
52,0,0.05128205128205128,1,0,2
53,0,0.25,1,0,2
54,0,0.4888888888888889,1,0,2
55,0,0.627906976744186,1,0,2
56,0,0.8333333333333334,1,0,2
57,0,0.7435897435897436,1,0,2
58,0,0.85,1,0,2
59,0,0.9047619047619048,1,0,2
60,0,1,1,0,2
61,0,0.9761904761904762,1,0,2
62,0,1,1,0,2
63,0,1,1,0,2
64,0,1,1,0,2
65,0,1,0.8666666666666667,0,2
66,0,0.9743589743589743,0.6896551724137931,0,2
67,0,0.9736842105263158,0.5757575757575758,0,2
68,0,0.975,0.5483870967741935,0,2
69,0.05128205128205128,0.9743589743589743,0.4666666666666667,0,2
70,0.42857142857142855,1,0.12121212121212122,0,2
71,0.6060606060606061,1,0,0,2
72,0.6764705882352942,0.9705882352941176,0,0,2
73,0.7352941176470589,0.8529411764705882,0,0,2
74,0.8,0.8,0,0,2
75,0.8787878787878788,0.7575757575757576,0,0,2
76,0.8709677419354839,0.6129032258064516,0,0,2
77,0.9,0.5333333333333333,0,0,2
78,0.9666666666666667,0.26666666666666666,0,0,2
79,0.8888888888888888,0.037037037037037035,0,0,2
80,0.92,0,0,0,2
81,0.9259259259259259,0,0,0,2
82,0.9166666666666666,0,0,0,2
83,0.9583333333333334,0,0,0,2
84,0.88,0,0,0,2
85,0.84,0,0,0,2
86,0.8571428571428571,0,0,0,2
87,0.76,0,0,0,2
88,0.20833333333333334,0,0,0,2
89,0,0,0,0,2
90,0,0,0,0,2
91,0,0,0,0,2
92,0,0,0,0,2
93,0,0,0,0,2
94,0,0,0,0,2
95,0,0,0,0,2
96,0,0,0,0,2
97,0,0,0,0,2
98,0,0,0,0,2
4,0,0.8333333333333334,0,1,3
5,0,0.5,0,1,3
6,0,0.6666666666666666,0,1,3
7,0,0.5555555555555556,0,1,3
8,0,0.4444444444444444,0,1,3
9,0,0.35714285714285715,0,1,3
10,0,0.5,0,1,3
11,0,0.13333333333333333,0,1,3
12,0,0.15789473684210525,0,1,3
13,0,0.13636363636363635,0,1,3
14,0,0.2631578947368421,0,1,3
15,0,0.2,0,1,3
16,0,0.23529411764705882,0,1,3
17,0.3,0.2,0,1,3
18,0.47368421052631576,0.05263157894736842,0,0.9230769230769231,3
19,0.8571428571428571,0.07142857142857142,0,0.9411764705882353,3
20,0.9473684210526315,0,0,0.9230769230769231,3
21,0.9411764705882353,0,0,0.95,3
22,0.9583333333333334,0,0,1,3
23,1,0,0,0.9473684210526315,3
24,1,0,0,0.9375,3
25,1,0,0,0.9473684210526315,3
26,1,0,0,0.9166666666666666,3
27,1,0,0,0.8947368421052632,3
28,1,0,0,0.8888888888888888,3
29,1,0,0,0.9545454545454546,3
30,1,0,0,0.96,3
31,1,0,0,0.92,3
32,1,0,0,0.8695652173913043,3
33,1,0,0,0.9523809523809523,3
34,0.9615384615384616,0,0,0.9047619047619048,3
35,0.9655172413793104,0,0,0.9130434782608695,3
36,0.9629629629629629,0,0,0.8695652173913043,3
37,0.9032258064516129,0,0,0.8888888888888888,3
38,0.8333333333333334,0,0,0.9583333333333334,3
39,0.8275862068965517,0,0,0.8181818181818182,3
40,0.6785714285714286,0,0,0.7916666666666666,3
41,0.5185185185185185,0,0.037037037037037035,0.8518518518518519,3
42,0.37142857142857144,0,0.16666666666666666,0.875,3
43,0.08823529411764706,0,0.38095238095238093,0.6666666666666666,3
44,0,0,0.7586206896551724,0.6896551724137931,3
45,0,0,0.8888888888888888,0.6296296296296297,3
46,0,0,0.896551724137931,0.20689655172413793,3
47,0,0,0.9642857142857143,0,3
48,0,0,0.9333333333333333,0,3
49,0,0,0.9655172413793104,0,3
50,0,0,0.9166666666666666,0,3
51,0,0,0.9655172413793104,0,3
52,0,0,0.9629629629629629,0,3
53,0,0,0.9285714285714286,0,3
54,0,0,0.9310344827586207,0,3
55,0,0,0.9666666666666667,0,3
56,0,0.2702702702702703,0.9615384615384616,0,3
57,0,0.5777777777777777,0.9310344827586207,0,3
58,0,0.6904761904761905,0.96,0,3
59,0,0.8536585365853658,0.9629629629629629,0,3
60,0,0.8421052631578947,0.8888888888888888,0,3
61,0,0.918918918918919,0.96,0,3
62,0,0.8536585365853658,0.68,0,3
63,0,0.9302325581395349,0.25,0,3
64,0,0.9459459459459459,0,0,3
65,0,0.972972972972973,0,0,3
66,0,0.9090909090909091,0,0,3
67,0.04878048780487805,0.9024390243902439,0,0,3
68,0.3076923076923077,0.9230769230769231,0,0,3
69,0.47058823529411764,0.9117647058823529,0,0,3
70,0.5,0.9,0,0,3
71,0.625,0.8,0,0,3
72,0.6923076923076923,0.7692307692307693,0,0,3
73,0.8787878787878788,0.7878787878787878,0,0,3
74,0.85,0.575,0,0,3
75,0.9142857142857143,0.34285714285714286,0,0,3
76,0.9615384615384616,0.15384615384615385,0,0,3
77,0.9411764705882353,0,0,0,3
78,0.9032258064516129,0,0,0,3
79,0.9666666666666667,0,0,0,3
80,0.9354838709677419,0,0,0,3
81,0.896551724137931,0,0,0,3
82,0.896551724137931,0,0,0,3
83,0.88,0,0,0,3
84,0.88,0,0,0,3
85,0.7307692307692307,0,0,0,3
86,0.35714285714285715,0,0,0,3
87,0.09090909090909091,0,0,0,3
88,0,0,0,0,3
89,0,0,0,0,3
90,0,0,0,0,3
91,0,0,0,0,3
92,0,0,0,0,3
93,0,0,0,0,3
94,0,0,0,0,3
95,0,0,0,0,3
96,0,0,0,0,3
97,0,0,0,0,3
98,0,0,0,0,3
4,0,1,0,1,4
5,0,1,0,1,4
6,0,1,0,1,4
7,0,0.8888888888888888,0,1,4
8,0,1,0,0.875,4
9,0,0.9,0,1,4
10,0,0.6363636363636364,0,1,4
11,0,0.6428571428571429,0,1,4
12,0,0.4444444444444444,0,1,4
13,0,0.6153846153846154,0,1,4
14,0,0.47058823529411764,0,1,4
15,0,0.45454545454545453,0,1,4
16,0,0.4666666666666667,0,1,4
17,0.07142857142857142,0.5,0,1,4
18,0.47368421052631576,0.47368421052631576,0,1,4
19,0.8333333333333334,0.4583333333333333,0,1,4
20,0.9,0.4,0,1,4
21,1,0.42105263157894735,0,1,4
22,0.9444444444444444,0.3888888888888889,0,1,4
23,0.9090909090909091,0.2727272727272727,0,1,4
24,0.92,0.2,0,1,4
25,0.95,0.15,0,1,4
26,1,0.08333333333333333,0,1,4
27,0.9642857142857143,0,0,0.9473684210526315,4
28,1,0,0,1,4
29,1,0,0,0.96,4
30,1,0,0,1,4
31,1,0,0,1,4
32,1,0,0,0.9642857142857143,4
33,1,0,0.041666666666666664,0.9583333333333334,4
34,1,0,0.11538461538461539,1,4
35,1,0,0.16,0.96,4
36,0.9722222222222222,0,0.35714285714285715,1,4
37,0.9375,0,0.46153846153846156,0.9615384615384616,4
38,0.896551724137931,0,0.5416666666666666,0.9583333333333334,4
39,0.875,0,0.5172413793103449,1,4
40,0.8666666666666667,0,0.6666666666666666,0.9629629629629629,4
41,0.7666666666666667,0,0.6538461538461539,1,4
42,0.7,0,0.7037037037037037,0.9629629629629629,4
43,0.4666666666666667,0,0.7741935483870968,0.967741935483871,4
44,0.17142857142857143,0,0.8695652173913043,0.9130434782608695,4
45,0,0,0.9375,0.84375,4
46,0,0,1,0.8571428571428571,4
47,0,0,1,0.8214285714285714,4
48,0,0,1,0.6333333333333333,4
49,0,0,1,0.5757575757575758,4
50,0,0,1,0.34285714285714286,4
51,0,0,1,0,4
52,0,0,1,0,4
53,0,0,1,0,4
54,0,0,1,0,4
55,0,0.023809523809523808,1,0,4
56,0,0.4,1,0,4
57,0,0.65,1,0,4
58,0,0.8333333333333334,1,0,4
59,0,0.8461538461538461,1,0,4
60,0,0.918918918918919,1,0,4
61,0,0.8809523809523809,1,0,4
62,0,1,1,0,4
63,0,0.9459459459459459,1,0,4
64,0,0.9512195121951219,0.9333333333333333,0,4
65,0,0.9736842105263158,0.7647058823529411,0,4
66,0,0.9459459459459459,0.5161290322580645,0,4
67,0.125,0.95,0.23333333333333334,0,4
68,0.4722222222222222,1,0,0,4
69,0.6052631578947368,1,0,0,4
70,0.7878787878787878,1,0,0,4
71,0.8235294117647058,0.9705882352941176,0,0,4
72,0.9032258064516129,0.8387096774193549,0,0,4
73,0.9117647058823529,0.7647058823529411,0,0,4
74,1,0.6451612903225806,0,0,4
75,0.9705882352941176,0.5588235294117647,0,0,4
76,1,0.3125,0,0,4
77,1,0.23333333333333334,0,0,4
78,1,0.125,0,0,4
79,1,0,0,0,4
80,0.9310344827586207,0,0,0,4
81,0.7692307692307693,0,0,0,4
82,0.6071428571428571,0,0,0,4
83,0.391304347826087,0,0,0,4
84,0.44,0,0,0,4
85,0.4166666666666667,0,0,0,4
86,0.20833333333333334,0,0,0,4
87,0.1111111111111111,0,0,0,4
88,0,0,0,0,4
89,0,0,0,0,4
90,0,0,0,0,4
91,0,0,0,0,4
92,0,0,0,0,4
93,0,0,0,0,4
94,0,0,0,0,4
95,0,0,0,0,4
96,0,0,0,0,4
97,0,0,0,0,4
98,0,0,0,0,4
4,0,1,0,0,5
5,0,1,0,0,5
6,0,1,0,0,5
7,0,1,0,0,5
8,0,0.7777777777777778,0,0.75,5
9,0,0.7857142857142857,0,0.7142857142857143,5
10,0,0.6363636363636364,0,0.6666666666666666,5
11,0,0.7,0,0.7,5
12,0,0.625,0,0.8,5
13,0,0.35714285714285715,0,0.9230769230769231,5
14,0,0.3333333333333333,0,0.9,5
15,0,0.4,0,0.9090909090909091,5
16,0,0.2727272727272727,0,0.9285714285714286,5
17,0,0.3125,0,1,5
18,0.2,0.3,0,1,5
19,0.4375,0.25,0,0.9333333333333333,5
20,0.625,0.3125,0,1,5
21,0.8,0.2,0,0.95,5
22,0.75,0.25,0,1,5
23,0.7,0.25,0,1,5
24,0.875,0.16666666666666666,0,0.9473684210526315,5
25,0.9130434782608695,0.13043478260869565,0,1,5
26,1,0.043478260869565216,0,1,5
27,1,0,0,0.9565217391304348,5
28,1,0,0,1,5
29,1,0,0,0.9565217391304348,5
30,1,0.030303030303030304,0,0.9523809523809523,5
31,1,0,0,0.9583333333333334,5
32,1,0,0,0.9130434782608695,5
33,1,0,0,0.9583333333333334,5
34,1,0,0,0.88,5
35,0.9696969696969697,0,0,0.9583333333333334,5
36,0.9666666666666667,0,0,0.9565217391304348,5
37,0.88,0,0,0.9545454545454546,5
38,0.8666666666666667,0,0,0.92,5
39,0.84375,0,0,0.9642857142857143,5
40,0.7241379310344828,0,0,0.9615384615384616,5
41,0.46875,0,0.37037037037037035,0.9629629629629629,5
42,0.2647058823529412,0,0.5384615384615384,1,5
43,0,0,0.7142857142857143,0.9285714285714286,5
44,0,0,0.9259259259259259,0.9259259259259259,5
45,0,0,1,0.90625,5
46,0,0,1,0.7333333333333333,5
47,0,0,1,0.5161290322580645,5
48,0,0,1,0.27586206896551724,5
49,0,0,1,0,5
50,0,0,1,0,5
51,0,0,1,0,5
52,0,0,1,0,5
53,0,0,1,0,5
54,0,0,1,0,5
55,0,0.14285714285714285,1,0,5
56,0,0.6111111111111112,1,0,5
57,0,0.8125,1,0,5
58,0,0.8918918918918919,1,0,5
59,0,0.9743589743589743,1,0,5
60,0,0.9230769230769231,0.9,0,5
61,0,0.972972972972973,0.84375,0,5
62,0,1,0.7666666666666667,0,5
63,0,1,0.6428571428571429,0,5
64,0,1,0.5862068965517241,0,5
65,0.23529411764705882,1,0.32142857142857145,0,5
66,0.45714285714285713,1,0.1,0,5
67,0.5588235294117647,1,0,0,5
68,0.696969696969697,1,0,0,5
69,0.6842105263157895,1,0,0,5
70,0.90625,0.96875,0,0,5
71,0.9393939393939394,0.6363636363636364,0,0,5
72,0.9393939393939394,0.36363636363636365,0,0,5
73,1,0.26666666666666666,0,0,5
74,0.9642857142857143,0.14285714285714285,0,0,5
75,0.9655172413793104,0,0,0,5
76,1,0,0,0,5
77,0.896551724137931,0,0,0,5
78,0.5333333333333333,0,0,0,5
79,0.42857142857142855,0,0,0,5
80,0.32,0,0,0.3,5
81,0.20833333333333334,0,0,0.47619047619047616,5
82,0.15384615384615385,0,0,0.56,5
83,0.09523809523809523,0,0,0.7142857142857143,5
84,0.05,0,0,0.68,5
85,0,0,0,0.7368421052631579,5
86,0,0,0,0.7647058823529411,5
87,0,0,0,0.625,5
88,0,0,0,0.4117647058823529,5
89,0,0,0,0.3333333333333333,5
90,0,0,0,0.23529411764705882,5
91,0,0,0,0.0625,5
92,0,0,0,0,5
93,0,0,0,0,5
94,0,0,0,0,5
95,0,0,0,0,5
96,0,0,0,0,5
97,0,0,0,0,5
98,0,0,0,0,5
4,0,1,0,0,6
5,0,1,0,0.2,6
6,0,1,0,0.6,6
7,0,0.9,0,1,6
8,0,0.6363636363636364,0,0.8333333333333334,6
9,0,0.8461538461538461,0,1,6
10,0,0.6923076923076923,0,1,6
11,0,0.5555555555555556,0,1,6
12,0,0.5333333333333333,0,1,6
13,0,0.4444444444444444,0,1,6
14,0,0.4117647058823529,0,0.9090909090909091,6
15,0,0.4666666666666667,0,1,6
16,0.09090909090909091,0.5,0,0.9285714285714286,6
17,0.11764705882352941,0.47058823529411764,0,1,6
18,0.5789473684210527,0.47368421052631576,0,0.9230769230769231,6
19,0.4375,0.5625,0,1,6
20,0.5238095238095238,0.5238095238095238,0,1,6
21,0.5769230769230769,0.46153846153846156,0,1,6
22,0.6190476190476191,0.42857142857142855,0,1,6
23,0.6086956521739131,0.4782608695652174,0,0.9444444444444444,6
24,0.8461538461538461,0.46153846153846156,0,1,6
25,0.88,0.44,0,0.9565217391304348,6
26,1,0.4074074074074074,0,0.9473684210526315,6
27,1,0.35714285714285715,0,0.9130434782608695,6
28,1,0.28,0,0.92,6
29,1,0.27586206896551724,0,0.9629629629629629,6
30,1,0.3333333333333333,0,0.92,6
31,1,0.034482758620689655,0,0.9166666666666666,6
32,0.9375,0,0,0.96,6
33,0.9,0,0,0.9285714285714286,6
34,0.9375,0,0,0.9666666666666667,6
35,0.8620689655172413,0,0,0.9642857142857143,6
36,0.8214285714285714,0,0,0.96,6
37,0.7142857142857143,0,0,0.9310344827586207,6
38,0.75,0,0,0.9333333333333333,6
39,0.7241379310344828,0,0.25,0.9642857142857143,6
40,0.40625,0,0.6896551724137931,0.896551724137931,6
41,0.15151515151515152,0,0.9666666666666667,0.9,6
42,0,0,1,0.8620689655172413,6
43,0,0,1,0.8275862068965517,6
44,0,0,1,0.7666666666666667,6
45,0,0,1,0.7272727272727273,6
46,0,0,1,0.6896551724137931,6
47,0,0,1,0.22857142857142856,6
48,0,0,1,0,6
49,0,0,1,0,6
50,0,0,1,0,6
51,0,0,1,0,6
52,0,0,1,0,6
53,0,0,1,0,6
54,0,0.20512820512820512,1,0,6
55,0,0.4878048780487805,0.9714285714285714,0,6
56,0,0.6486486486486487,1,0,6
57,0,0.8181818181818182,0.96875,0,6
58,0,0.9090909090909091,1,0,6
59,0,0.9743589743589743,1,0,6
60,0,1,1,0,6
61,0,1,0.9411764705882353,0,6
62,0,1,0.8285714285714286,0,6
63,0,1,0.53125,0,6
64,0,1,0.0625,0,6
65,0,1,0,0,6
66,0,1,0,0,6
67,0.2777777777777778,1,0,0,6
68,0.5588235294117647,1,0,0,6
69,0.65625,1,0,0,6
70,0.7352941176470589,1,0,0,6
71,0.8181818181818182,0.8787878787878788,0,0,6
72,0.9090909090909091,0.7575757575757576,0,0,6
73,0.8666666666666667,0.6666666666666666,0,0,6
74,0.90625,0.6875,0,0,6
75,1,0.5454545454545454,0,0,6
76,0.9714285714285714,0.34285714285714286,0,0,6
77,0.9142857142857143,0.42857142857142855,0,0,6
78,0.7096774193548387,0.22580645161290322,0,0,6
79,0.7333333333333333,0.13333333333333333,0,0.11538461538461539,6
80,0.6333333333333333,0,0,0.34615384615384615,6
81,0.5666666666666667,0,0,0.36,6
82,0.5,0,0,0.5,6
83,0.37037037037037035,0,0,0.6956521739130435,6
84,0.16666666666666666,0,0,0.6666666666666666,6
85,0.2962962962962963,0,0,0.6842105263157895,6
86,0.14285714285714285,0,0,0.7083333333333334,6
87,0,0,0,0.7222222222222222,6
88,0,0,0,0.35294117647058826,6
89,0,0,0,0,6
90,0,0,0,0,6
91,0,0,0,0,6
92,0,0,0,0,6
93,0,0,0,0,6
94,0,0,0,0,6
95,0,0,0,0,6
96,0,0,0,0,6
97,0,0,0,0,6
98,0,0,0,0,6
4,0,1,0,0,7
5,0,1,0,0,7
6,0,1,0,0,7
7,0,0.7777777777777778,0,0,7
8,0,0.8181818181818182,0,0.75,7
9,0,0.6666666666666666,0,0.8571428571428571,7
10,0,0.5384615384615384,0,1,7
11,0,0.6153846153846154,0,1,7
12,0,0.46153846153846156,0,0.8888888888888888,7
13,0,0.6666666666666666,0,1,7
14,0,0.47058823529411764,0,0.9230769230769231,7
15,0,0.47058823529411764,0,1,7
16,0,0.47368421052631576,0,1,7
17,0,0.5,0,0.9230769230769231,7
18,0.2857142857142857,0.6428571428571429,0,1,7
19,0.4444444444444444,0.5,0,0.9333333333333333,7
20,0.6,0.45,0,0.9375,7
21,0.5652173913043478,0.4782608695652174,0,0.9375,7
22,0.5789473684210527,0.47368421052631576,0,0.9285714285714286,7
23,0.6956521739130435,0.43478260869565216,0,1,7
24,0.8421052631578947,0.42105263157894735,0,0.9444444444444444,7
25,0.9615384615384616,0.5384615384615384,0,0.9545454545454546,7
26,1,0.5238095238095238,0,0.9444444444444444,7
27,0.9642857142857143,0.39285714285714285,0,0.95,7
28,1,0.28,0,0.9583333333333334,7
29,1,0.19230769230769232,0,0.96,7
30,1,0.037037037037037035,0,0.9523809523809523,7
31,1,0,0,0.9166666666666666,7
32,0.9642857142857143,0,0,0.9130434782608695,7
33,0.9615384615384616,0,0,0.9047619047619048,7
34,0.8214285714285714,0,0,0.9230769230769231,7
35,0.8620689655172413,0,0,0.9545454545454546,7
36,0.7586206896551724,0,0,0.9583333333333334,7
37,0.7272727272727273,0,0,0.8846153846153846,7
38,0.5517241379310345,0,0.041666666666666664,0.9166666666666666,7
39,0.5517241379310345,0,0.2916666666666667,0.9583333333333334,7
40,0.2,0,0.6296296296296297,0.8888888888888888,7
41,0,0,0.7241379310344828,0.896551724137931,7
42,0,0,0.7307692307692307,0.9230769230769231,7
43,0,0,0.92,0.84,7
44,0,0,0.967741935483871,0.8064516129032258,7
45,0,0,1,0.6923076923076923,7
46,0,0,1,0.6176470588235294,7
47,0,0,1,0.48148148148148145,7
48,0,0,1,0.06666666666666667,7
49,0,0,1,0,7
50,0,0,1,0,7
51,0,0,0.9714285714285714,0,7
52,0,0,1,0,7
53,0,0.1282051282051282,0.9333333333333333,0,7
54,0,0.30303030303030304,1,0,7
55,0,0.5,0.9375,0,7
56,0,0.6111111111111112,0.9411764705882353,0,7
57,0,0.8285714285714286,1,0,7
58,0,0.8857142857142857,0.9444444444444444,0,7
59,0,0.9111111111111111,0.9375,0,7
60,0,0.9736842105263158,0.8571428571428571,0,7
61,0,1,0.78125,0,7
62,0,1,0.4827586206896552,0,7
63,0,1,0.1935483870967742,0,7
64,0,1,0.03333333333333333,0,7
65,0.09523809523809523,1,0,0,7
66,0.2702702702702703,1,0,0,7
67,0.4634146341463415,1,0,0,7
68,0.6216216216216216,1,0,0,7
69,0.6857142857142857,0.9428571428571428,0,0,7
70,0.84375,0.65625,0,0,7
71,0.8787878787878788,0.48484848484848486,0,0,7
72,0.96875,0.4375,0,0,7
73,1,0.34375,0,0,7
74,0.96875,0.28125,0,0,7
75,1,0.18518518518518517,0,0,7
76,0.9310344827586207,0.06896551724137931,0,0,7
77,0.75,0,0,0,7
78,0.5357142857142857,0,0,0,7
79,0.37037037037037035,0,0,0.043478260869565216,7
80,0.32142857142857145,0,0,0.18181818181818182,7
81,0.16,0,0,0.32,7
82,0.2,0,0,0.6,7
83,0.034482758620689655,0,0,0.5882352941176471,7
84,0,0,0,0.7,7
85,0,0,0,0.65,7
86,0,0,0,0.6842105263157895,7
87,0,0,0,0.5555555555555556,7
88,0,0,0,0.5238095238095238,7
89,0,0,0,0.14285714285714285,7
90,0,0,0,0,7
91,0,0,0,0,7
92,0,0,0,0,7
93,0,0,0,0,7
94,0,0,0,0,7
95,0,0,0,0,7
96,0,0,0,0,7
97,0,0,0,0,7
98,0,0,0,0,7
4,0,1,0,0,8
5,0,1,0,0.16666666666666666,8
6,0,1,0,0.7777777777777778,8
7,0,1,0,0.8333333333333334,8
8,0,1,0,0.8333333333333334,8
9,0,1,0,0.9,8
10,0,1,0,0.9166666666666666,8
11,0,0.8125,0.2,0.9,8
12,0,0.7058823529411765,0.3,1,8
13,0,0.7777777777777778,0.6363636363636364,1,8
14,0,0.5714285714285714,0.45454545454545453,1,8
15,0,0.6111111111111112,0.07692307692307693,1,8
16,0,0.5238095238095238,0,0.9285714285714286,8
17,0,0.391304347826087,0,1,8
18,0,0.5263157894736842,0,1,8
19,0.043478260869565216,0.391304347826087,0,0.9333333333333333,8
20,0.15789473684210525,0.631578947368421,0,1,8
21,0.4,0.35,0,1,8
22,0.5454545454545454,0.5454545454545454,0,1,8
23,0.5789473684210527,0.5263157894736842,0,0.9444444444444444,8
24,0.64,0.4,0,0.9473684210526315,8
25,0.6521739130434783,0.43478260869565216,0,1,8
26,0.5833333333333334,0.5416666666666666,0,0.92,8
27,0.72,0.52,0,0.9166666666666666,8
28,0.9642857142857143,0.5357142857142857,0,0.9523809523809523,8
29,0.9565217391304348,0.4782608695652174,0,0.9615384615384616,8
30,1,0.39285714285714285,0,1,8
31,1,0.32142857142857145,0,0.9565217391304348,8
32,0.9655172413793104,0.4482758620689655,0,0.9230769230769231,8
33,1,0.4074074074074074,0,0.9629629629629629,8
34,0.9666666666666667,0.16666666666666666,0,0.92,8
35,0.96,0,0,0.896551724137931,8
36,0.8214285714285714,0,0,1,8
37,0.8076923076923077,0,0,0.9310344827586207,8
38,0.7692307692307693,0,0.03125,0.90625,8
39,0.6363636363636364,0,0.25925925925925924,0.8888888888888888,8
40,0.6666666666666666,0,0.5161290322580645,0.9032258064516129,8
41,0.53125,0,0.6785714285714286,0.8928571428571429,8
42,0.48148148148148145,0,0.7241379310344828,0.9655172413793104,8
43,0.11764705882352941,0,0.8620689655172413,0.896551724137931,8
44,0,0,0.9354838709677419,0.9354838709677419,8
45,0,0,0.9629629629629629,0.8888888888888888,8
46,0,0,0.9696969696969697,0.7575757575757576,8
47,0,0,0.9666666666666667,0.6333333333333333,8
48,0,0,1,0.5625,8
49,0,0,0.9722222222222222,0.3611111111111111,8
50,0,0,0.9696969696969697,0.030303030303030304,8
51,0,0,0.96875,0,8
52,0,0,1,0,8
53,0,0,0.9696969696969697,0,8
54,0,0.09302325581395349,0.9722222222222222,0,8
55,0,0.3333333333333333,0.9696969696969697,0,8
56,0,0.7027027027027027,0.9743589743589743,0,8
57,0,0.7804878048780488,1,0,8
58,0,0.8857142857142857,1,0,8
59,0,0.9459459459459459,0.9615384615384616,0,8
60,0,0.975,1,0,8
61,0,1,1,0,8
62,0,1,0.8974358974358975,0,8
63,0,1,0.8181818181818182,0,8
64,0,1,0.3333333333333333,0,8
65,0,1,0,0,8
66,0,1,0,0,8
67,0.09090909090909091,1,0,0,8
68,0.43243243243243246,1,0,0,8
69,0.5526315789473685,1,0,0,8
70,0.7297297297297297,1,0,0,8
71,0.7941176470588235,0.9411764705882353,0,0,8
72,0.9411764705882353,0.7352941176470589,0,0,8
73,0.9117647058823529,0.5588235294117647,0,0,8
74,0.9333333333333333,0.4,0,0,8
75,1,0.25,0,0,8
76,0.8387096774193549,0.12903225806451613,0,0,8
77,0.7058823529411765,0.029411764705882353,0,0,8
78,0.6451612903225806,0,0,0,8
79,0.5,0,0,0,8
80,0.37037037037037035,0,0,0,8
81,0.2608695652173913,0,0,0.19230769230769232,8
82,0.16,0,0,0.36,8
83,0.038461538461538464,0,0,0.5238095238095238,8
84,0,0,0,0.65,8
85,0,0,0,0.7,8
86,0,0,0,0.8,8
87,0,0,0,0.8125,8
88,0,0,0,0.8,8
89,0,0,0,0.5714285714285714,8
90,0,0,0,0.5,8
91,0,0,0,0.1875,8
92,0,0,0,0,8
93,0,0,0,0,8
94,0,0,0,0,8
95,0,0,0,0,8
96,0,0,0,0,8
97,0,0,0,0,8
98,0,0,0,0,8
