#<Embryo name> <Cleavage cycle> <Temporal class> <Genes>
ca2 14A 5 even-skipped Kruppel giant

#Quantitative data
#<Nucleus number> <A-P coordinate> <D-V coordinate> <Fluorescence intensity: channel 1 - eve, channel 2 - Kr, channel 3 - gt>
0 1.99 46.56 11.63 7.85 3.83
1 2.65 45.32 11.85 9.71 3.47
2 2.84 47.96 12.93 9.49 3.54
3 4.10 46.28 14.69 10.66 4.63
4 3.80 54.34 13.15 10.68 4.39
5 3.99 52.89 13.23 11.44 4.23
6 4.31 42.15 15.12 10.14 5.10
7 4.48 39.37 13.10 14.51 4.34
8 4.47 48.43 14.99 11.66 4.32
9 4.92 53.79 15.58 11.68 4.81
10 5.09 54.93 18.14 12.43 5.14
11 5.30 39.32 16.16 11.69 5.62
12 5.62 46.79 16.73 12.67 5.71
13 5.44 48.95 16.59 11.16 6.25
14 5.49 57.04 16.61 11.56 4.54
15 6.31 40.44 17.27 14.31 6.24
16 5.72 54.39 18.05 12.00 5.61
17 5.86 49.96 18.12 13.53 5.41
18 6.08 52.78 17.51 12.10 5.86
19 6.23 36.62 15.74 12.93 6.10
20 6.17 38.39 16.43 14.59 4.73
21 6.06 39.64 17.50 14.70 5.10
22 6.32 55.17 16.46 11.39 5.21
23 6.55 56.64 16.39 10.95 5.06
24 6.67 45.26 17.85 13.48 7.07
25 6.57 50.20 19.82 13.02 6.50
26 6.64 48.70 19.34 14.47 7.22
27 6.95 35.33 15.59 15.25 5.47
28 6.77 51.85 20.00 10.81 7.31
29 6.95 33.78 16.30 14.48 5.00
30 6.99 42.89 18.88 13.43 6.41
31 6.79 46.78 18.11 11.11 8.05
32 7.06 53.56 18.06 12.92 6.98
33 7.01 57.57 15.92 9.25 5.83
34 7.42 47.90 20.94 13.76 6.38
35 7.41 41.69 19.19 13.71 6.62
36 7.57 58.47 17.14 10.76 5.76
37 8.04 55.66 19.13 12.34 6.13
38 8.16 37.15 19.95 14.14 7.06
39 7.57 51.69 20.29 13.88 6.59
40 7.69 32.70 14.33 15.62 5.81
41 7.84 45.98 21.90 14.90 7.37
42 8.24 43.86 20.46 15.06 6.89
43 8.10 52.99 19.59 12.47 7.18
44 8.38 60.12 17.68 10.03 5.89
45 9.02 42.36 21.52 15.33 7.81
46 9.02 32.86 18.57 13.88 6.76
47 8.92 46.32 21.42 16.48 7.30
48 9.17 57.29 19.79 12.78 7.21
49 9.06 48.36 23.27 14.76 7.82
50 9.14 38.76 22.32 14.90 8.70
51 9.41 53.09 21.71 13.63 7.62
52 9.24 60.54 19.12 8.31 6.62
53 9.40 30.97 17.68 12.29 6.49
54 9.38 54.74 22.10 14.60 7.60
55 10.03 36.92 21.47 16.61 8.79
56 9.60 48.49 22.42 17.17 8.33
57 9.93 50.12 21.90 14.38 7.81
58 9.79 42.90 20.90 16.76 7.48
59 9.88 45.62 21.83 15.12 8.42
60 10.08 59.56 22.07 13.21 7.48
61 10.43 41.32 22.76 16.12 9.26
62 10.22 47.99 22.56 16.93 8.89
63 10.04 55.44 21.56 11.04 9.31
64 10.20 43.91 20.85 16.41 9.46
65 10.30 34.15 19.00 14.64 8.34
66 10.46 29.15 16.23 13.72 7.85
67 10.39 31.92 19.49 15.90 8.10
68 10.19 57.09 17.73 13.20 8.67
69 10.80 51.94 23.43 14.38 10.01
70 10.73 53.90 23.05 13.59 9.10
71 11.34 38.61 24.06 16.47 10.56
72 10.72 56.51 21.64 13.50 9.04
73 10.83 64.92 17.48 9.44 8.00
74 10.64 44.59 19.50 14.38 8.88
75 10.94 30.79 19.58 12.48 8.35
76 10.87 59.41 19.68 13.00 8.74
77 11.18 63.31 19.81 9.81 8.44
78 11.45 43.26 24.56 16.63 10.57
79 11.05 48.04 23.29 17.03 10.84
80 11.46 49.76 24.67 16.78 10.37
81 11.39 57.30 22.20 12.43 9.87
82 11.42 61.35 21.44 11.69 8.95
83 11.54 66.23 16.57 10.43 9.95
84 11.72 36.15 22.98 15.72 10.96
85 11.50 54.71 24.20 13.92 10.24
86 11.71 27.80 19.26 11.98 9.18
87 11.97 31.24 21.35 13.29 10.65
88 12.07 58.72 23.01 14.52 11.24
89 11.63 64.63 17.82 9.55 9.00
90 12.00 47.47 24.12 16.95 11.41
91 12.11 52.64 25.63 16.41 11.67
92 12.07 45.43 25.66 18.98 11.71
93 11.83 55.89 26.57 13.71 12.29
94 12.50 63.16 22.41 11.23 10.97
95 12.36 40.44 25.57 16.27 11.57
96 12.12 26.71 18.41 10.82 9.35
97 12.34 51.20 25.60 18.96 13.16
98 13.05 54.18 25.50 17.31 15.04
99 12.75 48.57 25.76 16.90 13.57
100 12.42 37.77 22.86 15.43 11.21
101 12.72 56.57 24.40 14.42 12.69
102 12.43 61.08 21.44 12.53 11.47
103 13.01 34.42 24.94 15.20 13.16
104 12.60 50.07 26.17 17.17 13.78
105 12.69 36.54 20.60 11.87 12.20
106 12.97 38.53 24.76 16.27 12.37
107 12.96 45.66 24.51 16.97 13.61
108 12.88 27.42 17.45 11.21 13.55
109 13.07 60.25 23.81 13.17 11.31
110 13.21 29.71 21.41 13.64 13.32
111 13.14 42.60 24.89 16.53 14.52
112 13.29 61.94 23.13 11.13 12.90
113 13.49 26.87 19.12 11.75 13.47
114 13.45 67.00 21.03 10.68 10.52
115 13.58 52.09 25.11 18.45 21.68
116 13.77 49.66 26.17 18.19 21.27
117 13.43 37.31 25.56 16.89 16.28
118 13.61 46.81 27.19 17.93 16.95
119 13.70 39.58 26.69 16.62 18.15
120 13.77 57.75 25.38 14.48 15.47
121 13.76 32.63 25.29 14.39 14.16
122 13.76 64.08 21.29 11.85 12.85
123 13.78 43.87 26.47 18.81 17.11
124 13.93 25.38 18.68 9.71 10.79
125 14.17 55.63 26.75 15.27 22.57
126 14.19 59.68 25.54 14.19 20.52
127 14.12 36.95 26.27 18.54 19.18
128 14.31 41.55 26.15 19.19 22.62
129 14.00 65.43 21.50 9.65 14.45
130 14.23 28.58 19.91 12.07 19.22
131 14.15 61.40 22.68 12.87 15.45
132 14.40 47.80 26.00 18.38 28.84
133 14.45 38.99 25.91 16.96 26.58
134 14.76 34.33 24.62 16.96 24.91
135 14.56 45.59 28.02 20.97 27.22
136 14.56 53.62 24.73 17.70 31.24
137 14.42 66.86 21.64 10.29 15.69
138 14.33 44.21 30.33 16.44 16.78
139 14.90 51.35 26.31 17.85 41.54
140 14.91 26.82 19.04 12.63 24.68
141 14.79 70.87 17.57 9.43 13.62
142 14.65 31.52 21.66 14.31 23.73
143 15.02 24.42 17.00 10.60 25.76
144 14.99 43.17 24.84 18.65 32.35
145 14.77 65.31 22.31 11.42 14.81
146 14.76 29.59 21.58 14.50 21.38
147 15.10 57.73 24.99 14.05 30.42
148 15.35 49.27 27.16 18.31 48.34
149 15.26 36.84 25.46 16.82 34.54
150 15.02 59.82 25.24 13.00 19.67
151 15.09 63.77 22.71 12.84 19.03
152 15.53 67.54 22.02 10.36 17.20
153 15.23 32.09 26.73 14.35 25.96
154 15.50 39.89 26.04 17.65 44.56
155 15.56 55.67 25.87 17.36 40.92
156 15.55 61.55 25.26 13.58 26.05
157 15.67 46.93 27.14 20.43 51.27
158 15.89 29.89 22.02 14.28 37.06
159 15.54 69.29 20.69 9.45 11.60
160 15.91 44.69 26.96 18.79 52.16
161 15.71 53.37 24.99 17.13 52.83
162 16.24 42.00 27.14 18.80 60.53
163 16.19 59.23 25.87 14.92 32.95
164 16.17 32.74 24.73 15.70 44.05
165 16.25 65.58 24.55 11.34 22.30
166 16.29 27.27 19.97 13.78 42.68
167 16.29 63.22 24.18 13.75 26.39
168 16.37 37.88 26.45 18.40 59.86
169 16.19 71.12 18.96 10.54 17.31
170 16.50 35.40 26.25 18.35 60.85
171 16.44 23.96 18.65 12.48 43.35
172 16.60 50.54 27.59 18.61 82.30
173 16.76 57.10 27.82 17.20 51.18
174 16.87 48.23 26.43 17.21 75.55
175 16.72 68.41 23.11 11.58 21.12
176 16.90 52.58 26.90 18.63 85.12
177 16.99 54.88 26.25 18.13 65.93
178 17.15 40.04 28.84 19.08 85.89
179 17.22 46.02 28.18 19.79 92.30
180 17.14 60.75 26.12 15.30 33.30
181 17.26 22.10 19.49 11.40 58.11
182 17.29 43.58 28.67 19.58 83.44
183 17.50 33.36 24.89 17.74 77.09
184 17.40 71.23 21.34 10.04 21.44
185 17.52 30.32 23.68 15.29 61.98
186 17.62 66.08 22.72 12.35 28.48
187 17.71 27.65 21.48 14.81 68.32
188 17.63 62.94 25.74 13.83 33.59
189 17.78 37.90 25.19 18.68 89.33
190 17.90 58.69 27.42 16.14 53.15
191 18.00 24.90 20.85 13.12 67.80
192 18.09 35.65 27.33 18.54 100.52
193 18.02 73.72 20.74 9.59 22.38
194 18.07 49.41 27.43 18.35 111.55
195 18.15 51.75 28.40 18.83 101.98
196 18.22 41.82 28.55 20.26 112.89
197 18.19 56.44 29.28 18.46 67.59
198 18.31 53.80 29.64 18.79 90.00
199 18.51 69.42 25.58 12.47 27.02
200 18.49 46.83 28.35 19.05 109.33
201 18.69 20.88 19.19 11.68 77.76
202 18.66 31.98 25.23 17.12 97.74
203 18.57 44.37 30.13 21.36 115.50
204 18.61 60.77 26.56 15.81 44.99
205 18.89 39.71 27.81 19.84 112.71
206 18.73 66.97 25.60 13.15 28.17
207 18.72 63.90 26.14 13.91 34.29
208 19.02 71.73 23.90 10.75 27.50
209 19.17 27.00 22.91 15.76 87.69
210 19.24 23.52 20.64 12.81 84.52
211 19.32 29.75 24.21 16.36 100.67
212 19.33 34.51 26.18 18.77 115.34
213 19.29 37.34 28.32 19.45 120.87
214 19.30 50.65 27.54 19.75 122.32
215 19.27 55.18 28.72 19.34 83.37
216 19.32 57.90 28.77 17.92 60.71
217 19.34 48.42 27.65 19.90 128.48
218 19.55 74.26 21.89 9.54 25.43
219 19.67 41.85 31.60 20.83 127.68
220 19.82 53.18 30.82 19.47 100.84
221 19.81 44.22 31.62 19.99 126.66
222 19.82 62.38 27.95 16.33 47.66
223 19.93 46.53 29.42 20.98 133.13
224 19.78 65.00 28.05 14.66 36.76
225 19.98 18.99 17.58 10.78 79.42
226 19.87 60.01 28.88 16.76 56.10
227 19.95 67.83 27.35 14.32 35.17
228 20.14 32.29 25.92 17.55 120.68
229 20.09 70.31 25.50 12.66 32.84
230 20.36 21.84 21.86 12.88 90.00
231 20.35 39.75 30.49 21.06 122.77
232 20.29 56.02 28.66 18.91 79.96
233 20.51 25.17 24.30 15.43 95.90
234 20.57 27.96 26.81 16.34 118.87
235 20.43 51.10 29.45 20.68 124.31
236 20.56 36.96 30.00 20.50 129.23
237 20.75 75.83 24.53 11.08 31.20
238 20.68 48.58 32.23 20.15 127.07
239 20.75 34.69 29.41 18.67 135.84
240 20.83 58.72 28.89 18.18 66.91
241 20.82 72.97 26.63 11.38 34.65
242 20.88 42.92 30.95 20.91 132.53
243 21.05 30.44 26.29 17.69 118.06
244 21.02 65.84 29.55 15.76 45.04
245 21.06 45.60 31.40 22.17 132.51
246 21.01 61.33 29.51 17.46 62.57
247 21.08 63.65 29.30 16.92 53.25
248 21.19 52.66 29.79 19.39 104.38
249 21.42 54.61 31.77 19.75 92.56
250 21.31 56.86 29.50 18.91 79.47
251 21.29 70.62 28.16 12.88 42.41
252 21.37 67.94 28.53 13.69 43.23
253 21.44 38.33 33.12 20.85 127.33
254 21.63 20.50 20.43 12.75 88.57
255 21.72 23.50 23.50 15.41 100.18
256 21.63 50.37 31.54 21.29 130.43
257 21.81 33.09 28.65 18.69 132.24
258 21.72 40.46 32.63 20.75 134.22
259 22.07 25.97 24.65 15.55 117.10
260 22.00 35.88 30.83 21.34 138.41
261 21.89 47.84 31.65 21.27 112.36
262 22.11 28.23 26.90 16.69 114.36
263 22.02 74.77 28.28 11.26 42.33
264 22.02 77.65 24.02 10.54 33.29
265 21.89 79.38 19.26 8.94 29.24
266 22.11 18.29 18.77 11.65 84.08
267 22.04 60.31 31.20 18.39 74.87
268 22.01 42.61 30.05 20.76 132.59
269 22.19 45.03 31.37 22.30 131.14
270 22.27 58.17 31.85 20.08 84.00
271 22.25 62.85 29.85 17.86 65.25
272 22.39 30.52 28.00 18.12 120.25
273 22.36 65.44 31.09 15.85 53.33
274 22.36 71.95 33.03 13.83 52.79
275 22.39 52.37 30.45 19.84 100.17
276 22.54 56.06 32.24 20.88 99.85
277 22.39 68.80 32.64 13.74 55.10
278 22.65 38.41 31.28 21.53 133.03
279 22.81 50.25 33.16 22.62 117.48
280 22.98 22.43 24.66 14.32 99.35
281 22.97 54.09 34.00 20.30 102.88
282 23.01 46.63 33.95 22.62 128.12
283 23.11 32.43 30.24 18.87 126.13
284 23.15 41.02 32.20 21.86 136.55
285 23.03 43.32 34.12 21.93 127.49
286 23.11 79.47 26.87 10.10 41.85
287 23.29 34.66 31.13 20.66 133.60
288 23.13 15.98 18.33 9.97 77.36
289 23.20 48.51 34.19 21.40 119.64
290 23.11 59.58 36.63 18.93 80.02
291 23.47 36.72 32.08 20.05 139.90
292 23.28 61.85 35.40 19.12 75.51
293 23.47 25.09 27.03 15.46 105.30
294 23.34 67.03 40.30 15.88 66.86
295 23.34 73.76 41.94 13.12 56.92
296 23.37 18.98 21.59 11.56 84.88
297 23.33 70.16 42.53 15.20 65.96
298 23.43 27.79 29.78 17.56 118.80
299 23.64 76.94 39.73 12.22 55.34
300 23.56 64.02 40.13 18.93 69.83
301 23.69 57.71 37.31 21.42 100.85
302 23.68 52.15 30.88 22.19 108.07
303 23.75 30.32 29.70 18.86 115.64
304 23.78 44.97 33.03 23.43 122.69
305 23.88 39.03 34.47 21.32 128.64
306 23.87 55.55 37.50 21.72 111.05
307 24.06 21.28 24.43 13.60 95.66
308 24.11 50.13 36.22 20.85 115.81
309 24.21 60.17 41.09 19.77 100.62
310 24.34 43.05 32.96 22.94 120.82
311 24.28 47.57 33.53 22.26 120.67
312 24.40 32.81 31.46 19.35 123.02
313 24.37 65.39 64.16 18.26 91.13
314 24.46 70.79 64.10 16.59 81.27
315 24.38 16.82 20.69 11.40 82.10
316 24.47 40.81 34.02 21.84 124.06
317 24.48 53.75 37.02 21.98 117.62
318 24.51 62.20 55.43 18.78 97.97
319 24.51 68.03 70.08 17.59 81.67
320 24.66 80.21 41.11 11.31 55.12
321 24.85 23.58 28.39 15.97 99.35
322 24.61 27.96 28.16 18.09 108.47
323 24.75 35.13 33.90 20.39 125.42
324 24.81 37.32 33.43 21.28 126.11
325 24.95 25.88 28.16 16.10 102.22
326 24.72 19.02 24.07 12.50 86.05
327 24.82 45.53 37.73 23.12 123.93
328 25.03 75.25 72.20 13.34 79.14
329 24.86 56.88 48.89 21.98 120.94
330 24.91 30.32 32.08 18.89 122.30
331 25.12 77.93 66.92 12.99 84.70
332 25.10 51.56 40.97 21.88 130.52
333 25.02 58.95 52.60 21.16 122.31
334 25.16 49.34 38.08 21.80 126.42
335 25.00 73.02 74.00 13.89 71.24
336 25.28 14.40 23.73 9.94 72.74
337 25.13 20.02 26.53 12.67 85.05
338 25.38 39.18 36.15 23.61 130.96
339 25.46 63.36 104.49 20.15 121.13
340 25.52 55.38 50.41 21.26 133.03
341 25.43 41.83 35.92 22.66 121.14
342 25.41 47.12 38.33 22.09 135.83
343 25.55 66.04 119.10 18.58 103.60
344 25.56 33.26 34.64 21.59 126.34
345 25.67 43.98 37.72 24.09 129.72
346 25.69 60.88 93.21 22.68 143.41
347 25.65 53.41 47.32 20.40 128.40
348 25.60 17.07 27.61 11.57 89.25
349 25.78 21.80 30.51 14.37 98.92
350 25.74 68.59 132.09 17.81 111.17
351 25.84 71.02 120.10 16.99 106.39
352 25.88 31.15 33.66 20.03 118.15
353 25.91 28.40 31.80 19.40 113.01
354 26.02 36.94 35.74 21.81 127.78
355 26.16 81.63 67.47 11.82 69.18
356 26.08 58.34 84.31 22.70 146.97
357 26.19 25.66 34.43 16.70 101.92
358 26.23 34.78 35.39 21.93 127.94
359 26.29 45.61 44.10 24.92 144.11
360 26.29 50.20 50.47 22.10 136.98
361 26.38 73.04 133.03 15.68 109.01
362 26.45 79.13 85.33 12.60 82.93
363 26.31 19.30 34.84 13.94 95.17
364 26.38 40.33 39.15 24.97 131.39
365 26.28 48.14 42.45 23.05 131.42
366 26.32 76.27 108.34 13.76 92.87
367 26.48 52.04 57.03 22.56 150.10
368 26.48 64.50 178.03 20.71 126.67
369 26.57 42.35 43.50 24.88 138.71
370 26.66 56.43 90.01 23.48 168.81
371 26.71 23.82 40.51 16.13 113.91
372 26.79 62.13 178.36 22.58 156.92
373 26.65 16.32 48.78 13.55 114.78
374 26.84 32.47 38.49 21.64 127.12
375 26.73 54.33 78.63 22.59 158.29
376 26.92 30.04 40.88 20.12 130.67
377 26.96 38.52 43.37 23.22 137.02
378 27.05 60.04 167.61 22.37 149.47
379 27.15 66.32 197.54 21.10 137.76
380 26.98 68.68 182.41 19.41 135.51
381 27.10 27.56 43.76 19.29 118.64
382 27.16 21.22 45.88 15.15 99.65
383 27.13 36.33 45.29 23.18 144.53
384 27.24 43.70 51.32 25.13 155.73
385 27.20 46.07 52.39 23.89 145.54
386 27.25 48.61 61.14 25.28 162.36
387 27.44 70.72 183.68 18.23 136.96
388 27.35 74.44 152.26 16.30 116.90
389 27.32 13.45 72.29 10.97 94.03
390 27.44 58.16 177.40 22.58 161.85
391 27.53 50.76 74.15 23.43 169.21
392 27.51 34.12 47.39 23.00 146.05
393 27.61 82.06 74.17 12.45 76.67
394 27.56 40.75 55.77 23.92 146.66
395 27.76 77.01 127.95 13.80 109.37
396 27.72 18.58 74.67 13.67 109.37
397 27.62 52.81 112.94 24.09 190.16
398 27.65 63.80 206.96 22.34 165.89
399 27.81 25.60 58.05 17.28 129.44
400 28.03 79.59 102.44 14.02 99.03
401 28.00 15.82 100.16 12.11 102.32
402 27.92 23.15 67.11 16.28 120.16
403 28.03 54.60 168.86 26.09 193.32
404 28.01 31.67 56.32 22.28 150.04
405 28.04 56.46 185.62 24.03 176.75
406 27.98 29.49 55.78 20.97 141.34
407 28.09 46.98 85.08 26.63 177.50
408 28.16 61.18 216.81 24.55 176.64
409 28.20 72.45 174.17 17.58 129.87
410 28.08 38.26 68.22 23.34 158.31
411 28.18 35.96 66.85 24.90 165.90
412 28.21 44.67 87.50 24.80 184.57
413 28.27 67.66 192.94 21.56 151.58
414 28.40 42.39 87.70 24.54 186.94
415 28.23 49.27 112.67 25.96 189.82
416 28.53 27.64 78.69 20.01 165.19
417 28.51 84.04 56.77 12.39 55.70
418 28.57 59.06 219.52 25.80 182.11
419 28.53 65.09 194.01 22.85 167.19
420 28.59 21.04 92.23 15.17 122.42
421 28.40 12.94 94.82 10.06 116.88
422 28.66 33.44 73.48 23.68 160.97
423 28.71 69.90 179.04 20.14 155.55
424 28.69 74.69 139.67 17.32 131.70
425 28.76 40.12 89.56 24.01 179.03
426 28.80 62.79 215.84 24.25 182.52
427 28.83 52.77 162.17 24.84 193.03
428 28.87 14.08 120.49 11.42 97.00
429 29.01 50.73 168.09 26.86 195.54
430 29.06 17.77 127.41 13.57 118.35
431 29.09 23.83 123.72 18.01 144.09
432 29.20 80.77 73.40 13.74 88.55
433 29.27 26.04 127.72 20.44 167.32
434 29.16 29.50 104.88 21.29 158.91
435 29.17 37.45 105.74 24.90 164.74
436 29.13 46.04 150.87 25.52 193.98
437 29.20 77.15 103.58 15.56 119.67
438 29.20 35.05 100.96 24.14 165.98
439 29.20 48.44 178.96 26.83 202.97
440 29.19 57.19 208.00 25.20 198.08
441 29.22 54.90 196.66 25.66 203.21
442 29.29 31.57 105.83 22.91 173.26
443 29.37 43.64 155.46 25.99 204.28
444 29.43 60.33 215.72 25.42 190.00
445 29.37 66.43 156.72 23.07 173.52
446 29.37 71.93 155.78 18.54 138.15
447 29.66 11.88 128.61 10.75 108.92
448 29.76 20.10 154.56 15.17 136.69
449 29.79 41.44 172.99 25.23 200.77
450 29.66 68.65 151.40 22.72 166.03
451 29.92 14.94 143.46 11.52 126.30
452 29.96 83.05 56.56 13.34 63.88
453 29.90 39.21 167.95 24.79 200.40
454 29.80 62.68 179.81 24.81 191.03
455 29.91 74.31 114.39 17.81 140.61
456 30.09 27.83 174.60 22.19 169.79
457 30.10 64.81 135.41 24.70 187.28
458 30.18 33.25 165.30 24.78 174.88
459 30.03 51.76 191.92 28.22 227.54
460 30.26 22.58 178.06 17.73 153.30
461 30.11 58.57 199.53 26.92 197.35
462 30.12 47.25 212.46 26.80 209.11
463 30.12 55.94 190.37 25.58 217.43
464 30.24 78.09 79.41 16.50 100.35
465 30.17 35.74 155.90 27.07 187.18
466 30.19 53.68 184.64 26.48 216.16
467 30.28 45.11 199.20 26.59 210.17
468 30.34 49.78 203.09 28.15 206.44
469 30.38 24.95 186.09 20.55 175.66
470 30.32 30.50 178.24 23.74 169.62
471 30.52 61.07 158.78 26.97 192.40
472 30.51 71.77 113.34 22.14 157.23
473 30.76 85.29 46.02 13.33 41.54
474 30.80 80.37 65.82 15.17 78.17
475 30.65 43.21 195.92 26.78 201.17
476 30.62 67.01 111.28 23.06 185.07
477 30.76 37.54 205.61 25.33 194.38
478 30.75 69.51 107.19 22.41 161.51
479 30.68 18.37 159.78 13.54 111.76
480 30.89 75.37 87.31 17.94 117.73
481 31.17 87.75 28.19 13.27 20.37
482 30.93 12.60 131.65 11.56 119.18
483 30.95 63.19 122.24 26.02 197.49
484 30.97 39.69 207.64 26.02 198.37
485 31.01 57.19 143.64 25.44 219.30
486 31.09 20.79 178.26 17.12 147.51
487 31.02 48.14 210.40 28.64 213.13
488 31.18 29.03 204.45 24.60 188.25
489 31.24 31.59 193.79 25.41 176.90
490 31.27 41.68 200.50 26.00 215.12
491 31.12 51.95 168.67 28.12 220.75
492 31.16 54.68 156.55 29.02 221.92
493 31.23 26.35 201.78 21.04 176.43
494 31.26 59.42 133.62 28.68 210.00
495 31.34 15.79 137.59 13.33 125.41
496 31.25 35.63 196.44 27.00 191.10
497 31.34 45.53 184.09 28.09 209.41
498 31.42 65.48 89.71 24.83 179.10
499 31.59 33.65 183.14 25.74 182.14
500 31.66 82.62 55.58 15.39 49.62
501 31.56 73.06 82.43 21.84 134.89
502 31.57 23.53 186.02 19.56 172.80
503 31.70 77.55 71.41 18.45 87.51
504 31.70 9.42 94.37 11.19 102.79
505 31.74 49.91 161.32 28.22 211.06
506 31.79 61.41 93.51 27.33 191.96
507 31.74 10.92 95.50 10.62 108.41
508 31.91 18.84 150.59 15.88 148.45
509 31.78 67.97 87.92 24.33 165.21
510 31.86 70.61 82.50 24.92 143.95
511 32.04 37.93 199.78 28.47 204.53
512 32.03 43.34 164.51 28.96 215.96
513 31.94 47.54 162.26 27.43 224.64
514 31.99 53.30 122.48 29.05 221.38
515 32.03 56.04 118.61 28.08 219.84
516 32.18 27.49 192.72 22.06 179.08
517 32.08 40.23 191.14 27.16 202.70
518 32.29 85.20 54.82 15.50 31.11
519 32.16 13.49 114.75 12.76 123.41
520 32.11 63.65 77.13 26.41 174.16
521 32.27 58.22 96.73 28.75 206.91
522 32.44 24.90 169.03 20.93 174.68
523 32.29 29.70 198.05 24.46 191.14
524 32.44 75.01 73.46 21.31 108.17
525 32.28 21.71 149.08 18.06 170.17
526 32.38 79.82 66.05 17.62 60.62
527 32.41 31.72 181.52 25.57 186.87
528 32.32 35.86 191.48 27.80 204.63
529 32.45 45.76 120.37 28.28 226.12
530 32.50 51.49 103.24 28.27 214.31
531 32.64 16.64 117.54 14.64 150.98
532 32.73 60.21 81.46 28.40 193.15
533 32.71 65.48 66.23 27.99 148.96
534 32.75 33.83 175.75 27.50 193.55
535 32.94 72.48 70.37 24.91 109.37
536 32.88 67.87 66.08 25.45 134.60
537 32.97 11.49 76.79 11.99 111.30
538 32.88 48.48 107.18 30.24 217.68
539 33.06 41.95 125.07 29.24 214.09
540 32.96 54.62 81.92 28.58 206.66
541 33.07 70.24 66.04 24.21 116.46
542 33.03 62.49 62.97 27.76 163.69
543 33.07 19.76 116.50 17.21 164.46
544 33.14 39.72 144.54 28.52 211.95
545 33.22 82.09 68.48 17.82 40.58
546 33.19 56.97 73.60 29.92 196.45
547 33.28 76.77 73.23 21.00 69.10
548 33.27 26.44 131.39 21.82 184.64
549 33.26 37.52 137.97 29.12 206.83
550 33.23 44.18 95.08 27.11 212.44
551 33.26 28.56 144.29 24.27 193.55
552 33.32 22.71 114.10 20.66 175.22
553 33.45 14.53 78.20 13.80 123.70
554 33.51 50.29 74.72 30.41 204.52
555 33.54 30.51 132.03 26.01 193.87
556 33.45 35.25 141.32 26.46 205.39
557 33.52 52.41 68.67 28.77 198.70
558 33.65 46.29 82.10 30.48 209.35
559 33.62 58.98 67.05 29.58 180.54
560 33.62 84.60 83.82 17.91 25.81
561 33.72 32.48 128.51 27.14 185.11
562 33.83 9.65 45.90 11.84 90.44
563 33.84 64.28 57.63 28.58 130.04
564 33.84 66.50 62.99 29.24 119.43
565 33.76 79.35 91.72 19.87 46.53
566 33.82 17.61 80.34 15.68 139.92
567 34.02 73.97 79.81 23.73 70.51
568 34.00 24.76 95.54 23.31 181.33
569 34.43 89.91 48.96 18.52 7.44
570 33.98 61.39 62.72 29.55 158.05
571 34.11 87.02 85.06 21.19 15.33
572 34.13 68.66 67.33 30.09 95.58
573 34.10 48.07 65.26 29.79 193.76
574 34.10 54.11 71.80 30.37 198.25
575 34.25 20.39 78.78 18.84 155.75
576 34.21 55.94 62.51 30.39 183.59
577 34.20 41.62 84.49 31.51 194.50
578 34.27 27.98 91.51 24.75 184.48
579 34.19 39.20 89.85 29.19 200.68
580 34.32 71.05 73.34 28.08 79.01
581 34.42 12.59 50.73 13.18 98.65
582 34.39 36.20 97.50 28.82 198.14
583 34.33 44.16 72.37 28.94 196.16
584 34.47 33.96 91.07 29.12 192.72
585 34.61 22.49 77.42 21.19 162.85
586 34.65 57.72 66.11 32.41 154.77
587 34.67 77.40 123.09 22.62 38.14
588 34.68 15.53 56.13 14.80 112.25
589 34.71 52.00 65.11 31.88 182.14
590 34.83 80.84 130.54 22.38 28.17
591 34.77 30.20 84.80 25.92 173.54
592 34.72 49.92 60.59 33.11 171.97
593 34.72 59.81 60.49 32.32 146.42
594 34.77 63.08 63.06 31.40 117.12
595 34.93 26.29 76.85 23.69 165.82
596 34.86 84.07 126.26 21.61 20.12
597 34.99 65.84 71.99 32.57 88.80
598 35.14 32.20 76.89 27.42 172.30
599 35.03 37.89 81.57 32.19 191.84
600 35.09 8.50 32.51 11.24 67.96
601 35.06 18.10 57.08 15.90 121.47
602 35.28 45.53 64.69 31.27 170.04
603 35.29 75.12 148.23 27.52 42.29
604 35.21 47.92 59.47 33.40 159.51
605 35.31 72.73 115.03 30.66 57.32
606 35.32 24.20 63.96 22.49 146.54
607 35.30 40.35 64.83 30.20 170.83
608 35.27 53.97 63.98 30.40 153.95
609 35.35 68.02 81.30 32.64 66.75
610 35.30 42.83 66.12 32.41 173.44
611 35.50 11.31 38.78 13.16 78.61
612 35.48 28.27 60.95 25.23 148.96
613 35.51 61.36 70.34 32.85 104.23
614 35.47 34.69 71.40 28.29 173.62
615 35.49 55.99 66.16 33.35 134.32
616 35.56 70.51 120.41 31.24 54.02
617 35.57 86.92 108.26 26.10 12.40
618 35.81 20.34 49.28 20.35 114.98
619 35.83 14.63 39.37 14.35 82.88
620 35.75 58.68 76.73 32.78 101.08
621 35.79 50.47 64.81 34.34 131.26
622 35.80 64.13 82.31 32.93 80.39
623 35.95 36.80 70.25 31.03 154.45
624 35.97 77.70 170.06 29.83 27.04
625 36.07 22.56 55.18 21.94 124.65
626 36.15 30.64 66.88 27.06 139.31
627 36.11 52.75 71.53 34.82 122.06
628 36.11 83.55 139.29 25.75 16.45
629 36.24 89.36 70.40 28.71 8.12
630 36.18 17.53 44.49 18.07 91.81
631 36.14 26.05 54.52 24.93 123.84
632 36.22 38.91 67.44 31.11 145.33
633 36.17 47.17 65.00 33.52 131.74
634 36.35 66.36 117.94 36.47 64.11
635 36.32 80.41 154.18 28.90 20.61
636 36.40 43.56 68.74 32.72 125.38
637 36.48 8.99 32.67 12.95 50.52
638 36.39 32.79 66.63 30.07 136.19
639 36.39 41.33 70.81 32.19 136.43
640 36.43 68.74 135.66 33.65 44.67
641 36.42 57.03 90.15 33.56 91.64
642 36.43 74.06 174.25 31.75 32.91
643 36.63 54.65 89.24 37.68 102.47
644 36.55 60.06 106.69 36.07 76.20
645 36.64 62.36 103.52 34.95 63.37
646 36.65 28.71 62.49 27.75 112.65
647 36.55 35.01 68.18 31.28 134.72
648 36.81 49.07 76.00 36.43 110.58
649 36.71 12.68 36.44 13.90 60.62
650 36.85 45.46 74.73 35.71 114.77
651 36.95 24.42 53.71 24.18 89.75
652 36.88 71.22 161.93 35.92 34.91
653 36.92 51.30 92.55 34.88 91.91
654 37.00 64.31 131.75 35.92 54.69
655 37.06 85.91 113.61 34.68 12.03
656 37.00 91.72 28.40 30.87 4.48
657 37.16 21.86 55.08 23.39 87.62
658 37.20 19.37 49.73 20.08 75.71
659 37.26 16.14 44.27 16.84 60.17
660 37.24 27.03 62.64 25.79 85.98
661 37.27 37.12 76.00 32.52 101.42
662 37.21 76.65 174.32 34.88 22.40
663 37.39 39.55 79.97 33.13 97.74
664 37.33 82.60 137.58 35.04 14.75
665 37.56 31.93 77.23 32.48 91.69
666 37.50 58.77 167.58 39.04 57.78
667 37.61 41.85 89.80 36.48 86.04
668 37.40 56.63 126.04 38.27 59.29
669 37.57 60.82 166.47 40.68 48.82
670 37.49 88.72 81.65 37.30 8.69
671 37.61 29.99 73.02 30.90 86.95
672 37.56 34.39 79.38 32.09 89.92
673 37.58 47.20 98.99 34.11 85.38
674 37.53 73.45 191.23 38.05 23.67
675 37.65 52.87 136.61 40.02 63.22
676 37.58 66.57 163.41 40.51 41.01
677 37.55 68.95 177.03 37.41 34.88
678 37.64 79.76 150.94 37.67 17.76
679 37.72 10.29 45.13 14.76 40.58
680 37.81 43.97 99.87 38.14 81.29
681 37.90 13.23 45.21 15.90 41.40
682 37.97 50.50 146.64 35.77 59.66
683 37.93 54.84 157.02 40.65 49.37
684 38.11 25.67 78.38 27.43 59.61
685 38.19 62.37 177.44 44.07 36.84
686 38.28 23.42 72.78 27.05 51.20
687 38.15 64.58 175.08 45.70 36.73
688 38.23 92.39 20.50 40.89 4.98
689 38.36 28.35 97.13 32.03 58.50
690 38.39 70.80 183.77 44.87 24.49
691 38.28 18.15 62.32 19.91 47.24
692 38.51 7.14 51.24 14.46 19.31
693 38.40 21.06 76.55 24.09 49.81
694 38.35 48.42 140.42 40.22 57.53
695 38.50 75.40 172.00 46.98 18.73
696 38.34 90.41 51.65 47.35 6.70
697 38.45 38.07 121.34 36.08 61.82
698 38.47 77.74 154.39 46.48 16.68
699 38.54 86.70 85.09 43.82 10.22
700 38.51 35.75 122.68 37.26 59.56
701 38.41 57.70 189.92 43.24 39.35
702 38.49 83.38 106.76 43.36 12.73
703 38.58 40.47 123.08 35.01 57.08
704 38.62 45.56 157.44 40.52 56.55
705 38.59 33.07 112.47 34.69 56.61
706 38.66 68.36 181.93 48.49 26.87
707 38.75 73.12 185.83 45.10 20.09
708 38.73 60.19 202.23 48.23 36.10
709 38.84 15.70 68.38 19.37 30.90
710 38.87 30.48 137.27 34.29 52.34
711 38.89 51.84 196.17 45.20 39.75
712 38.93 53.89 194.64 46.21 37.26
713 38.98 66.19 185.33 53.47 29.46
714 39.01 80.07 117.26 46.68 15.29
715 38.96 43.04 164.44 40.15 47.69
716 38.98 56.00 207.49 46.54 34.02
717 38.74 88.98 57.50 44.10 8.65
718 39.04 9.62 68.03 16.49 21.40
719 39.05 12.47 72.26 17.32 25.99
720 38.97 93.56 12.08 34.35 2.63
721 39.13 26.81 138.10 33.03 38.92
722 39.22 63.84 199.97 54.68 26.83
723 39.25 49.64 188.50 44.90 37.82
724 39.29 19.34 93.21 26.17 33.34
725 39.49 24.62 132.53 32.58 32.71
726 39.38 47.20 175.36 40.44 40.14
727 39.44 58.56 204.12 50.42 30.08
728 39.48 61.80 209.09 55.38 27.89
729 39.61 91.32 35.27 56.22 6.40
730 39.62 22.34 120.94 30.98 30.67
731 39.53 34.56 160.45 41.35 39.59
732 39.54 36.95 161.59 40.14 39.59
733 39.63 39.16 168.69 41.00 36.36
734 39.61 32.35 162.52 38.58 37.00
735 39.66 71.49 162.48 54.81 20.19
736 39.76 85.46 72.26 56.18 10.49
737 39.70 88.88 50.91 66.24 8.19
738 39.81 28.79 166.06 36.13 31.85
739 39.81 77.42 127.39 62.22 16.12
740 39.68 82.30 91.05 58.36 12.66
741 39.73 41.42 188.31 43.54 35.79
742 39.74 74.68 147.95 56.17 17.40
743 39.83 45.04 190.12 46.16 33.73
744 39.83 69.07 173.26 56.10 20.96
745 40.06 17.47 109.82 25.87 21.73
746 40.00 52.62 213.42 52.17 29.65
747 40.08 54.63 205.36 55.15 26.75
748 40.13 14.66 96.99 22.16 18.93
749 40.07 56.74 211.49 61.46 28.12
750 40.14 66.89 175.83 60.35 21.35
751 40.22 60.30 202.10 64.92 25.66
752 40.24 30.89 180.36 43.21 29.74
753 40.26 50.58 214.57 52.01 28.58
754 40.24 64.49 194.83 70.06 24.02
755 40.38 9.60 83.03 22.28 13.61
756 40.34 11.84 89.76 21.75 16.71
757 40.37 20.57 126.75 31.00 23.34
758 40.21 26.51 146.11 35.19 25.63
759 40.33 48.40 207.13 53.39 29.50
760 40.43 43.25 204.84 52.85 29.76
761 40.45 80.19 82.23 70.46 13.58
762 40.51 35.71 191.79 51.40 28.40
763 40.65 62.34 178.19 74.97 22.76
764 40.64 72.83 131.00 77.73 18.52
765 40.80 33.49 174.99 47.68 25.55
766 40.69 58.43 202.50 74.70 24.30
767 40.69 83.30 68.57 71.47 12.56
768 40.74 37.97 184.35 50.47 27.15
769 40.76 46.47 200.79 56.69 27.95
770 40.92 24.59 144.38 43.60 22.60
771 40.79 40.71 194.19 51.78 25.94
772 40.86 70.49 129.70 84.46 18.74
773 40.78 75.57 112.02 75.46 15.93
774 41.16 92.08 21.65 68.88 5.81
775 41.04 22.48 141.70 42.41 21.04
776 41.04 78.20 81.56 88.15 14.78
777 41.02 29.22 174.58 50.58 22.88
778 41.03 89.63 38.97 80.61 8.04
779 41.06 86.72 47.85 75.49 9.27
780 41.06 55.76 194.06 77.66 24.35
781 41.12 68.36 138.88 77.26 20.67
782 41.20 18.99 120.83 34.83 17.75
783 41.09 53.17 202.75 72.72 26.15
784 41.09 65.90 146.44 75.85 20.52
785 41.26 7.36 85.20 25.76 8.95
786 41.24 27.06 157.60 48.24 20.72
787 41.33 16.11 116.06 33.37 16.67
788 41.38 44.71 195.42 60.06 24.51
789 41.35 31.56 169.35 52.48 22.83
790 41.30 51.01 190.82 73.93 23.34
791 41.50 13.23 100.15 31.10 13.43
792 41.43 48.68 196.66 67.44 25.34
793 41.58 42.65 183.89 65.64 24.11
794 41.51 59.96 169.02 86.95 21.67
795 41.57 64.13 143.10 93.67 21.63
796 41.53 73.87 98.62 102.64 17.45
797 41.69 94.64 8.99 43.37 2.12
798 41.78 10.14 82.15 31.01 10.42
799 41.56 35.34 181.31 63.75 22.84
800 41.67 39.07 184.52 69.75 23.75
801 41.65 57.56 173.50 86.04 21.50
802 41.68 62.06 158.92 98.37 21.43
803 41.72 80.68 61.56 90.46 13.59
804 41.77 83.69 55.43 89.20 11.55
805 41.84 71.62 99.30 114.26 18.39
806 41.83 76.43 71.96 108.33 15.68
807 42.04 21.07 122.27 47.48 18.01
808 41.94 46.61 177.07 79.84 24.83
809 41.88 54.68 171.33 87.22 24.02
810 42.09 37.16 169.00 81.84 23.79
811 41.96 66.87 107.02 112.62 20.69
812 42.17 25.50 126.95 59.52 18.00
813 42.12 40.89 168.93 71.25 22.56
814 42.03 69.29 103.38 116.51 19.32
815 42.18 23.39 125.97 60.43 17.65
816 42.14 29.76 154.55 60.34 19.85
817 42.18 52.39 164.57 91.86 23.33
818 42.25 27.66 136.90 67.39 19.27
819 42.40 34.13 155.32 76.42 21.26
820 42.29 89.34 38.85 84.05 8.52
821 42.32 18.29 107.69 43.70 14.52
822 42.29 50.26 156.76 103.45 23.35
823 42.42 86.43 45.92 89.21 10.04
824 42.39 32.01 147.83 71.33 18.60
825 42.46 56.59 119.56 122.17 22.52
826 42.41 58.76 131.41 115.72 22.20
827 42.50 78.54 60.09 110.60 14.68
828 42.43 61.05 111.44 135.60 21.49
829 43.12 91.45 31.79 83.43 6.49
830 42.50 74.49 76.43 125.83 16.54
831 42.65 7.16 61.68 41.56 7.68
832 42.55 15.50 97.00 38.78 12.41
833 42.54 44.30 157.03 89.11 23.70
834 42.57 48.37 148.87 109.08 23.19
835 42.63 65.46 87.11 138.67 20.05
836 42.68 12.28 83.97 39.94 11.06
837 42.59 63.35 94.10 135.96 20.35
838 42.72 54.51 118.55 133.85 22.91
839 42.95 72.49 72.05 140.50 18.32
840 42.98 94.38 14.38 58.09 3.01
841 42.83 39.10 141.78 89.61 21.66
842 42.91 42.32 137.63 98.46 22.61
843 42.86 68.15 78.56 145.16 19.51
844 43.00 70.36 80.14 144.72 17.86
845 42.96 83.52 51.84 97.05 12.72
846 43.13 80.93 58.19 109.58 13.59
847 43.00 36.42 129.36 103.89 21.36
848 42.98 46.27 139.98 110.18 21.80
849 43.15 19.94 92.76 63.12 14.68
850 43.11 28.83 104.98 92.50 18.04
851 43.02 52.37 112.16 139.66 22.47
852 43.13 26.64 100.31 93.50 18.15
853 43.26 76.30 65.58 129.93 15.32
854 43.21 22.32 93.87 78.44 15.37
855 43.24 24.52 95.72 83.35 16.96
856 43.20 30.80 114.52 98.16 18.52
857 43.23 50.32 101.71 134.08 24.02
858 43.22 59.94 85.40 154.41 22.00
859 43.29 33.02 102.75 110.41 19.34
860 43.42 9.81 60.11 54.92 9.11
861 43.36 57.77 84.74 153.26 23.94
862 43.48 62.39 76.95 158.67 21.14
863 43.41 17.65 80.65 60.98 14.88
864 43.48 34.96 96.98 133.48 20.13
865 43.44 40.78 106.93 118.67 21.30
866 43.49 55.82 83.50 157.50 22.56
867 43.55 66.80 71.31 159.58 18.83
868 43.63 43.92 115.90 134.33 22.10
869 43.59 48.54 89.06 144.78 21.90
870 43.61 15.07 68.28 57.38 11.22
871 43.59 38.39 106.43 137.07 22.05
872 43.65 85.74 58.47 103.34 11.38
873 43.70 88.60 50.98 95.14 8.89
874 43.72 53.57 84.84 151.95 22.02
875 43.75 64.38 75.41 157.80 21.50
876 43.75 12.33 52.90 62.05 10.76
877 43.75 46.46 96.91 152.93 21.53
878 43.85 74.14 76.01 152.31 17.18
879 43.86 78.33 69.13 128.38 14.25
880 43.95 7.38 38.34 62.92 6.82
881 43.99 27.77 67.76 126.42 17.64
882 44.05 29.92 71.79 131.35 18.07
883 44.03 36.63 78.08 151.32 21.14
884 43.99 51.45 74.08 154.98 22.40
885 44.13 71.75 74.74 166.72 17.55
886 44.05 20.76 61.51 90.23 13.97
887 44.12 31.97 74.75 145.98 19.84
888 44.10 69.55 67.73 157.45 18.58
889 44.19 25.52 68.28 119.56 17.43
890 44.18 23.45 62.44 112.09 15.57
891 44.21 41.96 84.67 152.48 22.02
892 44.23 60.96 77.24 179.52 20.71
893 44.21 59.00 74.57 173.13 21.09
894 44.33 82.85 76.80 115.86 12.62
895 44.22 94.12 21.27 64.03 3.31
896 44.33 39.63 79.56 163.79 19.73
897 44.29 17.88 54.32 88.51 12.14
898 44.43 33.93 71.54 159.12 20.11
899 44.45 55.11 84.11 178.70 23.57
900 44.61 57.14 79.97 180.65 22.70
901 44.52 14.22 45.06 81.96 11.38
902 44.60 45.61 71.93 166.81 21.49
903 44.61 49.89 72.02 159.41 22.83
904 44.51 66.06 70.13 173.56 18.23
905 44.59 10.49 38.75 73.00 9.31
906 44.61 47.84 73.45 165.78 22.71
907 44.67 67.99 75.41 181.00 19.80
908 44.66 79.97 89.40 131.04 13.94
909 44.66 76.35 91.95 146.90 16.46
910 44.72 43.62 73.18 169.92 22.43
911 44.99 89.27 79.00 109.68 8.83
912 44.82 62.54 80.98 178.95 20.18
913 44.89 91.87 49.36 90.03 6.66
914 44.80 52.89 72.02 168.80 23.12
915 44.91 86.29 91.51 107.56 10.74
916 44.93 21.82 54.30 125.05 14.72
917 44.90 37.80 66.22 171.25 19.94
918 45.36 95.02 22.43 55.54 2.46
919 44.95 27.39 55.59 150.26 16.22
920 45.03 35.66 64.36 170.21 19.81
921 44.98 73.88 104.46 162.03 17.34
922 45.02 5.68 24.22 73.19 6.69
923 45.10 64.56 75.22 177.42 20.39
924 45.15 19.63 44.82 114.72 14.58
925 45.12 29.48 54.20 155.75 17.92
926 45.21 31.68 62.71 161.56 19.10
927 45.27 16.62 42.97 100.24 12.12
928 45.23 40.58 76.84 185.39 21.57
929 45.29 71.59 94.65 167.56 17.72
930 45.27 59.15 94.16 182.36 22.83
931 45.39 23.72 54.05 141.52 15.03
932 45.41 25.61 57.17 149.13 16.84
933 45.44 8.00 27.60 85.33 7.93
934 45.41 69.58 94.52 180.85 18.78
935 45.50 51.48 85.75 189.85 22.87
936 45.40 55.19 91.26 193.02 23.04
937 45.73 84.01 122.59 113.84 12.39
938 45.53 13.39 38.82 91.43 11.36
939 45.55 33.81 65.75 172.82 20.20
940 45.60 42.46 78.43 190.09 22.43
941 45.59 47.11 73.36 188.83 22.25
942 45.75 78.17 131.37 134.73 15.67
943 45.60 44.85 72.80 181.17 21.52
944 45.69 66.88 98.06 177.90 19.41
945 45.74 81.08 115.66 126.01 14.71
946 45.69 49.59 79.51 186.64 23.93
947 45.84 61.19 128.67 183.30 22.44
948 45.83 10.57 32.07 93.89 9.20
949 45.78 57.31 112.71 194.95 22.21
950 45.87 75.65 136.14 152.80 16.75
951 45.83 38.55 83.42 185.91 20.82
952 45.93 63.17 115.94 194.27 21.42
953 45.96 53.55 100.72 186.46 21.24
954 45.98 27.84 65.72 165.78 16.85
955 46.22 4.03 22.38 77.56 6.27
956 46.15 18.64 47.65 126.74 13.09
957 46.09 36.25 82.58 184.25 20.57
958 46.24 73.17 136.13 175.01 17.88
959 46.26 89.90 84.00 114.48 8.59
960 46.15 21.47 55.28 143.60 15.94
961 46.15 30.09 77.56 173.09 17.81
962 46.38 92.20 53.81 93.28 7.03
963 46.35 65.07 142.25 191.00 21.38
964 46.44 6.41 30.69 93.18 6.78
965 46.35 15.54 47.40 110.29 12.35
966 46.34 32.14 98.62 190.69 19.89
967 46.40 68.77 145.05 180.23 19.85
968 46.59 86.81 110.43 103.78 10.68
969 46.47 40.60 124.36 196.12 20.86
970 46.45 55.66 149.66 196.62 24.31
971 46.53 59.66 173.93 191.74 22.08
972 46.45 23.69 67.98 166.06 15.42
973 46.43 48.38 95.59 193.90 23.22
974 46.47 95.97 14.50 40.45 1.23
975 46.56 25.93 69.61 165.86 16.43
976 46.68 71.07 155.44 173.63 19.93
977 46.54 42.95 113.52 193.71 22.25
978 46.53 51.89 114.49 195.62 21.29
979 46.64 34.26 114.28 187.63 18.85
980 46.69 44.89 109.88 198.05 22.22
981 46.77 12.84 47.41 105.15 11.41
982 46.86 46.69 113.51 201.13 23.16
983 46.95 9.32 39.47 96.68 8.76
984 47.02 57.73 190.48 194.00 23.04
985 47.00 77.46 169.58 144.73 15.42
986 47.20 94.36 24.53 66.97 3.29
987 46.95 38.49 154.90 191.20 20.87
988 46.95 50.12 137.48 199.25 23.38
989 46.96 80.10 155.56 127.27 13.91
990 46.92 83.30 150.30 113.84 12.34
991 46.98 28.49 115.47 189.40 16.89
992 47.05 66.87 180.71 179.96 20.74
993 47.04 74.89 171.99 157.76 16.27
994 47.06 62.97 178.84 182.04 21.88
995 47.15 20.07 73.01 142.26 13.01
996 47.19 36.41 166.17 183.59 20.84
997 47.18 53.92 188.91 193.75 24.17
998 47.23 17.33 70.97 132.94 12.77
999 47.32 22.39 93.97 164.36 14.75
1000 47.33 30.31 134.46 193.33 18.12
1001 47.41 32.43 158.86 189.86 20.34
1002 47.43 41.77 173.44 199.04 21.24
1003 47.60 3.93 35.76 88.66 5.55
1004 47.57 64.75 194.21 187.97 21.97
1005 47.54 69.09 174.69 179.50 19.60
1006 47.55 24.70 102.08 173.88 15.85
1007 47.67 61.40 198.90 182.94 22.81
1008 47.51 89.84 95.26 110.81 8.44
1009 47.69 48.16 165.38 200.47 23.67
1010 47.62 55.87 212.46 184.13 22.77
1011 47.77 73.22 193.14 161.63 17.82
1012 47.69 26.85 138.45 179.28 16.78
1013 47.71 15.06 78.79 127.31 11.96
1014 47.73 51.97 193.71 184.94 23.33
1015 47.70 59.45 217.88 195.67 22.25
1016 47.76 34.55 171.79 186.58 19.97
1017 47.83 43.80 169.26 195.90 22.47
1018 47.84 6.34 54.92 101.62 7.10
1019 47.85 40.05 194.50 193.12 22.45
1020 47.91 71.18 183.77 172.70 18.41
1021 47.90 84.88 137.77 113.84 12.11
1022 47.74 88.05 77.12 113.19 10.27
1023 47.84 11.93 64.59 108.66 10.99
1024 47.94 45.88 162.32 208.63 23.97
1025 48.02 92.28 46.39 100.78 6.56
1026 47.97 81.82 157.17 115.57 13.46
1027 48.11 38.15 200.21 194.26 21.32
1028 48.06 76.08 172.57 158.04 15.76
1029 48.17 49.99 192.57 175.02 23.09
1030 48.20 79.01 143.68 139.84 15.56
1031 48.16 18.99 99.75 145.86 13.67
1032 48.13 67.12 199.79 182.17 21.24
1033 48.50 95.35 12.50 53.15 2.08
1034 48.27 8.74 65.58 101.90 8.65
1035 48.28 28.68 157.92 180.31 19.02
1036 48.31 57.82 213.11 191.40 22.75
1037 48.42 87.38 109.75 105.19 10.70
1038 48.42 21.58 122.16 160.52 15.27
1039 48.37 31.03 161.17 196.15 20.57
1040 48.42 36.34 197.84 194.78 21.22
1041 48.44 53.73 213.33 184.78 24.49
1042 48.53 23.67 128.97 171.56 15.52
1043 48.51 33.04 186.60 192.73 18.49
1044 48.58 62.39 203.25 183.98 22.85
1045 48.62 42.03 199.72 194.70 21.85
1046 48.55 65.12 205.03 184.73 20.45
1047 48.71 69.58 165.29 171.09 18.23
1048 48.86 16.79 106.11 127.82 12.12
1049 48.68 56.04 220.45 185.23 23.68
1050 48.76 14.04 86.70 130.82 11.13
1051 48.77 26.05 151.60 172.43 18.12
1052 48.79 59.81 204.88 186.69 22.52
1053 48.87 74.24 149.92 172.82 17.13
1054 48.81 47.34 191.05 194.64 22.98
1055 48.88 51.64 216.47 189.23 24.14
1056 48.81 3.45 45.83 93.42 5.35
1057 48.92 89.98 71.88 112.23 8.05
1058 48.95 11.11 80.73 105.80 9.60
1059 48.95 44.63 195.36 193.30 21.85
1060 48.95 39.95 203.68 193.45 21.96
1061 48.95 71.97 148.34 174.70 19.83
1062 48.96 84.99 97.83 113.32 11.73
1063 49.10 34.70 182.67 199.67 19.39
1064 49.03 76.87 132.87 155.33 15.74
1065 49.03 82.10 115.71 123.00 13.32
1066 49.14 6.07 64.62 102.71 6.61
1067 49.11 67.61 179.06 194.12 20.25
1068 49.20 19.92 113.66 161.84 14.79
1069 49.19 29.93 164.04 193.80 18.43
1070 49.18 38.06 198.64 204.36 21.60
1071 49.20 49.43 200.17 202.08 23.42
1072 49.29 63.77 201.30 200.49 23.19
1073 49.41 92.93 24.08 94.47 5.63
1074 49.39 27.98 154.58 197.49 17.82
1075 49.34 54.85 209.33 203.19 23.71
1076 49.39 79.70 111.06 146.46 14.89
1077 49.39 57.74 179.16 202.33 23.04
1078 49.45 32.42 163.36 200.83 20.02
1079 49.59 42.79 190.86 201.74 21.25
1080 49.56 65.81 171.06 203.98 20.72
1081 49.65 8.42 72.51 106.40 8.33
1082 49.56 24.28 141.07 188.34 17.41
1083 49.56 61.31 181.60 201.54 22.74
1084 49.64 22.03 120.35 175.56 15.68
1085 49.65 52.92 202.50 199.82 24.79
1086 49.74 88.05 56.17 116.75 9.31
1087 49.65 36.50 151.29 213.51 21.33
1088 49.73 46.64 169.43 205.88 22.36
1089 49.79 69.18 128.67 203.43 19.14
1090 49.87 95.28 10.19 57.92 1.95
1091 49.85 18.25 99.12 149.62 13.51
1092 49.84 13.89 80.19 128.65 11.81
1093 49.84 40.77 151.33 207.84 20.67
1094 49.87 59.54 148.98 203.43 22.35
1095 49.94 75.33 102.62 174.66 17.20
1096 49.99 71.11 110.77 188.59 19.30
1097 49.94 73.11 112.02 180.03 17.16
1098 50.02 11.13 69.10 123.95 9.88
1099 50.02 26.43 125.14 187.68 17.11
1100 49.98 50.79 190.10 203.45 22.75
1101 50.06 85.65 60.63 130.78 11.01
1102 50.06 4.40 47.69 102.70 5.30
1103 50.05 48.56 162.54 212.84 24.08
1104 50.03 56.16 162.81 216.33 23.09
1105 50.07 77.72 90.89 165.09 15.69
1106 50.16 30.96 126.06 197.76 20.20
1107 50.11 44.59 182.39 197.14 22.64
1108 50.10 63.05 157.69 208.31 22.44
1109 50.08 34.62 133.15 208.52 20.27
1110 50.14 38.71 148.88 210.61 21.32
1111 50.06 82.72 69.64 134.45 12.75
1112 50.18 90.40 39.95 107.28 8.14
1113 50.24 67.50 125.08 198.77 20.92
1114 50.29 29.07 108.39 196.33 18.11
1115 50.39 16.11 81.45 136.33 12.38
1116 50.37 54.41 135.84 224.40 22.98
1117 50.54 20.31 78.34 164.85 14.15
1118 50.49 32.92 104.02 214.73 19.62
1119 50.50 65.19 108.10 196.27 20.17
1120 50.54 24.52 92.58 191.74 17.34
1121 50.52 57.65 119.94 210.53 23.36
1122 50.63 80.02 68.31 155.47 14.44
1123 50.89 6.56 43.90 107.59 7.43
1124 50.70 22.52 82.55 181.55 15.87
1125 50.62 42.35 153.78 211.10 22.28
1126 50.63 61.40 117.40 211.91 22.60
1127 50.65 36.60 96.13 210.53 20.42
1128 50.70 52.31 127.55 213.67 24.31
1129 50.81 46.18 117.56 204.67 23.32
1130 50.73 93.49 14.41 97.87 4.54
1131 50.82 9.32 56.70 114.08 8.68
1132 50.93 92.18 18.17 100.43 6.98
1133 50.95 40.39 108.22 210.54 21.57
1134 50.91 69.72 80.52 197.26 20.00
1135 50.91 59.48 105.36 204.86 22.64
1136 51.01 74.24 73.09 169.91 18.42
1137 50.95 13.24 56.98 125.64 11.56
1138 51.05 48.14 100.70 206.16 23.68
1139 50.98 50.23 105.96 210.71 24.22
1140 51.03 2.45 22.94 85.97 3.79
1141 51.16 27.83 72.86 190.62 18.48
1142 51.10 76.58 66.00 160.08 15.87
1143 51.16 18.18 63.16 153.12 12.78
1144 51.09 72.00 70.29 181.30 17.77
1145 51.13 84.31 46.26 128.22 12.49
1146 51.14 87.54 40.60 124.81 9.86
1147 51.15 55.88 105.90 218.92 23.27
1148 51.18 63.47 85.72 201.94 20.74
1149 51.24 34.66 76.90 208.45 20.62
1150 51.15 44.21 113.83 214.86 23.23
1151 51.21 25.86 64.21 185.19 16.96
1152 51.19 38.56 83.56 210.48 19.92
1153 51.33 31.94 78.27 202.88 19.31
1154 51.23 67.49 86.77 208.84 20.58
1155 51.38 29.92 67.81 197.65 18.69
1156 51.38 53.77 94.73 214.33 24.20
1157 51.40 90.34 29.43 109.53 8.53
1158 51.51 81.72 50.22 139.29 13.04
1159 51.57 65.35 72.91 204.92 22.28
1160 51.52 15.91 52.00 148.36 12.68
1161 51.57 57.70 84.58 216.40 22.89
1162 51.65 42.24 89.96 213.78 22.89
1163 51.83 4.20 27.73 102.18 5.18
1164 51.84 10.84 40.45 123.92 9.60
1165 51.74 22.00 57.05 178.29 15.56
1166 51.78 24.08 54.33 189.27 16.87
1167 51.72 36.65 69.47 205.53 20.95
1168 51.70 61.72 78.98 217.60 22.68
1169 51.84 19.88 48.73 167.54 14.62
1170 51.76 78.86 54.79 150.34 15.57
1171 51.79 51.80 83.31 215.49 22.58
1172 51.83 59.81 73.10 220.23 21.62
1173 51.91 45.43 77.96 209.72 22.24
1174 51.98 49.69 90.20 215.41 25.67
1175 52.04 69.37 62.43 192.84 20.06
1176 52.03 14.00 46.05 135.75 10.68
1177 52.03 47.61 74.19 213.46 23.75
1178 52.16 94.76 8.94 65.57 2.76
1179 52.07 7.89 33.82 106.66 8.21
1180 52.17 33.45 59.31 195.39 20.50
1181 52.11 73.85 55.44 176.62 18.35
1182 52.16 40.48 69.07 214.14 22.12
1183 52.17 55.05 73.82 214.58 23.26
1184 52.18 71.49 58.37 189.15 17.82
1185 52.18 26.65 49.66 187.40 18.16
1186 52.22 38.39 66.85 211.06 21.69
1187 52.31 76.12 59.62 167.83 16.61
1188 52.27 67.20 62.30 198.18 21.02
1189 52.31 85.37 36.19 127.34 11.84
1190 52.33 88.48 33.04 115.82 9.30
1191 52.37 29.11 55.59 188.14 17.78
1192 52.42 63.25 62.93 210.56 21.78
1193 52.44 91.69 18.22 92.87 7.22
1194 52.43 31.30 57.80 201.55 18.62
1195 52.47 17.18 40.68 150.73 13.40
1196 52.46 43.48 69.15 214.85 22.21
1197 52.54 53.26 67.24 206.68 22.91
1198 52.52 56.72 66.98 211.41 23.29
1199 52.73 5.74 27.11 109.41 7.16
1200 52.58 35.40 58.44 212.68 20.19
1201 52.58 65.26 58.67 208.36 21.52
1202 52.62 58.69 62.94 216.20 20.94
1203 52.60 82.02 44.87 134.90 14.03
1204 52.75 61.17 62.75 211.21 23.18
1205 52.78 22.02 47.43 178.56 15.81
1206 52.88 51.23 67.85 212.07 23.56
1207 52.82 78.67 48.54 148.15 15.20
1208 52.88 19.56 41.48 163.25 14.09
1209 52.87 24.18 51.28 185.27 17.17
1210 52.92 45.33 61.50 216.77 22.77
1211 52.95 13.10 33.49 133.42 10.20
1212 53.06 10.05 31.22 118.08 8.95
1213 53.10 41.80 71.69 209.68 23.06
1214 53.01 47.43 59.88 209.88 22.12
1215 53.13 37.15 62.07 211.96 20.40
1216 53.13 68.77 60.05 191.25 19.87
1217 53.14 49.42 66.58 212.07 23.78
1218 53.17 73.63 67.25 176.11 18.16
1219 53.23 26.40 50.46 187.44 17.68
1220 53.16 39.58 67.52 206.05 21.57
1221 53.19 71.19 63.69 182.23 20.20
1222 53.33 28.31 55.38 190.36 17.67
1223 53.34 90.43 29.41 105.02 8.27
1224 53.34 32.59 65.82 197.41 20.46
1225 53.67 95.02 9.48 60.22 2.09
1226 53.42 15.68 39.87 137.76 12.32
1227 53.38 55.24 68.19 214.07 23.28
1228 53.47 66.69 58.21 189.76 20.37
1229 53.48 30.48 66.93 191.93 18.71
1230 53.44 34.60 66.15 206.42 19.50
1231 53.48 64.37 61.31 211.26 21.31
1232 53.56 57.41 60.12 207.79 21.67
1233 53.46 59.62 69.16 206.35 20.82
1234 53.55 76.04 63.54 163.18 16.44
1235 53.52 84.94 41.38 117.74 11.48
1236 53.58 87.94 39.65 119.13 9.08
1237 53.65 7.54 27.91 109.25 7.69
1238 53.55 53.09 84.73 201.41 23.18
1239 53.63 62.58 63.12 207.82 21.25
1240 53.77 18.34 47.97 158.62 13.31
1241 53.69 43.85 83.40 212.34 22.95
1242 53.69 81.68 48.32 140.39 13.52
1243 53.82 20.89 57.02 172.00 14.89
1244 53.86 24.96 60.63 181.46 16.88
1245 53.85 46.28 74.09 211.98 22.65
1246 53.92 5.25 22.43 113.85 6.35
1247 54.07 22.90 58.89 170.75 15.92
1248 53.95 78.72 57.85 150.81 15.38
1249 54.03 92.86 20.17 87.89 5.07
1250 53.98 11.84 39.05 119.80 10.26
1251 53.99 38.29 104.72 213.80 20.46
1252 54.03 50.74 101.06 207.07 23.28
1253 54.12 69.73 92.23 183.93 20.27
1254 54.17 36.34 101.02 204.27 20.02
1255 54.13 48.29 86.29 206.76 24.22
1256 54.25 71.81 102.67 176.36 18.25
1257 54.20 61.03 87.25 212.74 21.39
1258 54.28 40.10 126.73 196.73 21.63
1259 54.27 42.03 121.52 202.02 22.93
1260 54.36 73.95 103.03 168.73 16.94
1261 54.30 29.02 90.45 185.26 17.96
1262 54.46 9.40 38.40 111.49 8.86
1263 54.46 14.13 51.61 133.68 12.24
1264 54.54 26.99 85.54 181.38 17.04
1265 54.46 31.64 104.87 186.05 18.92
1266 54.37 34.01 84.20 199.06 19.69
1267 54.44 54.46 105.86 210.76 23.69
1268 54.42 65.35 82.94 196.97 21.10
1269 54.50 67.84 91.94 189.37 20.74
1270 54.49 56.39 83.02 208.34 23.87
1271 54.56 52.62 127.23 203.71 23.82
1272 54.41 59.07 87.27 207.41 22.96
1273 54.43 97.77 4.59 20.27 0.83
1274 54.58 16.77 67.27 147.03 11.44
1275 54.63 84.23 62.50 127.61 12.40
1276 54.59 90.58 46.50 100.42 8.84
1277 54.80 3.66 24.50 99.40 5.20
1278 54.76 43.99 104.40 202.79 21.87
1279 54.75 45.85 103.53 213.74 22.64
1280 54.83 75.87 91.10 150.44 16.56
1281 54.86 19.71 77.39 158.38 14.05
1282 54.89 62.56 99.78 199.14 22.32
1283 54.76 87.29 52.81 111.78 10.38
1284 54.90 81.07 85.19 127.85 14.06
1285 54.83 24.81 83.09 176.30 16.93
1286 54.93 6.53 39.61 106.93 7.12
1287 54.93 49.61 136.52 206.70 23.60
1288 54.98 78.38 80.81 143.36 15.32
1289 55.10 21.71 98.37 162.37 15.33
1290 55.12 38.09 150.32 193.79 20.70
1291 55.18 29.70 127.02 187.46 18.31
1292 55.23 36.01 130.20 186.12 19.84
1293 55.14 58.00 112.23 204.60 22.17
1294 55.35 95.30 11.94 48.60 1.77
1295 55.25 47.53 139.00 199.62 23.53
1296 55.24 69.90 123.12 171.36 19.28
1297 55.25 64.37 115.50 201.78 20.37
1298 55.34 12.03 63.10 113.61 10.39
1299 55.35 33.46 112.22 186.55 18.62
1300 55.45 40.46 138.38 176.92 21.76
1301 55.34 98.13 4.81 15.67 0.54
1302 55.40 42.52 136.05 195.55 20.91
1303 55.38 51.43 159.44 198.59 23.17
1304 55.31 60.29 121.87 202.18 20.80
1305 55.48 72.32 141.08 161.44 19.19
1306 55.49 66.77 124.86 179.20 20.64
1307 55.48 54.91 145.75 206.34 23.36
1308 55.59 92.36 37.40 86.96 5.38
1309 55.50 17.95 94.14 145.90 13.87
1310 55.63 23.52 107.33 171.74 15.42
1311 55.64 31.38 139.19 176.69 18.88
1312 55.55 15.15 80.89 130.38 10.92
1313 55.67 27.52 113.26 169.66 18.18
1314 55.63 9.09 57.31 103.55 8.22
1315 55.80 83.18 94.13 111.57 12.42
1316 55.86 25.60 116.78 170.45 17.05
1317 55.85 45.07 158.46 187.39 22.43
1318 55.81 56.60 158.18 191.61 21.15
1319 55.76 89.46 67.26 104.93 9.16
1320 55.97 53.20 166.81 191.74 22.81
1321 56.01 74.47 131.73 146.36 17.47
1322 55.96 49.24 173.34 189.84 22.84
1323 55.99 76.95 110.29 145.33 15.97
1324 55.94 86.62 80.66 107.90 10.54
1325 55.96 4.83 52.48 91.10 6.43
1326 56.07 62.93 143.82 196.40 21.62
1327 56.16 38.70 145.93 175.27 20.66
1328 56.17 68.63 163.70 170.83 20.31
1329 56.15 79.63 123.01 117.56 14.49
1330 56.24 19.71 93.89 148.82 13.28
1331 56.10 34.84 120.40 185.74 18.49
1332 56.27 58.89 153.48 192.05 21.94
1333 56.25 65.25 153.55 175.32 19.43
1334 56.15 29.23 130.94 170.83 15.94
1335 56.25 60.95 144.86 196.98 23.84
1336 56.34 47.37 157.54 189.54 22.57
1337 56.39 21.98 109.10 164.90 14.98
1338 56.47 36.87 125.16 172.02 20.28
1339 56.44 70.81 152.63 152.28 18.42
1340 56.43 51.31 162.00 190.47 22.15
1341 56.51 7.23 60.15 89.61 6.88
1342 56.43 13.32 83.23 108.18 11.51
1343 56.45 16.80 92.29 126.15 11.91
1344 56.42 42.18 145.29 181.46 21.39
1345 56.64 95.16 15.83 46.27 1.85
1346 56.62 32.88 111.71 174.76 20.10
1347 56.77 54.91 176.28 173.21 22.84
1348 56.96 84.63 103.53 99.94 11.20
1349 56.65 10.36 64.76 101.27 9.33
1350 56.78 24.08 99.60 158.72 15.98
1351 56.79 40.44 128.86 173.02 21.56
1352 56.83 43.93 142.72 175.16 20.96
1353 56.84 72.77 126.56 164.24 17.54
1354 56.81 30.85 117.28 160.28 17.10
1355 56.81 91.64 57.62 88.95 6.57
1356 56.84 26.29 98.22 154.84 17.12
1357 56.78 56.88 154.40 190.94 22.96
1358 56.92 66.99 165.90 171.87 20.13
1359 56.92 45.86 152.20 176.14 22.00
1360 57.06 81.72 113.19 103.63 12.96
1361 56.99 49.36 159.87 179.73 22.00
1362 56.97 88.89 84.96 95.80 9.10
1363 56.98 28.37 91.58 155.83 16.23
1364 57.10 63.98 166.74 171.53 20.86
1365 57.18 76.65 131.29 125.56 16.03
1366 57.07 34.91 87.26 164.21 19.30
1367 57.13 53.19 136.78 191.44 22.91
1368 57.27 62.07 147.00 184.46 20.48
1369 57.29 69.29 127.09 163.71 18.87
1370 57.24 20.47 77.69 151.36 15.31
1371 57.34 74.51 128.42 148.37 17.20
1372 57.31 38.71 111.54 174.00 19.62
1373 57.33 60.18 141.28 181.76 20.72
1374 57.37 79.02 128.29 115.31 14.25
1375 57.37 15.47 60.78 115.45 11.43
1376 57.39 18.16 67.50 122.06 12.66
1377 57.40 51.38 124.47 179.91 20.84
1378 57.47 58.42 126.02 181.51 21.68
1379 57.52 12.72 56.58 96.63 9.62
1380 57.46 42.39 99.54 164.16 22.22
1381 57.58 47.36 123.84 163.48 22.35
1382 57.65 22.60 78.85 139.39 15.25
1383 57.63 6.14 51.96 83.19 6.23
1384 57.56 8.95 57.87 91.42 7.63
1385 57.63 36.97 77.85 154.08 19.10
1386 57.73 65.65 137.12 174.90 20.50
1387 57.69 71.42 97.49 155.08 17.97
1388 57.80 32.74 73.77 152.72 18.11
1389 57.69 56.61 118.36 181.21 23.26
1390 57.96 87.07 92.60 86.09 9.57
1391 57.92 94.34 20.14 50.47 2.44
1392 57.91 24.99 62.95 135.93 16.38
1393 57.83 26.79 63.90 129.23 16.65
1394 57.81 30.75 71.69 139.88 16.92
1395 57.88 44.74 96.80 147.17 22.18
1396 57.88 40.33 85.90 161.75 21.33
1397 57.95 67.87 95.98 179.74 22.78
1398 57.94 28.81 62.26 130.18 16.78
1399 57.94 49.60 89.74 168.70 22.54
1400 58.01 54.95 97.26 163.09 21.86
1401 57.97 34.97 65.14 143.00 18.73
1402 58.11 90.64 55.68 84.09 7.45
1403 58.11 53.17 85.32 161.59 21.75
1404 58.09 63.58 111.67 167.14 19.69
1405 58.28 77.57 96.33 119.87 15.29
1406 58.26 84.02 103.61 95.55 11.92
1407 58.26 80.80 96.24 105.16 12.83
1408 58.30 20.35 52.99 112.78 13.18
1409 58.27 61.32 101.45 166.82 20.86
1410 58.40 75.03 87.69 128.53 15.95
1411 58.39 11.37 41.64 82.07 9.40
1412 58.41 15.13 40.10 101.54 11.98
1413 58.44 17.84 45.59 107.85 12.79
1414 58.46 38.47 68.86 137.88 20.73
1415 58.41 42.38 70.86 139.68 20.64
1416 58.46 51.48 70.19 153.47 21.58
1417 58.58 72.77 76.81 143.91 17.86
1418 58.48 59.03 88.86 163.76 21.42
1419 58.60 70.19 65.67 139.88 17.84
1420 58.70 5.36 31.30 75.59 5.94
1421 58.63 23.48 49.82 123.91 14.46
1422 58.55 47.97 71.42 143.08 20.52
1423 58.64 57.08 78.13 160.68 21.94
1424 58.61 8.12 41.10 72.91 7.57
1425 58.74 45.92 61.07 123.93 20.76
1426 58.70 66.03 77.95 159.75 20.25
1427 58.72 34.07 57.53 120.36 17.91
1428 58.72 36.42 54.70 116.43 18.61
1429 58.85 31.25 55.14 111.83 17.52
1430 58.86 26.94 42.54 104.19 16.32
1431 58.87 29.14 50.38 108.04 16.11
1432 58.91 40.65 60.33 126.92 19.08
1433 58.98 43.96 58.69 115.39 20.08
1434 59.07 93.82 16.09 47.66 2.67
1435 59.03 49.88 59.54 130.11 20.41
1436 58.97 63.96 69.63 149.02 19.55
1437 59.03 68.17 62.60 144.54 19.06
1438 59.06 88.96 59.01 82.18 8.39
1439 59.25 21.78 42.57 99.10 14.01
1440 59.12 53.50 61.27 149.08 21.61
1441 59.16 55.49 62.70 141.91 21.81
1442 59.21 82.50 82.19 93.07 12.64
1443 59.14 86.13 64.20 87.02 9.27
1444 59.27 60.01 65.49 143.04 19.55
1445 59.23 62.07 70.92 149.37 20.39
1446 59.30 25.11 43.51 99.54 15.63
1447 59.33 79.53 71.62 98.33 13.72
1448 59.36 10.02 32.66 63.27 8.03
1449 59.29 13.45 32.61 71.45 10.42
1450 59.40 76.92 71.63 108.30 14.44
1451 59.36 19.45 39.11 94.23 13.03
1452 59.42 33.00 49.00 103.45 17.81
1453 59.46 16.78 31.39 81.04 11.55
1454 59.55 39.17 53.19 108.96 18.87
1455 59.57 47.96 49.83 113.22 20.57
1456 59.58 57.93 69.69 137.98 21.43
1457 59.66 72.22 58.48 124.86 17.42
1458 59.59 74.51 60.83 115.44 15.93
1459 59.67 35.12 48.96 94.28 16.61
1460 59.70 37.31 48.90 98.15 17.63
1461 59.62 51.85 57.86 130.28 21.90
1462 59.76 65.84 53.78 131.16 18.41
1463 59.82 41.76 54.19 97.09 20.64
1464 59.92 91.08 30.44 71.04 5.63
1465 59.83 29.05 52.28 83.28 15.64
1466 59.84 46.04 55.19 102.62 20.79
1467 59.83 70.04 55.78 129.84 18.71
1468 59.85 6.32 21.85 55.75 6.75
1469 59.91 26.99 49.08 84.04 15.46
1470 59.96 43.83 53.05 96.44 20.26
1471 59.99 63.92 57.93 127.59 18.88
1472 60.05 23.40 39.78 79.63 15.14
1473 60.04 31.63 50.26 86.85 17.74
1474 60.12 50.07 50.65 109.41 20.24
1475 60.16 54.09 58.38 120.00 21.23
1476 60.14 67.91 48.42 119.84 17.46
1477 60.18 84.81 49.93 76.70 10.65
1478 60.20 56.18 57.63 118.08 19.60
1479 60.14 88.35 35.80 69.22 8.60
1480 60.23 93.48 11.14 42.70 2.72
1481 60.32 8.46 25.86 56.73 7.01
1482 60.33 11.50 27.73 52.33 8.96
1483 60.24 15.02 27.36 60.56 10.51
1484 60.30 62.03 50.32 115.82 20.04
1485 60.30 20.67 37.37 77.16 13.60
1486 60.24 59.86 53.43 127.72 21.07
1487 60.32 81.87 55.95 84.32 11.51
1488 60.51 18.39 32.30 67.17 11.22
1489 60.55 76.50 58.15 95.33 13.92
1490 60.57 79.05 56.40 86.64 12.66
1491 60.57 25.49 45.65 72.12 14.98
1492 60.55 33.78 53.07 81.97 18.48
1493 60.50 39.43 50.36 85.34 20.07
1494 60.60 36.12 52.87 81.69 17.70
1495 60.61 48.25 51.37 90.93 20.52
1496 60.64 52.01 56.64 102.00 21.04
1497 60.63 58.07 56.06 120.72 21.56
1498 60.74 30.29 73.26 68.35 17.05
1499 60.78 74.24 50.99 101.24 15.32
1500 60.77 71.51 50.70 111.56 16.65
1501 60.95 41.63 63.73 71.86 19.80
1502 61.00 27.84 60.84 62.51 16.72
1503 61.05 46.25 66.02 74.31 20.94
1504 60.89 66.45 48.92 102.09 17.94
1505 61.05 22.30 41.00 59.16 13.76
1506 60.99 43.98 58.84 73.82 20.80
1507 61.04 64.40 46.98 106.68 18.88
1508 61.08 69.32 46.64 104.16 17.64
1509 61.09 60.85 50.78 109.33 20.35
1510 61.22 37.63 62.49 70.85 20.66
1511 61.13 86.99 34.72 65.76 8.55
1512 61.04 12.96 24.50 44.44 9.39
1513 61.13 53.70 59.88 98.98 18.81
1514 61.15 6.82 18.23 43.04 6.06
1515 61.18 16.38 32.82 48.93 11.47
1516 61.19 50.30 59.00 90.14 20.66
1517 61.29 55.78 53.05 97.22 21.30
1518 61.40 90.36 19.45 56.93 6.76
1519 61.20 14.14 25.65 40.80 10.00
1520 61.43 32.48 80.85 65.34 18.16
1521 61.33 92.69 11.51 42.05 2.90
1522 61.49 24.08 50.46 54.64 15.94
1523 61.54 20.40 40.29 51.01 12.59
1524 61.56 59.30 47.42 97.49 19.85
1525 61.49 62.75 50.75 98.09 19.33
1526 61.49 81.03 47.78 73.46 12.38
1527 61.51 84.32 38.05 70.38 9.89
1528 61.53 9.48 23.10 43.29 7.60
1529 61.63 35.03 73.44 60.75 18.97
1530 61.71 39.56 81.08 60.32 20.88
1531 61.66 73.07 47.59 86.59 15.04
1532 61.69 77.54 48.21 83.72 13.98
1533 61.71 29.89 95.27 54.23 19.18
1534 61.72 57.55 54.77 97.79 20.62
1535 61.80 48.39 82.99 68.89 20.94
1536 61.77 67.63 48.40 90.48 18.22
1537 61.88 26.17 80.12 49.19 16.70
1538 61.91 52.50 74.58 87.85 21.38
1539 61.98 43.15 75.24 58.26 21.36
1540 61.99 70.78 47.98 82.72 16.52
1541 62.03 12.23 28.99 37.22 9.52
1542 62.12 18.42 40.92 43.51 12.54
1543 62.08 65.44 49.01 85.27 18.24
1544 62.22 75.35 45.64 80.46 14.58
1545 62.25 88.34 26.00 56.49 8.13
1546 62.04 45.46 86.37 62.23 21.54
1547 62.30 41.31 113.02 55.92 20.49
1548 62.27 54.38 71.88 73.92 20.78
1549 62.39 15.60 43.70 33.43 11.83
1550 62.33 28.03 106.20 47.53 18.75
1551 62.31 50.76 103.52 67.70 20.60
1552 62.26 61.13 52.81 84.80 20.39
1553 62.40 7.12 25.57 33.62 6.29
1554 62.33 37.28 99.08 47.61 20.02
1555 62.49 22.20 58.26 38.41 15.82
1556 62.54 63.39 55.89 77.89 18.84
1557 62.51 32.16 120.94 46.68 20.62
1558 62.64 79.58 42.91 63.86 12.55
1559 62.62 82.83 39.37 57.24 10.50
1560 62.66 34.18 128.34 47.92 23.49
1561 62.68 56.18 78.16 67.93 20.76
1562 62.61 24.44 76.63 36.87 17.19
1563 62.72 58.41 59.00 71.69 20.62
1564 62.66 68.95 55.33 70.97 16.11
1565 62.77 85.56 33.08 54.67 9.89
1566 62.71 47.08 114.65 52.32 24.32
1567 62.63 30.17 116.40 41.87 19.83
1568 62.74 72.75 49.69 66.11 15.01
1569 62.70 9.26 29.33 30.48 7.33
1570 62.61 86.82 28.00 60.00 9.71
1571 62.99 20.24 60.96 34.28 15.57
1572 63.04 67.02 57.52 69.74 18.03
1573 63.06 91.02 13.12 38.10 4.95
1574 62.95 39.61 129.42 46.26 21.58
1575 62.95 44.60 123.89 54.70 23.83
1576 63.03 49.33 138.51 54.25 22.49
1577 63.23 12.22 42.29 26.29 10.35
1578 63.13 36.07 129.79 43.16 23.10
1579 63.29 77.26 45.73 55.76 13.99
1580 63.26 26.36 94.60 37.85 22.88
1581 63.14 52.50 122.81 55.06 21.56
1582 63.27 60.24 84.54 69.66 22.18
1583 63.30 64.85 68.71 63.82 18.97
1584 63.33 70.68 63.21 61.54 16.30
1585 63.44 17.92 60.26 29.54 15.24
1586 63.30 41.99 129.79 48.00 23.62
1587 63.43 74.83 55.20 59.86 14.48
1588 63.57 62.11 88.37 66.34 20.71
1589 63.46 28.67 113.41 36.80 25.03
1590 63.55 32.84 122.73 39.95 27.34
1591 63.57 38.05 130.43 40.91 24.83
1592 63.47 54.70 107.14 62.00 22.67
1593 63.54 30.75 117.65 38.92 24.53
1594 63.61 15.32 50.33 25.75 12.43
1595 63.64 88.21 23.32 43.16 7.63
1596 63.63 23.86 89.48 32.15 21.91
1597 63.78 82.21 36.28 47.11 10.39
1598 63.79 56.85 109.96 61.43 22.09
1599 63.93 21.59 71.14 30.72 21.46
1600 63.87 50.96 153.71 49.63 24.46
1601 63.92 34.84 133.57 41.34 28.14
1602 63.89 48.26 143.75 49.39 26.21
1603 64.08 79.45 47.81 45.61 12.75
1604 63.89 43.83 135.58 45.21 25.40
1605 63.92 46.03 117.32 45.95 25.33
1606 63.95 58.58 104.78 58.80 20.80
1607 64.03 68.59 81.57 61.41 18.57
1608 64.09 72.77 76.12 50.68 15.79
1609 64.14 85.25 33.14 44.40 9.58
1610 64.17 39.94 119.98 41.03 28.58
1611 64.18 53.34 150.14 47.08 24.75
1612 64.26 63.79 104.58 53.32 20.61
1613 64.35 13.70 50.27 23.57 12.51
1614 64.28 27.50 92.25 33.62 32.98
1615 64.32 66.20 84.34 51.64 17.92
1616 64.42 19.32 67.32 26.97 20.22
1617 64.35 36.80 120.89 38.83 31.81
1618 64.44 31.69 111.20 34.68 35.61
1619 64.37 41.92 125.51 41.49 32.11
1620 64.46 60.68 128.40 53.22 22.06
1621 64.60 75.61 67.17 44.17 14.58
1622 64.41 11.92 51.06 21.63 10.29
1623 64.46 25.43 81.88 30.54 34.23
1624 64.54 55.68 132.40 49.60 24.92
1625 64.56 70.67 88.42 47.62 17.14
1626 64.63 9.51 48.27 20.79 10.79
1627 64.67 29.60 96.88 33.31 39.84
1628 64.73 16.38 54.06 22.47 18.22
1629 64.71 33.85 105.70 33.46 34.59
1630 64.82 23.36 70.50 30.67 33.56
1631 64.84 50.01 144.27 46.05 30.00
1632 64.83 88.12 25.84 37.95 7.36
1633 64.96 48.01 131.68 43.96 32.49
1634 64.99 52.03 146.64 43.45 30.78
1635 65.00 38.66 106.52 40.25 40.35
1636 64.96 43.51 117.52 40.95 35.83
1637 64.99 46.03 137.06 41.55 32.29
1638 64.98 59.00 157.89 47.68 25.13
1639 65.14 78.08 58.37 39.75 13.14
1640 65.01 81.94 42.77 38.41 11.64
1641 65.00 62.60 128.34 48.55 22.79
1642 65.10 67.72 95.68 45.70 19.10
1643 65.08 10.64 48.25 16.75 11.17
1644 65.27 21.41 55.41 24.98 36.08
1645 65.16 54.17 135.98 48.48 30.35
1646 65.24 36.14 84.33 35.42 45.62
1647 65.27 72.98 86.24 38.39 18.08
1648 65.28 27.74 82.37 30.20 45.80
1649 65.36 57.20 146.76 45.36 26.58
1650 65.33 65.16 112.92 43.43 22.73
1651 65.34 41.23 89.72 37.74 42.60
1652 65.56 85.16 42.13 31.64 8.62
1653 65.43 14.08 43.03 18.86 16.59
1654 65.24 8.65 43.60 15.60 9.80
1655 65.46 18.99 51.60 21.49 27.42
1656 65.51 25.64 63.26 28.14 50.03
1657 65.37 31.84 87.78 33.91 48.59
1658 65.52 69.79 102.08 41.99 20.06
1659 65.60 12.11 41.81 17.43 16.81
1660 65.74 61.04 129.59 46.69 27.75
1661 65.89 90.57 21.43 28.41 4.39
1662 65.67 34.05 74.87 34.89 54.31
1663 65.75 79.94 60.93 36.71 13.00
1664 65.78 29.83 74.23 32.06 66.23
1665 65.78 44.76 100.28 37.81 44.97
1666 65.82 16.51 40.86 20.31 26.91
1667 65.92 23.31 52.46 25.05 50.84
1668 65.90 39.62 76.73 37.18 66.23
1669 65.88 49.29 104.93 40.81 39.90
1670 65.85 75.78 77.92 37.88 16.82
1671 66.00 55.48 126.83 39.07 34.57
1672 65.99 63.23 123.10 44.76 28.22
1673 66.06 9.68 33.66 14.82 15.28
1674 66.10 37.86 59.44 35.19 78.61
1675 66.02 47.06 104.94 38.48 48.78
1676 66.04 51.52 112.39 38.89 40.35
1677 66.20 88.06 44.02 28.11 7.54
1678 66.09 53.47 123.09 40.02 40.53
1679 66.09 58.97 132.77 42.40 33.37
1680 66.08 66.93 111.69 43.71 26.62
1681 66.07 35.78 54.35 38.16 79.74
1682 66.12 42.86 80.64 36.62 54.50
1683 66.16 32.45 67.73 32.00 72.84
1684 66.18 27.56 55.72 27.41 67.54
1685 66.32 71.26 96.42 37.99 23.15
1686 66.24 80.99 62.62 28.74 13.54
1687 66.51 82.99 60.14 27.11 11.33
1688 66.37 20.90 41.61 22.91 53.48
1689 66.42 73.64 80.78 35.88 20.14
1690 66.54 78.31 79.20 30.57 16.27
1691 66.48 41.27 62.47 37.20 73.44
1692 66.50 13.47 36.32 17.06 29.15
1693 66.55 65.02 105.36 39.94 27.05
1694 66.57 68.80 103.03 37.27 24.46
1695 66.47 18.27 40.55 20.40 45.00
1696 66.58 25.16 46.75 25.15 71.56
1697 66.58 57.34 105.24 37.74 37.69
1698 66.69 30.67 58.23 31.71 94.02
1699 66.71 44.98 76.88 36.74 66.49
1700 66.74 60.66 104.59 39.69 42.09
1701 66.82 84.99 61.00 25.81 10.48
1702 66.91 34.33 45.24 32.93 101.21
1703 66.79 50.42 84.49 35.17 55.34
1704 66.82 48.62 83.78 38.37 62.63
1705 67.04 86.40 59.42 25.55 9.48
1706 66.92 39.49 52.54 34.51 87.46
1707 66.97 36.42 49.86 34.32 94.72
1708 67.09 10.62 31.17 15.36 26.35
1709 67.04 15.86 36.14 18.01 48.44
1710 67.06 23.37 42.54 24.10 71.50
1711 67.08 28.96 51.82 29.73 87.11
1712 66.98 46.70 76.35 39.35 80.18
1713 67.01 62.79 93.11 37.19 36.28
1714 67.03 54.09 86.32 38.14 50.16
1715 67.14 75.90 83.05 29.46 21.84
1716 67.14 32.43 48.38 31.88 108.21
1717 67.14 26.88 49.73 28.49 82.56
1718 67.14 43.32 61.58 35.72 84.72
1719 67.20 52.16 74.53 37.53 65.11
1720 67.23 66.95 90.34 36.13 32.72
1721 67.27 55.96 84.02 36.90 56.27
1722 67.29 59.06 77.22 37.16 48.78
1723 67.38 72.07 90.03 32.38 26.45
1724 67.63 81.22 65.17 24.14 15.66
1725 67.56 21.24 42.08 20.73 78.70
1726 67.48 18.39 39.83 19.65 65.31
1727 67.52 41.42 55.02 34.25 99.11
1728 67.67 69.77 84.08 32.86 34.96
1729 67.62 13.00 34.90 15.93 44.70
1730 67.63 37.88 52.14 34.36 106.39
1731 67.61 64.87 78.08 36.81 38.51
1732 67.73 48.39 55.43 37.19 97.32
1733 67.75 50.26 65.96 37.02 88.68
1734 67.91 78.70 68.65 24.58 19.24
1735 67.74 61.42 74.12 37.19 56.48
1736 67.66 83.16 63.65 21.71 13.06
1737 67.99 25.56 59.17 26.00 100.11
1738 67.91 30.63 55.68 29.14 118.85
1739 67.90 46.31 66.22 35.22 113.18
1740 67.98 74.16 75.51 29.12 29.86
1741 67.99 35.41 55.63 32.21 126.79
1742 68.03 44.46 55.16 34.07 112.02
1743 67.89 53.69 60.39 36.57 76.91
1744 67.91 57.71 63.69 37.16 73.69
1745 68.34 88.05 37.05 20.59 7.45
1746 68.08 84.64 57.13 21.89 12.04
1747 68.06 33.10 50.27 30.98 134.86
1748 68.05 28.04 71.14 27.81 108.70
1749 68.16 39.84 56.94 33.38 110.87
1750 68.13 67.84 73.98 33.80 42.93
1751 68.17 15.23 36.66 16.22 58.36
1752 68.17 55.70 63.49 36.55 81.83
1753 68.23 9.13 22.97 13.23 39.28
1754 68.20 63.44 61.85 36.19 54.11
1755 68.24 59.92 61.98 36.55 73.70
1756 68.34 23.53 60.38 23.21 99.18
1757 68.33 51.83 58.84 36.45 97.75
1758 68.48 19.62 48.54 20.00 86.09
1759 68.41 42.67 62.41 35.04 123.06
1760 68.56 76.78 64.16 27.20 28.43
1761 68.49 71.75 74.75 29.32 42.09
1762 68.61 65.71 63.98 33.68 56.42
1763 68.81 17.29 43.61 17.75 73.16
1764 68.66 37.79 66.46 33.31 120.93
1765 68.69 47.85 78.74 37.56 121.72
1766 68.75 12.47 33.73 14.25 59.94
1767 68.72 62.15 54.71 36.67 73.38
1768 68.91 29.54 90.89 29.45 125.09
1769 68.89 53.97 63.82 35.59 111.88
1770 68.86 58.11 54.74 34.30 97.32
1771 69.01 21.51 71.62 20.55 103.34
1772 68.96 49.72 72.30 35.98 120.13
1773 69.00 82.51 47.00 19.71 18.02
1774 68.98 27.30 94.16 25.68 125.46
1775 69.01 31.75 76.91 29.55 134.57
1776 68.99 33.96 76.51 30.58 145.28
1777 68.98 45.88 73.48 35.46 127.98
1778 69.01 69.87 61.45 30.26 58.86
1779 69.05 41.31 78.47 33.08 134.87
1780 69.07 80.23 48.75 22.46 23.37
1781 69.16 36.03 85.30 33.03 145.92
1782 69.11 74.68 67.49 25.32 43.41
1783 69.17 56.10 59.82 34.75 100.51
1784 69.11 60.28 51.79 36.12 88.92
1785 69.12 67.66 62.68 31.14 62.00
1786 69.24 84.09 45.62 20.42 16.13
1787 69.35 86.32 36.51 18.93 12.06
1788 69.38 25.46 95.22 24.16 118.95
1789 69.29 44.08 80.81 35.32 145.83
1790 69.35 64.14 56.80 34.27 74.47
1791 69.49 39.65 94.29 32.37 148.46
1792 69.36 51.94 72.09 32.68 117.26
1793 69.48 15.01 51.99 15.37 76.27
1794 69.58 72.86 55.64 27.84 61.33
1795 69.58 23.24 95.55 21.66 118.48
1796 69.61 62.08 54.68 34.56 89.72
1797 69.77 19.20 61.99 18.35 102.04
1798 69.78 47.28 102.46 36.38 141.13
1799 69.75 66.19 54.11 31.11 76.19
1800 69.76 77.44 50.82 23.46 39.39
1801 69.86 37.93 96.57 31.97 158.47
1802 69.87 59.16 62.19 34.94 121.15
1803 69.85 12.28 45.06 13.36 66.57
1804 69.99 28.23 100.35 26.93 139.98
1805 70.02 34.55 105.86 31.26 157.53
1806 69.97 42.41 125.88 33.79 156.80
1807 69.93 50.11 93.89 34.17 145.08
1808 70.00 53.82 89.75 32.88 124.69
1809 70.10 30.27 105.88 28.76 143.30
1810 70.08 71.26 52.25 27.96 75.54
1811 70.11 32.47 106.00 28.85 157.05
1812 70.19 57.62 78.74 33.57 131.54
1813 70.04 68.76 54.74 29.18 81.55
1814 70.19 55.68 85.26 33.19 123.43
1815 70.26 80.22 39.99 21.45 35.23
1816 70.29 45.10 113.80 36.62 162.98
1817 70.37 75.10 45.16 25.59 58.29
1818 70.39 83.06 34.15 19.46 26.14
1819 70.44 16.62 71.62 15.72 92.64
1820 70.42 21.55 88.83 21.27 124.20
1821 70.45 60.79 72.98 35.28 116.83
1822 70.53 26.42 92.54 24.94 137.38
1823 70.55 36.32 114.09 30.60 148.28
1824 70.45 52.07 93.13 34.66 133.57
1825 70.49 63.09 64.88 32.37 102.93
1826 70.58 48.32 113.96 36.12 153.80
1827 70.62 65.19 66.67 30.88 103.15
1828 70.68 86.03 26.44 17.29 14.48
1829 70.52 10.15 44.60 12.11 47.34
1830 70.58 24.24 91.17 23.17 127.05
1831 70.64 40.73 126.45 34.56 161.20
1832 70.82 14.27 62.45 13.81 83.12
1833 70.90 67.44 66.80 29.53 98.15
1834 70.81 77.24 43.72 22.41 58.61
1835 70.95 38.62 124.25 32.57 171.49
1836 70.85 43.26 139.90 34.00 179.73
1837 70.91 50.25 130.79 35.08 152.40
1838 71.01 18.61 69.12 17.28 110.85
1839 70.96 70.30 57.76 27.10 97.55
1840 71.12 46.56 126.75 34.83 165.58
1841 71.11 73.28 48.22 25.99 81.92
1842 71.10 11.89 56.56 12.87 72.58
1843 71.05 33.86 115.04 30.05 150.95
1844 71.11 28.53 94.86 28.37 135.97
1845 71.05 31.35 116.83 29.70 146.17
1846 71.08 54.56 117.05 34.54 143.44
1847 71.23 59.07 102.55 32.29 133.95
1848 71.20 56.99 125.79 34.08 148.96
1849 71.17 78.42 37.95 21.87 52.71
1850 71.50 52.41 128.52 35.71 152.29
1851 71.47 61.34 102.61 33.52 119.47
1852 71.47 80.83 32.13 19.10 44.47
1853 71.48 63.62 97.51 31.33 121.43
1854 71.50 20.91 70.94 19.28 119.28
1855 71.54 23.49 71.77 21.55 125.52
1856 71.71 84.17 26.77 17.42 29.83
1857 71.66 25.96 82.47 24.16 127.34
1858 71.58 36.83 123.00 31.62 160.58
1859 71.56 44.58 128.39 33.67 168.05
1860 71.72 39.99 133.26 35.43 178.74
1861 71.66 48.52 140.46 33.04 171.21
1862 71.74 42.06 140.08 32.92 163.71
1863 71.73 65.91 94.25 30.63 115.57
1864 71.85 76.25 44.10 22.94 75.68
1865 71.85 15.83 63.92 15.00 93.81
1866 71.80 69.02 72.87 30.02 113.55
1867 71.90 30.18 84.57 27.72 134.08
1868 71.97 32.53 92.03 28.00 138.67
1869 71.88 50.65 148.74 35.65 172.50
1870 72.03 71.48 58.41 25.95 111.54
1871 71.93 34.89 91.48 31.39 144.28
1872 72.01 56.00 133.63 35.33 156.26
1873 72.04 53.97 134.96 32.52 153.59
1874 72.22 12.72 54.48 12.18 73.46
1875 72.26 27.96 70.52 24.84 136.59
1876 72.29 38.35 118.74 33.83 169.17
1877 72.39 57.93 145.63 33.14 156.62
1878 72.30 18.57 54.16 16.49 103.08
1879 72.35 47.03 132.68 33.51 171.48
1880 72.39 60.03 131.86 34.00 139.14
1881 72.52 79.19 39.15 19.92 63.83
1882 72.53 61.99 130.45 31.28 133.47
1883 72.52 74.19 60.83 23.28 96.08
1884 72.55 64.04 118.55 30.57 133.21
1885 72.57 23.99 49.17 21.43 113.40
1886 72.55 45.03 126.40 32.63 172.81
1887 72.59 21.31 54.29 18.65 116.65
1888 72.65 42.95 128.33 34.02 172.65
1889 72.61 68.15 102.68 27.86 123.75
1890 72.66 49.47 133.17 31.98 167.98
1891 72.73 82.47 29.63 17.79 44.92
1892 72.72 36.36 94.04 31.41 155.37
1893 72.76 40.56 106.90 32.13 159.92
1894 72.78 51.88 140.80 31.75 161.14
1895 72.86 65.99 113.17 30.63 128.75
1896 73.00 26.33 47.55 22.79 131.46
1897 72.91 29.87 56.97 26.06 134.36
1898 72.94 34.25 70.39 29.39 149.65
1899 72.95 56.07 142.36 33.79 154.36
1900 72.99 53.91 142.14 33.27 153.00
1901 73.03 16.05 46.34 14.72 93.61
1902 73.04 32.19 60.44 27.98 135.89
1903 73.10 71.76 82.24 23.63 109.93
1904 73.24 76.95 54.54 19.91 92.50
1905 73.34 12.96 43.79 12.55 71.78
1906 73.34 59.07 135.00 32.52 157.96
1907 73.40 48.32 100.76 31.75 173.08
1908 73.33 38.33 78.98 32.37 141.77
1909 73.44 46.27 93.19 33.54 168.56
1910 73.67 41.97 82.46 31.55 155.11
1911 73.57 18.61 37.13 16.52 98.29
1912 73.62 44.05 89.26 32.76 165.80
1913 73.69 61.20 133.71 32.48 141.17
1914 73.59 63.24 136.74 31.70 143.31
1915 73.61 21.70 37.78 19.04 111.15
1916 73.71 28.32 39.15 25.69 118.44
1917 73.65 50.70 122.76 34.02 178.16
1918 73.68 67.71 114.62 27.90 131.76
1919 73.88 69.91 104.36 24.81 123.04
1920 73.76 81.31 35.42 15.88 62.26
1921 73.78 24.23 35.32 19.73 118.71
1922 73.81 35.92 59.37 31.44 141.10
1923 73.85 57.25 129.55 33.23 167.27
1924 73.87 74.95 68.91 20.79 113.41
1925 73.85 52.72 112.50 33.58 157.35
1926 73.85 54.91 124.57 33.20 149.61
1927 73.99 65.09 138.80 29.52 143.26
1928 73.87 30.95 42.45 25.16 132.40
1929 73.94 33.65 49.75 27.11 126.15
1930 73.98 40.13 64.89 32.09 149.11
1931 74.14 14.83 31.29 13.29 80.68
1932 74.30 25.95 31.27 23.01 118.18
1933 74.33 72.81 92.59 23.37 121.27
1934 74.38 78.76 57.20 17.38 86.29
1935 74.41 47.59 72.43 31.25 163.61
1936 74.50 84.27 24.39 14.51 29.88
1937 74.36 37.68 52.64 30.80 127.97
1938 74.43 45.47 58.85 32.55 159.70
1939 74.47 49.56 81.87 31.36 159.72
1940 74.37 59.55 125.14 31.57 160.90
1941 74.67 19.93 28.83 17.04 93.94
1942 74.78 17.03 26.55 14.49 84.88
1943 74.67 63.09 123.81 32.30 152.72
1944 74.63 66.74 119.76 28.96 146.17
1945 74.79 22.29 27.43 19.58 95.86
1946 74.79 30.18 35.98 24.88 104.45
1947 74.75 43.40 50.50 30.96 147.27
1948 74.74 51.51 81.53 32.57 148.82
1949 74.79 53.85 101.78 32.13 150.78
1950 74.87 55.83 95.45 33.26 144.03
1951 74.84 27.76 31.71 23.55 102.55
1952 74.85 32.45 37.19 28.11 100.60
1953 74.87 35.06 38.57 29.23 115.62
1954 74.87 57.93 93.17 32.13 147.98
1955 74.97 39.41 45.24 30.29 121.22
1956 75.03 41.53 42.35 31.93 132.83
1957 75.18 76.53 70.37 19.33 97.20
1958 75.06 61.00 105.42 32.37 149.97
1959 75.15 71.12 99.99 24.38 119.58
1960 75.14 68.68 109.71 27.28 128.03
1961 75.19 81.91 44.85 16.13 55.90
1962 75.32 24.23 25.86 20.43 93.20
1963 75.42 46.91 53.07 31.98 142.29
1964 75.44 14.66 21.13 12.76 68.38
1965 75.39 37.17 39.19 30.98 104.72
1966 75.48 48.85 58.07 32.91 142.48
1967 75.44 65.37 110.45 27.88 135.71
1968 75.55 44.89 41.64 30.66 128.48
1969 75.61 73.80 82.85 20.75 106.52
1970 75.67 52.71 63.56 30.95 142.91
1971 75.82 58.91 70.58 29.03 134.49
1972 75.77 79.46 67.13 16.10 80.15
1973 75.83 29.78 32.35 27.46 98.68
1974 75.79 33.56 37.32 28.46 93.05
1975 75.79 62.59 87.66 30.97 136.23
1976 75.75 18.37 21.49 15.12 81.03
1977 75.75 84.11 33.27 13.89 27.04
1978 75.96 50.58 49.05 31.97 133.06
1979 75.91 54.85 65.30 31.39 137.29
1980 75.94 27.71 33.27 21.80 86.28
1981 75.92 56.97 62.36 31.57 135.36
1982 76.02 38.96 36.40 30.65 103.86
1983 76.00 21.39 24.39 18.11 79.27
1984 76.21 25.46 28.17 20.68 79.85
1985 76.07 31.67 37.16 28.54 88.02
1986 76.08 35.48 37.76 30.64 89.98
1987 76.03 43.13 41.22 31.45 126.53
1988 76.11 41.02 39.31 32.27 110.36
1989 76.25 60.56 64.47 30.11 124.66
1990 76.25 68.22 96.74 25.45 119.73
1991 76.36 70.69 87.57 23.20 119.26
1992 76.52 64.01 78.07 29.15 126.49
1993 76.43 46.09 42.19 30.48 111.53
1994 76.53 48.37 41.47 30.72 112.40
1995 76.61 75.99 70.25 19.08 100.67
1996 76.53 66.21 87.08 27.73 127.15
1997 76.54 15.65 19.27 12.57 56.77
1998 76.57 37.42 38.77 29.58 88.39
1999 76.65 52.32 44.59 30.71 126.62
2000 76.76 81.84 47.23 15.02 52.49
2001 76.76 23.15 31.50 19.42 67.82
2002 76.80 18.86 24.47 15.14 63.68
2003 76.90 73.38 73.29 20.78 114.87
2004 77.00 78.71 66.33 17.26 92.98
2005 76.96 33.82 50.85 26.15 79.87
2006 76.96 54.24 44.48 32.10 123.88
2007 76.91 29.51 44.91 26.22 76.55
2008 76.90 56.28 44.85 30.98 120.07
2009 77.12 44.35 50.15 32.23 100.86
2010 76.99 58.61 45.89 30.45 112.52
2011 77.05 61.85 55.44 32.40 122.71
2012 77.10 27.31 46.39 22.44 69.69
2013 77.16 40.14 45.84 30.61 86.85
2014 77.21 42.29 50.25 30.37 95.49
2015 77.14 50.38 41.00 30.41 111.46
2016 77.15 31.59 50.61 25.68 72.60
2017 77.31 35.93 60.83 29.00 76.42
2018 77.61 21.08 34.14 16.93 49.56
2019 77.43 46.71 43.71 29.69 100.36
2020 77.49 68.69 69.70 23.30 119.75
2021 77.62 71.52 63.89 21.14 120.10
2022 77.59 24.98 44.71 20.40 57.86
2023 77.62 38.08 58.75 28.60 73.17
2024 77.58 66.07 60.32 27.22 126.40
2025 77.73 48.85 42.84 31.98 97.75
2026 77.73 15.98 23.38 13.64 45.09
2027 77.68 63.68 51.10 28.12 120.83
2028 77.73 60.21 41.36 28.80 119.27
2029 77.71 52.41 40.40 30.28 110.28
2030 77.84 56.80 38.48 31.02 110.83
2031 78.10 77.29 57.53 16.14 90.96
2032 78.06 18.45 35.74 15.75 43.00
2033 78.02 29.86 64.64 25.71 61.35
2034 78.02 54.42 41.64 33.94 113.40
2035 78.09 32.59 82.78 27.95 60.92
2036 78.22 34.62 88.66 28.50 62.03
2037 78.15 74.34 58.14 19.13 106.27
2038 78.22 45.23 64.92 31.41 79.05
2039 78.38 80.16 42.09 15.21 62.13
2040 78.30 58.62 34.83 29.58 103.17
2041 78.34 27.61 64.08 22.94 50.30
2042 78.40 43.21 75.72 30.81 75.97
2043 78.38 50.86 46.51 30.67 96.22
2044 78.41 61.77 35.07 27.45 107.51
2045 78.40 39.54 78.64 30.78 67.83
2046 78.59 22.76 53.29 18.95 45.50
2047 78.55 36.53 91.03 28.65 60.94
2048 78.71 41.26 82.58 31.98 74.89
2049 78.54 47.45 63.93 30.20 87.46
2050 78.71 70.49 53.68 21.97 121.27
2051 78.66 65.52 38.92 25.93 121.99
2052 78.67 67.92 44.70 21.87 123.03
2053 78.88 25.09 59.56 20.41 46.07
2054 78.82 52.64 54.24 30.02 90.95
2055 78.75 55.58 42.59 27.61 89.63
2056 79.01 31.40 92.42 25.81 50.52
2057 78.96 49.20 67.00 32.16 89.55
2058 79.02 63.53 34.26 26.60 104.97
2059 79.21 16.86 37.27 13.28 31.93
2060 79.23 19.19 47.81 16.25 36.61
2061 79.21 57.73 38.24 28.72 84.86
2062 79.26 33.57 104.14 25.79 50.29
2063 79.30 38.00 102.36 29.97 58.67
2064 79.19 60.27 32.54 29.32 89.62
2065 79.40 72.94 43.74 19.08 107.54
2066 79.34 29.41 90.60 24.52 50.39
2067 79.42 46.23 91.90 32.39 64.10
2068 79.42 75.78 46.88 16.71 94.72
2069 79.60 44.35 97.61 31.44 63.26
2070 79.54 78.57 40.93 14.76 77.28
2071 79.54 27.14 75.57 21.23 44.17
2072 79.68 53.83 70.35 29.29 76.37
2073 79.68 35.77 108.71 28.78 52.35
2074 79.64 42.53 101.68 31.04 63.41
2075 79.69 50.44 91.58 32.83 70.41
2076 79.82 39.81 112.35 32.28 56.33
2077 79.73 66.76 32.48 21.70 112.84
2078 79.91 20.97 59.37 16.88 33.22
2079 79.74 55.89 51.69 28.69 73.67
2080 79.88 62.04 30.52 27.42 89.60
2081 79.91 69.91 34.70 19.05 108.30
2082 79.97 23.68 74.91 18.29 35.42
2083 80.04 47.90 92.27 31.98 61.12
2084 80.01 59.13 42.82 28.22 79.43
2085 80.11 64.35 28.99 25.14 92.54
2086 80.15 51.93 97.20 30.64 64.37
2087 80.22 31.13 105.45 26.32 44.65
2088 80.35 33.48 111.79 25.59 48.49
2089 80.42 37.54 109.07 28.95 52.57
2090 80.58 28.42 83.96 22.92 38.09
2091 80.52 41.73 127.02 31.68 53.14
2092 80.59 57.05 56.54 30.00 66.00
2093 80.59 25.91 75.83 21.27 36.44
2094 80.60 45.80 107.11 30.23 52.12
2095 80.80 75.04 26.79 16.53 81.48
2096 80.83 72.54 27.18 17.62 92.08
2097 80.73 77.52 24.82 14.73 64.27
2098 80.73 49.44 120.81 30.09 55.37
2099 80.79 60.92 41.86 27.59 69.55
2100 80.75 68.03 28.24 20.11 99.67
2101 80.87 35.24 116.93 27.16 49.59
2102 80.92 43.72 118.52 30.77 52.95
2103 80.84 55.01 76.66 30.37 61.44
2104 81.07 53.00 100.18 29.98 59.90
2105 81.11 65.73 29.31 22.89 84.36
2106 81.08 21.27 72.15 16.98 28.95
2107 81.02 40.09 120.48 30.63 51.37
2108 81.17 58.62 62.68 26.91 60.40
2109 81.20 63.42 35.56 24.06 70.96
2110 81.34 51.00 119.68 32.97 54.25
2111 81.35 23.57 80.76 17.60 29.81
2112 81.32 47.48 125.94 32.39 51.42
2113 81.31 30.38 89.19 24.53 41.08
2114 81.46 70.40 28.34 19.25 88.75
2115 81.43 38.27 123.00 29.92 47.68
2116 81.43 32.75 109.64 26.26 42.21
2117 81.71 41.99 135.59 31.17 47.17
2118 81.79 36.36 119.79 28.02 47.02
2119 81.76 27.89 83.75 23.03 34.83
2120 81.71 45.41 122.83 30.93 49.93
2121 81.78 56.39 75.00 29.59 55.61
2122 81.77 25.66 77.16 19.15 32.35
2123 82.01 54.51 93.06 30.52 52.08
2124 82.00 49.31 124.69 29.97 49.24
2125 81.99 60.12 65.55 25.17 53.64
2126 82.19 62.11 54.28 25.16 57.87
2127 82.12 19.28 62.18 14.90 24.33
2128 82.08 68.07 29.40 18.97 76.08
2129 82.21 34.24 104.61 26.07 38.51
2130 82.19 40.00 124.58 28.85 46.76
2131 82.27 75.45 19.40 14.33 64.71
2132 82.32 72.76 21.50 16.95 71.25
2133 82.26 43.65 119.41 31.70 46.14
2134 82.34 31.21 90.41 25.72 36.74
2135 82.19 52.28 108.79 30.04 52.00
2136 82.40 65.86 36.33 20.44 64.38
2137 82.34 58.08 86.24 28.05 48.76
2138 82.51 21.81 61.55 15.93 25.04
2139 82.49 47.24 144.88 33.68 49.27
2140 82.56 29.16 81.48 23.48 35.86
2141 82.62 38.22 117.82 27.56 41.11
2142 82.84 63.80 57.19 22.52 52.49
2143 82.91 24.08 68.03 17.29 28.57
2144 82.82 45.53 121.81 31.37 44.63
2145 82.96 51.12 122.82 29.93 48.34
2146 82.91 41.57 122.89 29.89 45.20
2147 83.01 70.12 27.69 16.70 68.06
2148 82.95 26.51 75.57 20.64 32.74
2149 82.96 55.90 97.89 29.35 50.43
2150 82.98 36.26 110.27 26.85 37.68
2151 83.06 32.78 91.81 24.72 34.58
2152 83.09 49.09 122.93 29.59 46.64
2153 83.07 53.40 116.15 27.77 47.11
2154 82.97 28.21 77.33 21.00 27.13
2155 83.26 60.42 80.02 25.64 41.65
2156 83.38 19.46 52.12 13.60 19.43
2157 83.36 43.67 127.15 30.48 43.74
2158 83.36 58.09 89.83 28.84 43.33
2159 83.58 30.13 81.98 21.73 31.70
2160 83.71 75.16 15.92 13.78 41.22
2161 83.67 67.82 38.02 18.09 52.45
2162 83.62 34.65 96.39 27.08 37.28
2163 83.78 72.43 21.57 15.66 53.24
2164 83.65 40.24 113.09 26.28 38.24
2165 83.72 47.30 125.95 29.32 43.45
2166 83.70 38.26 101.25 27.22 33.75
2167 83.91 65.05 62.71 21.31 44.92
2168 84.02 22.07 49.76 16.10 21.70
2169 83.88 45.40 115.51 28.19 43.17
2170 83.89 54.85 112.07 28.44 44.70
2171 83.87 28.07 68.15 19.12 31.03
2172 84.08 62.35 79.00 23.30 43.43
2173 84.15 50.74 118.33 29.39 40.75
2174 84.09 26.77 72.31 18.29 27.49
2175 84.10 42.19 105.29 27.56 37.73
2176 84.11 52.54 112.20 27.80 46.14
2177 84.16 24.51 59.74 16.62 25.28
2178 84.18 32.48 97.38 23.87 38.26
2179 84.19 48.88 112.32 31.53 39.72
2180 84.26 57.38 98.44 25.67 42.84
2181 84.24 36.35 76.95 25.34 33.73
2182 84.47 59.85 90.11 23.79 38.63
2183 84.58 70.47 31.85 16.14 43.58
2184 84.67 20.18 44.65 13.13 18.42
2185 84.75 43.96 87.51 29.43 39.22
2186 84.74 40.34 94.32 27.55 35.86
2187 84.86 38.19 88.44 28.11 32.49
2188 84.82 30.05 64.61 21.80 30.36
2189 84.83 34.30 71.97 25.84 34.69
2190 84.79 46.31 108.29 30.26 37.89
2191 85.01 67.12 57.98 17.55 36.86
2192 84.91 55.80 100.15 25.58 40.47
2193 84.92 74.22 21.05 13.05 31.27
2194 84.95 53.59 102.06 27.86 38.84
2195 85.13 25.78 49.20 18.75 24.58
2196 85.13 27.83 58.97 19.72 27.64
2197 85.16 49.03 101.60 28.51 39.37
2198 85.27 64.64 80.88 21.12 36.09
2199 85.25 42.07 90.62 28.27 36.05
2200 85.35 22.88 41.70 14.90 20.49
2201 85.38 62.11 93.94 21.75 35.21
2202 85.37 31.91 53.03 21.78 29.15
2203 85.42 51.01 85.88 28.80 36.56
2204 85.42 57.79 93.69 25.52 38.19
2205 85.48 35.96 63.42 25.51 31.83
2206 85.69 69.49 48.01 15.27 33.02
2207 85.67 47.22 94.60 28.22 34.85
2208 85.80 59.85 98.67 22.85 37.04
2209 85.91 72.71 28.96 14.85 30.80
2210 85.89 45.31 84.85 27.14 34.71
2211 85.84 39.84 69.28 26.10 29.73
2212 86.03 29.53 44.91 18.45 25.07
2213 86.04 33.70 53.09 22.59 28.20
2214 86.02 43.50 72.75 26.20 31.98
2215 85.99 53.41 83.85 26.45 36.02
2216 85.98 55.52 86.90 24.05 36.16
2217 86.15 37.49 55.51 24.82 27.64
2218 86.20 24.65 42.61 16.29 21.10
2219 86.35 48.75 81.84 29.95 33.88
2220 86.49 27.07 37.74 18.53 23.69
2221 86.42 41.67 67.46 27.19 30.28
2222 86.62 67.26 64.67 16.37 28.04
2223 86.68 64.62 77.06 18.62 30.95
2224 86.72 50.34 66.60 26.97 31.93
2225 86.68 52.30 78.47 26.29 32.72
2226 86.62 57.49 85.31 24.73 32.70
2227 86.64 31.65 39.41 20.12 26.90
2228 86.74 62.14 88.70 20.35 31.62
2229 86.77 35.24 45.94 23.08 26.16
2230 86.80 70.34 49.86 14.47 23.50
2231 86.86 46.55 74.07 27.93 33.03
2232 86.90 39.09 47.33 25.04 27.35
2233 87.06 44.54 59.79 28.38 31.62
2234 87.11 55.40 74.54 23.39 31.05
2235 87.16 59.70 84.47 21.68 29.16
2236 86.94 71.63 40.09 15.95 22.91
2237 87.22 23.41 32.51 13.88 17.62
2238 87.32 29.16 32.41 17.33 20.31
2239 87.04 33.04 37.42 21.17 25.00
2240 87.36 36.93 38.35 23.21 25.42
2241 87.40 42.76 48.62 26.04 27.60
2242 87.50 48.09 62.27 26.76 32.03
2243 87.53 33.31 33.90 20.67 22.33
2244 87.50 40.68 50.12 24.99 26.03
2245 87.90 68.91 58.25 15.59 20.42
2246 87.84 27.49 27.41 17.59 21.28
2247 87.76 53.83 55.74 25.52 29.75
2248 87.77 51.53 52.88 25.26 27.72
2249 88.05 66.43 69.76 17.23 23.18
2250 87.99 57.56 62.56 21.62 29.39
2251 88.03 61.75 73.33 20.51 28.13
2252 87.90 31.32 28.86 20.07 21.52
2253 88.16 64.12 70.62 18.93 26.38
2254 88.04 25.28 25.40 15.97 16.23
2255 87.96 45.96 45.57 24.62 26.81
2256 88.14 34.67 28.03 21.39 23.24
2257 88.18 49.47 48.27 25.06 28.55
2258 88.30 38.97 31.52 24.22 25.49
2259 88.32 43.68 35.54 25.40 26.62
2260 88.42 36.82 27.40 24.10 24.68
2261 88.64 59.72 61.46 19.77 25.37
2262 88.64 29.28 20.94 17.84 19.22
2263 88.53 30.78 23.37 19.37 17.55
2264 88.63 41.41 31.01 25.34 23.75
2265 88.71 55.65 46.43 23.00 25.86
2266 88.79 32.56 21.66 20.07 22.00
2267 88.83 53.26 40.32 21.68 24.98
2268 89.01 48.11 39.51 24.82 24.75
2269 88.96 26.39 19.32 15.32 16.88
2270 89.05 50.87 37.45 25.32 25.78
2271 89.00 45.69 29.37 25.14 25.54
2272 89.52 67.85 46.06 14.43 16.58
2273 89.32 34.45 19.89 20.67 18.95
2274 89.31 43.59 25.15 23.55 23.33
2275 89.40 62.49 53.91 17.78 22.32
2276 89.51 65.29 53.21 15.88 20.25
2277 89.40 37.11 21.63 22.04 21.79
2278 89.52 57.73 44.74 20.41 24.07
2279 89.55 39.63 18.98 24.49 19.37
2280 89.58 30.04 15.84 15.82 17.84
2281 89.63 41.50 21.50 23.42 23.04
2282 89.69 28.09 15.84 15.85 16.53
2283 89.79 46.94 23.41 21.84 25.48
2284 89.89 52.81 28.74 21.05 23.55
2285 90.03 55.51 35.03 21.98 21.68
2286 89.98 60.14 48.15 18.99 21.56
2287 90.04 31.02 16.76 16.84 15.65
2288 90.10 50.52 25.42 23.12 24.19
2289 90.12 35.68 17.80 21.50 21.46
2290 90.25 44.67 20.18 23.99 22.12
2291 90.36 48.75 20.17 23.09 21.17
2292 90.19 38.73 19.16 23.32 20.00
2293 90.55 34.07 16.33 19.40 17.32
2294 90.48 42.66 18.26 23.15 21.89
2295 90.46 37.37 18.03 21.33 17.81
2296 90.67 40.42 18.89 21.86 18.32
2297 90.49 28.96 13.96 16.58 16.50
2298 90.71 63.02 42.10 16.89 17.71
2299 90.77 66.04 41.04 14.65 14.36
2300 90.58 25.85 13.30 15.00 11.70
2301 90.99 58.38 38.71 18.74 18.87
2302 90.93 52.13 20.30 21.09 21.01
2303 90.95 30.71 13.60 16.51 16.33
2304 90.94 28.02 14.08 15.96 12.96
2305 90.97 54.38 25.11 20.29 19.20
2306 91.22 60.96 36.74 16.12 17.13
2307 90.82 26.47 16.00 17.67 12.33
2308 91.15 35.43 14.56 20.47 15.86
2309 91.02 46.84 19.00 20.14 19.64
2310 91.36 36.75 15.39 19.77 17.77
2311 91.17 29.36 11.50 17.64 13.05
2312 91.15 37.98 19.47 20.47 17.33
2313 91.49 50.21 17.49 19.62 20.78
2314 91.10 42.20 17.30 22.50 19.90
2315 91.69 56.62 25.93 17.19 17.94
2316 91.69 38.60 17.23 19.47 18.88
2317 91.76 41.04 17.37 20.41 17.39
2318 91.87 64.40 32.43 14.93 14.02
2319 91.70 43.77 17.88 21.18 20.26
2320 91.85 46.18 16.43 21.43 18.62
2321 91.64 29.07 11.00 16.17 14.25
2322 92.02 54.58 18.68 20.58 16.79
2323 91.67 30.20 14.56 16.00 12.22
2324 92.16 52.68 17.32 20.15 17.54
2325 91.92 27.16 12.67 11.22 13.44
2326 92.42 60.39 22.75 15.11 14.46
2327 92.36 28.18 11.31 14.63 12.77
2328 92.59 62.80 23.20 14.97 12.90
2329 92.71 58.36 17.61 17.39 15.58
2330 92.66 49.22 15.16 18.10 17.10
2331 92.71 35.94 14.19 18.71 14.49
2332 92.65 40.31 16.62 19.34 17.34
2333 92.72 45.01 16.01 19.85 15.72
2334 92.88 51.71 16.55 19.55 17.04
2335 93.03 56.37 16.70 17.84 14.53
2336 93.09 42.49 15.76 19.30 17.32
2337 93.32 34.66 12.33 17.16 12.74
2338 93.34 31.82 10.23 16.08 11.72
2339 93.34 54.24 15.75 17.28 15.46
2340 93.84 46.88 15.30 19.11 15.49
2341 93.60 51.74 13.69 19.38 16.15
2342 93.93 52.88 13.53 18.59 13.08
2343 94.01 36.72 13.05 16.65 14.23
2344 93.79 57.50 13.55 17.80 12.55
2345 94.02 41.58 13.76 18.15 14.71
2346 94.04 58.46 12.28 15.31 12.72
2347 94.06 39.64 13.92 18.95 13.14
2348 94.45 43.69 14.63 17.81 14.41
2349 94.26 50.31 13.31 18.00 15.14
2350 94.46 35.30 11.81 16.40 11.95
2351 94.24 59.85 11.96 14.10 10.62
2352 94.49 33.81 11.32 15.91 10.09
2353 94.78 56.30 13.33 15.47 10.53
2354 94.57 38.41 12.75 16.95 10.80
2355 94.82 51.82 12.60 16.18 12.66
2356 95.05 48.88 13.99 17.14 13.35
2357 94.95 54.37 12.39 16.21 11.46
2358 94.94 39.95 12.80 17.46 12.64
2359 94.88 41.59 14.41 17.00 13.86
2360 95.12 42.92 12.10 17.16 11.90
2361 95.28 35.97 11.07 15.52 9.86
2362 95.53 37.57 12.56 15.17 12.13
2363 95.26 50.70 15.00 16.82 11.27
2364 95.60 57.43 11.10 14.64 9.28
2365 95.50 43.87 11.50 17.19 12.50
2366 95.45 39.78 14.00 15.00 13.00
2367 96.19 45.69 11.54 16.54 10.36
2368 95.70 53.31 11.50 16.50 11.56
2369 95.85 39.20 13.15 15.67 11.02
2370 95.83 42.03 12.10 16.24 11.69
2371 96.20 50.98 11.25 16.02 11.13
2372 96.17 47.73 12.10 16.53 11.72
2373 96.29 55.69 9.17 14.35 8.89
2374 96.10 36.39 12.69 14.27 8.58
2375 96.11 54.07 12.31 16.06 10.31
2376 96.58 44.40 13.38 15.56 12.06
2377 96.24 49.07 13.04 15.37 10.04
2378 96.13 41.14 9.00 14.00 9.50
2379 96.70 52.79 12.30 14.64 11.56
2380 96.98 39.88 11.02 14.95 9.64
2381 96.87 42.48 11.84 14.81 8.69
2382 97.35 48.10 10.38 13.92 9.75
2383 97.24 50.58 10.68 15.05 9.07

