
0 2.16 45.74 9.71 12.13 77.93
1 2.62 48.47 9.64 11.05 74.65
2 2.72 42.89 10.66 11.98 90.46
3 3.27 40.38 10.66 12.88 95.68
4 3.63 45.73 11.90 12.64 98.88
5 3.69 50.56 11.79 12.65 93.60
6 3.91 53.13 11.57 11.02 91.11
7 4.10 47.97 11.77 12.42 88.84
8 4.18 43.44 12.40 13.01 95.41
9 4.58 40.66 13.28 13.44 106.55
10 4.66 55.18 11.54 11.77 88.40
11 4.89 37.86 11.39 12.80 97.77
12 4.93 50.31 12.67 12.53 97.83
13 5.47 45.59 14.35 12.78 92.92
14 5.42 52.97 13.52 12.62 100.56
15 5.56 48.00 14.13 13.97 107.09
16 5.55 43.10 13.48 14.07 108.51
17 5.94 40.55 14.00 13.37 112.67
18 6.02 55.55 14.37 11.70 100.10
19 6.11 50.88 15.03 13.76 117.82
20 6.20 36.96 13.17 13.76 112.39
21 6.62 34.09 11.94 12.68 106.12
22 6.75 58.33 12.01 11.12 93.70
23 6.88 48.91 16.39 14.12 119.52
24 6.93 52.61 15.28 12.56 112.14
25 6.92 45.78 16.71 15.11 116.04
26 6.94 43.08 16.73 14.79 128.93
27 7.03 39.31 14.61 13.95 123.45
28 7.11 55.03 15.78 13.08 119.77
29 7.61 36.47 13.41 13.30 119.60
30 7.86 41.45 14.74 14.98 127.34
31 7.88 56.96 14.81 11.91 108.88
32 7.96 51.02 17.07 13.82 125.30
33 7.97 33.65 13.49 14.78 130.50
34 7.96 47.55 17.22 13.61 126.40
35 8.08 59.36 14.77 11.08 108.85
36 8.26 45.00 16.62 14.23 111.27
37 8.20 53.95 15.99 13.25 125.13
38 8.43 38.74 15.44 14.59 127.26
39 8.87 49.06 18.69 14.90 124.59
40 8.90 31.09 12.46 14.04 115.75
41 8.92 42.86 16.67 15.15 138.58
42 8.99 35.31 14.24 14.47 131.55
43 9.09 62.03 13.81 10.35 98.28
44 9.14 55.90 18.59 13.59 132.04
45 9.15 52.49 19.10 14.70 132.82
46 9.30 59.31 15.53 12.26 121.56
47 9.55 40.35 16.85 15.17 134.03
48 9.59 45.97 18.15 15.30 136.80
49 9.72 37.57 16.96 16.00 140.98
50 9.79 32.98 15.72 14.43 127.16
51 9.96 50.83 19.61 16.39 151.77
52 10.10 57.42 17.56 14.96 138.75
53 10.16 48.46 19.85 15.89 140.63
54 10.18 43.17 19.43 16.67 135.67
55 10.25 54.02 18.52 14.34 143.56
56 10.37 61.00 16.96 12.17 126.71
57 10.41 63.53 15.24 11.01 104.50
58 10.60 35.10 16.62 15.23 147.41
59 10.89 31.44 15.24 14.47 128.26
60 10.84 40.37 19.40 16.57 157.55
61 10.98 46.87 21.26 16.81 151.32
62 11.02 37.51 16.05 16.02 146.45
63 11.07 51.95 19.62 14.91 146.05
64 11.13 55.64 20.58 15.05 151.31
65 11.15 58.79 18.66 13.58 134.64
66 11.15 28.77 14.57 13.91 118.33
67 11.27 44.78 20.04 17.27 146.37
68 11.43 49.55 19.99 15.37 148.12
69 11.50 66.05 14.78 9.84 94.98
70 11.62 42.54 20.34 17.31 157.01
71 11.72 33.66 16.83 15.72 138.81
72 11.64 63.58 18.29 11.41 119.71
73 11.83 61.09 18.76 12.45 116.87
74 12.02 38.96 19.92 17.09 161.89
75 12.15 57.19 21.40 15.19 166.21
76 12.34 35.97 18.66 15.68 148.27
77 12.23 52.48 20.64 15.97 148.73
78 12.23 47.24 20.66 15.36 157.06
79 12.35 54.88 20.12 15.37 158.91
80 12.39 29.06 16.95 14.60 143.91
81 12.54 31.74 17.36 15.44 151.60
82 12.67 41.41 21.60 16.57 162.15
83 12.72 44.81 21.48 16.28 160.24
84 12.71 49.76 22.33 15.78 171.53
85 12.75 68.57 16.10 9.36 92.19
86 12.88 59.11 21.64 13.90 144.86
87 12.81 63.02 18.85 11.71 120.41
88 12.79 65.83 18.07 11.87 110.74
89 13.19 38.21 20.47 17.68 158.76
90 13.38 33.84 19.71 16.50 152.02
91 13.41 56.63 21.64 14.98 148.06
92 13.52 47.79 21.29 15.99 146.52
93 13.55 53.70 21.58 15.42 141.88
94 13.60 60.99 20.92 13.06 132.73
95 13.70 51.11 24.08 16.39 162.70
96 13.67 30.33 18.48 15.86 141.63
97 13.68 43.09 23.33 15.77 183.46
98 13.92 70.44 12.68 8.35 70.82
99 13.92 40.32 21.85 15.55 150.22
100 13.89 64.68 20.24 11.55 123.84
101 14.06 36.28 21.01 16.58 153.80
102 14.16 27.72 17.29 13.47 136.75
103 14.01 67.79 19.67 9.88 100.98
104 14.19 45.75 25.43 16.54 162.55
105 14.49 55.55 27.51 16.01 166.31
106 14.52 32.72 18.89 15.82 141.53
107 14.70 57.94 24.78 15.09 142.81
108 14.60 62.59 25.07 12.18 137.51
109 14.80 60.06 24.32 14.18 136.47
110 14.84 48.32 23.70 16.91 156.67
111 14.90 43.15 23.55 16.70 164.80
112 15.01 53.34 24.69 15.99 148.71
113 14.94 66.15 22.92 12.27 127.50
114 15.08 38.04 23.24 16.41 154.37
115 14.97 51.02 24.57 16.15 153.38
116 15.11 72.26 17.21 8.79 81.63
117 15.21 30.28 20.51 16.29 153.68
118 15.12 40.64 22.30 15.79 155.23
119 15.29 35.14 22.77 16.26 163.77
120 15.26 24.78 17.13 13.95 131.54
121 15.40 68.93 21.66 10.45 108.66
122 15.45 45.38 25.11 17.57 162.44
123 15.51 27.45 21.13 14.80 151.78
124 15.67 63.75 26.70 13.21 139.26
125 15.66 56.20 26.80 15.81 163.59
126 15.97 32.89 23.09 16.02 162.74
127 15.96 61.20 25.93 14.34 144.84
128 16.04 48.95 25.10 14.84 160.68
129 16.23 58.86 28.35 14.21 142.49
130 16.21 42.44 28.53 17.23 175.08
131 16.28 51.07 27.53 15.83 167.75
132 16.26 54.09 28.49 16.80 153.65
133 16.29 65.60 29.02 13.53 136.32
134 16.40 39.72 25.16 16.31 166.22
135 16.33 71.06 23.17 10.22 112.98
136 16.39 74.08 17.70 8.43 73.32
137 16.38 36.87 25.03 15.70 163.20
138 16.45 46.83 26.11 16.89 161.15
139 16.75 67.75 28.49 12.56 132.33
140 16.70 30.42 21.47 16.39 145.14
141 16.73 24.99 18.95 13.03 122.73
142 16.90 44.45 25.01 16.90 161.84
143 16.87 56.51 30.83 15.76 156.90
144 16.94 62.71 28.35 13.28 139.40
145 17.12 27.76 20.71 14.78 138.29
146 17.14 33.81 24.25 15.91 158.48
147 17.22 52.34 28.14 15.66 160.18
148 17.40 48.93 30.36 16.81 159.73
149 17.54 22.60 18.44 13.24 118.55
150 17.48 69.94 27.58 11.89 126.43
151 17.55 41.41 27.48 17.47 161.97
152 17.62 60.70 33.10 14.71 154.34
153 17.60 72.90 26.64 10.14 106.48
154 17.65 36.45 24.23 14.81 146.88
155 17.61 58.49 31.43 15.56 148.87
156 17.59 64.98 29.34 12.71 132.89
157 17.78 38.88 28.72 17.09 173.60
158 17.81 46.42 28.42 17.28 161.04
159 17.82 54.19 32.00 16.79 160.99
160 17.93 75.58 21.16 8.83 79.23
161 18.08 31.16 24.60 15.38 146.20
162 18.18 43.46 29.92 17.54 171.42
163 18.15 50.57 30.96 15.69 167.87
164 18.25 67.77 32.18 11.77 130.65
165 18.26 56.28 33.80 16.10 163.55
166 18.40 25.06 23.68 15.06 144.57
167 18.46 62.61 32.16 14.01 146.62
168 18.39 28.14 23.56 15.38 151.42
169 18.47 34.40 26.19 16.44 160.92
170 18.77 70.86 32.17 10.85 120.16
171 18.86 47.78 31.18 16.57 156.16
172 18.90 65.02 33.68 12.74 143.22
173 18.94 40.21 28.75 17.07 161.24
174 19.00 51.98 33.64 18.51 165.82
175 18.96 60.30 35.28 15.88 152.14
176 19.03 37.11 29.73 15.85 155.09
177 19.07 58.10 38.80 15.71 157.20
178 19.11 45.09 32.92 18.98 177.61
179 19.07 73.84 34.01 10.47 116.19
180 19.19 54.03 34.92 16.18 156.19
181 19.34 32.79 25.84 16.22 147.46
182 19.46 22.23 21.90 12.56 119.69
183 19.53 29.94 27.02 16.62 151.34
184 19.47 42.41 31.75 16.75 170.96
185 19.44 49.58 36.84 18.12 170.97
186 19.54 26.90 26.62 15.33 153.42
187 19.59 55.92 35.72 17.10 164.22
188 19.55 67.28 36.91 12.68 137.94
189 19.81 63.16 38.67 13.82 148.78
190 20.01 69.31 36.73 12.09 131.98
191 20.13 35.58 32.83 17.04 160.84
192 20.08 38.64 33.58 17.75 175.91
193 20.13 72.08 39.38 11.49 125.16
194 20.14 75.42 37.23 9.92 109.02
195 20.25 24.59 26.32 15.02 137.99
196 20.18 46.38 36.66 17.02 169.83
197 20.17 60.81 42.18 16.86 165.16
198 20.32 51.07 41.26 17.71 173.71
199 20.41 58.34 41.85 17.40 161.42
200 20.46 65.54 42.98 13.74 142.39
201 20.48 43.90 37.71 18.66 176.22
202 20.57 41.07 39.02 17.46 178.76
203 20.51 53.45 40.02 17.95 167.43
204 20.48 32.74 31.72 16.54 159.68
205 20.59 48.58 37.85 17.52 167.90
206 20.71 55.81 40.65 15.96 157.83
207 20.82 27.74 32.39 15.26 160.78
208 20.81 21.04 23.67 13.09 115.99
209 21.02 30.30 31.14 17.63 161.24
210 21.07 63.19 43.51 14.52 146.42
211 21.17 77.17 40.57 9.82 106.01
212 21.20 69.60 45.70 12.99 133.74
213 21.28 38.73 37.07 18.05 173.82
214 21.38 67.04 49.34 14.22 141.52
215 21.38 36.27 33.80 16.30 162.36
216 21.35 60.75 45.69 15.25 165.71
217 21.44 72.09 44.67 13.14 133.25
218 21.54 74.71 47.73 11.31 122.37
219 21.50 25.22 30.57 14.97 137.20
220 21.54 46.95 44.23 18.00 173.64
221 21.51 51.95 49.37 18.38 187.16
222 21.53 33.52 35.13 16.64 159.50
223 21.61 42.13 41.92 18.55 174.35
224 21.70 49.70 44.64 17.11 167.77
225 21.67 44.60 39.46 17.92 173.46
226 21.75 58.59 47.27 15.20 165.72
227 21.82 22.62 29.79 13.88 139.38
228 21.75 56.43 45.13 16.33 165.25
229 21.94 79.25 36.32 9.31 87.21
230 21.93 54.02 48.04 17.47 169.97
231 22.09 64.98 51.90 15.01 143.69
232 22.25 27.31 36.26 16.67 158.54
233 22.18 30.83 38.53 16.23 161.64
234 22.29 39.79 42.32 19.25 184.26
235 22.36 62.65 51.55 14.74 156.74
236 22.47 68.63 55.91 13.81 139.71
237 22.61 20.34 29.66 12.76 127.52
238 22.48 34.62 39.78 17.36 161.09
239 22.70 70.93 50.03 12.11 129.59
240 22.69 37.41 45.10 17.71 171.19
241 22.73 60.40 51.24 15.80 147.61
242 22.73 76.46 53.15 10.37 114.04
243 22.68 42.75 48.07 18.88 169.89
244 22.75 46.06 48.14 17.31 157.04
245 22.74 48.37 48.13 18.72 167.99
246 22.71 51.89 55.61 18.70 175.57
247 22.88 73.58 53.41 12.26 120.38
248 22.90 55.79 50.53 18.31 162.41
249 23.01 80.67 43.20 8.58 81.27
250 23.00 24.06 38.21 15.47 155.80
251 23.03 58.10 55.62 16.37 154.78
252 23.11 66.55 56.56 13.94 152.25
253 23.16 29.30 41.33 17.39 160.80
254 23.28 32.33 44.80 18.28 167.99
255 23.48 50.24 50.45 18.97 158.42
256 23.41 53.81 53.90 17.35 161.36
257 23.39 40.30 50.73 17.68 174.89
258 23.44 64.08 57.08 14.96 148.51
259 23.50 44.22 51.92 19.45 182.19
260 23.61 26.91 41.09 15.95 147.90
261 23.50 35.46 45.58 17.09 166.09
262 23.75 78.24 60.16 10.17 115.46
263 23.81 61.74 61.52 17.26 156.15
264 23.92 19.12 35.75 13.98 133.12
265 23.95 22.03 37.91 14.81 143.28
266 24.01 37.47 49.12 17.80 172.36
267 24.00 68.78 60.38 13.70 129.50
268 23.96 71.58 60.82 12.48 133.47
269 23.98 75.20 63.07 12.47 127.35
270 24.03 48.18 60.77 18.53 177.58
271 24.18 41.98 56.88 19.16 174.59
272 24.18 59.41 59.79 17.22 160.51
273 24.22 57.04 62.71 17.33 162.95
274 24.33 46.18 59.95 18.73 183.27
275 24.25 52.22 64.62 18.38 163.43
276 24.34 24.71 40.64 16.28 140.96
277 24.29 30.27 48.41 16.86 177.17
278 24.30 33.87 47.13 18.10 156.48
279 24.42 54.87 62.10 17.04 156.76
280 24.35 66.12 66.78 15.81 145.45
281 24.58 80.44 54.79 9.53 93.05
282 24.56 39.42 56.12 18.65 172.40
283 24.69 63.60 64.78 16.29 146.37
284 24.70 44.05 57.65 19.04 167.22
285 24.84 50.14 70.69 19.69 170.22
286 24.81 27.62 47.05 17.75 151.56
287 24.98 73.44 68.76 13.10 128.27
288 24.98 17.46 35.29 11.82 108.64
289 25.03 77.05 64.78 12.10 118.70
290 25.12 32.19 52.45 17.65 167.64
291 25.10 61.00 73.74 16.46 151.64
292 25.24 82.94 52.87 9.93 73.99
293 25.24 21.38 41.97 14.49 128.79
294 25.23 37.22 60.15 19.66 178.55
295 25.23 70.55 67.91 13.64 132.74
296 25.29 67.86 67.23 14.41 127.29
297 25.38 34.79 54.47 18.38 159.57
298 25.35 47.96 68.53 18.53 161.39
299 25.32 58.01 69.86 17.02 155.13
300 25.34 40.92 59.25 19.26 165.60
301 25.45 52.30 77.89 18.90 173.82
302 25.58 15.51 28.32 11.60 81.86
303 25.55 24.41 47.84 15.87 144.69
304 25.48 54.55 74.55 19.03 172.04
305 25.64 29.92 51.93 16.85 147.42
306 25.63 65.36 72.66 15.92 139.62
307 25.70 43.66 69.58 19.32 168.28
308 25.92 45.98 68.04 18.63 163.70
309 25.90 62.78 74.41 16.51 148.44
310 25.99 80.76 63.07 11.28 101.10
311 25.96 27.26 51.22 17.56 146.02
312 26.03 74.92 67.84 12.83 123.22
313 26.03 50.10 82.95 20.95 183.57
314 26.13 19.03 47.33 15.08 133.59
315 26.17 56.34 80.14 19.08 163.54
316 26.23 38.79 68.37 17.93 162.72
317 26.18 59.78 73.07 16.76 138.56
318 26.20 77.93 74.11 12.79 123.19
319 26.30 71.99 75.50 14.05 135.63
320 26.28 32.58 63.25 18.66 165.00
321 26.43 84.24 44.75 8.03 56.28
322 26.36 41.77 79.84 21.85 178.18
323 26.40 35.94 64.08 19.01 171.12
324 26.45 69.21 80.20 14.40 135.15
325 26.56 21.83 53.24 16.93 140.96
326 26.62 54.05 93.21 18.47 170.26
327 26.68 66.80 85.23 16.28 142.06
328 26.80 48.01 93.42 20.82 177.63
329 26.74 51.87 89.40 18.99 161.59
330 26.82 16.41 45.39 14.59 121.76
331 26.84 24.73 54.50 17.25 146.67
332 26.85 44.13 83.38 18.58 163.14
333 26.89 64.35 79.10 16.74 144.99
334 26.94 30.36 71.20 18.59 173.81
335 27.07 57.64 81.78 18.63 157.75
336 27.10 62.05 83.01 17.58 150.90
337 27.07 27.72 58.75 18.09 143.71
338 27.20 73.80 78.12 14.88 130.48
339 27.22 40.38 82.15 19.10 160.42
340 27.26 33.68 74.87 19.27 169.50
341 27.30 79.77 74.03 12.67 114.81
342 27.35 45.99 84.49 21.26 168.79
343 27.42 76.40 80.55 14.01 122.81
344 27.46 82.86 67.39 10.81 93.19
345 27.40 50.00 97.83 20.79 166.21
346 27.36 59.75 91.44 18.76 159.92
347 27.52 38.21 80.70 21.32 165.38
348 27.57 19.18 54.69 15.70 131.81
349 27.55 55.50 98.66 18.91 161.40
350 27.50 70.79 84.66 15.61 130.12
351 27.53 36.12 76.45 19.81 157.15
352 27.72 42.42 91.34 19.35 164.28
353 27.67 22.14 67.52 19.08 160.83
354 27.79 68.07 86.92 15.91 142.12
355 27.80 53.15 97.15 19.89 153.36
356 27.86 85.88 43.72 7.42 52.63
357 27.89 65.47 86.20 16.96 135.94
358 28.03 26.30 65.86 17.02 129.37
359 28.13 31.97 80.70 18.44 166.87
360 28.12 15.57 64.31 15.06 135.56
361 28.14 29.28 75.99 19.20 149.85
362 28.38 44.28 102.54 22.36 182.05
363 28.38 48.78 104.89 20.49 170.46
364 28.38 61.01 95.72 18.05 149.47
365 28.50 63.17 96.27 18.89 138.58
366 28.40 58.57 105.22 18.80 149.56
367 28.40 72.84 87.09 15.65 129.05
368 28.37 77.89 79.39 14.03 124.60
369 28.44 23.83 70.37 16.71 132.51
370 28.44 39.98 96.43 21.72 161.51
371 28.42 46.59 99.28 21.03 167.27
372 28.44 34.59 91.06 21.20 172.77
373 28.47 51.26 107.21 19.39 178.04
374 28.57 80.84 75.18 13.41 115.03
375 28.62 56.17 99.03 19.15 152.31
376 28.72 69.79 96.13 17.50 140.64
377 28.78 84.22 63.86 11.89 91.60
378 28.70 18.03 64.66 16.20 131.53
379 28.73 37.51 100.24 20.20 164.56
380 28.93 75.41 88.97 15.50 129.25
381 29.05 21.29 65.55 15.81 127.66
382 28.97 42.08 103.55 20.87 169.54
383 28.95 53.80 111.61 20.84 158.00
384 29.02 65.30 88.55 18.44 133.62
385 29.21 67.52 84.77 16.62 122.93
386 29.15 27.60 85.18 18.71 147.71
387 29.19 30.64 99.94 21.87 163.45
388 29.33 14.05 49.80 12.54 83.46
389 29.42 24.98 78.86 17.63 146.40
390 29.52 32.90 94.49 21.65 159.34
391 29.50 35.50 93.32 19.67 145.36
392 29.58 45.59 111.03 20.45 161.40
393 29.51 47.92 116.97 21.77 168.39
394 29.48 50.33 117.04 22.00 174.15
395 29.50 57.58 106.94 19.73 154.81
396 29.57 71.61 92.64 17.73 137.04
397 29.54 78.52 78.56 15.08 119.46
398 29.71 59.87 113.77 19.95 161.61
399 29.75 62.14 100.45 19.02 144.08
400 29.71 40.15 119.87 21.14 177.57
401 29.81 43.47 110.93 21.49 155.33
402 29.81 82.02 70.24 14.52 104.04
403 29.89 52.47 118.55 22.30 169.56
404 29.86 18.16 71.22 16.07 120.32
405 30.00 85.19 58.74 11.67 77.10
406 29.95 37.83 109.55 19.88 164.74
407 29.96 55.33 119.02 21.77 163.93
408 30.01 74.13 88.59 17.24 126.90
409 30.07 29.14 97.35 19.05 145.00
410 30.10 64.39 104.05 20.57 151.14
411 30.24 69.43 96.36 20.20 141.59
412 30.37 15.46 65.98 14.44 107.82
413 30.36 21.02 76.32 17.37 127.49
414 30.42 23.82 83.77 17.86 140.97
415 30.50 66.82 101.66 21.45 142.20
416 30.50 26.64 93.12 17.98 151.95
417 30.54 76.78 87.84 18.80 121.45
418 30.50 48.96 124.77 22.27 169.89
419 30.72 41.92 119.56 23.52 173.23
420 30.72 31.00 96.19 19.32 152.79
421 30.60 35.53 111.64 21.84 173.51
422 30.70 57.63 113.70 22.33 168.30
423 30.72 79.76 80.22 16.54 114.54
424 30.78 33.20 109.00 21.32 177.13
425 30.74 46.51 120.27 22.55 168.94
426 30.90 39.42 105.69 21.22 168.27
427 30.92 53.29 122.13 25.06 171.06
428 30.99 72.40 98.31 20.78 134.54
429 30.97 59.94 107.81 23.23 147.08
430 31.03 44.23 127.29 23.95 181.42
431 31.06 50.95 124.75 24.83 176.05
432 31.12 13.11 63.67 14.12 90.49
433 31.14 62.15 108.08 21.57 153.48
434 31.15 82.88 69.46 15.56 96.15
435 31.17 55.51 114.06 23.30 164.12
436 31.14 18.19 78.63 16.18 119.50
437 31.30 86.04 56.82 14.10 81.75
438 31.22 64.52 101.58 21.41 136.60
439 31.36 28.64 103.54 21.99 164.55
440 31.37 74.78 82.06 18.88 119.36
441 31.42 37.16 116.67 22.75 169.18
442 31.47 70.33 94.47 22.01 136.99
443 31.48 22.85 79.77 17.61 121.00
444 31.60 68.01 95.69 21.86 140.52
445 31.65 25.65 89.71 19.55 145.26
446 31.74 48.75 118.28 23.13 158.60
447 31.89 15.68 79.31 17.32 121.62
448 31.80 34.64 108.87 19.43 150.14
449 31.87 77.46 84.34 20.97 119.02
450 31.93 20.29 99.61 20.43 158.60
451 31.89 40.93 113.39 23.84 167.93
452 31.95 58.36 117.82 24.84 151.23
453 31.94 80.39 77.09 17.95 105.89
454 31.97 31.55 101.40 21.49 154.25
455 31.96 46.02 122.66 24.70 172.31
456 32.14 43.10 120.30 25.38 174.33
457 32.15 65.59 98.45 23.48 137.39
458 32.17 51.77 111.59 24.47 155.78
459 32.21 54.06 117.47 24.06 147.91
460 32.28 38.70 113.04 23.58 172.41
461 32.38 56.35 118.97 25.36 164.39
462 32.38 60.52 112.08 23.98 159.88
463 32.39 63.04 101.03 24.43 143.18
464 32.50 72.38 93.67 22.70 126.56
465 32.54 84.13 69.32 18.37 95.35
466 32.62 13.31 62.44 14.98 85.50
467 32.47 28.97 100.52 23.27 159.83
468 32.70 75.08 87.34 22.67 119.55
469 32.83 17.69 76.87 16.35 111.40
470 32.71 23.61 89.42 19.98 132.50
471 32.74 36.32 108.34 22.16 153.08
472 32.76 69.89 85.61 21.65 116.38
473 32.77 86.97 49.55 15.40 64.97
474 32.77 26.47 92.10 20.93 146.37
475 32.88 33.61 107.42 23.21 150.58
476 32.82 47.90 124.78 26.20 170.99
477 32.87 67.43 97.12 25.08 137.71
478 33.00 50.29 120.88 24.83 158.76
479 32.99 44.44 115.60 24.09 163.43
480 33.03 81.26 81.43 22.45 110.68
481 33.12 20.69 83.10 17.89 120.33
482 33.12 40.95 114.89 23.28 165.29
483 33.15 77.89 84.13 24.08 117.44
484 33.21 31.01 113.07 24.64 170.58
485 33.41 53.11 121.31 26.05 148.57
486 33.43 58.00 106.54 24.66 143.97
487 33.50 65.17 91.67 24.30 118.22
488 33.48 38.37 115.27 26.30 178.64
489 33.58 55.44 119.38 26.58 151.32
490 33.51 60.27 115.42 29.92 157.28
491 33.65 62.60 106.18 28.99 146.04
492 33.66 46.30 112.96 26.65 169.07
493 33.77 28.23 80.26 21.41 127.95
494 33.78 73.51 89.74 27.07 124.99
495 33.91 13.96 66.41 18.29 107.09
496 33.94 70.94 97.52 27.12 124.79
497 33.93 22.84 78.77 19.37 124.17
498 33.96 25.45 82.29 22.10 136.85
499 33.92 35.33 100.87 25.85 153.70
500 33.92 42.97 120.52 26.47 172.99
501 33.98 68.08 95.20 26.77 124.83
502 33.97 86.48 54.59 18.20 71.85
503 34.06 16.97 72.84 19.12 110.88
504 34.05 48.75 119.18 28.96 167.31
505 34.06 79.77 73.24 24.06 96.98
506 34.14 82.77 69.66 24.65 98.54
507 34.10 32.82 108.18 24.81 169.71
508 34.08 51.34 111.75 27.72 157.79
509 34.21 76.11 84.02 26.92 110.67
510 34.14 10.73 46.35 15.67 64.34
511 34.36 19.89 74.00 19.26 110.89
512 34.41 30.29 95.16 25.21 156.43
513 34.40 40.35 119.59 29.53 179.77
514 34.53 37.35 103.59 27.31 153.11
515 34.62 56.69 113.95 31.65 168.43
516 34.64 45.21 113.49 29.26 165.40
517 34.59 60.50 98.34 28.80 138.34
518 34.63 64.12 104.92 32.51 141.22
519 34.71 53.91 114.19 29.22 152.00
520 34.86 66.36 99.30 31.86 125.39
521 34.95 26.64 80.06 24.84 138.14
522 35.00 72.69 90.11 28.90 112.71
523 35.02 69.24 95.61 30.06 120.36
524 35.09 84.64 65.87 26.26 92.94
525 35.06 42.49 116.97 31.04 178.95
526 35.07 47.58 103.58 30.03 150.63
527 35.04 50.40 111.69 28.93 148.54
528 35.11 78.96 81.30 28.97 101.11
529 35.14 34.58 97.99 26.51 156.10
530 35.21 58.64 97.63 32.15 138.63
531 35.16 89.37 40.96 19.70 48.62
532 35.11 23.12 77.91 22.30 128.72
533 35.35 14.28 64.87 20.47 109.93
534 35.33 62.31 93.22 32.78 126.36
535 35.36 17.48 71.00 19.50 114.18
536 35.36 32.05 94.51 28.20 148.93
537 35.37 38.68 107.55 27.42 153.16
538 35.41 75.72 82.26 30.46 109.45
539 35.49 29.12 84.92 25.68 135.12
540 35.61 86.98 51.53 22.40 66.85
541 35.68 81.99 83.48 30.68 105.39
542 35.66 20.45 66.70 19.95 111.30
543 35.75 52.39 113.02 34.53 153.28
544 35.71 44.52 114.09 33.70 169.50
545 35.92 36.27 99.63 30.66 160.21
546 35.92 40.74 109.39 32.59 170.12
547 35.92 56.92 103.60 35.36 146.18
548 35.97 54.75 111.21 33.62 155.24
549 35.92 64.45 96.35 34.89 120.21
550 35.96 25.67 84.38 28.40 151.13
551 35.92 67.42 94.14 34.91 112.48
552 35.99 70.46 93.68 32.75 117.06
553 36.02 60.62 104.05 34.59 133.67
554 36.10 49.89 112.28 31.43 140.96
555 36.16 47.38 107.98 34.18 157.54
556 36.18 73.16 89.28 35.80 112.26
557 36.23 77.96 86.33 34.30 102.08
558 36.41 23.07 70.60 25.45 130.00
559 36.45 33.51 88.60 29.02 138.85
560 36.45 30.84 88.45 30.25 141.71
561 36.64 15.70 62.69 23.17 113.42
562 36.53 38.37 99.23 32.57 154.97
563 36.60 42.68 107.90 34.32 165.87
564 36.61 28.24 80.66 26.84 129.49
565 36.72 18.84 64.50 23.12 105.28
566 36.75 80.49 80.66 37.08 95.58
567 36.86 12.33 54.18 20.17 87.21
568 36.74 45.45 108.22 37.89 160.58
569 36.78 59.20 102.08 38.30 126.75
570 36.71 86.40 58.46 27.83 73.46
571 36.80 62.57 100.53 42.86 117.46
572 36.85 75.52 87.07 36.54 98.29
573 36.97 83.39 72.97 30.20 80.07
574 36.91 65.58 94.09 39.04 103.60
575 36.99 53.07 101.74 35.00 129.73
576 37.00 68.18 92.15 38.57 108.52
577 37.09 35.60 87.50 32.04 143.70
578 37.16 50.75 113.58 41.27 153.20
579 37.11 57.00 103.64 39.10 129.46
580 37.11 70.88 92.23 36.40 108.21
581 37.21 89.67 42.17 25.86 53.41
582 37.20 25.82 76.52 28.01 132.05
583 37.26 21.25 64.73 25.74 111.73
584 37.34 40.14 99.05 39.52 156.28
585 37.32 48.40 109.40 37.83 152.79
586 37.49 73.43 89.05 39.68 97.38
587 37.43 31.78 89.84 34.11 158.34
588 37.56 54.94 101.14 38.57 132.01
589 37.50 77.89 86.55 40.85 92.45
590 37.64 44.25 94.76 37.73 150.84
591 37.67 37.82 97.67 38.04 152.55
592 37.75 28.90 74.62 29.84 121.84
593 37.85 42.01 92.99 40.42 155.81
594 37.88 61.77 106.00 45.39 112.93
595 37.91 64.14 94.18 43.09 109.08
596 37.96 23.51 65.99 29.57 117.84
597 37.86 85.80 68.77 36.84 73.19
598 37.90 14.27 59.44 23.79 102.94
599 37.93 17.69 60.42 23.94 101.91
600 37.99 46.45 103.14 40.01 149.44
601 37.88 59.60 99.62 40.83 109.97
602 37.96 80.68 79.06 39.17 79.80
603 38.05 33.90 79.60 33.52 130.78
604 38.06 66.47 91.64 43.97 101.07
605 38.09 69.30 92.00 44.27 100.74
606 38.16 51.62 103.15 43.92 134.68
607 38.33 71.61 87.29 42.07 90.86
608 38.40 88.58 55.03 35.27 65.95
609 38.46 11.30 47.67 23.34 85.13
610 38.37 57.58 98.30 45.18 116.23
611 38.38 26.30 68.92 30.50 118.24
612 38.46 20.62 65.99 29.53 120.08
613 38.43 36.28 92.97 43.15 153.60
614 38.55 76.92 83.73 41.71 90.53
615 38.58 83.01 75.84 40.31 75.56
616 38.55 49.38 115.51 46.75 141.32
617 38.65 74.51 86.79 44.32 86.26
618 38.58 31.34 86.62 40.04 142.64
619 38.64 39.56 95.12 43.87 140.38
620 38.80 53.42 95.54 45.32 124.39
621 38.69 55.54 101.66 50.06 128.73
622 38.71 43.53 94.73 44.75 147.16
623 39.01 15.95 53.16 26.09 96.26
624 38.97 28.83 74.55 37.47 128.81
625 38.98 67.85 84.89 48.03 90.32
626 39.08 79.52 79.61 46.76 78.77
627 39.00 47.43 103.59 48.12 144.52
628 39.05 60.08 103.47 54.47 118.22
629 38.98 62.79 92.81 52.78 104.39
630 39.09 85.66 65.93 40.46 64.95
631 39.27 90.46 38.34 28.45 35.14
632 39.21 65.29 97.93 49.22 93.10
633 39.22 23.76 65.89 30.68 106.84
634 39.26 34.69 86.17 42.27 134.90
635 39.36 41.58 100.22 50.68 156.19
636 39.33 45.43 95.93 49.43 136.64
637 39.48 13.31 51.54 29.27 99.39
638 39.43 18.67 60.60 30.58 104.37
639 39.39 37.60 85.69 44.64 122.49
640 39.40 51.40 108.33 53.81 129.86
641 39.49 69.99 91.17 50.43 86.21
642 39.42 72.46 89.81 49.32 85.08
643 39.58 32.43 77.95 45.26 137.47
644 39.59 26.52 76.08 38.09 117.05
645 39.58 57.15 91.44 54.58 111.38
646 39.73 21.23 60.89 32.63 103.24
647 39.87 81.96 73.74 47.29 66.58
648 39.89 76.99 79.59 49.88 76.51
649 40.11 10.43 46.63 28.52 73.00
650 39.93 48.62 100.54 56.86 129.72
651 39.91 54.93 96.88 54.16 112.17
652 39.95 74.71 82.28 54.84 85.47
653 39.94 87.92 59.42 38.40 50.65
654 39.98 29.98 70.88 41.22 113.18
655 40.19 92.31 23.33 25.30 15.33
656 40.05 39.76 92.39 54.34 146.47
657 40.07 61.34 94.84 62.49 100.75
658 40.09 43.41 87.15 49.63 128.14
659 40.22 58.87 90.74 58.36 106.85
660 40.05 63.69 93.49 55.48 95.02
661 40.15 67.26 90.33 53.87 80.80
662 40.26 84.75 67.39 46.95 58.75
663 40.36 79.20 67.12 44.86 58.88
664 40.39 16.90 57.00 33.48 94.11
665 40.41 34.78 86.16 51.00 125.05
666 40.43 46.11 89.59 53.42 114.02
667 40.56 53.18 97.30 59.13 113.56
668 40.45 37.14 85.42 55.03 126.84
669 40.48 50.69 93.08 60.44 120.07
670 40.58 22.75 67.34 40.13 107.11
671 40.66 25.24 68.71 43.62 108.60
672 40.70 27.82 74.54 46.37 116.94
673 40.63 72.21 88.78 54.33 77.27
674 40.66 69.87 83.97 54.43 72.50
675 40.83 89.83 42.62 35.30 30.22
676 40.83 13.98 50.03 32.54 81.93
677 40.74 32.24 74.04 47.35 114.91
678 40.91 65.30 91.34 63.95 87.53
679 41.06 19.90 61.09 39.98 96.92
680 40.98 41.44 88.94 58.34 122.16
681 40.99 56.12 90.93 62.13 102.08
682 41.17 47.94 94.36 65.20 114.14
683 41.15 74.41 80.89 58.41 63.75
684 41.16 62.79 90.81 65.69 88.85
685 41.26 82.96 68.62 51.48 53.67
686 41.19 39.24 91.91 63.41 131.91
687 41.18 43.64 79.98 53.91 104.91
688 41.19 60.56 92.41 66.62 95.33
689 41.27 77.04 77.92 57.96 62.88
690 41.26 29.91 70.81 52.65 103.37
691 41.25 80.38 63.31 48.12 47.05
692 41.33 68.01 88.35 57.41 72.34
693 41.44 58.38 91.03 68.70 96.10
694 41.44 85.98 60.42 48.65 44.45
695 41.57 92.16 24.17 30.32 14.24
696 41.61 11.33 50.61 37.72 82.39
697 41.56 34.40 78.29 59.32 111.55
698 41.56 50.04 91.22 72.48 110.82
699 41.58 36.94 82.44 63.29 113.77
700 41.65 17.26 59.24 45.37 95.83
701 41.62 45.67 90.06 69.95 112.32
702 41.64 52.31 94.45 69.13 99.25
703 41.68 22.99 64.74 47.35 93.79
704 41.79 71.35 80.91 61.67 58.83
705 41.79 26.25 74.46 53.79 107.71
706 41.92 54.43 96.51 73.84 95.86
707 41.94 88.52 52.48 43.55 36.53
708 41.92 31.89 77.41 60.71 113.55
709 42.10 66.28 79.07 66.20 64.97
710 42.08 64.01 86.53 69.14 75.40
711 42.15 40.79 76.77 65.81 102.42
712 42.25 56.77 97.28 79.78 91.28
713 42.29 14.67 52.85 43.93 86.00
714 42.33 28.78 72.75 61.02 98.82
715 42.24 43.17 80.73 63.91 93.31
716 42.36 79.94 68.69 55.15 42.71
717 42.32 60.44 84.52 68.86 74.62
718 42.31 74.30 73.33 65.94 54.02
719 42.38 48.51 89.64 75.59 100.39
720 42.43 69.02 81.51 66.14 63.63
721 42.51 20.93 59.65 49.53 85.29
722 42.52 82.97 67.29 56.61 40.22
723 42.55 38.62 80.68 71.51 99.16
724 42.51 77.19 72.58 62.26 47.88
725 42.59 35.86 71.12 65.05 88.39
726 42.64 24.22 62.99 55.38 89.99
727 42.59 51.12 92.64 84.05 94.82
728 42.63 46.22 86.40 79.11 99.63
729 42.73 90.16 37.11 40.44 20.19
730 42.80 33.43 76.76 74.76 100.16
731 42.80 86.04 63.10 52.71 36.55
732 42.81 10.34 46.89 43.04 69.66
733 42.84 18.24 57.74 50.87 87.52
734 42.91 93.06 20.09 31.51 8.18
735 42.93 62.54 85.74 71.04 66.61
736 43.00 58.46 87.71 77.53 72.57
737 43.03 72.08 79.26 63.45 49.74
738 42.99 30.93 70.21 67.47 94.71
739 43.08 26.76 64.33 59.14 84.22
740 43.06 55.11 90.75 84.48 81.62
741 43.20 44.07 84.69 79.73 87.90
742 43.32 53.07 91.08 84.29 78.08
743 43.33 64.91 82.21 79.26 61.93
744 43.33 67.23 80.90 71.73 55.13
745 43.28 41.44 69.00 73.14 77.72
746 43.38 13.09 53.01 50.09 77.68
747 43.46 75.65 63.78 60.77 36.60
748 43.55 69.84 80.31 71.00 51.44
749 43.47 37.15 67.44 69.59 70.33
750 43.46 48.24 83.75 84.68 86.73
751 43.58 16.05 52.38 51.83 72.12
752 43.56 79.24 64.87 66.39 38.08
753 43.65 7.29 29.87 41.78 37.75
754 43.66 60.54 80.50 72.19 56.88
755 43.68 50.95 81.83 93.11 80.65
756 43.65 87.79 51.48 49.98 24.11
757 43.80 29.07 68.11 72.51 83.98
758 43.69 23.88 57.91 55.09 66.06
759 43.83 39.35 77.25 85.95 79.81
760 43.81 82.65 63.40 61.40 33.00
761 43.74 21.20 57.65 57.55 72.76
762 43.85 34.55 73.81 85.57 80.49
763 43.89 45.85 81.55 86.00 83.35
764 43.92 56.59 89.51 81.85 59.78
765 43.95 91.33 29.76 42.49 13.83
766 44.08 85.27 59.18 57.21 32.62
767 44.06 31.91 69.02 77.90 79.63
768 44.17 73.23 73.82 74.63 44.09
769 44.07 89.04 40.82 50.58 23.51
770 44.09 94.57 10.75 24.85 3.13
771 44.19 10.43 47.66 54.62 62.98
772 44.25 18.69 59.60 58.35 66.88
773 44.21 63.10 79.99 75.15 49.30
774 44.29 43.11 75.36 89.06 70.27
775 44.34 26.51 66.19 69.76 71.93
776 44.38 58.62 93.76 86.87 63.13
777 44.47 54.35 80.17 87.68 55.56
778 44.43 49.48 73.13 95.18 67.16
779 44.57 65.78 77.31 81.11 47.20
780 44.57 68.24 76.24 78.85 44.46
781 44.62 78.43 59.03 64.96 30.75
782 44.56 36.60 73.99 93.92 76.09
783 44.68 71.05 74.19 75.18 39.55
784 44.63 13.70 48.64 58.89 64.44
785 44.71 80.95 56.18 59.03 24.13
786 44.74 40.94 66.92 91.37 61.56
787 44.68 76.07 60.28 69.13 31.27
788 44.86 47.35 70.10 92.77 59.09
789 44.81 52.18 81.84 100.08 58.19
790 44.88 24.32 60.08 70.68 63.85
791 44.99 16.34 50.67 64.21 59.82
792 44.88 7.05 25.80 44.94 26.41
793 44.96 60.94 74.40 81.28 43.52
794 45.05 21.60 58.23 66.97 60.11
795 45.04 28.79 56.81 74.24 59.24
796 45.06 33.81 65.49 83.08 60.39
797 45.08 87.12 50.98 54.93 21.18
798 45.15 38.60 70.30 101.16 63.45
799 45.16 31.26 59.38 82.45 58.99
800 45.12 44.78 74.83 101.35 59.76
801 45.10 90.67 32.95 48.42 13.09
802 45.29 56.35 78.16 87.45 45.64
803 45.43 84.43 54.30 58.93 23.64
804 45.17 93.32 15.75 33.76 4.67
805 45.48 73.74 70.16 75.14 34.73
806 45.34 11.00 44.75 60.66 54.40
807 45.44 63.09 71.50 80.93 41.83
808 45.44 50.14 80.14 103.64 54.71
809 45.57 18.92 51.85 70.39 52.58
810 45.49 94.64 11.11 27.21 3.19
811 45.63 58.79 79.53 89.09 40.51
812 45.59 69.62 69.50 79.62 33.50
813 45.71 42.35 70.18 100.93 49.71
814 45.72 35.85 61.62 98.95 54.45
815 45.81 65.11 72.70 90.16 40.34
816 45.86 54.20 75.71 99.18 46.31
817 45.88 67.31 69.16 84.79 34.79
818 45.84 79.00 58.63 68.69 25.82
819 45.86 81.87 57.40 71.28 24.45
820 46.02 27.67 52.65 71.84 44.87
821 46.04 76.34 63.88 74.89 27.27
822 45.96 14.28 42.92 64.58 45.92
823 46.07 7.87 30.92 57.97 32.65
824 45.94 46.52 66.76 100.76 42.85
825 46.07 51.94 76.46 107.91 47.40
826 46.05 88.42 51.35 56.93 18.13
827 45.95 24.26 48.47 69.22 44.19
828 46.08 40.06 66.77 108.09 52.70
829 46.29 71.67 66.30 82.62 29.66
830 46.24 91.46 32.69 48.95 9.30
831 46.22 30.80 61.73 91.91 49.13
832 46.31 48.74 74.30 111.66 45.01
833 46.32 61.11 71.53 90.56 37.89
834 46.32 33.51 61.12 100.83 46.86
835 46.29 44.16 65.82 103.00 42.32
836 46.38 37.77 63.07 104.12 48.12
837 46.40 96.10 7.76 23.43 0.87
838 46.48 21.05 49.52 69.26 39.84
839 46.55 17.06 48.07 72.35 42.90
840 46.41 56.74 71.68 96.35 38.02
841 46.50 11.25 41.44 66.17 40.07
842 46.79 63.18 75.99 94.51 36.33
843 46.79 73.89 64.01 80.51 25.07
844 46.80 93.90 15.76 34.17 3.07
845 46.77 69.37 67.71 87.63 28.63
846 46.94 86.77 50.54 59.28 15.95
847 46.84 58.91 73.05 90.77 35.59
848 46.96 84.11 51.75 60.94 15.55
849 46.93 26.02 50.54 83.52 35.91
850 47.06 65.34 70.24 95.10 30.81
851 47.03 35.65 58.74 106.46 39.29
852 47.04 41.02 65.53 109.07 38.73
853 47.05 78.29 62.07 73.93 20.23
854 47.09 81.39 51.30 67.17 17.26
855 47.07 23.49 46.30 77.92 35.21
856 47.03 46.04 66.31 109.60 39.85
857 47.13 51.05 72.56 111.20 35.03
858 47.16 53.24 75.63 110.58 36.46
859 47.11 55.40 70.54 96.49 33.22
860 47.19 29.60 57.53 98.62 43.72
861 47.26 67.40 62.23 89.26 27.91
862 47.22 13.76 43.34 76.85 38.66
863 47.19 89.97 43.49 55.27 12.80
864 47.24 7.96 31.69 61.20 24.41
865 47.29 43.37 71.49 112.61 38.06
866 47.39 32.06 61.74 107.13 39.03
867 47.68 5.06 17.10 47.61 8.06
868 47.49 19.03 47.58 77.88 35.02
869 47.36 48.91 67.15 111.40 32.53
870 47.45 38.48 62.20 111.24 35.92
871 47.55 75.82 58.28 79.05 19.94
872 47.73 10.64 39.61 74.61 31.98
873 47.72 70.92 63.21 86.11 22.04
874 47.75 27.46 53.37 93.43 33.94
875 47.88 61.95 67.58 87.64 22.84
876 47.80 16.24 44.95 82.23 32.13
877 47.82 21.58 49.70 88.12 35.06
878 47.97 57.59 75.86 102.19 26.62
879 47.91 59.79 70.44 93.99 24.82
880 47.89 95.61 9.77 26.72 0.96
881 47.90 93.03 23.58 42.83 4.84
882 47.99 34.08 57.72 108.56 31.93
883 47.95 47.24 72.63 118.37 32.26
884 48.03 73.26 57.47 83.99 19.51
885 48.08 88.52 39.82 56.94 10.99
886 48.22 64.16 65.60 94.70 23.99
887 48.22 36.34 59.12 111.95 27.76
888 48.14 45.07 66.86 111.14 26.51
889 48.21 85.51 49.54 66.32 13.81
890 48.20 24.65 50.07 87.51 28.67
891 48.18 40.17 64.00 118.14 29.95
892 48.13 55.23 75.04 108.49 28.29
893 48.28 68.80 60.61 93.20 20.62
894 48.30 78.26 51.71 71.51 14.36
895 48.25 80.76 55.20 77.32 16.28
896 48.29 42.31 66.89 121.86 30.41
897 48.29 50.28 70.20 114.57 27.59
898 48.32 66.41 69.94 94.93 21.64
899 48.39 52.60 71.46 113.93 27.90
900 48.38 29.40 53.69 97.34 27.90
901 48.49 12.94 41.86 83.84 29.19
902 48.70 83.19 53.07 70.97 14.33
903 48.64 7.56 26.77 70.13 17.72
904 48.61 31.78 60.12 112.87 29.46
905 48.81 76.02 51.28 75.10 13.49
906 48.86 90.84 34.65 51.85 6.94
907 48.73 18.61 48.38 87.78 26.78
908 48.82 38.19 57.71 116.81 25.69
909 48.87 48.23 68.81 115.60 24.09
910 48.84 22.18 48.91 94.35 25.27
911 48.88 26.79 49.85 101.37 26.33
912 49.01 94.17 15.49 36.45 1.99
913 48.99 15.50 42.94 84.27 26.24
914 48.96 60.87 68.64 96.64 21.61
915 48.99 71.03 60.83 91.00 19.15
916 48.94 98.25 3.49 14.56 0.00
917 49.07 43.84 65.45 118.92 24.38
918 49.07 96.68 6.35 20.40 0.33
919 49.14 10.00 35.29 79.75 21.70
920 49.11 54.76 71.22 108.88 24.00
921 49.16 57.07 63.16 96.65 20.43
922 49.20 73.73 53.20 77.84 14.24
923 49.19 34.46 59.11 114.78 26.40
924 49.12 87.54 49.81 68.48 12.64
925 49.30 46.16 60.79 106.12 18.23
926 49.32 63.16 68.47 102.30 20.78
927 49.47 5.43 18.36 59.50 7.68
928 49.30 40.88 67.42 123.39 25.03
929 49.39 65.73 69.56 99.49 20.40
930 49.35 50.66 63.72 114.71 20.48
931 49.44 68.36 61.54 94.72 18.77
932 49.51 29.31 57.83 105.77 24.58
933 49.57 59.08 66.90 106.13 20.94
934 49.47 80.87 48.80 70.41 12.40
935 49.63 24.29 49.69 101.74 22.66
936 49.57 52.83 69.10 109.33 22.10
937 49.64 78.21 49.92 69.11 11.48
938 49.68 20.56 48.72 96.27 20.86
939 49.70 36.64 59.70 119.97 21.42
940 49.74 85.17 48.71 64.72 9.60
941 49.75 12.56 39.20 87.36 20.82
942 49.75 32.24 54.50 114.92 22.16
943 49.88 17.73 44.80 88.09 19.13
944 49.87 38.93 60.61 121.22 21.26
945 49.98 48.69 72.77 116.30 19.34
946 50.24 96.95 5.33 19.85 0.19
947 50.05 26.79 51.99 105.18 22.25
948 50.03 42.57 64.44 125.92 20.39
949 50.00 91.00 30.31 51.02 5.44
950 50.05 71.38 54.71 84.74 13.00
951 50.26 8.59 33.62 80.12 15.68
952 50.18 54.90 61.44 103.68 17.21
953 50.32 76.14 53.62 73.01 10.31
954 50.16 88.29 42.31 55.34 6.93
955 50.18 93.49 19.67 40.52 2.18
956 50.34 15.27 38.52 89.71 18.14
957 50.24 44.85 67.94 122.04 19.42
958 50.34 60.68 61.24 99.46 16.90
959 50.42 82.83 45.29 71.24 9.49
960 50.36 73.76 58.42 84.99 13.72
961 50.43 51.25 67.11 120.96 18.10
962 50.41 57.20 66.92 106.12 16.41
963 50.42 62.76 61.15 94.79 14.29
964 50.44 64.87 57.48 90.88 13.00
965 50.47 34.97 58.28 118.48 20.67
966 50.53 22.41 47.12 104.11 19.97
967 50.56 67.09 58.78 95.30 14.79
968 50.50 30.32 54.23 112.28 19.04
969 50.62 69.56 59.55 90.26 13.34
970 50.67 40.71 64.14 120.10 17.75
971 50.65 46.93 67.19 122.50 17.52
972 50.62 79.87 51.73 72.71 10.87
973 50.77 5.98 20.61 66.58 6.57
974 50.79 19.40 41.55 92.95 14.75
975 50.85 11.21 38.73 89.64 17.48
976 50.84 38.13 58.92 115.96 15.37
977 50.93 32.59 56.45 116.84 17.53
978 51.07 25.80 44.30 96.22 13.30
979 51.09 58.84 63.12 103.16 14.97
980 51.02 85.82 43.78 64.19 7.12
981 51.16 3.51 10.86 46.21 1.50
982 51.15 28.49 56.29 111.42 17.35
983 51.15 53.36 62.09 105.20 12.24
984 51.11 43.39 60.33 121.24 15.36
985 51.12 48.98 62.81 113.27 14.92
986 51.27 90.42 29.61 47.42 4.18
987 51.30 72.10 53.82 83.72 10.90
988 51.35 77.93 48.15 69.96 9.12
989 51.27 55.58 60.64 102.16 12.52
990 51.36 13.73 38.85 89.45 14.47
991 51.59 97.88 3.90 16.92 0.00
992 51.48 17.11 39.83 92.39 14.70
993 51.50 23.27 45.73 102.73 14.42
994 51.56 95.40 7.66 26.37 0.21
995 51.49 51.10 60.93 106.64 13.07
996 51.48 63.40 57.22 97.91 12.06
997 51.52 75.01 56.91 83.76 10.47
998 51.54 45.62 62.37 124.28 15.53
999 51.59 61.11 61.52 98.73 12.51
1000 51.57 81.32 42.42 65.84 7.23
1001 51.57 35.29 54.51 109.48 14.07
1002 51.67 8.94 32.07 81.29 10.84
1003 51.68 65.62 55.83 91.12 10.79
1004 51.61 68.49 59.58 87.73 11.94
1005 51.78 41.61 63.09 128.06 14.04
1006 51.85 20.41 41.42 97.67 13.71
1007 51.81 30.72 45.15 111.29 12.44
1008 51.85 37.42 49.59 107.74 12.29
1009 51.85 39.54 52.16 105.54 13.11
1010 51.93 84.08 41.54 64.36 6.05
1011 51.96 33.16 48.98 107.02 13.02
1012 51.99 56.93 62.60 93.71 11.16
1013 52.00 6.22 20.85 71.32 6.13
1014 52.13 47.52 55.92 100.93 11.61
1015 52.17 70.54 56.33 85.85 8.86
1016 52.23 27.66 50.40 112.22 14.40
1017 52.25 86.97 41.55 57.01 5.67
1018 52.27 59.17 53.44 99.05 10.51
1019 52.32 11.54 36.27 89.19 11.11
1020 52.30 25.11 42.21 96.99 10.84
1021 52.29 49.70 59.79 104.84 10.16
1022 52.37 43.55 55.58 118.42 13.39
1023 52.40 54.51 66.27 108.26 12.52
1024 52.63 2.69 7.20 37.27 0.72
1025 52.41 14.81 35.94 89.98 10.44
1026 52.42 76.95 46.51 69.54 6.88
1027 52.47 52.28 62.61 112.92 10.80
1028 52.49 73.44 58.92 88.25 9.69
1029 52.53 79.90 44.74 65.51 5.99
1030 52.38 90.42 30.80 44.09 3.69
1031 52.60 93.34 18.16 35.80 1.61
1032 52.57 67.41 54.59 91.20 9.99
1033 52.54 62.83 57.31 95.31 10.92
1034 52.64 22.52 43.10 97.48 10.74
1035 52.69 18.09 37.24 92.90 9.92
1036 52.76 36.24 52.54 111.34 12.27
1037 52.77 45.45 58.30 112.03 10.30
1038 52.93 65.06 59.57 92.86 10.78
1039 52.90 97.86 4.13 15.37 0.01
1040 52.91 29.34 47.93 105.62 12.51
1041 52.92 31.62 44.97 105.74 10.51
1042 52.90 38.93 52.92 111.05 10.05
1043 52.93 41.45 56.99 118.50 10.61
1044 53.01 8.43 29.09 79.76 7.98
1045 53.04 33.88 50.00 114.32 10.99
1046 53.04 82.74 44.65 63.81 5.83
1047 53.07 60.84 57.86 97.77 9.62
1048 53.03 95.63 8.64 25.62 0.14
1049 53.13 56.46 61.15 107.21 9.60
1050 53.38 5.48 17.29 58.68 3.77
1051 53.23 71.51 49.75 77.57 7.24
1052 53.25 88.53 38.17 49.65 4.61
1053 53.33 69.27 52.94 81.70 8.36
1054 53.33 47.51 59.78 110.12 10.01
1055 53.28 49.87 55.77 106.30 8.82
1056 53.35 75.50 51.54 72.63 6.58
1057 53.46 20.44 40.01 94.63 9.67
1058 53.37 25.96 47.03 108.24 10.65
1059 53.37 58.69 61.61 102.66 9.66
1060 53.44 78.45 47.66 69.49 6.99
1061 53.44 15.29 32.48 86.72 8.26
1062 53.27 86.54 34.81 55.81 4.94
1063 53.54 11.88 33.04 81.15 7.67
1064 53.56 91.44 25.26 40.98 2.47
1065 53.63 54.13 62.80 103.74 10.48
1066 53.49 85.08 37.98 56.05 4.71
1067 53.67 51.88 55.01 93.69 8.03
1068 53.76 1.78 5.14 30.86 0.06
1069 53.74 23.44 42.93 102.42 9.39
1070 53.67 62.88 51.03 85.92 8.28
1071 53.72 66.98 52.21 88.04 7.65
1072 53.84 42.76 55.13 110.52 10.01
1073 53.86 45.04 57.62 111.81 9.29
1074 53.91 28.24 44.61 105.89 9.56
1075 53.89 35.62 45.19 110.99 9.52
1076 53.87 38.06 48.08 99.23 7.49
1077 54.01 81.13 44.93 65.39 4.97
1078 54.00 17.84 34.28 88.95 8.09
1079 53.98 73.23 56.05 79.79 7.74
1080 54.12 94.16 15.28 31.95 0.60
1081 54.00 40.30 51.20 107.47 8.44
1082 54.06 30.80 44.15 104.08 8.31
1083 54.16 33.15 43.29 93.47 8.23
1084 54.28 8.79 27.40 73.99 5.45
1085 54.31 64.93 50.80 85.09 7.91
1086 54.26 48.96 56.07 103.82 8.09
1087 54.33 56.00 57.32 101.53 8.29
1088 54.37 60.54 55.00 89.88 7.72
1089 54.42 14.12 33.47 89.22 7.67
1090 54.40 58.29 57.10 98.85 8.61
1091 54.43 87.49 36.54 48.61 3.56
1092 54.43 75.78 51.17 70.03 5.67
1093 54.48 69.43 47.67 74.82 5.77
1094 54.45 85.34 40.00 52.98 4.02
1095 54.57 26.04 38.50 88.73 6.76
1096 54.56 21.58 38.67 92.11 7.42
1097 54.62 78.47 46.04 65.06 5.24
1098 54.62 46.76 55.87 107.19 9.78
1099 54.64 52.56 58.93 104.97 7.66
1100 54.83 83.27 41.65 53.98 3.74
1101 54.62 91.33 29.34 42.27 1.92
1102 54.53 5.54 14.80 54.53 2.20
1103 54.93 71.44 50.99 72.83 5.09
1104 54.82 62.87 53.64 88.29 6.93
1105 54.83 36.92 47.97 103.91 8.71
1106 54.99 11.61 32.25 79.94 5.44
1107 54.98 43.81 55.64 107.81 7.87
1108 54.96 67.12 51.81 82.63 5.45
1109 55.08 23.84 39.76 92.81 7.16
1110 54.96 29.07 45.57 101.65 7.95
1111 54.94 41.64 49.44 103.52 8.08
1112 55.02 6.68 20.02 56.78 3.03
1113 55.10 50.22 53.94 97.75 7.09
1114 55.14 16.71 36.60 84.06 6.67
1115 55.07 39.31 49.24 102.75 8.25
1116 55.16 19.43 37.28 88.60 6.73
1117 55.16 34.41 50.68 102.53 7.04
1118 55.17 54.41 60.20 102.68 7.75
1119 55.19 31.89 47.44 102.51 8.18
1120 55.28 73.88 45.46 63.15 5.07
1121 55.44 80.44 43.41 55.66 4.29
1122 55.47 92.86 25.05 42.86 1.62
1123 55.40 57.60 57.94 87.67 6.00
1124 55.57 65.17 55.31 80.91 6.16
1125 55.55 76.61 52.69 58.62 4.69
1126 55.55 61.11 53.10 83.18 5.51
1127 55.58 85.79 41.50 50.74 3.40
1128 55.59 45.59 52.70 100.45 7.87
1129 55.66 48.13 54.44 96.95 6.40
1130 55.56 90.05 33.68 44.60 1.93
1131 55.68 9.78 29.78 71.63 5.15
1132 55.65 14.24 33.67 81.06 5.48
1133 55.65 26.97 42.15 95.31 5.95
1134 55.72 51.98 59.21 92.40 6.72
1135 55.83 69.28 51.20 76.11 5.53
1136 55.83 36.53 49.72 99.57 6.88
1137 55.56 88.51 30.80 43.60 2.20
1138 56.04 21.72 37.03 80.03 5.52
1139 56.14 6.46 22.95 56.73 2.95
1140 56.03 29.82 46.01 101.38 7.26
1141 56.03 41.42 52.91 99.32 6.82
1142 56.01 55.78 61.52 94.90 6.75
1143 56.02 63.21 53.87 73.94 4.57
1144 56.02 8.56 28.43 70.46 4.54
1145 56.14 59.33 54.09 84.97 6.27
1146 56.11 82.66 44.59 52.40 3.46
1147 56.19 24.70 38.09 81.55 5.10
1148 56.16 38.90 50.14 98.23 7.41
1149 56.20 72.21 53.11 71.13 5.38
1150 56.23 43.64 51.70 102.96 7.08
1151 56.26 18.51 34.35 81.17 5.57
1152 56.31 32.20 43.60 99.81 6.28
1153 56.33 66.93 50.97 73.86 5.04
1154 56.33 78.52 47.49 54.14 3.76
1155 56.26 88.07 36.26 47.26 2.81
1156 56.40 34.41 48.51 98.14 6.68
1157 56.36 53.49 56.68 84.53 5.31
1158 56.51 12.13 32.39 74.85 4.38
1159 56.50 50.32 53.86 90.14 5.58
1160 56.53 75.03 50.05 65.59 4.71
1161 56.67 15.49 35.40 75.53 4.71
1162 56.59 93.50 20.61 33.62 0.73
1163 56.56 46.63 58.48 99.89 6.65
1164 56.55 3.97 10.78 38.64 0.50
1165 56.77 27.66 44.01 89.98 5.86
1166 56.77 84.69 49.38 56.86 3.96
1167 56.81 57.43 59.45 85.64 5.64
1168 56.90 61.60 54.27 79.63 5.02
1169 56.85 90.52 38.50 45.54 2.74
1170 56.97 64.29 60.49 79.69 4.87
1171 56.89 37.07 50.97 97.27 6.35
1172 57.01 70.45 55.73 73.41 5.08
1173 57.06 80.91 54.33 58.69 3.86
1174 57.16 8.70 28.33 59.96 3.71
1175 57.14 22.79 42.02 77.52 4.84
1176 57.07 40.27 49.75 92.76 6.22
1177 57.13 55.25 54.83 81.27 5.02
1178 57.17 44.86 51.36 93.11 6.88
1179 57.15 48.44 56.38 83.93 5.00
1180 57.24 30.37 48.76 88.62 5.63
1181 57.41 20.12 37.01 71.34 4.38
1182 57.33 5.24 17.53 45.93 1.47
1183 57.32 42.50 51.71 94.24 5.36
1184 57.41 68.40 60.23 76.72 4.62
1185 57.39 25.22 42.53 83.23 4.94
1186 57.34 87.44 38.98 43.41 2.01
1187 57.38 59.19 58.75 80.50 4.76
1188 57.43 72.73 51.03 63.59 4.92
1189 57.39 77.82 44.35 49.88 3.22
1190 57.46 35.10 52.07 85.85 5.90
1191 57.40 53.00 58.65 84.40 5.12
1192 57.50 17.50 35.41 71.94 4.38
1193 57.56 32.77 45.22 79.95 4.62
1194 57.61 66.21 56.01 68.42 4.36
1195 57.63 11.18 33.69 66.92 4.77
1196 57.69 50.93 60.53 84.21 5.26
1197 57.73 75.17 49.83 61.26 4.02
1198 57.79 38.21 48.83 90.44 5.47
1199 57.85 14.17 33.03 65.16 4.14
1200 57.89 83.96 46.15 48.65 2.65
1201 57.92 46.77 49.62 81.03 4.26
1202 57.97 28.42 44.70 76.19 4.55
1203 57.99 56.28 58.00 79.33 4.38
1204 57.94 92.21 26.56 31.01 0.69
1205 58.02 61.17 54.30 71.75 3.95
1206 58.09 63.82 59.05 66.12 4.00
1207 58.18 40.50 53.67 87.13 5.56
1208 58.25 44.50 50.48 82.23 5.18
1209 58.19 48.89 50.85 85.78 4.89
1210 58.21 81.46 46.04 46.18 2.67
1211 58.31 22.11 39.14 68.60 4.40
1212 58.40 89.62 39.37 39.80 1.72
1213 58.31 7.45 25.14 47.73 2.10
1214 58.34 26.10 41.46 69.49 3.45
1215 58.39 70.08 57.03 62.20 4.05
1216 58.41 36.08 51.99 83.12 4.56
1217 58.44 58.47 55.39 71.27 4.24
1218 58.46 78.76 48.31 50.54 3.14
1219 58.39 86.76 42.94 42.41 2.25
1220 58.53 9.62 30.42 49.16 2.56
1221 58.53 30.61 48.06 74.15 4.14
1222 58.42 53.60 56.47 81.99 4.31
1223 58.55 5.99 22.27 45.44 1.62
1224 58.62 42.48 48.31 87.12 5.45
1225 58.54 67.53 55.42 55.67 3.60
1226 58.59 72.64 52.96 58.87 3.35
1227 58.62 16.87 36.87 65.35 4.26
1228 58.74 32.85 50.84 75.04 4.65
1229 58.72 76.06 54.24 50.24 3.62
1230 58.93 19.43 42.08 61.64 3.73
1231 58.79 51.02 55.68 82.64 5.51
1232 58.84 12.26 33.70 60.14 3.32
1233 58.91 38.57 57.45 79.55 4.93
1234 59.03 65.37 63.47 63.64 3.69
1235 59.11 24.36 40.61 61.96 3.62
1236 59.01 46.32 53.19 80.74 5.10
1237 58.99 56.44 56.64 76.71 3.95
1238 59.05 60.44 58.27 64.48 3.95
1239 59.12 62.75 58.31 59.29 3.80
1240 59.35 91.92 28.57 28.96 1.01
1241 59.18 94.44 14.82 23.30 0.21
1242 59.16 84.87 47.81 41.60 2.00
1243 59.23 27.42 42.23 61.38 3.73
1244 59.33 14.71 34.31 54.81 2.77
1245 59.25 48.76 53.21 76.93 4.82
1246 59.29 34.57 51.25 74.75 3.80
1247 59.36 82.29 50.89 42.79 2.42
1248 59.38 54.54 56.98 74.60 4.49
1249 59.37 40.72 58.40 77.57 4.54
1250 59.47 68.44 60.41 54.03 3.45
1251 59.47 44.13 46.32 70.78 4.12
1252 59.52 74.12 53.24 47.76 2.74
1253 59.44 79.68 50.77 44.15 2.52
1254 59.38 88.09 42.51 34.68 1.43
1255 59.53 21.81 44.06 63.10 3.35
1256 59.56 36.76 55.43 71.13 4.49
1257 59.61 52.41 57.21 75.41 4.52
1258 59.55 58.25 60.21 62.29 3.64
1259 59.65 70.76 62.19 52.23 3.57
1260 59.69 7.68 26.59 43.03 1.69
1261 59.61 29.62 49.99 65.14 4.21
1262 59.83 76.99 52.70 43.81 2.60
1263 59.83 10.74 31.48 47.53 2.81
1264 59.94 17.38 36.68 50.31 2.77
1265 60.05 31.64 53.50 62.03 3.93
1266 60.04 63.81 65.63 56.58 3.95
1267 60.03 46.73 54.46 68.69 3.79
1268 60.04 50.29 50.07 67.07 4.04
1269 60.13 38.74 58.53 65.36 4.10
1270 60.10 42.24 56.02 76.10 3.92
1271 60.05 60.41 62.61 57.97 3.19
1272 59.91 88.01 40.57 36.46 2.39
1273 60.18 55.74 60.09 66.72 3.36
1274 60.15 66.28 62.87 51.51 3.54
1275 60.24 26.53 43.30 54.28 2.91
1276 60.28 23.71 41.73 54.20 3.27
1277 60.24 33.92 54.68 63.06 3.92
1278 60.39 72.78 57.96 44.35 2.46
1279 60.31 85.31 52.22 34.56 1.79
1280 60.43 14.01 34.46 46.08 2.53
1281 60.44 20.50 39.48 53.30 3.26
1282 60.46 90.52 38.83 30.17 1.08
1283 60.57 53.49 57.90 67.69 4.31
1284 60.51 57.80 63.19 53.95 2.83
1285 60.55 82.40 63.70 41.01 2.46
1286 60.58 44.10 52.10 68.34 4.15
1287 60.59 79.60 54.51 36.53 2.29
1288 60.58 36.29 53.95 64.97 4.74
1289 60.63 68.54 64.05 48.32 2.52
1290 60.71 93.15 23.57 21.33 0.40
1291 60.67 29.15 53.74 57.03 2.75
1292 60.70 48.51 53.42 62.54 4.25
1293 60.79 62.02 58.65 47.17 1.94
1294 60.78 75.70 47.09 35.12 2.16
1295 60.79 40.48 56.57 61.03 3.23
1296 60.97 87.81 43.52 29.98 1.27
1297 60.98 8.69 28.16 38.48 1.89
1298 60.97 51.55 59.33 64.71 3.36
1299 61.03 18.38 39.59 50.52 2.88
1300 61.02 11.23 31.76 40.03 2.10
1301 61.19 71.01 61.57 41.66 2.77
1302 61.02 45.98 54.50 62.20 3.66
1303 61.10 59.53 59.69 51.13 3.07
1304 61.15 64.50 64.15 49.32 2.92
1305 61.19 31.99 51.03 51.69 3.51
1306 61.21 24.84 42.45 49.64 3.27
1307 61.31 34.50 58.51 54.64 2.93
1308 61.42 15.75 35.87 41.52 2.71
1309 61.38 37.54 57.28 52.53 3.34
1310 61.48 21.80 37.62 44.13 2.61
1311 61.56 78.01 50.33 33.22 1.94
1312 61.43 54.71 56.21 51.73 2.25
1313 61.39 56.79 59.45 47.72 2.57
1314 61.54 42.47 53.93 55.47 3.49
1315 61.55 66.57 66.38 44.95 2.38
1316 61.55 27.46 51.53 46.79 2.44
1317 61.58 73.71 57.10 35.62 2.32
1318 61.55 84.00 55.02 33.69 2.23
1319 61.58 49.70 60.95 56.88 2.79
1320 61.77 68.89 61.42 41.07 2.36
1321 61.72 80.79 52.07 33.67 2.08
1322 61.81 12.89 33.34 34.01 2.13
1323 61.87 90.09 35.89 24.04 1.05
1324 61.88 29.93 50.01 46.06 2.73
1325 61.86 44.62 55.26 52.32 2.80
1326 61.79 47.22 51.18 55.47 3.24
1327 61.79 40.01 56.02 50.80 3.35
1328 61.88 62.45 66.06 45.05 2.89
1329 62.02 52.94 60.85 53.34 2.94
1330 62.05 60.24 62.03 44.67 2.68
1331 62.13 75.96 51.11 30.04 1.74
1332 62.20 86.67 46.91 27.11 1.30
1333 62.10 9.34 28.91 28.87 1.19
1334 62.09 18.57 35.68 40.02 2.50
1335 62.30 32.28 50.97 43.92 2.81
1336 62.28 25.62 45.07 42.85 2.87
1337 62.28 57.66 62.45 42.45 2.41
1338 62.40 23.33 40.82 39.30 2.41
1339 62.44 71.94 61.79 37.01 2.43
1340 62.52 64.24 61.83 38.11 2.57
1341 62.38 38.06 55.78 48.71 2.54
1342 62.51 50.87 58.35 50.08 2.72
1343 62.62 55.30 56.73 42.59 2.43
1344 62.59 15.24 37.26 30.52 2.36
1345 62.69 48.62 54.50 50.27 3.20
1346 62.68 40.96 51.68 41.44 2.81
1347 62.82 20.65 37.49 34.29 1.88
1348 62.73 28.23 41.22 34.89 1.78
1349 62.80 66.42 64.70 36.72 2.02
1350 62.74 83.82 50.95 25.07 1.49
1351 62.79 46.37 55.88 46.69 2.88
1352 62.79 69.51 63.20 32.69 2.27
1353 62.81 80.67 56.26 30.09 1.53
1354 62.92 36.22 51.75 40.58 2.68
1355 62.91 44.10 53.40 44.57 2.85
1356 62.86 11.49 32.90 26.68 1.32
1357 63.08 59.25 61.44 39.49 2.33
1358 63.10 61.73 61.83 36.94 2.10
1359 63.17 90.74 31.21 19.00 0.59
1360 63.21 30.65 47.49 35.75 2.60
1361 63.14 52.72 60.14 44.38 2.86
1362 63.01 76.22 52.02 25.75 1.20
1363 62.95 78.29 50.90 20.65 1.60
1364 63.15 7.45 25.66 24.66 0.81
1365 63.30 17.49 37.48 29.36 1.64
1366 63.30 88.12 41.22 21.98 1.10
1367 63.33 33.79 48.91 37.93 2.64
1368 63.46 73.52 60.15 26.97 1.85
1369 63.34 25.63 45.01 32.04 2.12
1370 63.44 38.57 53.12 36.70 2.51
1371 63.53 42.08 53.89 39.81 2.64
1372 63.58 23.14 40.95 32.73 2.19
1373 63.53 57.12 60.00 35.19 2.03
1374 63.60 9.78 34.21 24.62 1.15
1375 63.62 13.63 33.75 22.14 1.43
1376 63.61 50.38 61.22 42.53 2.58
1377 63.68 68.10 66.24 31.54 1.58
1378 63.60 78.66 53.31 27.04 1.30
1379 63.71 54.61 63.61 40.14 2.81
1380 63.72 70.94 68.10 31.06 2.05
1381 63.85 85.50 48.26 22.00 1.30
1382 63.76 64.13 65.65 31.71 2.04
1383 63.48 76.00 53.13 25.73 1.13
1384 63.84 82.43 57.30 25.30 1.65
1385 63.90 48.37 57.10 41.65 2.71
1386 63.86 28.10 47.90 30.88 1.93
1387 63.88 46.16 52.34 38.34 2.47
1388 64.01 20.43 38.90 27.46 1.86
1389 63.97 36.24 50.13 34.47 2.30
1390 64.12 32.15 53.11 33.08 2.36
1391 64.10 59.74 63.54 32.37 1.87
1392 64.19 40.11 51.30 35.54 2.41
1393 64.19 44.02 44.78 33.40 1.79
1394 64.23 66.14 65.51 30.25 2.17
1395 64.25 62.12 65.20 30.64 1.89
1396 64.17 8.50 29.02 20.49 0.85
1397 64.30 52.01 62.48 37.73 2.44
1398 64.29 75.62 58.95 24.25 1.89
1399 64.47 91.32 27.96 14.21 0.25
1400 64.59 14.90 32.71 21.62 1.31
1401 64.49 17.80 39.01 24.85 1.26
1402 64.52 88.14 41.06 16.52 0.87
1403 64.57 80.54 57.65 22.01 1.43
1404 64.54 25.48 48.27 26.83 1.79
1405 64.65 29.85 49.52 30.09 1.92
1406 64.61 56.34 66.26 33.17 2.57
1407 64.81 22.90 40.58 23.52 1.48
1408 64.85 33.91 48.34 26.87 2.09
1409 64.77 72.29 59.01 22.06 1.68
1410 64.87 78.11 51.86 21.72 1.71
1411 64.79 12.16 33.00 19.97 1.07
1412 64.79 42.17 51.00 31.11 2.36
1413 64.84 54.07 66.56 33.16 2.19
1414 64.90 49.83 60.04 33.09 2.21
1415 65.01 38.45 55.83 28.99 2.04
1416 64.97 84.02 49.57 18.36 1.04
1417 65.00 58.60 67.51 33.70 2.35
1418 64.94 36.22 50.11 28.81 2.48
1419 64.96 46.25 53.75 33.49 2.00
1420 65.06 64.24 72.50 29.19 2.00
1421 65.06 10.44 30.38 17.55 0.87
1422 65.23 67.23 65.20 24.11 1.41
1423 65.29 19.87 41.24 23.05 1.66
1424 65.26 27.59 47.78 27.76 2.08
1425 65.28 61.31 64.02 29.67 1.87
1426 65.52 31.49 54.77 26.76 2.08
1427 65.52 43.97 59.35 28.65 2.20
1428 65.46 52.14 68.30 32.72 1.62
1429 65.44 75.35 58.80 21.10 1.32
1430 65.58 87.35 47.69 16.18 0.81
1431 65.71 14.68 34.18 19.94 1.26
1432 65.72 48.79 60.08 27.71 2.01
1433 65.64 40.57 54.92 27.14 1.92
1434 65.59 13.31 34.87 17.81 1.19
1435 65.77 17.04 39.72 20.97 1.32
1436 65.77 24.46 47.48 21.71 1.53
1437 65.73 56.09 67.46 32.55 1.78
1438 65.74 69.69 63.96 22.71 1.68
1439 65.72 80.99 52.72 18.36 1.44
1440 65.92 72.80 65.15 21.21 1.49
1441 65.76 86.03 47.86 14.86 0.90
1442 66.11 21.87 42.44 20.49 1.63
1443 65.89 35.79 53.09 26.15 1.87
1444 66.10 29.19 42.15 21.75 1.73
1445 66.05 46.12 57.90 27.68 2.08
1446 66.09 33.61 50.67 24.46 1.59
1447 66.08 58.26 67.91 29.48 2.12
1448 66.16 54.04 64.21 26.86 1.61
1449 66.13 63.69 69.49 26.27 1.81
1450 65.84 78.33 49.44 13.00 1.56
1451 66.19 84.40 51.12 14.62 0.88
1452 66.23 77.36 52.46 18.35 1.22
1453 66.31 38.06 56.19 23.72 1.73
1454 66.30 66.32 67.10 23.74 1.57
1455 66.36 11.76 31.57 15.46 0.97
1456 66.34 42.35 49.29 23.97 1.64
1457 66.37 60.46 64.97 25.73 2.10
1458 66.37 26.58 47.09 21.61 1.76
1459 66.11 36.69 61.50 31.00 2.50
1460 66.48 51.62 66.90 26.97 2.24
1461 66.57 19.29 40.79 19.31 1.29
1462 66.46 9.56 29.02 16.63 1.11
1463 66.78 71.22 69.40 21.02 1.46
1464 66.63 75.16 53.05 16.24 1.22
1465 66.75 48.01 61.38 27.35 1.93
1466 66.91 79.20 53.86 16.02 1.21
1467 66.89 13.40 31.93 16.57 1.22
1468 66.78 40.16 56.88 22.03 1.67
1469 66.85 82.10 54.86 15.06 0.99
1470 66.84 31.76 47.26 22.55 1.85
1471 66.96 68.71 66.65 19.85 1.33
1472 66.84 87.07 47.40 13.65 0.31
1473 67.01 43.98 53.76 22.40 1.60
1474 67.02 16.27 37.58 15.94 1.35
1475 66.98 56.20 66.08 25.42 1.51
1476 67.00 62.32 69.81 24.81 1.73
1477 67.02 23.74 44.61 19.33 1.60
1478 66.97 35.30 56.58 23.64 1.79
1479 67.08 50.08 64.52 25.50 1.88
1480 67.19 29.24 45.92 21.32 1.50
1481 66.99 8.47 26.75 15.00 0.94
1482 67.23 58.55 68.54 24.71 1.68
1483 67.30 64.93 63.08 21.49 1.56
1484 67.25 53.69 68.43 23.65 1.60
1485 67.38 46.09 53.03 22.21 1.29
1486 67.64 10.54 26.83 13.17 0.72
1487 67.58 21.20 42.65 17.33 1.23
1488 67.44 26.84 43.71 20.17 1.83
1489 67.58 38.39 55.31 22.00 1.67
1490 67.56 73.81 57.89 15.72 1.37
1491 67.57 41.42 54.04 20.67 1.86
1492 67.74 76.89 49.81 15.30 1.18
1493 67.75 84.37 51.13 12.64 0.84
1494 67.79 18.41 36.41 16.16 1.14
1495 67.84 67.05 66.18 19.49 1.27
1496 67.83 33.58 50.78 19.39 1.81
1497 67.85 60.48 66.38 19.95 1.06
1498 67.85 48.16 59.21 21.19 1.34
1499 67.99 30.83 45.23 18.93 1.54
1500 68.00 36.33 51.29 19.14 1.92
1501 68.00 71.47 61.57 17.09 1.28
1502 67.95 81.26 51.65 12.52 1.08
1503 67.71 11.64 30.33 15.58 0.25
1504 67.89 13.53 33.64 14.13 0.94
1505 68.05 87.99 41.31 11.04 0.39
1506 68.25 15.99 35.45 12.57 0.95
1507 68.13 52.59 64.52 19.12 1.48
1508 68.07 62.97 63.55 19.27 1.32
1509 68.12 55.59 64.49 20.27 1.48
1510 68.07 23.99 45.81 17.80 1.57
1511 68.16 50.36 65.74 19.29 1.81
1512 68.29 57.91 67.34 19.50 1.66
1513 68.42 69.26 67.67 17.16 1.27
1514 68.41 42.63 56.94 20.68 1.59
1515 68.37 44.70 56.95 20.84 1.52
1516 68.57 78.96 50.25 12.72 0.89
1517 68.72 28.70 45.03 17.94 1.59
1518 68.53 39.93 51.15 17.62 1.73
1519 68.52 26.32 45.93 18.80 1.73
1520 68.74 65.00 54.99 17.01 1.32
1521 68.68 74.49 57.35 14.87 1.34
1522 68.72 46.69 59.46 20.69 1.64
1523 68.80 10.44 26.38 12.84 0.81
1524 68.83 21.99 46.26 17.09 1.16
1525 68.81 19.07 39.34 14.49 1.07
1526 68.78 82.68 47.67 9.64 0.85
1527 68.92 85.20 44.97 9.85 0.35
1528 68.95 33.38 48.25 18.28 1.44
1529 69.03 38.22 49.89 19.16 1.56
1530 68.98 60.03 64.44 19.99 1.71
1531 69.08 67.09 65.03 18.07 1.15
1532 69.04 31.49 44.64 16.62 1.30
1533 69.07 35.60 47.01 18.12 1.40
1534 69.11 13.41 33.47 12.85 0.83
1535 69.13 48.92 53.54 18.72 1.36
1536 69.15 54.37 67.05 19.65 1.24
1537 69.18 62.43 61.51 18.31 1.45
1538 69.20 71.68 57.26 14.38 1.28
1539 69.21 11.83 30.43 12.68 0.68
1540 69.12 15.95 36.46 14.91 1.10
1541 69.17 51.68 62.66 18.68 1.38
1542 69.34 24.49 44.42 17.18 1.38
1543 69.33 76.71 58.50 12.57 0.98
1544 69.24 81.46 53.89 11.44 0.77
1545 69.38 57.39 71.12 17.96 1.84
1546 69.52 41.53 54.70 18.66 1.75
1547 69.27 30.48 45.33 16.08 1.75
1548 69.46 44.51 51.78 18.84 1.81
1549 69.76 27.03 42.23 15.66 1.22
1550 69.90 20.10 37.72 14.62 1.14
1551 69.90 69.29 61.16 15.44 1.27
1552 69.87 84.17 48.29 10.74 0.34
1553 69.93 79.35 49.56 11.18 0.90
1554 69.91 46.75 57.88 19.75 1.75
1555 70.09 17.50 36.57 14.08 1.18
1556 70.01 64.15 60.25 17.16 1.16
1557 70.02 73.94 58.95 12.80 1.30
1558 69.95 34.37 43.37 17.31 1.55
1559 70.02 29.46 43.54 16.48 1.38
1560 70.08 36.93 46.79 16.74 1.67
1561 70.03 86.66 41.73 8.22 0.32
1562 70.12 60.83 65.06 17.60 1.20
1563 70.07 39.07 50.36 18.25 1.75
1564 70.03 13.12 28.00 11.12 0.96
1565 70.18 32.04 41.33 17.14 1.35
1566 70.42 14.60 30.22 12.21 0.89
1567 70.22 51.60 61.76 17.18 1.45
1568 70.19 66.86 61.60 16.63 1.15
1569 70.22 54.09 63.60 17.76 1.76
1570 70.21 49.07 53.35 17.14 1.21
1571 70.51 56.24 62.96 18.19 1.18
1572 70.46 58.66 58.44 16.76 1.57
1573 70.44 71.40 57.20 12.05 1.13
1574 70.49 22.58 38.54 14.94 1.26
1575 70.37 43.45 52.17 17.11 1.39
1576 70.38 81.75 48.64 8.66 0.79
1577 70.57 25.17 39.39 15.56 1.47
1578 70.58 76.65 56.13 11.76 1.01
1579 70.52 87.73 36.98 8.21 0.24
1580 70.63 41.01 50.96 17.06 1.21
1581 70.88 45.59 55.77 17.07 1.67
1582 71.02 27.89 38.24 13.92 1.35
1583 71.00 62.49 59.21 15.25 1.00
1584 70.91 35.17 40.79 16.16 1.26
1585 70.87 80.66 48.47 10.96 0.64
1586 71.08 65.47 58.42 14.29 1.20
1587 71.12 20.08 33.58 13.67 1.20
1588 71.18 30.52 40.19 15.10 1.26
1589 71.14 84.20 47.13 8.76 0.36
1590 71.21 68.43 64.70 13.86 1.11
1591 71.20 37.82 44.97 16.11 1.45
1592 71.20 74.05 53.78 11.78 1.00
1593 71.21 32.91 43.01 15.97 1.45
1594 71.16 49.07 52.45 16.85 1.21
1595 71.31 51.42 55.74 17.04 1.62
1596 71.38 53.83 59.73 16.40 1.12
1597 71.38 16.88 30.89 11.51 0.77
1598 71.51 60.00 67.40 15.51 1.31
1599 71.46 43.31 49.37 16.45 1.59
1600 71.59 87.00 37.39 7.30 0.40
1601 71.66 23.88 38.41 13.36 1.18
1602 71.53 57.62 57.27 14.94 1.12
1603 71.58 77.72 44.26 9.43 0.90
1604 71.54 71.38 59.12 12.39 1.17
1605 71.64 40.59 46.41 17.42 1.40
1606 71.64 47.12 50.78 15.47 1.31
1607 71.77 81.54 49.65 10.07 0.74
1608 72.02 13.08 23.17 10.11 0.57
1609 71.98 55.75 59.92 13.72 1.05
1610 72.08 26.34 39.60 13.91 1.29
1611 71.96 35.05 44.21 16.09 1.92
1612 71.99 64.32 61.87 13.33 1.06
1613 72.02 21.85 37.13 13.31 1.08
1614 72.53 15.70 28.66 11.05 0.67
1615 72.05 66.94 58.91 12.13 1.32
1616 72.06 29.17 37.83 14.81 1.52
1617 72.25 61.93 62.63 14.46 1.24
1618 72.25 32.29 41.20 15.62 1.43
1619 72.23 38.34 46.73 15.17 1.41
1620 72.32 45.00 57.34 16.13 1.60
1621 72.26 49.74 51.21 14.74 1.18
1622 72.42 74.62 48.81 9.96 0.82
1623 72.47 79.69 51.17 9.17 0.64
1624 72.35 52.12 59.09 14.25 1.37
1625 72.45 69.30 52.86 11.36 0.92
1626 72.54 84.67 39.10 7.41 0.28
1627 72.48 42.56 47.42 14.94 1.33
1628 72.64 58.91 64.37 13.77 1.27
1629 72.68 72.02 55.76 10.55 0.89
1630 72.70 47.44 51.37 13.90 1.14
1631 72.56 66.23 59.30 10.60 0.95
1632 72.88 54.18 60.75 14.24 1.22
1633 72.91 77.18 45.09 8.72 0.68
1634 72.89 35.99 45.72 15.58 1.15
1635 72.99 28.40 37.60 15.06 1.04
1636 73.06 40.41 44.58 14.52 1.47
1637 73.00 23.71 34.10 12.73 1.26
1638 73.11 30.82 41.14 14.59 1.43
1639 73.04 56.80 61.06 13.23 1.17
1640 73.12 64.11 58.62 12.84 0.96
1641 73.40 82.58 41.55 7.30 0.44
1642 73.32 61.08 59.45 12.59 1.05
1643 73.31 38.29 44.88 14.29 1.18
1644 73.34 33.31 42.79 14.93 1.60
1645 73.51 21.09 30.56 11.50 1.00
1646 73.37 49.51 52.86 15.56 1.38
1647 73.38 67.14 56.02 11.22 1.04
1648 73.43 51.82 58.87 15.28 1.07
1649 73.71 13.72 24.02 9.91 0.58
1650 73.40 44.67 48.23 14.25 0.84
1651 73.58 42.32 51.11 16.64 1.44
1652 73.66 17.46 28.34 10.90 0.76
1653 73.76 79.65 46.05 7.28 0.37
1654 73.84 69.35 51.90 10.70 0.92
1655 73.78 72.03 46.96 9.11 0.68
1656 73.82 75.81 43.71 9.01 0.79
1657 73.89 85.73 32.43 6.06 0.13
1658 73.77 47.19 45.61 14.73 1.33
1659 73.94 58.56 58.05 13.20 1.14
1660 73.97 35.23 47.77 15.33 1.56
1661 74.00 55.65 53.14 13.46 1.07
1662 73.81 36.46 47.73 13.00 1.18
1663 74.19 53.39 55.83 13.29 1.12
1664 74.12 27.98 34.58 13.15 0.98
1665 74.16 65.39 52.35 11.55 0.68
1666 74.09 24.89 34.46 11.80 1.15
1667 74.22 62.74 55.59 11.70 0.96
1668 74.30 38.18 47.38 13.47 1.30
1669 74.49 40.62 43.12 14.80 1.08
1670 74.39 50.09 52.65 14.34 1.25
1671 74.18 17.04 27.60 9.30 0.50
1672 74.41 22.96 32.26 12.56 0.89
1673 74.44 20.02 28.58 11.32 1.03
1674 74.47 33.38 41.86 12.46 1.16
1675 74.47 45.31 47.42 12.86 1.19
1676 74.54 73.84 43.91 8.92 0.62
1677 74.64 43.02 44.88 13.25 1.19
1678 74.65 60.36 57.71 13.85 0.95
1679 74.80 15.47 23.80 9.76 0.60
1680 74.77 82.61 40.70 7.20 0.31
1681 74.72 77.99 46.51 9.06 0.61
1682 74.76 47.70 43.34 12.86 1.23
1683 74.66 24.50 33.47 13.20 0.60
1684 74.99 67.47 52.77 10.83 0.98
1685 74.71 81.13 42.42 7.58 0.37
1686 75.04 56.46 50.96 12.52 1.30
1687 75.05 70.33 51.78 10.25 0.86
1688 75.08 22.18 31.90 12.25 1.40
1689 75.05 36.17 41.67 13.36 1.19
1690 75.13 51.78 53.43 13.94 0.93
1691 75.34 18.60 27.10 9.96 0.82
1692 75.23 29.46 34.99 12.29 1.20
1693 75.20 64.57 51.28 11.40 0.97
1694 75.00 79.24 45.14 7.14 0.45
1695 75.41 76.06 43.44 7.77 0.63
1696 75.43 58.68 53.22 12.44 0.94
1697 75.22 31.92 36.03 11.41 1.62
1698 75.44 54.08 48.48 12.48 1.17
1699 75.40 62.10 50.71 11.39 0.83
1700 75.38 38.49 44.01 13.87 1.51
1701 75.51 49.11 42.30 13.23 1.08
1702 75.58 24.57 27.18 11.04 0.94
1703 75.45 45.15 41.43 13.30 1.47
1704 75.61 40.56 40.76 13.46 1.07
1705 75.66 34.51 40.12 14.12 1.18
1706 75.69 72.99 45.31 8.83 0.70
1707 75.78 80.31 39.59 7.21 0.27
1708 75.69 42.85 41.74 13.35 1.16
1709 75.91 83.57 35.58 5.49 0.29
1710 76.08 46.68 40.47 12.62 1.29
1711 75.85 31.64 33.32 13.05 1.27
1712 75.97 20.71 31.55 12.08 1.20
1713 76.20 68.93 44.29 10.69 0.82
1714 76.12 65.66 46.99 10.58 0.87
1715 76.18 36.17 37.95 13.07 1.29
1716 76.24 60.25 51.36 12.56 0.67
1717 76.22 27.27 31.25 11.78 1.35
1718 76.15 51.72 41.41 11.13 0.92
1719 76.31 56.97 44.01 11.87 1.12
1720 76.53 77.81 37.80 7.43 0.55
1721 76.38 30.06 29.15 12.14 0.99
1722 76.45 63.07 45.88 9.98 0.78
1723 76.58 33.37 33.04 12.29 1.25
1724 76.48 54.72 45.01 11.97 1.16
1725 76.59 71.67 45.14 9.46 0.91
1726 76.50 38.74 35.85 12.91 1.41
1727 76.54 41.66 41.40 13.13 1.49
1728 76.64 44.41 38.54 12.85 1.24
1729 76.66 19.39 26.90 10.10 1.10
1730 76.59 48.73 39.22 11.81 1.08
1731 76.70 74.66 40.09 7.38 0.42
1732 76.74 25.10 29.40 11.48 1.21
1733 76.86 17.82 24.26 9.50 1.00
1734 77.06 58.70 43.43 11.81 0.88
1735 76.96 66.89 43.13 8.39 0.59
1736 77.15 81.54 32.10 5.61 0.25
1737 77.14 50.59 44.31 11.84 0.99
1738 77.29 53.18 42.91 12.25 0.82
1739 77.30 31.70 29.43 11.58 1.18
1740 77.30 35.20 36.01 12.66 1.34
1741 77.28 46.90 38.62 12.28 1.27
1742 77.32 61.43 47.64 11.01 0.70
1743 77.02 16.26 24.67 9.75 1.17
1744 77.32 29.01 29.65 12.56 1.42
1745 77.44 40.26 37.61 11.45 0.99
1746 77.44 64.61 43.07 10.64 1.00
1747 77.57 26.70 27.95 11.57 1.18
1748 77.60 37.62 36.70 12.30 1.22
1749 77.54 42.95 34.47 12.26 1.19
1750 77.53 55.83 41.64 10.75 1.00
1751 77.68 75.74 37.10 7.20 0.46
1752 77.78 68.80 43.51 9.04 0.84
1753 77.66 71.65 40.96 8.59 0.81
1754 77.57 15.94 22.00 9.08 0.56
1755 77.51 20.85 24.97 10.48 0.97
1756 77.90 23.50 25.60 9.80 1.48
1757 77.83 78.71 34.26 6.27 0.42
1758 77.96 45.31 39.45 12.81 1.06
1759 78.03 49.06 41.74 11.90 1.33
1760 77.97 18.03 22.91 9.58 1.08
1761 78.12 58.12 43.22 11.19 1.01
1762 78.20 51.42 41.29 11.53 0.81
1763 78.24 32.81 33.26 11.26 1.42
1764 78.33 60.38 41.38 10.27 0.92
1765 77.97 63.73 46.38 9.12 0.88
1766 78.09 66.80 40.92 9.76 1.12
1767 78.30 30.31 30.33 11.30 1.55
1768 78.23 35.18 31.02 11.65 1.24
1769 78.43 53.79 41.97 12.16 1.12
1770 78.48 73.81 36.34 7.37 0.48
1771 78.54 63.06 41.75 10.02 1.04
1772 78.80 20.24 22.28 9.34 1.26
1773 78.48 39.51 29.29 11.71 1.52
1774 78.52 41.90 34.45 11.82 1.40
1775 78.60 47.22 37.67 11.83 0.97
1776 78.53 65.86 43.00 10.17 0.85
1777 78.78 80.57 27.59 5.61 0.22
1778 78.67 27.92 27.05 11.15 1.23
1779 78.69 55.96 40.46 11.14 0.94
1780 78.52 17.01 20.44 8.07 1.00
1781 78.80 44.05 35.32 12.94 1.57
1782 78.82 25.65 26.00 10.46 1.57
1783 78.82 37.19 31.37 12.04 1.46
1784 78.85 70.90 37.60 9.06 0.74
1785 79.00 77.42 32.20 6.37 0.33
1786 79.15 22.58 23.80 9.66 1.49
1787 78.90 33.21 28.72 11.17 1.14
1788 79.24 68.12 38.46 8.56 0.93
1789 79.19 17.75 19.71 8.19 0.62
1790 79.39 35.10 30.53 11.14 1.85
1791 79.28 50.05 40.06 11.95 1.26
1792 79.28 52.46 42.86 11.58 0.97
1793 79.45 58.43 37.05 10.83 1.13
1794 79.36 61.08 39.41 10.35 1.07
1795 79.47 45.91 33.31 11.19 1.29
1796 79.41 65.70 39.62 9.10 0.94
1797 79.65 75.12 34.77 7.69 0.25
1798 79.57 41.59 33.08 12.59 1.55
1799 79.65 48.04 38.38 11.31 1.14
1800 79.50 30.95 30.53 11.65 1.92
1801 79.61 39.19 31.90 11.30 1.38
1802 79.90 63.44 35.16 9.17 0.73
1803 79.52 79.91 25.62 4.84 0.47
1804 79.86 28.55 26.41 11.13 1.90
1805 79.88 72.47 37.63 7.55 0.79
1806 80.09 25.42 25.22 9.68 1.52
1807 79.80 56.18 38.99 10.41 1.45
1808 79.97 43.79 34.51 11.89 1.37
1809 79.97 36.76 28.50 12.40 1.63
1810 80.12 53.98 37.26 10.62 1.29
1811 80.23 69.83 37.12 8.20 0.82
1812 80.19 19.62 20.85 8.33 1.24
1813 80.36 77.37 28.72 6.26 0.46
1814 80.24 31.50 29.58 10.49 2.33
1815 80.36 51.45 38.46 11.48 1.14
1816 80.43 60.41 37.49 10.49 1.11
1817 80.49 22.81 22.79 9.46 1.98
1818 80.70 34.12 27.35 10.95 2.52
1819 80.26 40.82 30.12 10.88 1.75
1820 80.62 46.88 32.85 11.43 1.74
1821 80.71 49.07 34.68 11.38 1.35
1822 80.89 67.60 36.41 8.29 0.79
1823 80.87 41.61 31.12 11.50 2.13
1824 80.74 32.28 27.31 11.76 2.24
1825 81.02 58.34 37.21 10.72 1.29
1826 80.86 44.62 33.57 12.41 2.16
1827 80.90 55.85 34.80 10.65 1.16
1828 80.76 74.58 28.55 6.52 0.62
1829 81.05 73.40 30.29 6.75 0.61
1830 81.11 36.26 30.38 11.06 1.96
1831 81.14 65.16 37.36 9.20 0.62
1832 80.89 28.29 27.03 9.69 2.19
1833 81.15 62.50 35.11 9.28 1.00
1834 81.21 30.20 27.69 10.42 2.31
1835 81.20 53.00 34.39 11.31 1.53
1836 81.14 38.63 28.62 11.92 2.02
1837 81.44 20.37 23.61 8.91 2.08
1838 81.16 24.31 26.64 8.77 2.73
1839 81.37 70.65 32.80 6.92 0.65
1840 81.45 50.79 34.81 11.85 2.07
1841 81.68 24.96 26.18 9.09 2.52
1842 81.69 45.84 34.80 10.77 1.75
1843 81.80 60.40 34.23 9.94 1.00
1844 81.69 31.53 29.32 10.74 2.87
1845 81.90 48.36 35.39 10.66 2.16
1846 81.83 77.73 23.24 5.22 0.15
1847 81.78 27.56 27.76 10.08 2.19
1848 81.91 32.67 29.00 11.09 3.06
1849 81.93 56.83 34.63 9.36 0.99
1850 81.95 40.91 29.55 10.81 2.46
1851 81.98 34.80 27.68 11.48 3.17
1852 82.02 54.21 33.90 10.30 1.51
1853 81.95 37.70 28.47 10.92 2.75
1854 82.14 43.19 30.33 10.93 2.49
1855 82.09 22.23 23.95 9.49 2.71
1856 82.14 73.43 28.54 6.83 0.42
1857 82.32 63.38 31.99 9.20 1.32
1858 82.31 66.66 33.44 8.61 0.77
1859 82.00 68.95 30.35 6.95 1.25
1860 82.25 71.66 27.79 7.03 0.68
1861 82.22 30.49 26.44 8.56 2.22
1862 82.40 51.14 32.22 10.35 1.61
1863 82.28 23.38 23.46 8.62 2.54
1864 82.56 29.55 29.25 10.41 2.66
1865 82.59 27.78 26.76 9.90 2.47
1866 82.78 58.56 34.09 9.69 1.35
1867 82.77 25.65 26.38 9.22 3.63
1868 82.79 45.20 31.31 10.46 2.47
1869 82.83 39.52 30.17 11.56 3.49
1870 82.70 69.22 27.91 7.28 0.66
1871 82.71 47.08 38.84 10.88 2.53
1872 82.89 75.35 23.64 5.51 0.24
1873 82.79 34.12 29.44 9.83 2.90
1874 82.79 36.77 28.58 10.81 3.44
1875 82.97 61.27 33.50 9.41 0.95
1876 83.05 31.27 27.26 10.12 3.82
1877 82.98 55.83 31.85 10.21 1.24
1878 83.07 52.92 33.32 10.00 1.95
1879 83.18 49.12 31.69 10.32 2.10
1880 83.20 21.90 22.39 7.63 3.89
1881 83.44 65.23 31.88 8.43 1.17
1882 83.31 72.92 25.75 6.12 0.40
1883 83.24 43.43 30.97 10.62 3.82
1884 83.36 32.89 25.84 8.63 3.51
1885 83.77 41.34 27.53 10.24 3.54
1886 83.35 27.47 28.63 9.60 3.57
1887 83.42 36.75 28.20 11.07 4.20
1888 83.67 69.98 28.49 6.69 0.65
1889 83.62 28.97 28.47 9.09 4.78
1890 83.87 39.02 29.51 10.88 4.37
1891 83.81 51.15 30.58 9.87 2.26
1892 83.61 76.14 22.30 4.85 0.40
1893 83.94 25.48 27.45 9.02 4.50
1894 83.99 57.33 30.30 9.59 1.69
1895 84.03 62.75 32.44 9.09 1.38
1896 83.89 34.87 28.69 10.96 4.63
1897 83.90 54.53 32.60 10.06 2.29
1898 83.95 59.84 31.74 9.48 1.27
1899 83.98 44.99 31.48 10.34 3.86
1900 84.05 31.12 28.57 8.70 4.30
1901 84.03 47.74 33.66 10.44 2.35
1902 84.10 23.40 24.43 9.16 4.27
1903 83.95 67.62 29.08 7.50 0.60
1904 84.12 21.50 19.08 8.00 3.78
1905 84.16 75.41 19.66 5.64 0.38
1906 84.40 73.46 24.03 5.85 0.22
1907 84.42 32.93 28.10 9.29 4.96
1908 84.23 30.05 28.92 9.54 5.08
1909 84.52 29.01 27.98 9.84 5.07
1910 84.53 52.99 30.69 8.90 1.90
1911 84.72 44.02 31.76 10.53 4.22
1912 84.67 66.73 28.42 8.06 0.86
1913 84.73 27.08 26.54 8.29 4.40
1914 84.87 35.19 31.90 10.02 5.12
1915 84.83 55.61 32.18 10.44 2.43
1916 84.89 69.76 25.33 7.55 0.84
1917 85.03 39.01 28.56 10.56 5.44
1918 84.88 23.01 21.98 7.62 4.36
1919 85.01 60.89 33.03 8.89 1.50
1920 85.01 64.13 31.41 8.88 1.31
1921 85.00 58.64 34.14 9.49 2.11
1922 85.09 41.35 29.15 10.49 4.83
1923 85.04 52.34 32.32 9.86 3.05
1924 85.25 47.36 30.84 10.02 4.70
1925 85.34 25.46 23.72 8.45 4.37
1926 85.24 27.83 24.29 8.17 4.83
1927 85.87 72.10 23.48 6.27 0.67
1928 85.83 53.61 29.56 8.96 2.37
1929 85.67 65.53 27.66 7.06 1.32
1930 85.82 43.69 32.50 11.31 6.15
1931 85.59 23.61 22.25 7.50 3.25
1932 85.84 56.91 30.89 8.83 2.05
1933 85.82 32.03 27.92 11.22 5.92
1934 86.07 26.32 24.28 7.88 5.35
1935 86.07 59.45 33.66 8.93 2.13
1936 86.19 62.78 31.41 8.34 1.91
1937 85.83 69.26 25.22 6.52 1.13
1938 86.17 45.94 30.67 9.65 5.75
1939 86.13 28.87 24.44 8.76 6.28
1940 85.99 22.80 22.42 8.00 4.53
1941 86.11 39.48 26.04 10.02 5.91
1942 86.06 30.46 27.00 8.71 5.33
1943 86.42 67.44 26.51 6.82 0.78
1944 86.24 48.34 31.73 8.62 3.32
1945 86.40 70.16 23.73 6.52 0.69
1946 86.22 65.46 30.50 8.00 1.56
1947 86.34 37.35 28.22 10.32 6.41
1948 86.35 24.02 20.73 7.64 6.18
1949 86.64 51.89 32.89 9.62 3.56
1950 86.83 55.92 30.48 9.05 3.19
1951 86.75 35.46 26.28 10.48 6.95
1952 86.75 27.24 21.21 8.29 5.65
1953 86.95 43.02 28.69 9.73 6.21
1954 87.09 30.99 25.88 9.33 8.26
1955 87.02 61.14 32.37 8.18 2.48
1956 86.95 24.90 21.18 7.67 5.08
1957 87.19 40.48 24.16 11.06 5.19
1958 87.06 47.71 29.04 9.86 5.07
1959 87.24 58.18 32.83 9.03 2.41
1960 87.17 64.58 26.96 7.20 1.93
1961 87.21 29.47 24.00 7.73 5.98
1962 87.28 44.90 27.47 9.60 4.76
1963 87.32 53.77 29.21 8.52 3.89
1964 87.48 70.08 23.57 6.04 0.90
1965 87.59 50.86 29.12 9.71 4.34
1966 87.59 66.78 25.19 6.64 1.37
1967 87.60 24.89 19.88 7.42 5.63
1968 87.67 37.83 22.95 9.21 6.58
1969 87.76 63.20 31.98 7.58 2.38
1970 87.82 49.17 28.26 9.50 4.06
1971 87.97 41.94 25.58 9.08 5.63
1972 88.19 47.81 26.42 8.77 5.15
1973 88.18 30.63 23.21 8.85 8.22
1974 88.54 32.37 22.13 9.01 7.70
1975 88.41 52.46 27.67 9.17 4.76
1976 88.30 62.23 33.28 7.70 2.62
1977 88.29 67.28 22.84 6.52 2.03
1978 88.20 26.90 18.17 8.71 6.83
1979 88.55 65.13 25.99 6.67 2.25
1980 88.56 44.48 25.96 9.58 7.11
1981 88.64 57.86 28.88 8.09 3.60
1982 88.27 40.16 24.24 9.41 5.65
1983 88.86 37.43 23.03 8.57 5.55
1984 88.59 39.23 25.58 9.68 7.84
1985 89.27 54.27 27.55 9.44 4.71
1986 89.04 40.92 25.84 10.54 7.64
1987 88.99 68.91 22.68 5.50 1.54
1988 89.08 49.78 25.04 9.46 5.18
1989 88.84 50.92 25.00 8.75 3.75
1990 89.07 62.05 28.82 7.92 2.58
1991 89.40 29.55 17.70 7.86 7.20
1992 89.36 47.44 24.58 9.88 7.18
1993 89.45 56.50 26.92 9.14 4.85
1994 89.34 59.79 27.27 8.00 3.32
1995 89.55 33.60 19.79 9.62 8.14
1996 89.79 43.06 24.01 9.73 9.44
1997 89.62 45.47 24.39 8.75 8.03
1998 89.71 52.07 24.19 8.21 5.63
1999 89.71 39.14 22.00 9.49 7.05
2000 89.79 64.81 23.85 7.11 3.10
2001 89.84 67.29 21.60 6.33 2.15
2002 90.04 61.76 24.05 7.81 3.26
2003 90.15 33.05 19.28 8.14 6.21
2004 90.18 59.58 23.52 7.58 4.28
2005 90.24 37.72 20.68 8.53 7.30
2006 90.51 63.06 20.77 7.34 3.38
2007 90.65 29.75 17.20 7.48 8.82
2008 90.23 31.85 20.00 9.89 7.89
2009 90.39 36.15 21.85 9.50 8.92
2010 90.59 41.06 22.41 9.89 9.77
2011 90.54 53.67 23.83 8.71 5.62
2012 90.76 57.28 24.92 7.84 4.42
2013 90.69 50.53 23.64 8.29 6.51
2014 90.85 32.22 17.44 8.06 8.46
2015 90.91 35.40 19.38 7.79 8.13
2016 90.86 47.82 22.41 8.59 6.22
2017 90.91 38.81 20.29 8.39 8.00
2018 90.90 60.03 21.95 6.65 3.68
2019 91.13 62.56 22.11 5.33 2.44
2020 91.27 45.34 23.48 8.07 9.00
2021 91.42 64.81 20.46 6.35 2.69
2022 91.37 52.46 22.94 8.13 4.74
2023 91.80 54.44 21.55 8.33 5.76
2024 91.55 61.92 19.36 7.34 3.93
2025 91.64 41.53 19.36 8.70 7.48
2026 91.78 51.17 21.35 8.06 5.29
2027 91.86 59.96 20.82 7.27 4.23
2028 91.62 33.96 17.98 8.02 6.59
2029 91.72 49.00 20.95 8.22 7.51
2030 91.57 56.95 24.45 7.77 5.32
2031 92.00 36.32 17.76 7.34 7.03
2032 91.95 46.86 22.37 7.98 7.69
2033 91.74 58.28 21.17 8.42 2.33
2034 92.13 43.49 19.04 8.08 6.98
2035 92.10 56.34 22.02 7.95 5.10
2036 92.47 64.26 17.84 5.71 3.00
2037 92.53 52.48 19.77 7.02 5.93
2038 92.57 58.43 21.40 7.63 3.77
2039 92.83 61.48 19.37 6.10 3.88
2040 93.18 37.63 18.34 8.12 7.68
2041 93.12 54.12 21.05 7.51 6.02
2042 93.04 41.55 18.41 7.93 7.70
2043 93.24 45.11 19.09 7.81 9.63
2044 93.07 51.11 19.64 7.93 4.89
2045 93.34 49.18 18.57 7.05 7.62
2046 93.42 56.03 17.91 7.36 4.06
2047 93.65 39.89 17.96 7.70 10.19
2048 94.03 43.02 17.93 7.68 8.01
2049 93.94 59.41 16.75 6.19 4.10
2050 93.92 51.57 19.89 8.62 7.21
2051 93.92 46.72 18.90 6.85 5.10
2052 93.78 58.08 17.55 5.91 3.27
2053 94.18 53.83 18.10 7.55 6.35
2054 94.13 56.31 18.78 7.21 5.25
2055 94.29 37.72 16.76 6.54 6.76
2056 94.57 45.20 18.01 7.82 8.01
2057 94.39 41.17 17.32 8.16 6.34
2058 94.46 47.35 17.69 8.38 6.79
2059 94.47 60.72 16.00 6.64 1.90
2060 94.74 39.45 16.67 7.64 8.53
2061 95.40 37.81 15.86 6.74 8.26
2062 95.20 47.89 17.75 6.25 4.00
2063 95.38 58.07 15.98 5.87 5.69
2064 95.36 43.44 17.91 7.78 8.72
2065 95.46 46.83 16.84 6.31 3.75
2066 95.45 44.89 17.05 6.85 3.15
2067 95.81 42.05 15.80 6.68 5.88
2068 95.73 55.16 15.03 6.67 3.92
2069 95.96 45.68 15.76 6.81 8.22
2070 96.25 53.06 14.85 6.00 3.44
2071 96.31 57.04 13.62 5.46 1.52
2072 96.52 47.82 15.07 5.52 4.89
2073 96.57 51.58 15.17 6.07 5.41
2074 96.71 49.58 13.68 5.64 3.82
2075 96.96 44.47 14.28 6.97 5.97
2076 96.66 55.02 14.18 5.88 6.41
2077 97.06 53.93 13.16 5.89 3.24
2078 97.29 51.37 14.55 6.29 5.37
2079 97.36 48.34 14.71 6.43 5.79
2080 97.45 42.67 12.64 5.29 3.93
2081 97.68 43.85 13.71 5.46 3.46
2082 97.81 47.71 12.64 6.45 2.27
2083 98.49 47.58 11.88 6.02 3.66

