0.06
0.036
0.063
0.061
0.052
0.066
0.07
0.059
0.063
0.063
0.063
0.069
0.226
0.067
0.063
0.216
0.202
0.206
0.21
0.188
0.149
0.128
0.144
0.162
0.146
0.149
0.148
0.172
0.143
0.148
0.146
0.155
0.141
0.18
0.153
0.156
0.144
0.151
0.207
0.215
0.213
0.195
0.177
0.198
0.208
0.197
0.208
0.06
0.741
0.729
0.739
0.778
0.754
0.726
0.749
0.712
0.747
0.732
0.115
0.302
0.3
0.321
0.167
0.178
0.168
0.183
0.176
0.184
0.168
0.191
0.175
0.159
0.177
0.167
0.024
0.027
0.016
0.027
0.022
0.032
0.021
0.021
0.026
0.053
0.064
0.071
0.06
0.067
0.063
0.068
0.061
0.064
0.068
0.069
0.059
0.084
0.06
0.069
0.069
0.053
