0.063
0.046
0.077
0.073
0.066
0.09
0.096
0.075
0.079
0.077
0.079
0.09
0.256
0.084
0.079
0.234
0.221
0.224
0.224
0.206
0.172
0.152
0.168
0.187
0.169
0.179
0.181
0.194
0.165
0.172
0.16
0.177
0.162
0.206
0.173
0.184
0.166
0.168
0.218
0.228
0.23
0.213
0.203
0.217
0.232
0.21
0.224
0.072
0.671
0.677
0.687
0.721
0.692
0.665
0.692
0.668
0.689
0.674
0.085
0.271
0.281
0.298
0.18
0.191
0.207
0.203
0.204
0.198
0.181
0.196
0.215
0.185
0.186
0.198
0.035
0.041
0.024
0.031
0.03
0.039
0.028
0.028
0.033
0.067
0.082
0.079
0.073
0.077
0.076
0.075
0.075
0.079
0.071
0.076
0.073
0.098
0.065
0.084
0.074
0.06
