0.02
0.0
0.01
0.008
0.006
0.006
0.003
0.005
0.007
0.005
0.005
0.008
0.107
0.006
0.011
0.089
0.096
0.087
0.097
0.094
0.058
0.04
0.062
0.052
0.064
0.044
0.048
0.069
0.047
0.061
0.046
0.065
0.044
0.057
0.054
0.048
0.049
0.045
0.093
0.098
0.107
0.084
0.077
0.085
0.096
0.096
0.106
0.018
0.969
0.972
0.978
0.979
0.972
0.965
0.975
0.963
0.971
0.969
0.519
0.634
0.657
0.621
0.041
0.049
0.043
0.047
0.048
0.046
0.044
0.039
0.045
0.052
0.04
0.038
0.0
0.0
0.001
0.005
0.0
0.004
0.002
0.001
0.002
0.019
0.02
0.017
0.023
0.021
0.027
0.028
0.025
0.019
0.023
0.025
0.018
0.024
0.018
0.027
0.017
0.023
