0.031
0.003
0.018
0.021
0.019
0.016
0.022
0.02
0.025
0.021
0.018
0.023
0.147
0.019
0.016
0.131
0.128
0.129
0.13
0.119
0.085
0.067
0.083
0.082
0.08
0.076
0.073
0.094
0.065
0.087
0.076
0.081
0.059
0.093
0.081
0.074
0.072
0.07
0.133
0.13
0.146
0.111
0.11
0.118
0.125
0.12
0.13
0.031
0.917
0.924
0.933
0.93
0.927
0.925
0.929
0.918
0.926
0.927
0.368
0.509
0.509
0.508
0.079
0.08
0.068
0.061
0.071
0.075
0.082
0.076
0.072
0.065
0.078
0.071
0.0
0.001
0.003
0.008
0.006
0.009
0.007
0.003
0.006
0.03
0.032
0.027
0.036
0.032
0.035
0.038
0.035
0.029
0.034
0.037
0.029
0.033
0.034
0.04
0.029
0.035
