0.04
0.01
0.03
0.034
0.027
0.029
0.036
0.029
0.036
0.038
0.029
0.039
0.179
0.033
0.041
0.165
0.155
0.169
0.164
0.15
0.102
0.086
0.107
0.109
0.101
0.101
0.101
0.122
0.095
0.107
0.095
0.11
0.087
0.123
0.109
0.1
0.103
0.1
0.171
0.157
0.17
0.142
0.137
0.152
0.16
0.146
0.16
0.043
0.854
0.852
0.863
0.885
0.867
0.875
0.875
0.85
0.876
0.86
0.26
0.429
0.426
0.424
0.116
0.113
0.103
0.099
0.102
0.095
0.115
0.116
0.103
0.095
0.115
0.103
0.006
0.007
0.006
0.018
0.008
0.015
0.009
0.005
0.012
0.037
0.046
0.044
0.042
0.043
0.047
0.052
0.049
0.039
0.045
0.049
0.039
0.046
0.044
0.055
0.039
0.04
