#<Embryo name> <Cleavage cycle> <Temporal class> <Genes>
hre1 14A 7 even-skipped Kruppel hunchback

#Quantitative data
#<Nucleus number> <A-P coordinate> <D-V coordinate> <Fluorescence intensity: channel 1 - eve, channel 2 - Kr, channel 3 - hb>
0 1.97 47.75 11.54 8.39 36.87
1 2.87 50.02 10.67 8.20 39.19
2 3.24 43.38 12.22 8.74 39.53
3 3.31 46.36 11.84 9.01 43.64
4 3.44 40.40 10.71 9.91 41.71
5 3.82 51.94 13.17 9.43 52.70
6 3.91 39.14 10.56 9.02 38.90
7 4.35 49.01 13.20 11.12 53.63
8 4.70 53.86 13.57 10.80 56.92
9 4.63 42.73 12.31 10.02 49.98
10 4.72 46.30 12.61 10.78 54.72
11 5.10 39.88 12.83 11.76 53.11
12 5.40 51.09 13.83 11.88 62.78
13 5.65 37.68 13.78 12.14 60.91
14 5.83 44.82 14.44 11.38 60.07
15 5.94 55.46 13.89 10.92 68.23
16 6.22 41.78 13.54 12.55 63.23
17 6.35 35.40 13.55 13.04 61.97
18 6.57 52.43 14.41 12.41 75.20
19 6.63 57.96 13.90 10.56 70.10
20 6.97 39.10 14.77 13.76 74.02
21 7.15 49.58 16.60 14.60 83.88
22 7.14 44.13 15.03 14.29 88.55
23 7.37 33.44 12.80 14.25 70.35
24 7.51 46.94 16.17 15.95 90.28
25 7.54 55.93 15.87 11.42 88.22
26 7.76 36.59 14.22 14.96 76.42
27 7.81 53.65 16.36 14.51 100.62
28 7.88 41.60 15.82 17.72 93.95
29 8.09 61.00 14.14 10.81 70.14
30 8.07 58.51 14.80 11.62 98.65
31 8.32 51.22 16.31 14.66 105.76
32 8.65 39.26 15.51 19.52 91.33
33 8.59 44.66 16.26 16.26 103.82
34 8.74 32.39 14.25 17.48 82.97
35 8.81 48.45 17.41 17.12 113.70
36 9.02 34.86 15.03 18.94 92.75
37 9.19 29.83 13.14 16.71 82.98
38 9.06 56.15 15.96 12.89 109.40
39 9.44 42.28 17.08 21.24 116.65
40 9.43 53.63 18.38 13.67 120.97
41 9.62 37.34 16.91 20.63 108.56
42 9.60 58.83 17.26 12.89 109.72
43 9.66 61.64 15.01 11.72 90.11
44 9.88 45.80 16.46 19.13 123.06
45 9.84 50.69 18.91 17.30 127.50
46 10.32 32.18 15.09 18.40 92.94
47 10.34 40.01 17.60 22.93 128.99
48 10.66 48.21 19.79 19.50 140.23
49 10.63 63.74 14.80 10.79 93.54
50 10.59 34.85 16.71 20.43 105.56
51 10.57 56.07 18.77 14.19 130.72
52 10.89 52.87 18.87 16.80 141.99
53 10.78 29.40 13.84 18.43 92.93
54 11.01 42.55 18.58 22.68 134.98
55 11.04 58.62 18.27 14.60 140.94
56 11.31 61.32 16.04 13.41 121.44
57 11.18 37.53 17.38 22.24 132.98
58 11.29 66.13 13.97 9.62 75.46
59 11.37 45.36 20.30 22.88 140.98
60 11.59 50.50 19.45 20.04 154.64
61 11.98 33.47 16.63 22.07 119.40
62 11.90 54.84 19.04 15.55 152.36
63 12.04 27.60 13.81 19.19 94.63
64 12.10 39.66 19.57 21.05 136.54
65 12.21 30.97 15.56 20.93 108.25
66 12.38 56.91 18.79 16.29 156.37
67 12.29 48.04 20.07 23.73 161.73
68 12.39 36.19 16.64 23.21 127.48
69 12.50 63.81 15.22 10.85 110.24
70 12.60 59.40 18.03 14.82 138.19
71 12.54 42.57 18.80 24.22 155.18
72 12.71 66.53 16.00 9.79 86.82
73 12.77 52.67 19.45 17.98 169.47
74 12.90 24.61 12.88 12.55 84.26
75 12.94 45.42 19.89 23.44 167.84
76 13.19 69.22 12.73 8.05 61.27
77 13.33 61.81 17.09 11.87 132.40
78 13.48 50.46 19.51 20.20 168.83
79 13.47 29.51 16.12 17.99 114.45
80 13.62 26.83 15.16 17.04 109.69
81 13.68 34.65 18.46 19.85 132.33
82 13.61 37.86 18.90 21.97 151.64
83 13.65 55.02 21.71 18.82 168.74
84 13.75 40.73 20.42 21.89 161.28
85 13.99 32.05 17.29 19.88 122.17
86 13.85 47.79 21.11 21.48 169.43
87 13.94 57.50 20.17 18.51 151.68
88 13.99 43.55 19.90 22.01 166.76
89 14.38 59.76 20.03 14.56 140.97
90 14.46 64.62 17.88 10.69 105.30
91 14.30 66.88 15.38 9.02 91.36
92 14.51 23.00 11.95 10.68 80.67
93 14.72 53.15 21.86 19.32 188.88
94 14.79 69.16 15.46 8.73 85.06
95 14.99 45.63 21.69 20.90 179.04
96 15.08 25.64 13.75 13.24 103.16
97 15.12 36.60 18.65 20.42 139.06
98 15.04 39.35 19.94 21.09 156.63
99 14.92 62.26 20.21 12.53 142.98
100 15.02 28.53 15.03 16.04 111.29
101 15.03 50.73 21.30 19.48 186.68
102 15.37 33.93 18.08 18.37 131.78
103 15.38 42.80 21.47 20.96 157.76
104 15.38 48.32 21.59 20.66 188.17
105 15.54 55.23 19.08 16.40 170.04
106 15.52 57.63 19.69 16.10 157.68
107 15.69 31.12 16.61 17.32 122.74
108 15.88 60.34 19.91 13.38 152.92
109 15.88 66.67 16.91 9.73 108.12
110 16.24 24.34 13.60 10.31 99.05
111 16.25 73.12 13.88 7.06 52.28
112 16.31 69.29 15.26 9.92 92.29
113 16.38 40.97 19.67 19.57 165.64
114 16.28 63.78 18.96 11.08 123.32
115 16.64 52.55 21.27 16.28 171.38
116 16.56 28.47 16.78 13.97 115.71
117 16.55 45.71 21.38 19.79 178.59
118 16.77 38.57 20.35 17.54 158.38
119 16.69 35.69 19.68 17.96 137.53
120 16.93 50.30 21.43 17.26 184.08
121 17.04 47.94 21.69 16.83 181.45
122 16.94 32.59 18.74 16.49 132.76
123 17.11 43.29 22.07 18.82 177.56
124 16.91 58.34 21.90 13.57 166.47
125 17.07 55.23 21.16 16.97 178.42
126 17.14 61.49 19.18 13.50 143.97
127 17.25 70.88 16.11 9.50 89.61
128 17.27 65.57 18.40 11.14 125.42
129 17.53 23.14 13.30 10.26 101.28
130 17.57 26.11 16.01 11.53 112.45
131 17.85 68.00 17.39 10.29 105.50
132 18.08 28.80 16.81 12.51 122.69
133 17.97 40.90 20.74 16.65 171.47
134 18.08 73.20 16.21 8.61 75.18
135 18.13 34.61 20.07 16.04 153.28
136 18.29 31.68 18.16 15.43 135.82
137 18.16 37.59 19.54 15.58 155.72
138 18.24 63.14 20.32 12.08 128.29
139 18.11 45.33 22.58 16.72 181.19
140 18.12 57.58 22.33 15.15 175.29
141 18.41 60.14 22.39 12.79 149.87
142 18.36 54.70 22.90 16.85 192.16
143 18.53 49.21 22.76 16.73 183.83
144 18.85 52.10 22.99 16.11 183.62
145 18.71 21.45 12.62 8.88 90.00
146 18.77 70.23 17.32 10.15 98.71
147 18.82 65.89 20.44 11.10 121.39
148 19.05 25.04 14.28 10.37 114.21
149 19.13 43.23 21.94 16.26 179.32
150 19.22 46.62 22.09 16.15 191.16
151 19.15 74.94 14.90 8.46 67.29
152 19.42 40.69 20.98 15.73 177.81
153 19.47 28.28 17.08 12.37 128.44
154 19.55 35.87 20.46 14.98 158.47
155 19.60 38.17 20.00 15.84 170.10
156 19.36 57.70 21.63 14.55 162.16
157 19.53 61.26 21.67 13.80 161.33
158 19.83 31.10 18.44 14.22 137.49
159 19.80 33.70 20.46 14.12 155.14
160 19.62 54.47 22.65 16.08 185.22
161 19.77 50.04 23.69 16.88 191.17
162 19.90 71.86 15.98 9.31 93.35
163 19.89 63.77 20.07 13.65 142.46
164 20.00 68.84 19.62 10.74 114.67
165 20.24 21.98 13.73 9.03 94.27
166 20.18 66.20 21.56 12.32 129.85
167 20.34 44.58 24.48 16.97 180.38
168 20.49 47.40 22.64 16.60 175.31
169 20.54 76.47 16.06 8.51 66.58
170 20.69 27.14 16.48 12.40 132.09
171 20.56 24.62 16.33 11.23 115.21
172 20.50 59.03 23.48 14.88 167.51
173 20.58 56.27 21.32 15.59 174.69
174 20.74 51.72 24.35 15.97 177.72
175 20.64 73.95 17.00 9.64 94.86
176 20.88 39.15 22.42 16.34 170.25
177 20.80 41.88 22.49 15.57 178.79
178 20.96 53.88 24.13 16.62 185.61
179 20.85 61.91 23.85 14.66 153.03
180 20.96 29.72 17.39 13.19 135.69
181 21.16 36.40 20.67 15.71 167.08
182 21.18 49.49 25.56 16.43 182.86
183 21.28 33.32 20.34 15.35 156.20
184 21.32 69.45 22.96 11.12 109.17
185 21.42 64.40 22.25 13.25 141.34
186 21.37 67.10 22.32 12.36 124.72
187 21.56 20.25 12.75 8.17 91.56
188 21.62 71.73 21.10 10.35 103.90
189 21.70 44.90 22.53 16.53 173.54
190 21.66 59.86 24.85 15.39 158.65
191 21.78 23.25 15.08 9.96 117.39
192 21.78 57.34 23.88 15.81 154.26
193 21.94 77.46 16.22 9.51 75.03
194 21.99 47.40 25.41 16.72 179.60
195 22.09 42.55 24.45 16.99 184.83
196 22.03 74.50 18.77 9.67 86.75
197 22.14 54.85 25.42 16.00 171.75
198 22.36 26.05 17.04 11.76 126.70
199 22.16 28.72 17.88 13.48 148.23
200 22.12 39.83 21.95 16.40 174.44
201 22.24 52.38 25.55 16.62 182.22
202 22.17 62.01 24.69 15.34 152.85
203 22.58 31.86 19.39 14.00 156.70
204 22.52 34.53 21.75 14.77 168.57
205 22.65 37.06 22.91 15.29 169.66
206 22.52 49.78 24.28 17.01 170.44
207 22.50 18.03 11.26 8.90 94.85
208 22.55 66.07 23.00 13.08 135.92
209 22.66 69.00 20.78 11.94 117.66
210 22.83 59.30 24.95 15.63 153.19
211 22.98 22.04 14.99 10.26 117.81
212 23.00 45.81 24.27 17.53 179.84
213 22.91 63.68 25.08 14.96 144.09
214 23.09 72.08 22.52 11.17 106.73
215 22.90 19.44 11.70 7.30 84.16
216 23.04 56.78 26.41 16.17 166.40
217 23.37 43.59 26.20 17.62 175.45
218 23.30 75.11 20.08 10.34 97.85
219 23.50 41.36 24.06 16.92 184.00
220 23.43 39.12 23.43 17.07 170.80
221 23.44 53.85 28.16 17.42 172.90
222 23.47 78.02 18.76 10.05 77.34
223 23.63 24.62 16.56 12.09 129.93
224 23.47 51.21 26.07 17.40 173.77
225 23.50 29.79 18.41 13.26 148.14
226 23.55 61.30 27.68 15.49 151.86
227 23.65 47.91 26.37 16.54 170.57
228 23.35 18.11 10.94 7.88 85.59
229 23.76 66.52 26.34 14.47 135.71
230 23.90 34.92 22.84 15.68 167.27
231 24.05 27.54 17.92 13.34 141.71
232 24.08 32.43 21.00 14.97 164.80
233 23.92 69.16 26.31 12.28 123.98
234 24.03 20.62 13.72 9.56 108.38
235 23.99 58.68 28.30 17.43 155.76
236 24.03 64.08 28.88 15.13 151.32
237 24.23 37.37 22.85 16.94 172.24
238 24.17 55.92 28.66 16.85 163.78
239 24.35 45.19 26.18 17.73 180.15
240 24.53 49.60 29.17 17.41 165.96
241 24.41 71.36 26.37 12.41 114.25
242 24.50 73.70 26.32 11.71 101.08
243 24.58 17.53 12.83 8.25 89.85
244 24.72 51.64 29.62 17.07 164.49
245 24.64 76.37 24.01 9.66 87.03
246 24.70 79.25 23.12 9.32 64.09
247 24.75 42.47 25.62 17.45 181.27
248 24.85 40.08 24.02 17.40 176.09
249 24.75 53.66 30.19 18.03 181.91
250 24.81 62.33 35.12 15.78 157.84
251 24.91 25.93 18.45 12.03 135.67
252 24.98 60.03 38.26 16.47 155.72
253 24.95 67.43 32.08 13.32 136.00
254 24.92 30.14 19.17 13.58 155.84
255 25.17 23.20 16.66 11.36 125.01
256 25.00 47.24 27.98 18.02 169.63
257 25.25 34.09 23.66 16.52 171.32
258 25.18 57.68 33.81 17.93 159.65
259 25.32 36.29 23.08 17.48 170.42
260 25.16 64.85 41.62 14.62 143.21
261 25.30 20.43 16.33 9.85 110.28
262 25.40 69.63 35.77 13.34 124.72
263 25.52 55.35 36.57 18.20 170.65
264 25.60 44.50 28.61 18.92 175.01
265 25.76 38.32 24.84 17.46 170.38
266 25.69 15.10 12.75 7.35 72.91
267 25.73 74.79 36.02 11.36 100.38
268 25.91 32.10 21.44 16.48 160.83
269 25.88 71.88 42.11 13.12 118.29
270 25.95 29.20 19.42 14.89 147.20
271 25.83 48.94 32.25 17.33 164.06
272 25.97 77.60 39.66 10.37 83.16
273 25.97 61.43 68.35 16.61 150.18
274 26.12 18.03 15.35 8.34 97.30
275 26.06 42.36 29.08 18.46 188.60
276 26.07 51.01 34.29 18.24 173.18
277 26.02 53.16 38.15 20.25 175.08
278 26.17 26.42 19.54 12.96 138.24
279 26.28 59.19 73.13 18.24 160.56
280 26.20 66.77 62.53 15.35 140.09
281 26.31 40.34 26.95 17.44 183.75
282 26.21 46.73 31.21 18.17 176.07
283 26.42 80.00 54.62 10.23 74.52
284 26.26 64.35 89.30 15.92 145.96
285 26.40 56.87 54.74 17.57 157.12
286 26.51 23.64 18.45 12.18 121.11
287 26.55 35.78 25.18 16.89 174.88
288 26.60 20.75 16.91 10.36 111.72
289 26.63 69.02 79.24 15.61 140.41
290 27.04 82.45 67.33 9.55 53.48
291 26.87 73.28 83.39 13.09 113.77
292 27.01 33.66 25.59 16.41 167.13
293 26.87 44.68 34.50 18.56 180.76
294 26.96 62.43 156.25 16.94 140.42
295 26.95 54.68 68.45 18.10 168.56
296 27.09 15.77 14.77 7.45 84.07
297 27.04 28.61 21.63 14.66 145.60
298 27.17 75.63 89.23 11.54 85.38
299 27.05 38.16 29.76 18.88 176.65
300 27.05 49.39 49.89 18.61 181.72
301 27.26 31.24 24.28 15.55 161.80
302 27.20 52.29 67.70 19.22 176.64
303 27.27 42.56 36.12 18.51 187.33
304 27.38 46.87 49.17 18.97 183.59
305 27.51 70.39 120.52 15.11 134.00
306 27.60 26.37 23.14 13.11 135.62
307 27.52 59.11 176.46 18.66 156.75
308 27.52 64.68 176.19 17.35 138.26
309 27.64 78.07 92.47 11.16 89.66
310 27.60 40.24 38.31 18.42 175.07
311 27.54 56.75 175.79 20.04 162.97
312 27.61 67.20 171.70 16.92 124.25
313 27.76 18.62 18.60 9.14 101.79
314 27.79 23.93 23.18 12.82 126.06
315 27.77 36.02 31.69 17.65 179.74
316 27.85 61.18 202.70 19.55 155.08
317 27.96 21.46 22.01 11.45 109.40
318 28.07 50.80 122.37 21.93 189.88
319 28.14 80.71 78.32 10.89 75.90
320 28.12 44.46 59.66 19.74 187.22
321 28.14 53.82 176.68 21.16 175.77
322 28.12 72.60 139.59 15.13 107.94
323 28.14 29.00 26.60 13.77 140.51
324 28.15 48.45 104.86 20.80 175.07
325 28.26 33.92 34.16 17.41 164.58
326 28.30 37.89 42.04 18.61 167.90
327 28.43 15.81 25.49 8.23 91.96
328 28.45 42.21 62.01 19.16 182.49
329 28.48 31.62 34.15 16.17 161.87
330 28.60 63.30 202.50 18.70 136.49
331 28.62 75.04 126.08 13.87 96.41
332 28.68 55.75 208.57 21.14 164.84
333 28.67 46.46 124.01 20.84 190.50
334 28.77 68.04 174.35 17.87 134.00
335 28.74 58.15 208.69 20.19 148.73
336 28.82 65.64 196.49 19.30 137.84
337 28.88 40.05 77.70 19.75 184.20
338 28.96 60.87 208.13 19.13 135.88
339 28.89 70.54 162.37 15.32 115.53
340 29.00 52.06 202.83 20.33 168.73
341 28.96 26.74 38.01 14.56 136.40
342 28.97 77.76 95.82 12.70 95.17
343 28.98 24.07 36.96 12.36 125.32
344 29.14 18.53 37.37 10.00 105.81
345 29.27 21.16 37.24 10.42 102.93
346 29.22 35.34 59.35 19.12 168.12
347 29.23 49.02 190.70 21.67 180.02
348 29.24 29.22 49.27 15.61 148.89
349 29.18 81.40 43.21 10.72 79.49
350 29.36 13.67 47.26 7.83 79.05
351 29.39 44.61 165.24 20.79 185.78
352 29.52 32.80 70.72 17.68 160.29
353 29.45 37.78 90.81 19.78 172.10
354 29.65 54.16 214.82 21.67 159.46
355 29.54 80.20 56.92 13.21 88.31
356 29.70 73.09 100.97 15.89 114.52
357 29.60 42.18 181.92 21.55 176.52
358 29.87 56.67 201.96 20.82 154.86
359 29.80 83.55 36.25 10.77 57.25
360 29.84 46.93 201.48 21.94 193.46
361 29.88 59.58 203.54 19.78 133.13
362 30.04 16.42 80.13 9.44 89.84
363 29.92 50.52 209.24 21.57 179.30
364 29.79 63.34 168.73 20.35 140.79
365 29.99 68.56 131.03 18.12 125.35
366 30.00 75.48 64.47 14.64 111.11
367 30.00 30.63 116.00 18.09 166.14
368 30.00 66.21 137.42 18.23 141.68
369 30.13 23.64 76.36 13.69 129.93
370 30.17 25.97 102.28 16.01 148.05
371 30.11 39.82 179.76 20.14 171.11
372 30.16 70.86 131.10 17.40 130.74
373 30.34 78.09 54.89 13.70 99.11
374 30.31 11.70 92.15 7.35 53.63
375 30.39 36.09 151.33 19.17 176.06
376 30.47 52.55 216.09 23.83 178.34
377 30.42 19.56 107.31 11.96 109.52
378 30.55 28.43 149.40 17.40 149.89
379 30.54 33.98 160.45 19.21 172.29
380 30.61 43.99 197.85 21.55 173.73
381 30.64 61.27 150.85 20.66 153.93
382 30.69 12.82 100.16 8.00 61.21
383 30.86 48.17 204.96 23.68 180.82
384 30.80 80.69 36.75 12.68 84.04
385 30.90 38.02 195.70 20.39 169.62
386 30.77 41.96 210.18 22.49 182.32
387 30.97 46.01 217.14 23.68 181.66
388 30.80 58.09 165.58 21.95 172.50
389 31.00 22.03 144.93 13.55 119.22
390 30.98 31.30 178.40 19.08 166.22
391 30.94 63.56 86.86 20.91 148.72
392 31.05 55.88 146.68 22.70 175.86
393 31.23 14.96 132.74 9.03 82.13
394 30.98 50.32 197.73 23.32 178.27
395 31.09 83.55 32.71 11.95 69.46
396 31.18 65.85 77.06 20.27 159.29
397 31.19 73.17 51.16 16.57 117.30
398 31.29 68.26 65.24 17.91 150.50
399 31.43 53.77 138.89 22.34 187.25
400 31.42 75.82 41.38 15.29 109.76
401 31.35 70.64 60.56 17.47 134.86
402 31.46 40.13 198.97 21.23 169.46
403 31.45 26.70 173.54 17.07 143.06
404 31.63 10.66 112.50 7.82 51.90
405 31.62 18.33 139.66 11.52 99.05
406 31.54 59.57 97.54 22.11 173.40
407 31.69 36.01 192.48 21.67 174.62
408 31.85 24.22 163.80 15.32 115.38
409 31.73 32.84 191.16 18.78 159.95
410 31.86 51.62 109.14 22.98 187.38
411 31.97 61.88 59.44 21.38 156.91
412 31.93 78.28 38.65 14.82 100.87
413 31.98 29.52 191.40 17.87 148.90
414 31.98 44.66 191.50 22.49 178.89
415 31.99 42.50 188.00 22.33 180.64
416 32.03 49.27 139.65 24.20 184.20
417 32.18 57.42 65.05 23.26 179.01
418 32.23 80.92 39.87 13.57 87.37
419 32.20 21.12 162.62 13.44 106.21
420 32.15 46.93 159.44 24.74 189.36
421 32.26 64.38 54.19 22.40 157.99
422 32.45 13.22 129.72 9.35 75.65
423 32.30 38.14 199.66 22.29 160.06
424 32.38 55.03 70.82 23.80 172.97
425 32.48 66.87 50.20 21.53 162.78
426 32.51 73.76 40.72 18.04 123.24
427 32.48 34.44 191.15 20.88 165.97
428 32.52 83.34 40.87 12.66 68.63
429 32.63 71.19 43.34 18.94 137.42
430 32.68 16.40 133.42 11.31 89.23
431 32.70 27.59 175.45 17.30 132.84
432 32.72 40.68 147.35 22.18 174.25
433 32.89 68.95 46.86 21.29 149.99
434 32.88 52.79 61.01 22.94 185.71
435 32.77 59.52 51.60 22.28 162.68
436 32.85 31.63 180.48 19.46 158.84
437 33.11 76.10 43.09 17.35 112.33
438 33.09 25.17 164.54 15.96 130.97
439 33.22 19.56 125.38 12.88 101.55
440 33.03 43.40 116.05 23.43 181.88
441 33.09 50.52 67.68 24.58 185.03
442 33.19 48.15 79.49 25.71 186.22
443 33.35 22.56 143.88 14.97 119.07
444 33.22 36.35 136.37 23.27 178.60
445 33.23 45.80 93.12 24.14 189.58
446 33.21 62.50 46.34 24.66 147.63
447 33.36 10.77 87.30 8.16 54.31
448 33.33 56.23 47.89 23.11 169.21
449 33.37 78.95 57.33 15.96 101.23
450 33.51 29.72 139.79 20.22 170.53
451 33.43 38.89 125.91 23.37 175.80
452 33.56 64.94 43.88 23.36 158.71
453 33.53 33.60 130.24 21.99 174.79
454 33.83 84.05 107.39 15.66 63.54
455 33.86 81.21 78.62 16.71 93.16
456 33.91 53.80 45.53 22.96 162.83
457 33.80 14.39 97.90 10.60 83.61
458 33.85 60.30 42.91 24.88 157.35
459 33.87 73.24 48.65 19.75 127.42
460 33.94 27.21 113.29 17.71 149.95
461 33.88 41.54 73.84 23.77 174.37
462 33.90 67.39 44.88 22.91 154.96
463 34.11 70.16 49.34 21.36 150.22
464 34.18 57.97 42.83 23.95 157.31
465 34.04 17.68 102.06 13.00 102.68
466 34.10 44.21 61.81 24.78 176.81
467 34.16 51.46 48.63 24.34 176.39
468 34.28 49.17 51.61 24.89 176.75
469 34.39 31.60 74.93 20.74 159.78
470 34.30 46.88 54.87 24.83 178.72
471 34.35 24.71 105.31 17.55 141.79
472 34.45 36.67 70.32 21.44 168.88
473 34.43 21.08 80.56 14.80 115.45
474 34.38 76.61 74.03 18.67 118.42
475 34.51 34.44 64.77 23.38 171.78
476 34.53 62.77 45.16 25.10 164.03
477 34.45 39.07 59.12 23.79 165.54
478 34.58 11.90 57.96 9.65 80.18
479 34.55 55.79 42.94 24.58 160.58
480 34.96 86.03 94.12 16.65 57.01
481 34.85 28.74 66.24 20.17 156.98
482 34.82 65.59 50.44 24.17 161.40
483 34.99 71.66 92.90 23.97 144.84
484 35.06 79.31 116.71 18.68 92.53
485 34.93 15.48 54.89 11.96 97.16
486 35.08 43.04 51.57 25.00 186.15
487 35.15 9.24 31.49 8.61 54.13
488 35.00 60.12 48.51 26.38 167.10
489 35.20 40.83 51.04 24.95 181.99
490 35.07 67.97 66.72 25.55 166.38
491 35.14 53.04 46.26 27.35 183.73
492 35.18 82.60 129.86 19.19 86.29
493 35.22 45.28 46.16 26.72 184.23
494 35.43 74.11 133.35 23.91 128.18
495 35.30 18.79 52.87 13.36 112.92
496 35.29 23.03 51.60 16.46 127.75
497 35.28 50.34 42.92 26.78 177.42
498 35.49 26.15 51.59 18.73 147.53
499 35.50 47.71 44.83 26.44 174.79
500 35.59 38.41 44.50 24.05 169.78
501 35.64 30.67 50.05 21.58 157.75
502 35.58 33.71 44.30 23.11 163.14
503 35.65 58.12 53.92 27.04 167.07
504 35.67 63.95 74.74 28.84 160.95
505 35.80 36.33 41.87 24.04 173.92
506 35.60 55.34 46.14 27.89 177.22
507 35.68 76.83 142.56 23.73 121.13
508 35.81 13.13 34.00 10.70 89.96
509 35.90 61.37 69.36 28.72 168.02
510 36.05 69.08 152.36 27.44 145.27
511 36.15 21.07 37.16 16.68 125.62
512 36.16 16.24 35.00 12.78 107.55
513 36.32 28.10 40.77 20.49 151.46
514 36.17 51.78 51.93 27.31 174.29
515 36.25 66.46 134.26 30.87 156.21
516 36.23 71.50 153.15 30.02 142.85
517 36.32 81.07 138.44 22.07 90.65
518 36.27 42.23 42.93 26.74 178.66
519 36.48 84.35 104.55 24.32 76.94
520 36.44 10.25 22.87 9.49 71.87
521 36.33 45.48 44.78 28.00 184.25
522 36.39 49.37 50.04 28.14 168.67
523 36.45 24.03 36.22 18.16 134.37
524 36.50 39.80 44.12 27.54 175.22
525 36.56 32.42 39.25 23.32 164.33
526 36.57 53.99 75.60 29.08 169.01
527 36.65 56.56 113.96 33.12 177.64
528 36.69 87.65 77.62 24.81 51.07
529 36.83 35.10 40.44 26.08 171.47
530 36.90 18.88 28.34 15.35 120.29
531 36.82 75.83 159.33 29.51 133.55
532 36.92 78.51 142.86 27.33 110.17
533 36.93 58.68 135.37 33.66 182.00
534 36.94 47.32 56.92 30.18 179.26
535 36.78 63.91 156.11 31.59 166.63
536 37.06 30.01 36.83 23.33 150.98
537 37.02 73.33 150.48 31.30 130.73
538 37.01 37.51 44.69 27.88 178.17
539 37.04 43.66 53.61 30.67 176.56
540 37.21 26.37 33.70 21.55 141.76
541 37.09 61.01 165.62 34.30 165.22
542 37.19 13.05 22.52 11.67 87.67
543 37.45 67.65 172.11 36.65 157.69
544 37.35 16.26 24.32 14.32 106.04
545 37.31 51.30 101.70 32.70 182.72
546 37.39 70.30 163.18 36.16 134.96
547 37.46 40.81 55.73 30.00 182.07
548 37.61 21.22 30.86 17.06 121.45
549 37.68 49.25 111.67 32.27 180.45
550 37.62 24.00 33.62 20.78 127.84
551 37.78 65.40 173.26 40.98 181.42
552 37.66 81.58 123.00 30.96 95.90
553 37.69 45.42 95.06 33.09 184.31
554 37.84 8.91 17.69 10.18 59.53
555 37.65 33.04 43.17 26.06 162.99
556 37.77 53.31 170.58 35.65 187.38
557 37.84 55.55 179.13 37.11 175.37
558 37.84 85.67 92.35 33.38 73.20
559 38.00 38.47 69.11 30.96 177.69
560 37.95 62.73 183.58 38.72 164.12
561 38.16 28.08 44.33 24.31 154.55
562 38.02 75.52 146.62 36.52 128.26
563 38.10 35.63 57.70 29.18 182.19
564 38.14 42.68 98.60 32.42 185.99
565 38.32 57.44 190.43 43.19 198.15
566 38.25 59.84 182.74 39.44 171.83
567 38.27 47.30 149.94 36.65 173.03
568 38.24 72.34 150.43 44.16 149.57
569 38.29 78.40 122.37 38.21 114.21
570 38.38 30.86 48.15 27.29 154.46
571 38.38 18.63 33.61 18.35 113.49
572 38.38 11.78 24.87 12.70 93.95
573 38.43 15.07 29.62 15.74 105.12
574 38.52 88.57 50.67 37.24 47.75
575 38.47 69.36 151.54 44.51 165.67
576 38.73 25.34 48.28 24.99 150.56
577 38.60 51.12 186.67 38.36 181.49
578 38.69 83.80 73.80 42.13 91.11
579 38.69 40.34 142.69 33.71 174.00
580 38.72 22.63 40.74 19.99 119.88
581 38.76 44.51 161.69 36.70 182.06
582 38.92 66.86 152.13 46.69 168.07
583 38.88 33.60 75.99 30.30 169.59
584 38.89 53.85 198.61 44.73 186.63
585 39.10 80.98 91.80 47.93 106.30
586 39.01 36.64 120.44 35.46 178.50
587 39.06 64.66 153.52 53.35 182.08
588 39.10 48.95 189.58 40.58 185.01
589 39.09 62.39 163.54 51.15 186.08
590 39.28 73.46 114.10 57.33 151.62
591 39.32 75.99 107.31 53.12 136.87
592 39.29 9.59 34.31 13.11 71.41
593 39.48 20.68 66.81 21.87 119.12
594 39.45 29.35 103.76 28.57 159.64
595 39.41 46.35 192.67 39.20 174.11
596 39.35 42.32 180.71 39.56 185.85
597 39.56 55.97 178.98 55.56 206.13
598 39.45 86.50 45.26 54.81 67.42
599 39.52 58.20 165.71 56.30 198.18
600 39.53 70.90 126.08 57.05 167.38
601 39.41 16.99 51.33 18.27 106.34
602 39.52 38.54 180.24 36.49 172.17
603 39.55 60.31 155.85 55.44 195.05
604 39.58 27.01 96.83 28.49 156.96
605 39.57 13.55 55.25 15.92 96.52
606 39.76 31.62 144.66 33.33 160.42
607 39.66 68.56 122.82 65.97 192.32
608 39.66 78.45 86.40 59.17 117.07
609 39.77 89.86 28.88 48.51 34.89
610 39.66 51.72 197.70 49.09 198.39
611 40.04 23.42 106.13 25.86 139.66
612 40.00 44.20 180.38 43.10 194.22
613 40.01 53.97 181.32 55.35 201.69
614 39.96 83.10 53.78 59.18 84.21
615 40.07 40.35 180.69 46.66 203.69
616 40.22 33.83 165.34 38.10 167.50
617 40.17 36.08 178.89 40.08 169.72
618 40.21 48.05 194.63 50.05 199.44
619 40.24 62.50 134.55 71.39 182.48
620 40.40 64.71 120.87 74.85 176.52
621 40.44 50.07 170.74 58.05 199.99
622 40.46 18.81 99.47 22.59 114.66
623 40.59 66.86 95.80 78.57 168.57
624 40.63 8.08 87.66 15.23 63.11
625 40.46 11.27 86.21 18.37 100.75
626 40.54 74.22 78.04 76.73 137.06
627 40.64 16.01 103.74 21.74 115.05
628 40.71 25.54 156.90 32.85 153.90
629 40.69 71.64 81.07 81.76 143.04
630 40.64 42.19 180.21 50.18 197.88
631 40.60 46.19 185.41 54.49 202.58
632 40.75 79.98 51.66 73.77 89.33
633 40.78 28.28 144.44 33.82 161.17
634 40.73 57.42 141.45 75.63 186.17
635 40.84 87.93 31.82 62.61 45.22
636 40.78 38.18 172.53 48.61 191.91
637 40.77 52.26 167.74 63.32 193.26
638 40.78 60.09 129.15 77.72 185.16
639 40.77 77.02 65.29 76.93 113.60
640 40.89 85.41 36.31 74.73 61.92
641 40.93 69.03 85.95 93.00 173.01
642 41.01 30.68 163.37 38.68 170.86
643 41.03 55.05 138.69 74.79 204.24
644 41.19 20.79 130.33 32.48 150.06
645 41.28 13.55 109.82 23.84 117.93
646 41.31 40.20 165.38 61.33 207.36
647 41.22 44.18 180.49 66.92 210.26
648 41.49 90.00 31.36 63.55 27.46
649 41.44 32.95 169.34 46.47 180.89
650 41.44 35.23 176.92 49.05 179.38
651 41.29 82.48 41.85 84.81 73.95
652 41.48 23.53 142.36 33.75 151.45
653 41.38 48.29 170.00 73.32 201.86
654 41.40 62.42 79.03 96.39 174.35
655 41.66 65.53 72.23 102.73 158.48
656 41.71 75.42 53.72 95.89 101.12
657 41.80 10.25 93.19 20.19 87.73
658 41.77 46.33 150.39 70.32 192.07
659 41.86 50.19 127.51 86.81 190.03
660 41.69 58.97 85.91 98.06 181.04
661 41.85 37.26 151.41 61.12 200.71
662 41.88 72.80 52.80 110.01 116.72
663 41.77 52.49 122.34 93.60 204.03
664 41.89 16.23 112.39 28.82 131.20
665 41.87 26.34 136.44 38.94 162.06
666 41.91 41.98 141.22 73.01 204.12
667 42.03 56.67 81.12 97.30 187.03
668 41.92 70.30 57.19 104.90 135.93
669 42.04 78.20 49.24 101.89 89.85
670 42.12 28.87 137.01 46.47 173.90
671 42.30 18.65 117.04 35.21 142.88
672 42.27 67.64 59.24 115.64 143.90
673 42.15 54.55 94.33 103.75 192.05
674 42.24 84.07 56.62 83.35 48.10
675 42.27 87.65 57.00 75.62 35.01
676 42.39 31.52 131.84 51.83 177.21
677 42.30 85.83 53.64 88.38 43.64
678 42.40 39.13 138.86 76.46 190.13
679 42.24 44.17 133.48 79.69 200.45
680 42.39 63.39 59.48 129.48 149.36
681 42.39 81.00 74.46 95.08 63.18
682 42.45 21.96 125.80 44.05 159.76
683 42.48 61.01 65.26 127.04 160.93
684 42.59 48.06 105.54 102.99 193.10
685 42.56 13.19 89.88 31.97 127.58
686 42.71 33.98 137.45 72.39 187.77
687 42.86 24.49 125.32 50.40 167.03
688 42.85 51.75 81.94 119.56 177.42
689 42.80 74.60 57.27 132.56 89.61
690 42.84 58.39 61.32 120.40 166.28
691 42.92 36.32 119.59 81.57 196.21
692 43.02 65.21 55.74 139.45 119.32
693 42.98 40.89 107.97 96.96 189.56
694 43.20 89.73 90.18 74.72 22.98
695 43.05 9.18 70.55 31.02 89.72
696 43.01 27.07 127.47 61.07 181.08
697 43.05 45.72 88.74 108.51 186.38
698 43.02 69.57 65.07 127.03 114.86
699 43.12 72.02 65.69 131.14 91.95
700 43.29 15.51 84.81 39.60 126.39
701 43.13 53.91 61.53 125.12 171.02
702 43.23 77.01 76.22 122.60 67.98
703 43.31 20.13 100.08 50.67 139.97
704 43.21 43.34 92.89 114.52 197.34
705 43.24 49.77 73.02 130.49 171.84
706 43.35 56.23 54.76 135.44 165.85
707 43.34 30.29 99.45 71.94 175.04
708 43.43 83.04 106.27 99.92 43.50
709 43.58 79.75 107.11 108.18 54.33
710 43.66 86.47 111.54 83.60 31.62
711 43.57 60.05 54.53 148.81 130.07
712 43.53 38.58 100.75 104.43 173.43
713 43.61 62.79 59.41 156.13 133.41
714 43.64 67.12 63.78 147.99 107.36
715 43.69 12.33 63.49 42.33 115.44
716 43.87 32.74 79.01 92.22 179.91
717 43.89 17.63 69.47 58.37 140.98
718 43.83 47.81 63.32 149.88 179.28
719 43.93 22.41 69.17 69.32 151.16
720 43.89 35.21 80.78 104.32 167.84
721 44.02 28.13 86.53 87.58 170.57
722 43.96 41.69 68.65 131.61 167.67
723 44.01 74.08 93.10 138.35 71.22
724 43.97 91.79 78.10 64.01 13.45
725 43.99 52.01 54.72 153.08 162.80
726 44.09 25.27 86.57 83.74 162.52
727 44.20 57.92 59.31 163.09 131.95
728 44.14 68.98 100.24 150.67 83.23
729 44.12 45.91 61.33 149.53 172.53
730 44.13 54.34 59.05 163.55 153.18
731 44.36 71.30 125.03 148.47 72.68
732 44.32 9.60 50.38 45.86 95.49
733 44.30 43.73 64.43 161.25 174.16
734 44.36 64.95 75.99 163.36 98.03
735 44.39 49.77 59.77 160.08 148.90
736 44.48 76.37 157.44 126.79 55.22
737 44.48 6.41 33.77 40.93 53.11
738 44.47 37.40 61.76 130.57 152.73
739 44.49 39.89 64.15 145.59 156.41
740 44.49 61.12 67.53 175.11 118.14
741 44.61 30.51 64.64 104.72 151.07
742 44.68 81.79 162.81 107.83 36.21
743 44.71 19.65 49.20 82.22 123.77
744 44.76 93.68 63.51 54.99 9.29
745 44.81 13.16 39.68 62.38 94.72
746 44.82 56.01 84.03 176.62 121.47
747 44.94 79.19 163.70 111.96 39.98
748 44.84 84.71 155.35 98.62 31.98
749 45.05 88.22 136.30 92.80 22.37
750 44.92 16.19 41.97 71.20 110.05
751 45.02 63.09 111.86 176.97 92.34
752 45.09 90.92 105.20 70.59 15.12
753 45.00 66.78 103.08 158.80 71.82
754 45.10 59.21 86.72 179.33 107.02
755 45.03 23.47 49.01 102.01 146.94
756 45.02 35.14 59.52 147.69 131.56
757 45.04 47.80 66.79 177.69 137.09
758 45.02 51.47 73.00 185.16 131.61
759 45.13 28.21 51.06 119.49 142.28
760 45.04 32.85 59.59 132.78 140.92
761 45.08 45.09 74.32 177.79 139.06
762 45.17 42.35 74.19 178.11 138.18
763 45.17 53.65 79.11 176.50 117.45
764 45.29 72.89 165.07 145.48 56.67
765 45.31 25.84 49.57 111.01 136.83
766 45.33 69.06 175.11 155.46 64.54
767 45.40 9.14 31.28 65.57 70.04
768 45.56 21.05 38.84 106.36 103.21
769 45.52 38.09 63.78 163.83 123.54
770 45.55 40.48 67.59 170.44 128.36
771 45.68 49.73 101.33 192.25 112.72
772 45.87 74.73 190.86 138.74 41.54
773 45.71 77.08 189.35 131.75 41.75
774 45.77 57.50 142.15 188.65 92.04
775 45.66 7.02 20.59 58.81 39.11
776 45.84 60.93 155.47 178.16 78.00
777 45.88 30.21 55.57 140.21 111.67
778 45.82 65.05 150.90 178.45 70.72
779 45.97 5.68 17.99 53.91 28.57
780 45.88 18.01 32.04 94.53 84.40
781 45.91 46.24 111.95 186.10 107.50
782 45.96 70.88 195.19 158.53 56.21
783 46.00 11.85 25.27 78.12 67.84
784 45.98 82.10 155.23 105.28 28.96
785 46.02 14.86 31.10 94.58 80.16
786 46.03 36.34 74.94 168.55 105.39
787 45.97 55.02 143.05 189.40 92.74
788 46.08 32.26 61.29 153.09 110.51
789 46.04 43.89 119.86 181.73 102.06
790 46.10 52.05 156.06 181.31 99.07
791 46.13 85.70 144.16 89.97 22.51
792 46.18 92.50 70.61 67.90 10.20
793 46.19 23.11 46.54 121.58 103.83
794 46.26 27.87 50.00 133.98 106.61
795 46.33 62.96 172.10 179.03 65.51
796 46.44 34.12 87.37 165.20 89.31
797 46.35 48.06 131.98 190.48 88.52
798 46.32 67.37 181.53 159.15 54.46
799 46.42 79.15 162.66 117.75 31.41
800 46.57 41.92 141.28 186.72 99.32
801 46.56 8.76 23.10 75.90 47.98
802 46.61 25.52 53.05 136.99 98.54
803 46.51 39.41 111.00 177.44 93.38
804 46.54 89.51 75.03 86.49 16.50
805 46.73 59.03 191.32 175.76 67.07
806 46.76 19.98 47.61 117.65 76.87
807 46.88 49.80 177.96 197.90 81.88
808 46.81 56.36 188.36 188.32 75.65
809 46.91 69.49 180.96 160.23 49.62
810 46.98 53.86 190.02 189.03 75.73
811 47.13 71.66 177.93 144.32 38.20
812 46.95 73.81 181.69 163.18 42.98
813 47.02 17.17 52.20 103.65 55.36
814 47.00 65.39 189.81 172.51 49.08
815 47.12 76.08 154.48 130.04 33.20
816 47.04 46.02 196.90 187.75 72.19
817 46.98 83.51 99.23 109.48 24.06
818 47.23 61.43 177.96 181.69 59.55
819 47.10 31.04 117.11 167.00 83.55
820 47.11 36.18 154.96 186.02 78.73
821 47.19 51.70 209.72 187.23 63.30
822 47.37 6.59 30.06 72.92 24.44
823 47.24 43.89 196.99 179.80 71.49
824 47.30 11.00 42.91 95.47 44.41
825 47.30 14.22 39.24 104.20 50.99
826 47.30 22.18 82.81 133.12 67.28
827 47.36 86.30 64.74 102.18 19.65
828 47.31 81.07 94.78 129.70 28.33
829 47.35 27.86 89.00 149.17 73.78
830 47.46 38.34 180.62 180.92 70.76
831 47.54 67.80 180.19 169.24 41.70
832 47.65 40.73 194.04 178.75 65.57
833 47.63 63.83 176.12 180.47 49.85
834 47.73 91.75 29.59 74.79 11.34
835 47.73 47.82 203.30 195.51 65.44
836 47.72 24.28 116.69 153.55 64.02
837 47.67 33.76 178.03 164.23 64.59
838 47.62 78.19 100.57 143.96 29.01
839 47.77 57.19 196.20 183.41 50.80
840 47.90 89.27 39.39 97.11 14.74
841 47.82 59.42 187.27 192.04 53.34
842 47.95 54.98 215.03 183.08 53.76
843 48.03 19.35 95.54 132.42 45.09
844 48.06 29.65 171.24 164.36 59.51
845 47.95 73.45 129.77 167.41 37.15
846 48.05 49.94 192.14 193.92 59.83
847 48.15 42.91 208.00 187.12 63.48
848 48.13 52.51 204.40 181.86 54.38
849 48.30 16.38 97.74 121.98 45.40
850 48.17 45.59 212.52 183.80 54.33
851 48.23 66.30 134.20 182.94 43.74
852 48.21 69.73 113.21 171.21 36.12
853 48.24 83.49 56.78 113.22 19.69
854 48.44 8.78 74.81 95.86 25.06
855 48.36 26.25 141.27 155.50 51.30
856 48.27 36.29 193.11 185.13 58.76
857 48.32 12.49 72.20 111.10 35.51
858 48.46 32.10 180.06 160.90 51.35
859 48.44 62.52 112.76 196.95 46.08
860 48.64 21.66 129.87 143.08 40.99
861 48.53 38.67 204.10 187.59 56.03
862 48.51 80.25 55.55 128.78 22.49
863 48.66 60.63 124.83 187.48 46.92
864 48.79 74.88 61.42 150.29 28.20
865 48.69 71.80 73.52 170.07 31.75
866 48.68 77.40 56.09 141.88 25.13
867 48.81 86.57 35.83 101.49 15.40
868 48.74 58.20 127.13 195.10 47.87
869 48.85 41.35 191.77 193.74 51.57
870 48.90 34.42 185.40 184.15 48.85
871 48.86 48.52 161.74 199.89 52.19
872 48.91 64.47 84.47 184.82 38.27
873 48.84 55.97 169.20 204.83 51.89
874 48.98 5.16 62.08 69.11 9.16
875 49.02 24.03 142.72 154.37 38.12
876 49.11 27.74 154.67 162.93 42.36
877 48.93 50.98 161.93 201.21 48.68
878 48.93 53.66 150.26 205.28 50.06
879 48.98 44.20 188.04 198.42 50.00
880 49.05 46.56 159.73 204.52 53.47
881 49.09 68.56 75.73 179.49 32.85
882 49.16 30.26 179.92 162.15 40.87
883 49.18 90.46 23.02 81.49 11.09
884 49.41 13.85 100.55 114.67 24.51
885 49.43 19.50 117.07 131.15 29.58
886 49.41 10.93 102.25 107.67 22.97
887 49.40 66.51 66.40 185.73 33.96
888 49.42 16.81 111.38 136.44 29.35
889 49.40 36.70 168.26 182.30 44.54
890 49.35 39.49 166.25 195.04 45.65
891 49.57 82.50 38.07 112.65 18.06
892 49.88 6.78 93.64 92.42 13.20
893 49.70 62.53 65.32 182.51 35.58
894 49.73 70.53 51.24 167.16 27.81
895 49.72 72.98 51.15 165.14 26.49
896 49.75 33.31 128.82 187.14 40.45
897 49.77 42.94 127.06 198.27 43.04
898 49.72 52.33 100.22 201.44 39.60
899 49.79 60.08 68.68 187.78 36.30
900 49.75 79.52 38.90 128.84 21.55
901 49.80 49.71 110.00 200.02 42.26
902 49.75 57.66 77.27 192.30 36.76
903 49.79 76.62 43.22 149.86 23.28
904 49.87 25.52 110.66 168.34 34.32
905 49.78 55.04 89.47 200.55 41.10
906 49.90 93.45 13.71 59.31 7.57
907 49.67 9.38 105.82 82.09 15.91
908 50.00 22.32 95.69 151.68 29.43
909 50.00 45.23 108.07 204.58 41.29
910 50.06 84.81 32.26 102.19 14.88
911 49.99 47.48 97.15 200.70 41.61
912 50.22 88.31 26.25 96.43 13.16
913 50.12 31.29 105.08 179.12 35.75
914 50.16 40.98 94.02 199.98 37.66
915 50.12 28.79 87.68 163.53 33.11
916 50.20 95.86 8.84 32.67 3.80
917 50.23 64.85 52.34 179.75 32.61
918 50.24 68.45 52.09 179.08 30.75
919 50.39 4.19 40.26 60.37 5.46
920 50.30 38.93 92.23 197.91 37.68
921 50.48 34.92 89.13 191.03 37.23
922 50.50 90.96 19.48 73.91 9.57
923 50.55 74.44 40.68 148.18 23.95
924 50.55 15.64 76.91 131.71 22.08
925 50.50 37.01 83.55 191.17 34.07
926 50.64 18.21 86.36 142.39 21.85
927 50.61 12.47 63.85 119.09 18.30
928 50.62 53.71 62.35 200.51 37.40
929 50.82 8.65 64.55 111.33 14.63
930 50.61 51.30 67.20 202.48 36.82
931 50.65 56.28 58.40 198.24 34.73
932 50.83 27.18 64.32 171.80 25.33
933 50.74 43.77 80.56 208.89 39.27
934 50.97 20.70 60.26 159.94 24.49
935 50.86 58.51 55.54 199.48 34.24
936 50.84 77.56 38.50 128.69 20.62
937 50.94 80.49 36.54 119.24 16.90
938 50.95 24.77 62.04 159.68 25.09
939 50.94 62.73 54.52 188.61 34.91
940 50.96 66.76 50.93 177.08 30.04
941 50.84 71.41 48.06 152.55 24.25
942 50.84 48.90 62.22 199.07 35.12
943 50.95 60.66 55.08 193.37 32.50
944 51.07 83.19 40.13 114.58 15.82
945 50.98 32.54 63.27 182.73 31.35
946 50.99 46.56 62.85 191.93 35.76
947 51.08 41.67 60.97 198.28 34.10
948 51.16 94.13 12.67 44.54 6.07
949 51.19 29.61 61.30 183.28 30.76
950 51.50 22.78 46.03 155.91 22.20
951 51.39 86.23 34.66 93.99 12.21
952 51.35 39.08 58.99 194.18 33.16
953 51.47 68.94 65.20 165.23 25.42
954 51.49 64.69 60.60 182.28 31.26
955 51.56 14.20 40.40 129.95 15.67
956 51.52 4.70 20.70 71.02 5.39
957 51.56 36.66 54.59 192.08 31.39
958 51.63 44.88 55.24 194.97 32.48
959 51.55 55.10 59.80 203.30 32.02
960 51.67 89.12 31.70 84.90 10.72
961 51.53 50.42 59.94 203.68 33.87
962 51.59 52.95 60.77 203.07 34.96
963 51.74 73.30 64.96 139.31 21.81
964 51.75 75.86 54.04 137.51 19.37
965 51.69 34.56 49.62 184.53 28.38
966 51.82 11.28 35.01 124.08 14.25
967 51.76 57.04 60.76 198.84 30.24
968 51.84 18.78 40.53 146.52 18.06
969 51.95 92.05 29.99 66.68 8.22
970 51.96 26.42 44.66 165.76 23.29
971 51.86 47.97 56.21 200.95 32.14
972 51.96 59.20 60.89 193.48 28.02
973 51.94 42.75 53.86 190.98 30.71
974 52.08 61.45 69.43 183.88 28.81
975 52.00 78.66 67.90 123.28 17.43
976 52.03 8.48 26.93 98.78 10.88
977 52.29 16.21 34.32 138.99 15.50
978 52.14 70.80 103.99 158.90 23.93
979 52.15 32.32 48.29 183.80 26.36
980 52.16 40.41 54.77 189.27 28.98
981 52.17 30.03 43.44 180.03 24.47
982 52.32 81.34 66.14 112.33 15.56
983 52.24 66.50 89.08 172.37 27.38
984 52.34 84.17 70.02 98.65 12.28
985 52.40 97.32 11.29 19.40 2.60
986 52.35 51.44 81.56 201.42 29.96
987 52.45 63.45 110.73 178.36 27.46
988 52.45 46.20 67.41 200.68 30.61
989 52.40 37.98 50.92 189.52 27.94
990 52.44 94.46 23.42 37.85 5.31
991 52.63 21.14 34.93 147.68 16.94
992 52.62 24.03 36.92 150.66 18.69
993 52.54 54.43 85.07 199.48 31.67
994 52.72 28.14 41.65 176.32 21.53
995 52.65 49.44 82.13 187.18 31.45
996 52.75 35.61 60.81 182.53 27.17
997 52.80 86.50 76.30 89.98 11.04
998 52.82 44.26 96.66 199.10 29.71
999 52.70 56.73 96.57 182.52 28.28
1000 52.91 68.38 132.13 152.07 23.83
1001 52.94 75.24 115.22 127.52 17.67
1002 52.90 13.30 24.64 129.63 11.82
1003 52.80 88.12 75.51 91.11 11.29
1004 53.01 90.42 85.25 72.55 8.79
1005 52.92 42.04 83.03 190.86 28.34
1006 53.03 72.83 148.34 127.94 18.58
1007 53.23 7.16 18.69 94.41 7.69
1008 53.02 10.44 25.28 116.27 11.42
1009 53.10 18.26 30.77 140.50 16.54
1010 53.14 33.31 71.92 179.03 22.76
1011 53.09 52.83 140.02 192.82 28.14
1012 53.03 59.18 121.69 188.74 28.62
1013 53.18 78.06 136.53 113.93 16.02
1014 53.22 39.38 69.42 175.02 26.67
1015 53.14 47.57 101.57 188.21 27.32
1016 53.20 65.17 150.61 154.34 23.96
1017 53.29 92.68 57.64 47.39 7.20
1018 53.22 61.36 139.48 168.53 25.43
1019 53.34 25.82 51.24 166.45 20.33
1020 53.30 30.67 56.15 166.53 22.14
1021 53.40 70.48 161.66 128.10 21.09
1022 53.56 37.27 106.58 174.93 24.23
1023 53.65 50.97 149.56 178.46 27.06
1024 53.72 81.13 138.51 94.98 13.66
1025 53.61 83.98 134.44 80.31 11.87
1026 53.67 45.41 150.35 186.24 26.72
1027 53.69 55.40 170.03 170.34 27.34
1028 53.76 15.08 29.91 128.02 12.15
1029 53.79 57.45 162.61 162.68 24.58
1030 53.92 63.03 179.87 149.04 22.30
1031 53.77 22.82 44.90 143.50 16.09
1032 53.85 4.29 13.67 69.36 4.29
1033 53.92 34.81 93.32 173.97 22.40
1034 54.01 67.08 171.90 138.38 20.33
1035 54.01 19.91 48.20 137.89 13.80
1036 53.89 28.37 94.11 171.88 22.08
1037 53.91 40.94 150.36 176.74 25.28
1038 54.01 43.20 154.06 173.91 25.90
1039 53.96 49.03 169.74 170.16 24.85
1040 54.12 89.29 103.69 64.03 8.96
1041 54.27 86.59 132.41 75.52 10.67
1042 54.26 9.12 30.16 105.23 8.44
1043 54.15 53.18 190.69 160.03 24.93
1044 54.21 59.43 180.92 162.65 22.92
1045 54.21 75.88 164.27 108.73 16.14
1046 54.44 12.63 37.09 110.13 9.86
1047 54.35 17.27 40.11 125.69 12.09
1048 54.25 32.26 100.24 167.57 21.51
1049 54.28 46.98 190.82 167.37 24.27
1050 54.21 72.96 178.33 113.03 17.78
1051 54.13 96.34 17.30 21.18 2.61
1052 54.38 65.01 191.75 139.05 20.64
1053 54.35 94.06 44.96 35.39 5.77
1054 54.40 78.66 162.34 96.85 14.92
1055 54.42 26.01 83.70 150.84 16.82
1056 54.54 91.79 76.60 51.13 7.36
1057 54.54 39.10 163.29 155.33 23.17
1058 54.64 61.40 190.03 140.04 22.19
1059 54.49 70.22 185.55 114.86 20.38
1060 54.80 30.09 134.38 149.37 18.77
1061 54.69 36.27 159.67 159.48 22.06
1062 54.89 6.67 31.54 87.50 7.45
1063 54.86 44.77 195.06 159.33 24.05
1064 55.02 23.83 98.00 139.06 15.20
1065 54.94 50.81 196.35 163.71 23.65
1066 54.84 55.16 198.15 149.33 24.61
1067 55.01 68.32 186.46 113.56 17.32
1068 54.87 83.22 132.01 78.83 11.51
1069 55.01 21.59 85.68 137.85 14.12
1070 54.93 41.36 153.62 158.35 23.17
1071 55.03 4.57 28.87 68.99 4.31
1072 54.98 57.38 189.94 149.04 24.71
1073 55.13 14.51 73.12 133.59 9.98
1074 55.15 34.11 160.14 158.80 21.40
1075 55.14 48.62 189.86 150.00 23.28
1076 55.18 27.84 135.03 140.66 15.21
1077 55.28 74.51 175.03 100.70 16.87
1078 55.24 52.76 206.51 141.39 22.13
1079 55.36 80.21 142.64 81.59 13.35
1080 55.45 19.24 98.54 123.31 11.84
1081 55.29 63.94 180.68 131.91 20.11
1082 55.43 38.01 164.16 152.97 21.74
1083 55.37 71.74 178.60 97.39 17.95
1084 55.45 88.66 95.38 58.93 8.38
1085 55.50 31.79 160.96 151.47 19.26
1086 55.55 43.22 188.32 136.92 21.32
1087 55.41 46.60 181.93 142.94 22.15
1088 55.39 59.69 172.03 133.12 22.66
1089 55.57 9.14 62.75 98.76 7.32
1090 55.56 66.24 152.13 115.92 19.60
1091 55.54 77.08 150.46 88.73 15.09
1092 55.58 86.19 114.37 63.94 9.65
1093 55.74 16.92 98.66 117.34 11.42
1094 55.63 90.23 80.84 52.44 8.24
1095 55.61 10.84 60.38 100.19 7.19
1096 55.87 25.54 134.16 130.02 14.86
1097 55.83 92.86 41.91 36.30 6.23
1098 55.85 62.22 172.79 131.24 20.32
1099 55.99 12.07 76.40 102.11 8.01
1100 55.87 54.36 182.80 129.59 21.69
1101 55.94 36.21 168.64 128.90 17.36
1102 55.97 94.70 19.88 22.26 4.00
1103 56.04 56.44 179.71 129.30 22.06
1104 56.03 82.82 125.02 72.92 11.66
1105 56.26 39.38 128.43 126.53 19.75
1106 56.03 41.37 170.91 139.31 20.86
1107 56.03 49.73 177.21 126.50 21.13
1108 56.11 68.94 153.32 114.86 17.48
1109 56.21 45.15 157.02 133.64 22.10
1110 56.34 22.49 138.01 116.54 12.38
1111 56.29 52.18 157.52 120.40 21.76
1112 56.30 6.97 62.60 77.80 5.75
1113 56.39 30.02 135.69 134.28 16.89
1114 56.35 33.16 149.85 135.42 17.51
1115 56.32 58.50 161.03 131.34 21.56
1116 56.35 27.85 134.38 126.58 14.05
1117 56.35 47.62 124.28 145.06 22.33
1118 56.45 73.68 138.59 92.12 15.86
1119 56.47 14.76 100.78 103.83 8.89
1120 56.43 64.30 125.45 112.91 19.58
1121 56.49 71.08 164.79 90.71 15.76
1122 56.57 78.62 115.24 75.19 12.37
1123 56.64 20.08 116.25 115.80 12.07
1124 56.51 60.91 123.15 123.31 19.23
1125 56.62 67.12 96.46 110.64 18.70
1126 56.85 90.80 42.16 40.66 7.37
1127 56.82 76.11 102.76 86.57 14.13
1128 56.74 35.03 103.84 127.53 18.59
1129 56.75 43.23 121.42 125.82 22.13
1130 56.89 81.20 89.16 65.37 10.64
1131 56.83 85.14 86.15 60.54 9.77
1132 56.84 88.16 66.98 52.18 8.81
1133 57.11 17.59 102.58 102.23 9.00
1134 57.06 24.41 124.78 112.53 13.05
1135 57.03 37.43 85.83 120.63 19.14
1136 56.92 50.61 118.90 126.62 21.17
1137 56.92 54.42 147.27 119.87 23.21
1138 57.23 9.17 78.62 76.32 7.19
1139 57.04 40.97 83.39 122.41 20.93
1140 57.13 93.24 20.44 26.99 5.01
1141 57.21 95.46 9.24 17.39 2.89
1142 57.13 31.52 94.82 120.95 14.90
1143 57.16 56.61 127.92 114.10 21.10
1144 57.13 46.09 83.80 121.48 21.44
1145 57.25 48.82 75.03 121.08 20.35
1146 57.34 12.09 93.29 78.60 6.61
1147 57.32 26.63 102.47 109.47 13.38
1148 57.25 59.27 98.33 122.67 20.74
1149 57.30 65.57 65.73 108.82 19.16
1150 57.49 63.38 74.75 105.03 18.22
1151 57.34 69.08 90.24 97.57 15.72
1152 57.44 52.38 76.75 104.34 18.45
1153 57.72 6.59 70.47 64.96 4.83
1154 57.48 71.90 92.88 90.93 15.10
1155 57.54 61.24 64.95 104.07 19.15
1156 57.60 22.01 100.52 98.37 11.33
1157 57.58 29.26 66.64 106.33 14.67
1158 57.62 33.76 60.00 105.24 16.81
1159 57.65 39.21 59.65 103.13 18.57
1160 57.70 44.18 60.95 106.82 17.57
1161 57.73 74.43 75.49 74.82 13.49
1162 57.68 15.07 77.14 94.59 8.44
1163 57.81 35.62 55.45 98.36 15.41
1164 57.84 83.50 54.08 59.50 10.28
1165 57.81 79.50 65.36 64.29 12.53
1166 57.92 42.05 50.57 94.81 18.13
1167 57.91 19.37 64.64 93.06 9.52
1168 57.90 54.12 66.75 100.18 20.59
1169 57.94 57.85 65.79 102.21 17.40
1170 58.03 47.19 49.44 92.63 19.13
1171 57.95 50.56 53.96 101.89 20.34
1172 58.09 67.63 53.92 85.31 16.35
1173 58.11 76.71 55.77 70.14 12.73
1174 58.13 86.61 40.55 49.77 7.99
1175 58.07 89.24 29.74 42.88 7.55
1176 58.21 92.35 16.04 26.35 5.74
1177 58.33 23.99 59.43 91.95 12.41
1178 58.25 32.07 42.01 85.85 14.93
1179 58.28 55.81 57.19 96.46 21.11
1180 58.30 70.20 50.19 78.06 15.36
1181 58.34 27.03 49.24 86.93 12.65
1182 58.38 37.41 42.42 84.24 15.36
1183 58.38 65.17 47.18 88.50 16.62
1184 58.53 48.90 48.16 84.31 17.10
1185 58.51 59.75 54.98 90.48 18.20
1186 58.55 10.48 56.67 73.83 6.49
1187 58.62 16.37 43.70 75.70 7.69
1188 58.54 45.46 47.80 84.62 17.07
1189 58.52 72.94 57.39 73.75 12.62
1190 58.61 40.31 42.67 83.26 16.17
1191 58.59 52.16 44.53 89.12 18.10
1192 58.58 62.00 44.43 88.28 18.90
1193 58.66 13.38 44.95 72.26 6.46
1194 58.65 29.40 41.71 82.62 12.64
1195 58.72 81.72 44.05 52.74 10.61
1196 58.65 21.42 44.06 74.62 9.65
1197 58.94 8.10 36.86 54.34 4.96
1198 58.89 43.24 46.29 76.19 18.20
1199 58.93 34.31 38.99 72.25 14.74
1200 58.93 57.59 46.55 78.94 18.92
1201 58.99 79.05 41.54 55.85 11.10
1202 58.86 94.24 8.60 16.00 3.50
1203 59.04 53.83 42.41 77.59 17.44
1204 59.08 18.73 28.96 62.38 8.00
1205 59.19 25.28 36.33 71.27 10.83
1206 59.18 66.90 46.90 69.53 17.06
1207 59.20 90.50 17.67 28.09 6.52
1208 59.19 50.28 48.89 68.14 17.33
1209 59.20 84.67 30.62 41.13 8.34
1210 59.24 63.79 41.70 71.45 17.15
1211 59.24 31.56 39.41 68.47 14.50
1212 59.33 47.63 67.29 63.54 17.73
1213 59.36 69.19 42.00 63.76 14.53
1214 59.56 5.97 18.71 38.17 3.71
1215 59.42 38.75 48.52 69.30 14.60
1216 59.32 55.56 45.69 77.69 16.81
1217 59.42 71.55 41.33 67.47 13.10
1218 59.54 74.22 37.04 52.24 12.25
1219 59.39 76.69 37.57 55.00 12.56
1220 59.34 88.13 20.15 34.53 6.68
1221 59.43 36.55 44.52 69.55 14.63
1222 59.57 27.41 37.78 64.00 11.01
1223 59.54 41.19 51.68 70.08 14.69
1224 59.59 45.12 59.46 61.25 16.80
1225 59.62 59.25 41.73 70.98 18.05
1226 59.94 92.84 10.37 16.93 4.27
1227 59.73 21.65 31.16 60.32 8.61
1228 59.78 61.41 43.54 68.12 17.74
1229 59.65 86.91 23.37 34.55 6.53
1230 59.74 11.27 25.51 47.94 5.72
1231 59.84 14.11 24.55 50.23 6.15
1232 59.78 52.27 53.42 68.71 18.11
1233 59.98 16.79 26.61 51.26 6.74
1234 60.10 23.82 36.78 51.45 9.40
1235 59.97 29.88 44.94 59.28 11.50
1236 59.90 81.69 30.57 39.58 9.40
1237 59.96 56.93 60.47 61.97 18.81
1238 59.95 65.52 40.52 60.86 14.02
1239 60.08 34.59 60.87 55.45 13.22
1240 60.26 7.97 16.95 36.37 4.64
1241 60.23 32.34 65.00 54.91 13.54
1242 60.19 43.07 84.35 54.71 15.64
1243 60.25 46.57 117.77 56.11 14.94
1244 60.33 19.25 26.79 48.12 7.17
1245 60.25 50.30 114.56 55.41 16.03
1246 60.29 79.11 33.06 42.22 10.38
1247 60.22 54.32 53.09 60.26 16.39
1248 60.36 63.46 56.11 54.21 14.74
1249 60.59 67.57 68.56 50.57 13.81
1250 60.52 90.16 15.80 22.48 6.33
1251 60.60 48.44 119.30 51.91 16.33
1252 60.53 72.02 48.84 51.91 12.87
1253 60.44 84.68 25.13 34.88 7.41
1254 60.65 36.90 94.97 49.37 14.09
1255 60.62 39.07 121.00 48.94 13.44
1256 60.63 69.77 57.35 48.33 12.99
1257 60.58 76.64 37.79 41.48 11.31
1258 60.62 27.79 60.35 48.98 10.03
1259 60.77 41.13 105.74 52.06 14.90
1260 60.83 87.67 21.54 29.62 7.06
1261 60.89 9.92 20.59 31.49 5.33
1262 60.88 25.56 63.26 44.67 9.73
1263 60.75 58.18 84.48 53.46 17.15
1264 60.87 60.08 78.87 53.93 15.40
1265 60.89 73.97 43.92 47.79 12.09
1266 60.99 44.85 154.85 44.81 15.33
1267 60.92 52.48 107.12 48.00 16.37
1268 61.00 92.65 10.96 14.74 4.09
1269 60.95 12.70 26.24 35.18 5.28
1270 60.97 21.44 49.19 36.80 8.35
1271 61.09 55.93 107.00 50.03 15.72
1272 61.11 15.73 35.71 34.73 5.59
1273 61.15 62.03 87.36 53.59 15.42
1274 61.17 65.41 68.59 46.40 14.62
1275 61.13 81.73 42.75 31.64 8.94
1276 61.19 30.18 109.71 42.76 11.29
1277 61.15 35.01 128.33 45.25 11.98
1278 61.37 32.58 133.24 37.31 12.11
1279 61.47 42.80 151.23 42.14 13.91
1280 61.34 50.26 166.80 46.88 15.48
1281 61.61 23.48 109.54 34.98 7.74
1282 61.49 46.95 161.36 41.73 15.47
1283 61.57 53.99 131.62 47.83 16.42
1284 61.55 78.81 73.72 33.25 9.58
1285 61.54 18.43 51.26 33.40 5.84
1286 61.61 7.52 19.54 24.69 4.27
1287 61.73 75.62 78.45 37.91 11.21
1288 61.87 63.80 119.13 40.42 15.86
1289 61.65 84.63 44.76 25.42 7.67
1290 61.60 90.19 20.17 16.22 6.00
1291 61.43 91.41 18.46 12.69 4.85
1292 61.73 27.89 120.73 33.10 9.99
1293 61.76 38.36 143.27 39.54 13.58
1294 61.79 71.39 93.01 40.76 12.35
1295 61.82 58.74 138.29 49.79 17.45
1296 61.84 69.03 100.54 40.17 12.96
1297 62.04 40.38 154.33 37.02 13.65
1298 62.09 66.78 133.69 38.42 14.34
1299 61.62 81.87 53.00 21.40 7.60
1300 61.93 14.01 53.52 28.50 4.95
1301 62.40 88.23 47.01 18.62 6.97
1302 61.92 11.24 38.68 24.59 4.09
1303 62.14 36.44 144.77 35.66 13.60
1304 62.18 56.88 156.29 40.31 15.04
1305 62.17 60.69 158.19 44.59 15.85
1306 62.16 20.92 103.23 29.38 6.88
1307 62.20 48.82 156.28 40.00 15.28
1308 62.09 51.66 166.94 42.16 14.97
1309 62.27 9.48 39.64 20.83 4.85
1310 62.03 86.69 47.08 20.82 7.88
1311 62.31 25.80 126.15 30.93 9.18
1312 62.25 34.17 149.76 32.80 12.59
1313 62.26 44.81 166.75 40.33 16.41
1314 62.40 73.57 112.06 34.74 11.89
1315 62.12 89.83 29.33 15.93 5.87
1316 62.33 30.47 132.76 34.78 11.44
1317 62.46 15.87 62.53 24.96 5.55
1318 62.55 82.59 89.03 25.43 7.34
1319 62.42 12.76 57.24 20.02 4.72
1320 62.57 54.93 168.15 40.47 14.63
1321 62.70 77.51 108.54 29.23 10.39
1322 62.59 42.58 171.72 37.06 13.66
1323 62.85 80.01 97.05 24.33 8.39
1324 62.61 46.86 159.30 38.64 15.19
1325 62.79 18.60 94.88 24.31 6.03
1326 62.86 62.45 160.60 35.78 13.47
1327 62.95 28.36 133.51 30.18 10.93
1328 63.02 32.47 133.45 29.63 11.83
1329 62.96 52.79 161.84 36.77 14.34
1330 62.97 23.48 123.49 24.99 8.12
1331 62.92 38.20 131.68 33.01 12.97
1332 63.19 85.44 87.20 19.69 7.07
1333 63.13 89.91 43.33 13.58 5.65
1334 63.02 58.85 172.38 37.83 15.51
1335 63.05 64.93 145.11 35.04 14.05
1336 63.12 69.50 140.99 34.76 12.23
1337 63.17 71.57 131.40 33.07 12.10
1338 63.02 50.28 163.21 40.80 15.71
1339 63.25 11.05 66.78 19.36 4.20
1340 63.30 75.41 124.73 29.67 10.69
1341 63.31 67.36 163.97 32.75 13.54
1342 63.23 35.34 126.33 31.93 12.63
1343 63.31 91.17 38.30 11.79 5.15
1344 63.28 41.02 141.64 35.31 15.15
1345 63.44 21.20 99.34 23.28 6.95
1346 63.39 43.89 144.46 34.89 15.70
1347 63.45 56.78 163.32 34.86 14.85
1348 63.48 26.23 110.64 25.47 9.31
1349 63.48 30.49 117.64 26.37 10.09
1350 63.50 48.34 146.35 35.52 17.00
1351 63.68 16.47 86.74 19.60 5.03
1352 63.56 46.04 150.03 32.84 15.66
1353 63.64 60.75 156.51 34.05 14.67
1354 63.76 13.82 79.18 18.35 5.17
1355 63.70 54.49 141.03 32.24 15.26
1356 63.97 8.67 52.78 13.08 3.75
1357 63.99 73.25 138.80 27.08 10.97
1358 63.87 82.55 114.76 20.80 7.71
1359 63.86 39.28 111.82 27.85 13.82
1360 64.12 87.99 63.26 14.35 6.35
1361 63.99 51.03 138.13 31.75 14.42
1362 64.05 36.67 98.90 28.55 13.16
1363 64.01 63.08 141.22 31.30 13.55
1364 64.15 77.55 127.41 24.19 9.12
1365 64.12 19.14 80.31 20.30 5.85
1366 64.05 33.73 104.07 26.68 10.99
1367 64.18 23.90 82.96 21.36 7.45
1368 64.33 79.99 106.95 22.47 8.58
1369 64.16 65.62 143.63 31.31 12.96
1370 64.26 28.74 84.29 23.90 8.91
1371 64.32 42.12 88.09 29.35 12.99
1372 64.28 58.91 137.55 28.35 13.87
1373 64.37 52.71 102.00 32.90 15.13
1374 64.41 44.37 110.97 30.95 14.36
1375 64.52 68.05 144.97 28.41 12.32
1376 64.57 70.57 128.17 27.94 12.14
1377 64.53 11.56 68.19 15.15 4.95
1378 64.53 31.57 75.85 24.85 11.61
1379 64.56 48.94 99.51 28.68 14.48
1380 64.56 56.39 100.80 31.36 16.38
1381 64.58 90.18 40.41 11.38 5.58
1382 64.68 85.30 86.58 15.83 6.26
1383 64.72 21.74 61.93 20.39 6.96
1384 64.63 26.09 67.21 21.16 9.21
1385 64.56 46.79 89.30 29.40 13.87
1386 64.82 75.20 136.86 23.17 9.53
1387 64.84 61.48 102.97 30.84 14.54
1388 64.79 38.08 66.00 26.89 12.61
1389 64.87 54.45 103.67 29.72 13.69
1390 64.86 16.87 64.83 15.58 4.98
1391 64.97 40.28 64.90 27.96 12.60
1392 64.99 34.45 68.21 26.23 12.20
1393 64.98 14.46 60.77 14.89 4.80
1394 65.24 9.03 45.88 12.39 4.15
1395 65.06 64.08 111.03 28.64 12.79
1396 65.23 51.01 79.16 27.46 15.51
1397 65.26 57.82 88.25 28.78 14.10
1398 65.32 82.71 92.57 17.46 7.22
1399 65.25 19.53 48.11 16.95 6.39
1400 65.33 72.92 124.31 24.73 10.73
1401 65.37 45.02 63.37 28.32 15.51
1402 65.32 28.38 51.84 21.65 8.82
1403 65.55 23.40 45.17 19.29 7.06
1404 65.53 36.45 52.10 24.94 12.99
1405 65.44 42.72 56.59 26.76 12.71
1406 65.67 66.30 105.26 25.28 12.46
1407 65.44 30.74 49.49 23.95 9.54
1408 65.65 87.46 55.62 12.33 6.53
1409 65.56 47.12 56.68 27.64 14.43
1410 65.60 59.85 64.29 28.06 13.18
1411 65.64 77.68 108.03 21.06 8.97
1412 65.75 11.87 52.31 12.57 3.92
1413 65.69 53.13 74.13 28.72 15.15
1414 65.75 68.63 109.69 23.77 11.62
1415 65.75 80.29 98.38 17.13 8.69
1416 65.69 25.66 46.27 20.00 7.67
1417 65.66 49.19 58.68 29.04 15.32
1418 65.87 32.65 51.10 23.51 10.98
1419 65.91 38.63 46.25 26.36 12.41
1420 65.93 55.24 64.76 28.16 15.84
1421 65.92 70.99 102.48 24.35 11.30
1422 66.06 61.83 58.97 26.26 13.71
1423 66.08 15.59 39.96 13.83 5.02
1424 66.18 84.95 77.23 13.36 5.92
1425 66.11 21.29 35.38 18.65 6.54
1426 66.06 40.82 47.33 25.43 13.95
1427 66.16 64.10 74.63 24.63 12.27
1428 66.22 75.07 92.51 20.42 9.17
1429 66.22 18.53 37.05 14.77 6.15
1430 66.25 34.79 51.77 24.83 11.52
1431 66.29 57.21 64.43 26.70 14.30
1432 66.28 27.58 42.29 20.18 9.43
1433 66.45 30.41 44.74 21.93 8.39
1434 66.34 45.28 45.84 25.77 13.89
1435 66.40 51.96 54.92 26.54 15.50
1436 66.59 13.20 32.66 11.86 4.18
1437 66.52 42.94 55.77 27.20 13.88
1438 66.42 47.90 49.77 28.09 14.27
1439 66.48 50.02 51.89 29.42 14.58
1440 66.75 9.38 29.36 10.10 3.74
1441 66.60 24.22 38.81 18.46 7.83
1442 66.68 59.25 50.41 25.95 13.64
1443 66.79 37.44 54.01 23.33 11.87
1444 66.87 72.88 68.49 19.44 9.92
1445 66.81 82.13 62.23 15.37 6.87
1446 67.01 32.83 62.75 23.82 10.17
1447 67.04 67.25 52.29 21.28 12.41
1448 66.94 69.77 58.68 22.41 11.73
1449 66.94 79.65 67.40 16.31 7.63
1450 66.82 83.46 63.87 16.78 8.04
1451 67.01 55.51 52.33 25.37 14.88
1452 67.21 77.13 60.38 17.71 8.56
1453 67.24 88.02 39.08 10.37 5.31
1454 67.15 21.86 44.03 17.15 6.46
1455 67.04 40.14 61.55 25.22 13.06
1456 67.18 53.55 61.17 26.02 14.68
1457 67.05 65.25 49.05 24.13 13.02
1458 67.14 16.39 31.19 13.47 4.88
1459 67.17 60.97 46.23 24.98 13.20
1460 67.19 28.64 62.36 20.17 8.74
1461 67.21 63.17 46.61 24.63 13.22
1462 67.20 19.28 36.65 14.53 6.19
1463 67.33 26.29 61.30 20.39 7.65
1464 67.28 35.26 74.51 23.43 12.11
1465 67.28 47.00 79.42 25.59 13.77
1466 67.28 44.74 76.08 27.77 12.82
1467 67.33 49.25 72.71 27.24 15.36
1468 67.36 51.22 75.08 25.36 14.29
1469 67.38 57.73 48.00 25.63 13.53
1470 67.63 30.81 95.40 22.29 9.92
1471 67.56 85.03 43.02 12.26 6.68
1472 67.29 14.72 28.90 13.40 4.00
1473 67.59 42.17 102.86 25.71 14.25
1474 67.71 10.71 24.78 10.02 3.98
1475 67.72 23.91 71.81 17.61 7.43
1476 67.70 13.67 31.97 11.08 4.24
1477 67.80 74.88 44.15 18.39 9.37
1478 67.80 38.09 108.58 24.35 12.28
1479 67.85 71.40 45.71 19.44 9.75
1480 68.04 82.13 36.34 13.76 6.82
1481 68.07 68.78 38.48 20.64 10.75
1482 68.12 55.10 89.57 25.15 14.37
1483 68.08 59.70 50.38 24.46 13.81
1484 68.04 17.87 48.95 14.31 4.95
1485 68.25 33.65 125.68 22.33 12.23
1486 68.14 64.55 42.62 22.59 11.57
1487 68.19 62.07 50.64 23.43 12.82
1488 68.16 80.09 40.45 15.58 6.80
1489 68.27 20.39 80.85 15.99 6.57
1490 68.32 40.12 128.94 24.26 12.85
1491 68.25 57.40 57.98 24.95 12.93
1492 68.33 16.32 51.40 12.59 4.35
1493 68.34 27.97 103.25 20.21 9.59
1494 68.29 43.92 145.96 25.74 12.70
1495 68.42 46.07 150.06 24.84 14.61
1496 68.36 48.58 122.37 24.07 12.70
1497 68.36 66.53 38.07 23.91 11.42
1498 68.50 35.87 135.79 23.62 10.56
1499 68.36 52.79 94.77 25.59 13.69
1500 68.56 50.69 129.81 24.26 13.27
1501 68.72 77.41 36.19 16.04 8.78
1502 68.73 73.13 36.64 17.36 9.64
1503 68.75 11.72 51.15 10.19 4.23
1504 68.74 25.35 104.02 17.87 7.46
1505 68.73 31.14 134.51 21.05 10.03
1506 68.81 14.60 58.19 11.17 4.51
1507 68.83 22.65 114.94 16.82 7.03
1508 68.80 84.23 28.40 11.51 6.20
1509 68.84 41.90 145.64 25.16 14.04
1510 68.72 79.41 35.43 13.48 7.81
1511 69.09 38.44 145.04 22.47 12.15
1512 69.03 70.79 39.61 20.47 9.69
1513 69.11 18.44 90.88 13.56 5.58
1514 69.18 59.05 105.58 23.32 13.72
1515 69.07 63.54 50.27 22.42 13.31
1516 69.27 80.99 28.55 13.22 6.59
1517 69.28 56.78 121.88 23.68 13.51
1518 69.30 61.40 98.19 24.35 12.92
1519 69.22 68.31 49.56 21.00 10.86
1520 69.18 75.29 34.24 17.66 9.48
1521 69.28 54.55 143.56 25.30 14.01
1522 69.34 47.49 157.83 26.58 14.22
1523 69.63 65.15 67.38 21.31 11.06
1524 69.46 29.19 136.07 20.74 9.15
1525 69.48 32.67 149.91 22.72 10.46
1526 69.47 43.68 160.57 24.70 13.31
1527 69.51 52.33 156.21 26.47 13.46
1528 69.64 26.76 128.84 18.72 7.94
1529 69.63 36.65 154.59 22.72 12.19
1530 69.64 49.79 178.19 26.49 13.93
1531 69.83 40.62 153.84 24.35 13.17
1532 69.77 45.47 171.41 24.69 14.70
1533 69.86 78.75 34.23 14.31 7.56
1534 69.86 16.09 92.43 12.11 4.54
1535 69.77 21.02 112.36 15.21 6.81
1536 69.99 85.71 18.09 9.56 6.75
1537 69.92 23.90 115.18 15.83 7.91
1538 69.99 34.68 142.43 22.76 11.99
1539 69.87 12.26 72.51 9.66 4.20
1540 69.85 73.10 38.31 17.95 10.22
1541 70.10 67.15 81.12 21.45 12.11
1542 70.15 83.65 21.52 10.78 5.84
1543 70.35 30.60 124.56 19.26 9.79
1544 70.29 70.27 77.86 18.42 10.51
1545 70.39 42.58 147.72 22.63 14.29
1546 70.42 18.65 106.36 13.50 5.65
1547 70.34 60.21 134.91 22.36 12.92
1548 70.44 63.12 122.90 22.17 12.58
1549 70.31 75.72 37.00 16.40 7.92
1550 70.60 10.58 60.16 7.96 3.67
1551 70.48 57.70 156.50 24.46 13.08
1552 70.51 38.97 137.24 22.43 13.81
1553 70.38 55.53 155.46 25.82 14.46
1554 70.20 80.51 31.00 14.62 6.54
1555 70.45 48.24 165.14 24.32 13.93
1556 70.58 53.38 166.72 26.49 13.44
1557 70.64 51.29 165.57 24.85 14.46
1558 70.63 28.16 111.72 18.31 10.29
1559 70.75 80.91 26.93 12.00 6.85
1560 70.96 13.69 82.12 9.67 4.33
1561 70.78 32.95 136.66 21.29 11.11
1562 70.88 45.98 154.00 24.64 14.77
1563 70.92 25.87 105.57 16.46 9.04
1564 70.86 37.06 124.27 21.14 12.39
1565 71.05 21.36 98.08 13.76 7.10
1566 70.98 65.59 131.86 20.99 11.82
1567 70.93 72.69 69.95 15.99 9.28
1568 71.09 77.98 47.20 13.87 7.85
1569 71.21 43.88 117.37 23.85 14.33
1570 71.23 16.43 92.19 11.03 5.09
1571 71.31 23.86 88.63 15.88 7.82
1572 71.26 68.38 133.40 20.26 11.08
1573 71.27 41.08 115.31 22.52 15.08
1574 70.89 82.65 20.00 9.50 5.00
1575 71.33 35.04 101.16 20.70 11.85
1576 71.39 49.75 149.18 24.74 14.24
1577 71.35 61.91 133.91 22.07 11.60
1578 71.29 85.89 14.93 8.68 5.62
1579 71.57 75.28 78.88 15.75 8.61
1580 71.37 83.22 24.26 10.91 6.04
1581 71.38 59.35 151.01 21.69 13.46
1582 71.51 54.80 140.82 23.51 13.74
1583 71.59 31.14 88.99 19.12 10.42
1584 71.59 47.71 140.08 23.51 14.55
1585 71.72 70.74 110.56 18.86 10.45
1586 71.73 56.74 148.91 22.38 13.67
1587 71.81 28.87 76.15 17.63 10.94
1588 71.98 12.38 58.22 8.35 4.28
1589 71.78 19.07 67.59 11.71 6.64
1590 71.77 52.59 130.10 22.68 15.81
1591 71.85 64.18 145.54 21.90 11.62
1592 72.07 38.99 90.85 22.76 14.79
1593 71.95 80.96 53.84 11.67 5.82
1594 72.14 26.52 65.44 16.08 10.35
1595 72.05 33.07 74.10 19.61 12.94
1596 72.12 36.65 78.01 20.00 13.61
1597 72.15 45.76 97.24 22.58 15.70
1598 72.20 66.60 150.39 20.46 11.64
1599 72.34 15.60 49.19 9.69 5.33
1600 72.26 22.30 60.06 13.47 9.29
1601 72.36 73.02 114.01 16.09 9.40
1602 72.30 84.68 20.18 9.58 5.85
1603 72.47 50.36 89.03 23.92 13.86
1604 72.36 43.15 82.07 22.41 13.96
1605 72.43 60.54 135.80 22.48 13.09
1606 72.54 41.04 70.28 22.07 15.15
1607 72.48 58.24 141.48 23.43 13.44
1608 72.47 78.13 80.70 13.54 6.75
1609 72.70 69.06 147.48 17.50 10.99
1610 72.67 62.77 149.09 20.72 12.78
1611 72.66 48.12 85.50 22.13 15.03
1612 72.81 54.35 94.71 23.16 15.08
1613 72.92 24.63 41.00 15.68 11.09
1614 72.84 34.68 54.95 20.76 15.91
1615 72.93 17.78 42.87 11.23 7.73
1616 72.87 30.07 42.90 17.96 14.76
1617 72.97 52.09 88.03 24.66 14.24
1618 73.01 20.16 48.83 12.54 8.52
1619 73.04 82.24 49.43 10.04 6.19
1620 73.13 75.95 101.16 13.88 8.31
1621 73.13 56.28 101.08 21.80 14.97
1622 73.14 44.89 58.67 20.97 15.84
1623 73.23 65.10 144.69 19.71 12.43
1624 73.31 13.27 31.33 8.85 5.95
1625 73.19 32.27 39.11 19.53 16.24
1626 73.16 37.68 47.23 20.64 17.07
1627 73.30 27.72 38.24 16.88 14.75
1628 73.48 71.21 131.56 17.40 10.60
1629 73.36 14.63 34.41 9.86 6.27
1630 73.46 79.99 81.41 12.59 6.75
1631 73.55 46.83 60.35 23.05 15.47
1632 73.60 22.23 30.99 13.97 10.57
1633 73.54 58.90 89.31 20.04 14.28
1634 73.62 43.12 45.30 21.13 18.26
1635 73.66 61.26 119.01 20.49 13.28
1636 73.72 73.72 134.37 16.13 8.65
1637 73.71 41.08 44.72 20.75 17.30
1638 73.72 67.24 121.72 19.28 11.34
1639 73.87 84.12 45.27 8.32 6.36
1640 73.87 48.92 49.42 21.67 17.77
1641 73.89 35.85 35.56 20.01 17.69
1642 73.93 50.87 53.79 21.44 15.13
1643 74.03 39.32 35.31 21.26 23.14
1644 74.04 53.13 57.93 21.64 17.28
1645 74.01 16.60 26.14 9.97 9.71
1646 74.02 25.76 27.49 15.55 16.35
1647 74.12 63.37 101.66 20.63 12.31
1648 74.23 77.95 106.56 12.53 6.97
1649 74.06 33.89 32.55 19.90 19.47
1650 74.08 30.61 30.15 17.33 17.18
1651 74.18 19.07 24.18 11.39 10.42
1652 74.36 54.84 52.35 20.84 15.99
1653 74.18 57.07 55.15 21.20 15.54
1654 74.35 69.53 113.37 17.48 10.42
1655 74.52 23.43 24.59 14.29 19.49
1656 74.40 45.11 37.43 22.57 23.70
1657 74.44 28.38 30.00 18.28 25.03
1658 74.40 32.71 32.97 16.34 16.31
1659 74.63 81.61 74.95 10.53 6.01
1660 74.63 14.32 19.57 8.60 7.43
1661 74.75 65.29 94.42 18.78 12.78
1662 74.65 47.07 37.00 22.36 22.07
1663 74.76 58.95 58.22 19.95 13.61
1664 74.74 75.66 108.95 13.70 7.33
1665 74.65 43.13 37.75 22.79 27.00
1666 74.81 21.11 23.86 12.85 13.53
1667 74.88 40.86 34.65 21.49 29.70
1668 74.93 72.54 110.90 15.91 8.85
1669 74.95 61.68 66.25 19.41 13.24
1670 75.05 49.92 37.25 20.80 19.92
1671 75.09 67.48 86.45 17.64 11.21
1672 74.94 84.09 50.26 7.87 5.65
1673 75.14 35.78 42.11 20.62 30.26
1674 75.19 52.13 36.71 21.40 19.25
1675 75.16 30.64 45.41 17.21 30.44
1676 75.10 25.80 32.52 15.13 24.00
1677 75.28 56.15 39.47 20.29 16.69
1678 75.29 16.64 21.22 10.22 11.04
1679 75.30 33.35 43.63 18.43 28.67
1680 75.46 79.42 95.08 11.02 6.61
1681 75.47 48.14 39.38 21.70 32.64
1682 75.38 19.54 23.00 10.65 12.41
1683 75.48 38.85 49.74 22.82 39.66
1684 75.52 28.31 43.09 17.55 35.71
1685 75.52 45.82 39.78 21.42 31.46
1686 75.71 54.10 33.24 19.52 19.54
1687 75.68 70.49 88.40 15.75 10.70
1688 75.59 42.73 55.43 21.58 29.28
1689 75.76 63.76 57.11 19.27 13.00
1690 75.72 13.89 14.36 8.46 6.86
1691 75.81 23.59 42.48 15.19 23.22
1692 75.85 59.95 42.05 19.49 14.73
1693 75.71 83.23 57.42 8.12 5.67
1694 76.09 57.90 36.76 19.85 17.37
1695 75.94 74.80 78.12 14.11 8.23
1696 76.06 77.28 78.22 12.74 6.48
1697 76.01 21.08 33.83 12.14 21.53
1698 76.10 81.54 66.71 9.81 7.23
1699 76.20 65.71 48.27 17.06 11.60
1700 76.28 68.25 67.04 16.97 11.44
1701 76.30 26.13 59.40 15.79 29.20
1702 76.22 31.15 70.60 17.96 38.76
1703 76.19 36.47 75.04 21.32 41.77
1704 76.27 40.16 79.14 20.09 41.61
1705 76.31 50.01 49.10 21.53 33.93
1706 76.38 61.92 38.18 19.87 15.18
1707 76.38 44.60 78.01 21.93 38.39
1708 76.40 33.77 77.33 20.09 43.93
1709 76.65 72.46 65.87 14.39 9.48
1710 76.49 55.95 31.88 22.12 24.78
1711 76.54 47.64 68.23 21.20 43.16
1712 76.73 15.08 26.17 9.11 12.70
1713 76.70 17.74 35.80 10.21 17.87
1714 76.83 28.48 80.54 16.86 46.02
1715 76.72 42.08 92.82 21.53 49.75
1716 76.99 38.04 103.47 22.45 52.61
1717 77.02 80.02 55.97 10.04 6.26
1718 76.96 54.37 36.71 20.48 30.31
1719 77.24 63.34 36.21 18.39 16.10
1720 77.08 22.46 68.15 12.93 32.38
1721 77.21 19.90 54.80 11.89 28.31
1722 77.04 60.03 29.93 19.00 19.51
1723 77.41 76.32 53.72 12.17 6.69
1724 77.31 70.31 43.85 14.32 11.15
1725 77.30 35.42 116.44 21.29 55.77
1726 77.26 46.20 105.38 24.25 57.31
1727 77.41 24.71 81.60 15.13 34.72
1728 77.38 52.09 69.46 21.21 40.22
1729 77.23 67.16 39.53 16.22 12.16
1730 77.46 30.75 110.60 17.63 51.82
1731 77.30 57.67 33.52 19.50 29.03
1732 77.52 65.61 32.37 17.00 14.82
1733 77.56 44.18 125.12 22.09 50.12
1734 77.47 49.70 96.27 21.48 45.91
1735 77.64 33.18 132.36 19.75 63.17
1736 77.58 40.12 129.14 21.90 56.40
1737 77.70 68.35 43.40 15.71 11.54
1738 77.67 73.87 40.04 12.98 8.11
1739 77.87 42.11 142.28 23.27 64.12
1740 77.90 55.88 55.12 19.93 40.42
1741 78.05 15.83 47.38 8.76 19.18
1742 78.04 26.66 104.38 16.56 53.71
1743 77.90 81.17 32.67 7.73 5.71
1744 78.10 18.19 61.65 9.86 22.39
1745 78.13 53.80 76.58 20.73 44.39
1746 78.08 47.71 127.76 23.03 64.41
1747 78.06 78.61 34.93 9.73 6.20
1748 78.10 59.27 46.05 19.71 30.51
1749 78.29 28.86 115.52 16.70 56.81
1750 78.32 36.62 150.67 20.71 78.85
1751 78.32 20.45 87.53 11.97 31.49
1752 78.49 38.76 150.07 20.80 76.70
1753 78.43 64.31 26.73 17.32 19.67
1754 78.63 45.53 145.61 22.27 76.54
1755 78.57 51.12 121.52 21.72 57.63
1756 78.72 34.45 139.51 18.98 73.66
1757 78.65 24.28 110.28 14.74 52.43
1758 78.64 69.47 27.57 16.26 12.24
1759 78.85 31.81 142.55 19.16 71.17
1760 78.77 43.27 144.56 20.85 77.38
1761 78.77 57.46 76.38 19.32 40.53
1762 78.75 74.27 23.84 13.20 7.72
1763 78.99 61.23 58.15 18.14 28.67
1764 78.97 76.32 26.51 11.83 6.51
1765 79.02 40.83 155.21 21.74 75.99
1766 79.02 49.13 148.76 21.92 67.49
1767 79.14 25.14 114.05 14.86 60.23
1768 79.32 55.43 97.79 21.08 58.80
1769 79.29 63.25 33.97 17.71 31.20
1770 79.34 16.24 67.06 9.19 23.84
1771 79.22 53.21 131.16 22.29 67.81
1772 79.33 47.15 149.95 21.36 83.78
1773 79.47 29.66 135.04 17.93 73.03
1774 79.55 27.17 121.51 16.30 73.54
1775 79.54 37.42 161.75 20.80 89.00
1776 79.63 59.26 90.13 19.08 42.40
1777 79.26 66.93 30.13 14.33 13.00
1778 79.70 18.53 83.01 10.79 38.36
1779 79.53 71.77 23.63 13.08 9.82
1780 79.43 73.88 20.79 11.76 7.79
1781 79.78 20.49 96.90 11.57 54.50
1782 79.80 65.58 33.22 15.79 22.08
1783 79.89 43.58 153.24 21.16 91.55
1784 79.89 51.26 153.16 21.04 74.17
1785 79.94 33.27 148.42 18.89 85.38
1786 80.17 35.42 143.40 21.01 96.55
1787 80.07 39.30 155.92 21.10 102.35
1788 80.03 68.54 25.77 15.80 14.94
1789 80.08 45.45 159.98 22.05 98.92
1790 80.13 57.43 112.96 20.76 55.51
1791 80.17 23.99 119.46 13.66 66.01
1792 80.22 41.50 157.04 23.22 103.90
1793 79.86 74.75 18.90 10.70 6.30
1794 80.26 76.10 20.80 11.63 7.35
1795 80.21 49.19 156.52 21.68 83.98
1796 80.05 77.56 24.63 9.63 6.53
1797 80.37 31.15 127.52 18.00 78.11
1798 80.32 53.39 151.84 20.42 69.79
1799 80.55 60.80 98.65 19.91 48.05
1800 80.12 69.96 25.20 13.40 13.40
1801 80.52 63.38 63.64 18.28 33.66
1802 80.53 28.71 115.10 15.30 82.36
1803 80.49 66.87 41.42 15.21 19.07
1804 80.70 47.26 151.10 21.07 90.24
1805 80.81 21.73 105.64 12.61 58.65
1806 80.72 55.54 134.86 19.46 69.76
1807 80.89 73.51 20.38 11.28 9.95
1808 80.69 71.06 23.58 12.95 13.94
1809 80.91 26.04 115.29 14.48 73.22
1810 80.90 37.24 144.21 20.12 112.24
1811 80.97 17.79 70.46 9.38 32.33
1812 81.12 42.76 142.09 20.29 105.03
1813 81.13 50.38 143.65 20.18 86.35
1814 81.09 33.61 120.87 19.11 103.04
1815 81.29 58.20 134.49 18.89 55.47
1816 81.28 39.87 149.29 21.13 111.92
1817 81.31 45.08 154.14 20.26 112.32
1818 81.15 67.77 43.63 15.81 19.67
1819 81.52 20.07 81.91 10.13 45.66
1820 81.55 65.38 75.86 16.23 31.29
1821 81.39 53.03 138.43 19.74 88.46
1822 81.50 30.92 100.69 17.54 107.29
1823 81.62 69.36 34.38 13.81 18.92
1824 81.70 23.45 94.09 12.81 71.77
1825 81.72 28.17 100.82 16.04 97.07
1826 81.75 62.69 109.74 17.61 40.68
1827 81.92 35.52 95.86 19.38 128.82
1828 81.85 47.12 151.43 21.03 113.30
1829 81.84 60.31 139.87 19.80 49.33
1830 81.90 55.46 139.96 21.16 82.51
1831 82.05 49.00 140.23 21.95 112.60
1832 81.98 37.80 114.71 21.31 114.47
1833 82.13 41.32 120.09 20.04 129.68
1834 82.25 25.69 93.93 14.51 83.81
1835 82.10 32.90 92.79 17.42 116.37
1836 82.25 51.14 132.53 20.66 100.73
1837 82.28 43.56 132.68 20.70 123.61
1838 82.41 74.74 19.41 10.37 9.26
1839 82.42 67.55 66.43 14.99 27.24
1840 82.41 18.62 62.58 9.85 42.99
1841 82.46 57.23 141.03 17.86 68.08
1842 82.63 21.52 63.66 10.99 55.76
1843 82.62 29.55 90.43 16.21 99.35
1844 82.51 53.18 144.86 19.87 91.21
1845 82.64 45.72 123.05 20.55 126.48
1846 82.73 39.47 105.34 18.56 119.11
1847 82.94 59.39 144.06 18.77 61.67
1848 82.91 64.73 114.22 15.53 40.27
1849 83.02 61.82 134.60 16.72 43.95
1850 83.09 72.31 36.72 11.45 15.41
1851 83.07 23.69 75.79 12.72 81.85
1852 83.05 34.11 74.44 18.73 127.68
1853 83.00 47.97 102.89 21.02 113.54
1854 83.17 27.32 87.21 15.40 84.29
1855 83.09 31.61 71.61 17.60 107.09
1856 83.11 36.74 77.78 19.30 116.72
1857 83.14 54.61 129.30 19.72 77.36
1858 83.21 42.30 94.55 19.67 116.32
1859 83.41 70.27 66.59 12.15 20.23
1860 83.32 50.30 105.64 19.55 116.64
1861 83.56 44.54 78.09 19.35 125.15
1862 83.66 56.16 121.34 17.88 81.22
1863 83.56 19.55 41.51 9.83 42.47
1864 83.57 52.45 91.36 18.37 98.44
1865 83.79 67.80 93.45 14.23 29.40
1866 83.77 38.86 61.45 18.32 130.70
1867 83.85 46.65 70.94 19.34 128.39
1868 83.86 25.36 63.22 14.05 79.04
1869 83.94 58.25 132.68 18.40 79.44
1870 84.02 21.77 45.13 10.36 69.28
1871 84.06 29.68 56.75 15.82 93.63
1872 84.03 35.12 52.49 18.09 119.47
1873 84.09 41.23 60.44 19.77 120.10
1874 84.18 65.29 122.49 15.94 41.87
1875 84.15 32.48 54.41 17.68 100.90
1876 84.21 62.90 135.60 16.54 53.01
1877 84.37 60.56 120.84 16.53 60.29
1878 84.34 48.62 73.88 18.91 131.82
1879 84.29 53.79 87.28 18.32 84.84
1880 84.45 72.08 48.95 10.29 17.12
1881 84.55 27.46 44.55 14.79 94.72
1882 84.57 37.15 47.19 17.99 125.88
1883 84.46 43.37 51.32 19.57 124.82
1884 84.52 50.64 63.27 19.18 112.72
1885 84.55 74.24 34.19 7.75 9.94
1886 84.84 23.22 34.76 12.21 77.84
1887 84.89 39.80 41.03 17.60 114.36
1888 84.91 45.65 53.40 21.11 122.01
1889 84.86 56.92 84.40 17.55 92.23
1890 85.00 69.82 75.76 12.22 24.61
1891 85.10 33.81 37.98 17.26 104.02
1892 85.20 55.01 61.49 17.20 97.47
1893 85.17 66.67 111.95 13.79 35.10
1894 85.13 25.37 36.62 12.10 82.81
1895 85.15 31.06 41.15 16.05 99.36
1896 85.26 58.86 98.11 16.67 71.35
1897 85.31 51.89 54.37 18.68 109.18
1898 85.32 47.49 49.78 20.49 109.82
1899 85.39 42.44 36.94 18.32 106.43
1900 85.55 63.73 114.88 16.12 48.62
1901 85.55 28.53 30.51 13.73 91.88
1902 85.61 35.85 37.23 17.48 111.59
1903 85.87 61.36 97.21 16.84 55.70
1904 85.39 72.18 63.75 10.30 17.75
1905 85.80 49.41 44.94 17.49 112.62
1906 85.74 38.35 31.47 17.69 114.40
1907 85.82 72.88 64.87 9.82 17.33
1908 85.88 44.80 35.14 18.07 110.26
1909 85.96 53.26 41.88 17.57 96.49
1910 86.34 70.34 92.50 10.88 23.32
1911 86.13 67.86 112.80 12.72 36.15
1912 86.20 23.01 22.16 10.94 58.37
1913 86.14 40.68 28.03 18.26 109.67
1914 86.18 57.40 58.87 17.04 89.72
1915 86.16 25.79 23.97 13.18 72.66
1916 86.20 33.03 27.58 16.42 85.80
1917 86.35 30.38 26.93 14.07 85.01
1918 86.30 74.12 50.57 7.62 12.70
1919 86.48 47.12 28.15 17.59 103.58
1920 86.49 55.02 42.29 16.83 90.06
1921 86.63 65.36 94.47 13.81 37.14
1922 86.60 42.88 25.46 17.77 103.29
1923 86.57 51.35 36.99 18.31 109.40
1924 86.45 59.54 66.88 15.71 59.79
1925 86.62 36.79 23.30 16.03 103.26
1926 86.75 27.73 21.29 12.86 74.31
1927 87.09 34.61 21.12 15.23 88.57
1928 87.10 63.12 73.36 14.54 53.43
1929 86.98 39.14 22.07 16.77 98.48
1930 87.09 49.57 30.24 17.43 101.50
1931 87.01 44.84 25.64 18.59 95.91
1932 87.24 53.05 33.09 16.62 96.00
1933 87.30 56.79 41.31 17.56 82.85
1934 87.27 24.48 15.19 11.05 52.84
1935 87.48 61.17 64.00 15.96 68.53
1936 87.52 67.74 94.56 11.82 30.26
1937 87.45 32.05 18.75 15.25 75.54
1938 87.45 41.27 21.56 18.11 91.15
1939 87.49 58.91 39.32 15.60 63.67
1940 87.62 29.40 17.32 14.58 69.68
1941 87.72 48.01 25.05 17.72 89.03
1942 87.82 37.37 17.14 16.06 89.20
1943 87.80 46.09 20.44 17.65 87.51
1944 87.89 54.90 32.30 16.61 87.69
1945 87.97 43.46 17.12 17.12 72.53
1946 87.90 64.98 64.46 12.57 40.06
1947 87.92 26.72 13.50 11.61 52.63
1948 87.99 51.24 25.02 17.22 80.00
1949 88.13 70.20 74.94 10.39 22.73
1950 88.20 39.48 18.17 16.29 78.54
1951 88.25 35.33 15.77 14.97 72.77
1952 88.63 33.20 13.36 14.85 57.90
1953 88.47 57.39 30.39 14.22 72.65
1954 88.60 61.95 39.35 13.04 49.47
1955 88.60 49.38 20.38 18.04 79.04
1956 88.66 59.78 37.79 16.26 68.70
1957 88.69 30.78 14.03 13.03 54.36
1958 88.66 41.43 15.62 16.08 63.69
1959 88.72 53.21 22.99 16.81 79.75
1960 88.82 67.87 43.98 8.91 24.67
1961 88.89 28.29 13.54 12.53 45.58
1962 88.82 45.19 16.06 16.73 67.92
1963 89.02 63.66 48.43 12.79 49.61
1964 89.24 25.80 11.02 10.63 33.13
1965 89.20 47.32 15.13 16.64 61.22
1966 89.18 65.85 55.57 11.98 38.04
1967 89.12 37.97 13.60 14.53 54.67
1968 89.21 55.69 23.76 15.92 69.88
1969 89.48 43.22 15.27 15.71 59.42
1970 89.42 51.50 17.17 15.46 69.33
1971 89.34 35.39 12.89 14.69 42.25
1972 89.72 40.87 13.20 15.25 43.21
1973 89.69 58.23 23.80 14.08 58.72
1974 89.80 60.90 30.37 13.09 51.46
1975 89.89 49.28 17.07 16.00 56.59
1976 89.94 29.89 11.83 12.20 33.95
1977 89.95 32.27 11.67 13.04 36.27
1978 90.01 54.23 17.91 15.39 59.36
1979 90.11 45.32 13.01 15.13 48.91
1980 90.17 27.44 10.93 10.73 26.34
1981 90.36 38.98 13.35 14.21 39.81
1982 90.37 36.67 11.85 14.22 33.39
1983 90.48 34.40 12.88 12.66 33.42
1984 90.50 66.03 28.78 10.15 30.41
1985 90.65 47.52 13.70 14.99 43.51
1986 90.60 56.59 16.86 13.84 54.60
1987 90.66 50.92 14.10 15.34 49.85
1988 90.84 52.93 14.10 15.44 48.12
1989 90.90 43.32 14.05 14.14 37.60
1990 90.94 59.01 18.64 13.07 48.85
1991 91.00 41.30 13.24 14.18 35.65
1992 91.12 61.36 19.49 12.75 44.60
1993 91.29 30.25 10.46 12.11 24.19
1994 91.35 28.06 11.24 10.29 21.61
1995 91.31 32.44 10.80 12.06 25.41
1996 91.39 45.43 13.15 14.78 34.94
1997 91.50 49.53 13.37 15.06 40.51
1998 91.55 54.69 14.26 14.86 40.46
1999 91.56 36.95 12.32 13.68 24.59
2000 91.75 39.39 12.77 13.15 29.89
2001 91.86 34.59 11.47 13.38 27.56
2002 91.88 57.31 13.69 13.11 39.17
2003 92.02 51.78 12.64 13.80 33.31
2004 91.92 62.76 14.95 11.23 28.23
2005 92.06 47.44 11.53 13.89 29.66
2006 92.17 42.12 12.46 14.79 26.53
2007 92.29 59.66 12.54 11.98 28.90
2008 92.48 44.59 13.29 14.08 24.06
2009 92.77 29.99 10.59 11.05 14.81
2010 92.62 32.56 10.92 12.38 21.15
2011 92.70 55.89 12.50 13.17 30.35
2012 92.81 53.73 12.73 13.35 27.29
2013 92.89 38.34 11.75 13.98 21.78
2014 92.87 35.91 11.21 13.47 20.80
2015 92.93 49.77 11.75 12.88 27.62
2016 93.21 40.73 12.30 13.32 21.73
2017 93.20 47.30 12.26 12.95 23.17
2018 93.34 57.65 12.27 11.22 24.27
2019 93.43 51.94 11.51 12.75 24.64
2020 93.55 43.33 12.33 13.33 19.18
2021 93.52 59.92 11.49 11.37 20.36
2022 93.53 33.83 9.93 13.42 19.23
2023 93.78 31.52 10.15 11.00 16.91
2024 94.00 45.86 11.02 13.78 20.57
2025 94.00 55.11 11.51 11.26 20.37
2026 94.13 36.42 10.85 12.33 18.12
2027 94.40 38.97 10.85 13.59 18.28
2028 94.28 33.82 10.02 10.09 17.14
2029 94.51 48.58 11.62 12.68 19.60
2030 94.52 50.67 11.09 11.99 18.58
2031 94.44 41.63 11.59 12.74 17.93
2032 94.61 52.94 10.81 11.87 16.93
2033 94.45 57.38 11.09 10.46 18.38
2034 95.00 43.99 10.23 11.99 17.20
2035 95.40 34.43 9.66 11.00 14.36
2036 94.96 40.83 11.55 11.68 16.77
2037 95.43 36.90 9.81 12.52 14.64
2038 95.35 55.19 10.24 10.70 16.05
2039 95.44 46.60 10.52 12.52 16.57
2040 95.53 50.88 10.50 10.90 16.77
2041 96.02 39.28 10.18 11.49 14.92
2042 96.07 41.88 9.94 11.81 15.92
2043 95.96 53.33 9.59 10.19 14.97
2044 96.41 48.24 10.34 12.23 13.21
2045 96.41 44.36 9.74 12.22 14.19
2046 96.12 50.94 9.83 10.02 16.02
2047 97.04 46.08 9.58 10.60 11.86
2048 97.36 40.98 9.09 10.46 12.61
2049 97.45 50.35 9.48 9.52 11.70
2050 97.62 43.25 9.55 10.79 12.48
2051 97.82 48.13 9.13 9.29 11.13
2052 98.16 43.92 7.91 9.44 12.12

