
0 2.17 47.55 0.00 11.66 65.67
1 2.29 50.26 0.55 16.85 76.59
2 2.99 45.83 0.12 7.95 84.49
3 3.16 52.12 0.59 18.92 86.36
4 3.57 42.05 0.00 8.41 82.73
5 3.79 48.83 1.88 13.29 89.74
6 4.18 45.03 0.28 8.16 89.75
7 4.00 54.41 0.00 15.25 85.80
8 4.49 51.29 1.11 18.48 95.24
9 4.87 41.65 0.88 4.43 89.63
10 5.19 53.26 0.53 13.78 95.12
11 5.07 48.67 2.86 15.25 116.22
12 5.32 55.88 0.23 16.84 103.91
13 5.46 44.99 1.78 12.02 106.76
14 5.63 36.46 0.00 0.42 79.15
15 5.96 57.76 0.00 21.00 96.10
16 6.18 47.19 1.34 9.08 108.87
17 6.14 50.25 2.27 8.90 114.68
18 6.25 38.85 0.00 3.97 96.80
19 6.15 41.73 0.00 4.04 102.51
20 6.27 54.70 0.82 17.69 114.41
21 6.91 52.09 2.33 10.04 118.45
22 6.98 44.76 1.85 5.51 110.33
23 6.76 59.39 0.00 11.28 97.71
24 6.87 34.73 0.00 0.00 91.82
25 7.28 57.21 1.05 13.15 119.46
26 7.42 42.24 0.36 4.12 114.62
27 7.48 48.49 1.95 6.77 127.60
28 7.46 37.32 1.20 0.57 113.25
29 7.77 39.70 0.62 1.86 114.68
30 7.64 54.09 2.12 7.18 123.97
31 7.56 62.05 0.00 7.89 101.67
32 7.86 32.67 0.00 0.00 96.27
33 7.91 59.99 0.55 10.39 115.11
34 8.17 46.18 1.82 5.27 126.10
35 8.16 50.76 2.13 5.01 122.60
36 8.26 34.79 1.02 0.00 111.75
37 8.40 55.84 1.90 10.33 136.53
38 8.68 43.36 0.27 1.30 127.82
39 8.83 36.78 0.00 0.00 107.26
40 9.00 57.50 2.04 7.71 124.51
41 9.03 40.49 1.18 0.00 122.12
42 8.98 62.12 0.74 6.64 119.67
43 9.09 53.70 2.71 4.78 133.53
44 9.31 48.77 1.19 4.18 127.35
45 9.17 59.64 0.77 2.91 122.99
46 9.34 32.47 0.00 0.00 95.80
47 9.51 51.51 2.65 6.14 135.35
48 9.46 45.91 1.25 5.27 137.60
49 9.63 64.59 0.00 5.83 96.71
50 9.62 30.10 0.00 0.00 86.95
51 9.65 38.31 0.42 0.69 121.23
52 9.84 34.52 0.00 0.00 97.27
53 9.95 42.99 0.32 0.00 125.80
54 10.33 55.12 3.37 1.38 136.65
55 10.44 57.42 3.47 4.13 143.46
56 10.29 62.23 2.06 3.77 135.47
57 10.50 59.76 2.43 1.48 137.47
58 10.46 40.62 1.53 0.33 130.69
59 10.58 47.28 1.39 3.74 133.93
60 10.67 37.54 0.12 0.00 113.76
61 10.70 50.09 2.13 4.68 133.79
62 10.82 44.73 1.25 0.86 134.00
63 10.86 52.60 3.15 0.49 142.87
64 10.75 30.80 0.05 0.00 107.78
65 10.91 64.44 3.04 3.49 121.39
66 10.89 35.33 1.22 0.00 125.46
67 11.07 66.92 1.02 4.04 120.66
68 11.15 32.94 0.00 0.00 109.34
69 11.32 28.53 0.00 0.00 93.97
70 11.51 42.62 2.12 0.00 127.11
71 11.54 39.85 0.86 0.10 118.00
72 11.66 61.98 4.36 0.02 139.73
73 11.89 54.67 2.33 0.00 137.39
74 11.76 46.67 2.58 3.88 144.11
75 11.80 49.25 4.05 1.95 149.60
76 11.82 57.15 4.87 0.00 155.64
77 11.80 59.57 4.54 0.00 156.53
78 11.96 37.21 1.39 0.00 120.00
79 12.01 68.97 0.35 0.00 85.44
80 12.03 34.82 0.33 0.00 106.94
81 12.16 31.38 2.12 0.00 113.00
82 12.10 51.96 3.73 0.21 155.74
83 12.26 65.91 5.05 0.00 140.60
84 12.37 27.06 0.35 0.00 95.64
85 12.47 44.35 2.52 0.80 144.04
86 12.53 63.36 4.15 0.00 143.31
87 12.76 29.57 0.16 0.00 115.99
88 12.72 39.65 2.69 0.00 133.33
89 12.83 41.96 0.62 0.00 130.80
90 12.90 33.35 2.69 0.00 119.06
91 12.95 46.50 1.02 0.00 139.57
92 12.94 49.42 2.89 0.00 151.18
93 12.98 59.08 6.43 0.00 141.90
94 13.03 56.02 3.45 0.00 149.39
95 13.18 67.71 6.22 1.30 142.16
96 13.17 52.75 3.08 0.00 153.07
97 13.12 69.87 2.43 0.00 99.58
98 13.14 37.12 1.15 0.00 127.83
99 13.61 61.07 6.45 0.04 146.98
100 13.54 65.39 5.93 0.00 154.99
101 13.73 27.87 1.56 0.00 110.34
102 13.78 35.11 0.44 0.00 117.21
103 13.68 71.87 0.90 0.00 66.09
104 13.82 25.65 1.23 0.00 108.99
105 13.88 32.16 0.55 0.00 112.51
106 13.95 43.29 0.88 0.00 128.22
107 13.94 63.30 9.31 0.93 165.39
108 13.96 39.00 0.46 0.00 129.71
109 14.09 48.24 2.64 0.00 145.29
110 14.14 51.12 5.39 0.00 157.65
111 14.11 57.38 4.46 0.00 149.96
112 14.22 45.56 1.33 0.00 144.92
113 14.19 54.51 4.14 0.00 151.63
114 14.21 29.84 1.45 0.00 116.17
115 14.38 68.46 8.43 0.00 148.21
116 14.61 41.23 3.33 0.00 137.79
117 14.59 70.69 8.66 0.00 124.61
118 14.80 23.92 2.76 0.00 106.55
119 14.80 65.93 8.16 0.00 145.64
120 14.84 37.18 4.19 0.00 144.94
121 14.83 59.34 7.41 0.00 158.40
122 15.09 61.53 10.25 0.77 155.00
123 15.01 34.88 1.05 0.00 123.85
124 15.16 32.25 1.34 0.00 111.29
125 15.12 73.42 6.43 0.00 87.40
126 15.25 26.26 2.31 0.00 109.23
127 15.32 52.12 5.21 0.00 154.95
128 15.35 49.56 4.89 0.00 156.32
129 15.35 63.56 9.26 0.00 162.68
130 15.40 29.08 0.39 0.00 113.03
131 15.43 46.87 4.91 0.00 148.00
132 15.51 21.77 0.78 0.00 84.80
133 15.53 39.29 1.58 0.00 144.44
134 15.47 54.55 5.81 0.00 157.45
135 15.49 57.14 8.86 0.00 163.35
136 15.58 44.11 2.03 0.00 150.48
137 15.75 69.23 10.12 0.00 140.33
138 15.80 71.81 12.32 0.00 138.40
139 15.99 41.80 2.42 0.00 146.83
140 16.09 66.91 11.71 0.00 153.18
141 16.23 35.27 3.18 0.00 124.31
142 16.29 59.28 7.89 0.00 151.28
143 16.56 22.83 1.43 0.00 97.44
144 16.43 64.47 13.68 0.83 159.46
145 16.47 32.70 1.35 0.00 128.04
146 16.57 38.11 1.71 0.00 128.57
147 16.65 30.41 3.40 0.00 123.03
148 16.61 25.27 3.97 0.00 110.73
149 16.52 27.85 3.66 0.00 131.07
150 16.63 61.87 11.39 0.89 155.21
151 16.58 48.74 5.09 0.00 157.85
152 16.66 56.35 6.23 0.00 156.59
153 16.67 45.53 3.45 0.00 147.90
154 16.69 51.59 6.39 0.00 159.33
155 16.88 53.89 7.50 0.00 159.95
156 16.75 75.83 9.27 0.00 90.65
157 16.95 73.71 17.03 0.00 137.53
158 17.13 40.31 4.61 0.00 151.82
159 17.09 71.24 16.89 0.00 152.34
160 17.15 68.74 19.86 0.00 169.26
161 17.41 42.56 4.98 0.00 144.70
162 17.43 36.25 4.72 0.79 130.23
163 17.46 66.13 15.15 0.00 158.46
164 17.53 59.35 14.57 0.00 171.81
165 17.69 20.62 4.16 0.00 95.38
166 17.76 33.77 5.14 0.00 131.40
167 17.67 47.49 7.31 0.00 155.65
168 17.70 27.64 3.55 0.00 119.43
169 17.75 50.29 10.42 0.00 171.72
170 17.80 63.82 15.27 0.00 157.41
171 17.87 44.72 8.36 0.00 152.41
172 17.87 56.86 12.64 0.00 163.92
173 17.99 23.04 3.54 0.00 103.25
174 17.99 31.05 2.93 0.00 121.56
175 18.03 61.55 13.78 0.00 165.89
176 18.02 75.91 21.88 0.00 129.75
177 18.26 38.66 7.08 0.53 142.62
178 18.38 25.51 4.92 0.00 114.32
179 18.14 54.04 11.40 0.00 160.01
180 18.34 73.26 19.27 0.00 142.56
181 18.39 70.55 23.12 0.00 170.57
182 18.48 67.97 21.68 0.00 158.16
183 18.64 51.72 9.36 0.00 173.44
184 18.58 41.10 7.56 0.00 159.83
185 18.81 36.27 6.18 0.00 137.56
186 18.88 29.03 6.27 0.00 130.40
187 18.80 48.20 10.79 0.00 173.00
188 18.87 59.52 16.48 0.00 166.28
189 18.95 65.48 20.75 0.00 168.75
190 19.07 43.17 6.80 0.00 155.02
191 19.08 45.80 9.69 0.00 162.67
192 19.07 20.61 4.38 0.00 88.85
193 19.03 33.76 6.19 0.00 143.47
194 19.07 57.17 13.04 0.00 152.30
195 19.15 63.02 18.92 0.00 162.81
196 19.21 54.87 17.46 0.00 173.87
197 19.26 76.27 29.16 0.00 132.83
198 19.47 31.81 6.89 0.00 130.60
199 19.52 23.80 6.09 0.00 105.39
200 19.62 26.68 6.23 0.00 121.24
201 19.54 73.58 24.43 0.00 149.35
202 19.66 49.65 9.26 0.00 161.15
203 19.62 39.97 8.74 0.00 152.38
204 19.64 70.95 28.44 0.00 154.61
205 19.80 68.10 23.17 0.47 161.68
206 19.85 60.68 19.71 0.00 172.71
207 19.89 52.48 12.92 0.00 158.98
208 20.02 37.68 11.02 0.00 150.19
209 20.13 17.61 4.96 0.00 79.05
210 20.06 79.43 30.52 0.00 103.87
211 20.12 35.08 10.61 0.00 148.92
212 20.17 30.08 9.36 0.00 136.19
213 20.12 43.93 8.84 0.00 157.73
214 20.24 47.02 11.67 0.00 168.77
215 20.29 57.93 17.02 0.00 160.64
216 20.21 65.57 28.93 0.00 175.64
217 20.31 19.92 7.04 0.00 103.16
218 20.40 54.96 18.32 0.00 167.76
219 20.51 74.98 33.92 0.00 152.55
220 20.54 62.69 25.91 0.00 168.58
221 20.63 22.52 8.25 0.00 111.87
222 20.67 77.51 41.19 0.00 146.08
223 20.70 40.74 10.49 0.00 157.70
224 20.80 28.05 9.57 0.00 126.07
225 20.85 32.64 11.99 0.00 141.19
226 20.85 50.24 21.19 0.00 173.44
227 20.91 69.95 30.53 0.00 154.53
228 21.05 25.46 11.66 0.00 113.78
229 21.15 72.54 36.42 0.00 145.54
230 21.27 45.38 13.10 0.00 162.57
231 21.13 60.29 24.14 0.00 183.61
232 21.18 67.34 26.81 0.00 168.91
233 21.24 42.80 12.94 0.00 167.19
234 21.26 37.67 12.05 0.00 150.60
235 21.33 52.25 19.53 0.00 165.06
236 21.39 48.19 17.10 0.00 172.63
237 21.42 34.95 10.71 0.00 141.87
238 21.37 56.80 23.56 0.00 163.58
239 21.39 64.19 28.94 1.22 176.22
240 21.60 30.61 11.80 0.00 136.28
241 21.63 79.25 43.92 0.00 117.22
242 21.67 19.24 10.62 0.00 90.70
243 21.74 54.36 19.38 0.00 165.46
244 21.77 75.63 47.24 0.00 162.69
245 21.80 22.68 8.46 0.00 96.33
246 22.00 40.41 18.42 0.00 165.91
247 22.17 58.81 27.56 0.00 176.04
248 22.37 28.83 12.24 0.00 122.71
249 22.35 66.21 29.02 0.45 163.85
250 22.36 61.19 33.30 0.00 188.70
251 22.23 69.09 45.57 0.00 183.52
252 22.34 26.35 13.10 0.00 118.11
253 22.35 42.87 16.22 0.00 155.36
254 22.49 71.51 39.94 0.00 151.55
255 22.48 32.67 15.27 0.00 147.24
256 22.56 50.62 23.08 0.00 177.14
257 22.46 38.37 17.36 0.33 159.17
258 22.45 45.24 16.37 0.59 154.61
259 22.47 48.23 22.67 0.00 177.73
260 22.58 56.59 28.64 0.17 186.88
261 22.56 63.37 33.28 0.00 182.31
262 22.58 35.31 18.40 0.00 152.90
263 22.74 73.84 39.31 0.00 148.55
264 22.74 76.97 48.00 0.00 139.63
265 22.73 21.04 12.21 0.00 101.73
266 22.79 52.81 25.30 0.00 172.35
267 22.73 80.52 52.51 0.00 133.93
268 22.75 16.38 14.97 0.00 93.44
269 22.93 24.26 16.48 0.00 113.79
270 23.22 54.82 32.59 0.00 180.23
271 23.26 18.29 17.76 0.17 112.83
272 23.30 37.04 18.78 3.19 160.69
273 23.34 41.17 24.22 0.57 165.91
274 23.49 46.57 27.62 0.00 174.18
275 23.41 59.16 33.42 0.00 173.17
276 23.37 68.86 48.22 0.64 175.10
277 23.59 31.75 18.53 0.00 140.03
278 23.56 43.70 26.11 0.00 161.91
279 23.60 64.26 41.04 0.00 182.80
280 23.56 78.60 58.94 0.00 152.57
281 23.66 29.35 19.84 0.00 128.73
282 23.65 49.06 28.72 0.77 175.30
283 23.57 83.03 48.84 0.00 97.50
284 23.83 26.90 16.97 1.06 115.66
285 23.80 34.44 21.63 0.00 142.84
286 23.81 61.68 42.37 0.00 176.89
287 23.86 66.66 44.48 0.30 172.50
288 23.93 39.13 25.64 0.60 161.81
289 23.90 75.54 59.18 0.00 169.43
290 23.94 51.75 27.87 0.00 173.46
291 23.97 57.00 42.77 0.00 180.20
292 23.89 20.85 16.87 0.00 100.35
293 23.99 73.10 54.04 0.00 163.70
294 24.13 70.54 50.59 0.05 159.53
295 24.10 23.83 18.58 0.00 108.88
296 23.89 15.06 14.87 0.00 72.13
297 24.30 80.90 67.93 0.00 140.70
298 24.32 54.22 42.46 0.34 185.81
299 24.37 17.52 21.97 1.24 106.21
300 24.33 14.00 16.23 0.61 76.00
301 24.47 36.90 27.31 0.00 162.75
302 24.49 45.11 29.26 0.93 177.66
303 24.63 41.35 31.38 0.63 171.78
304 24.68 60.04 49.87 0.00 183.11
305 24.76 47.64 37.36 0.93 182.26
306 24.79 49.93 36.48 0.00 179.66
307 24.81 77.89 59.16 0.00 148.21
308 24.86 32.68 27.82 0.00 142.09
309 24.93 30.07 25.93 0.00 130.08
310 24.85 64.94 55.65 0.00 189.83
311 25.05 67.53 54.24 1.69 172.20
312 25.04 26.50 26.39 0.00 127.01
313 25.13 43.17 32.56 0.00 167.26
314 25.04 20.43 19.50 0.00 102.70
315 25.20 57.98 44.57 0.00 173.30
316 25.15 34.99 32.16 0.00 151.79
317 25.23 62.63 55.27 0.00 175.90
318 25.17 55.73 43.11 0.00 180.54
319 25.22 75.03 59.71 0.00 147.80
320 25.26 39.31 30.25 0.00 159.87
321 25.20 52.63 41.90 0.00 184.67
322 25.27 15.53 22.81 0.00 93.09
323 25.27 72.20 59.74 0.00 158.12
324 25.30 82.36 76.83 0.00 144.77
325 25.43 23.54 24.00 0.00 106.93
326 25.52 69.57 57.73 0.75 174.05
327 25.68 13.27 26.35 0.00 83.28
328 25.57 45.86 36.23 0.49 168.54
329 25.71 37.23 35.82 0.00 151.41
330 25.81 18.17 24.77 0.76 98.46
331 25.93 84.50 67.19 0.00 115.67
332 26.05 28.81 31.22 0.00 130.30
333 25.87 50.79 46.14 0.30 181.51
334 25.87 60.60 57.25 0.00 187.11
335 25.92 78.84 65.23 0.00 138.52
336 26.00 48.51 43.68 0.00 179.46
337 25.98 65.23 62.28 0.00 186.39
338 26.16 40.84 39.15 0.00 164.57
339 26.13 54.59 55.79 2.32 186.16
340 26.21 34.01 35.16 0.00 144.75
341 26.20 31.48 42.10 0.00 150.57
342 26.29 21.30 26.36 0.00 113.78
343 26.28 26.05 31.32 0.00 115.71
344 26.25 43.18 45.12 0.90 175.94
345 26.44 75.71 71.26 0.00 153.53
346 26.52 58.67 60.34 1.61 181.12
347 26.54 68.01 67.57 1.35 175.44
348 26.45 81.19 81.71 0.00 146.17
349 26.54 52.63 54.00 0.78 187.21
350 26.54 70.79 73.64 1.12 176.45
351 26.63 73.20 66.07 0.72 148.25
352 26.68 56.49 62.68 0.73 194.03
353 26.66 63.36 66.05 0.00 178.83
354 26.64 16.00 29.61 0.15 94.61
355 26.67 45.42 46.67 0.54 181.93
356 26.76 36.23 46.58 0.00 157.45
357 26.91 38.55 49.92 0.00 164.07
358 27.00 47.48 50.00 0.00 180.48
359 27.05 61.32 64.26 0.00 180.01
360 27.04 50.40 56.85 0.00 176.77
361 27.29 22.64 29.64 0.00 108.17
362 27.12 65.82 66.52 0.00 182.88
363 27.23 83.21 76.39 0.00 124.36
364 27.27 18.97 32.08 0.73 98.80
365 27.25 77.43 69.60 0.00 139.95
366 27.34 33.00 47.16 0.00 147.54
367 27.43 25.38 40.01 0.14 125.97
368 27.42 28.03 43.21 0.23 129.88
369 27.45 30.60 45.18 0.00 151.08
370 27.33 40.79 51.85 0.00 172.70
371 27.42 13.14 39.09 4.05 102.75
372 27.31 43.47 59.83 0.60 182.90
373 27.59 85.88 62.56 0.00 105.25
374 27.49 54.34 65.31 0.78 179.58
375 27.54 80.00 80.09 0.00 164.91
376 27.64 69.62 71.96 0.00 170.97
377 27.70 59.38 73.92 0.00 194.55
378 27.85 15.50 40.52 2.42 113.73
379 27.86 52.07 60.31 3.34 185.05
380 27.86 36.89 61.44 1.60 173.81
381 27.87 49.00 67.35 1.64 191.06
382 27.84 57.02 70.69 0.00 190.55
383 27.87 72.03 83.56 1.16 167.22
384 27.89 74.44 84.33 0.00 156.05
385 28.04 34.78 54.31 0.00 155.17
386 28.02 46.55 59.25 0.00 165.44
387 27.99 63.98 79.60 2.02 181.27
388 28.07 67.16 78.65 0.00 169.69
389 28.23 39.04 59.54 0.00 174.39
390 28.24 42.40 62.21 0.00 170.18
391 28.26 44.66 58.68 0.00 174.60
392 28.31 61.53 75.64 2.53 179.40
393 28.30 20.87 40.17 1.03 116.56
394 28.46 17.93 38.15 2.60 96.95
395 28.39 87.92 44.21 0.00 71.41
396 28.54 11.48 41.68 0.05 80.51
397 28.54 83.59 88.02 0.00 151.38
398 28.57 23.68 42.57 0.51 124.50
399 28.57 78.14 77.96 0.00 146.75
400 28.57 29.11 55.04 0.00 141.58
401 28.70 80.99 76.06 0.00 137.64
402 28.61 32.45 65.05 0.00 147.25
403 28.57 55.33 69.02 1.53 184.94
404 28.73 26.29 50.24 0.17 142.28
405 28.77 75.60 88.04 2.88 160.44
406 28.75 50.52 82.36 0.78 199.53
407 28.85 14.03 46.38 1.34 101.30
408 28.86 40.82 75.38 0.00 185.69
409 28.79 58.65 83.14 1.46 184.08
410 28.86 53.16 75.05 0.00 187.54
411 28.94 48.35 81.99 1.77 185.53
412 28.97 69.38 83.94 0.22 162.86
413 28.97 36.77 60.24 0.19 162.52
414 29.11 86.01 69.27 0.00 119.43
415 29.08 71.95 86.93 0.00 160.01
416 29.09 64.29 94.23 0.41 185.95
417 29.22 66.62 85.58 0.00 178.91
418 29.27 44.45 75.09 0.00 170.52
419 29.46 30.81 54.98 0.00 136.94
420 29.41 34.30 66.90 0.00 148.37
421 29.40 20.28 45.25 0.65 120.20
422 29.51 56.62 81.98 0.44 184.62
423 29.60 46.47 84.25 1.33 186.50
424 29.39 61.63 89.89 0.17 186.93
425 29.58 17.22 45.84 0.57 102.92
426 29.57 38.91 78.16 0.00 172.23
427 29.64 42.49 81.54 0.98 178.87
428 29.72 73.97 87.70 0.00 149.80
429 29.74 51.52 83.75 0.85 183.66
430 29.75 23.39 45.37 0.15 111.20
431 29.72 27.38 59.83 0.00 139.44
432 29.78 11.04 45.19 1.00 86.88
433 29.84 54.38 82.24 2.44 183.25
434 29.78 59.39 95.54 0.00 191.03
435 29.91 77.36 84.26 0.00 149.71
436 29.92 83.43 78.10 0.00 128.64
437 30.00 80.19 92.24 2.50 157.11
438 30.08 14.85 43.75 2.26 94.71
439 30.09 87.83 66.01 0.00 105.21
440 30.12 48.47 88.47 5.55 186.85
441 30.14 36.31 73.16 0.00 160.70
442 30.19 68.37 94.30 0.00 169.17
443 30.29 63.29 92.35 0.57 176.59
444 30.32 40.80 85.70 0.97 176.82
445 30.34 65.64 91.86 0.35 178.81
446 30.39 70.77 102.87 1.92 178.10
447 30.62 33.51 74.87 0.00 143.74
448 30.45 44.41 95.17 1.50 192.49
449 30.55 19.07 44.15 2.14 103.40
450 30.64 28.88 67.34 0.00 140.19
451 30.69 25.79 65.66 0.00 137.05
452 30.61 31.38 71.85 0.00 152.17
453 30.57 57.58 91.09 2.79 181.80
454 30.65 60.72 89.82 2.22 172.08
455 30.81 12.52 47.27 2.05 94.67
456 30.77 22.22 54.17 0.00 111.72
457 30.84 85.71 79.29 0.00 123.36
458 30.72 50.19 94.31 0.13 196.85
459 30.83 52.89 96.82 4.22 183.66
460 30.86 73.05 98.73 1.11 169.25
461 30.88 38.46 86.57 0.00 176.66
462 30.95 75.61 95.89 1.82 170.02
463 30.92 55.29 94.55 5.52 179.23
464 31.06 46.03 99.48 4.20 183.00
465 30.99 81.60 87.75 0.30 156.36
466 31.04 42.80 95.15 2.07 185.03
467 31.18 35.80 87.95 1.68 165.94
468 31.25 67.11 96.63 1.18 168.36
469 31.36 78.46 91.18 0.30 150.87
470 31.42 15.33 41.22 2.16 92.64
471 31.37 48.05 110.78 1.77 198.92
472 31.46 59.00 91.15 0.69 174.74
473 31.46 62.38 94.02 0.00 175.20
474 31.55 64.66 95.64 0.00 177.81
475 31.46 40.54 95.99 0.28 177.31
476 31.64 69.19 100.69 0.75 167.09
477 31.56 88.49 69.29 0.00 99.40
478 31.70 18.04 54.35 2.43 107.34
479 31.59 51.20 100.09 2.68 192.10
480 31.74 24.34 60.55 0.00 120.43
481 31.90 20.98 43.66 0.00 104.56
482 31.74 29.56 69.67 0.00 141.82
483 31.80 56.73 101.48 2.03 180.19
484 31.91 83.72 79.07 0.00 129.91
485 31.96 27.13 66.59 0.00 130.69
486 31.85 31.85 88.75 0.00 153.33
487 31.92 71.37 110.58 1.50 179.27
488 31.91 34.21 82.75 0.00 167.10
489 31.87 10.73 45.70 2.40 91.32
490 31.97 37.44 88.04 0.53 174.15
491 32.15 54.74 104.35 1.49 182.61
492 32.11 80.78 83.11 0.42 141.33
493 32.13 42.97 95.05 0.37 177.26
494 32.08 52.89 101.91 0.00 187.86
495 32.12 45.76 111.00 2.96 181.19
496 32.22 49.56 100.05 2.07 189.75
497 32.38 73.44 101.06 3.17 157.14
498 32.25 76.02 91.92 3.39 155.06
499 32.31 61.26 108.66 0.28 174.00
500 32.41 86.47 78.55 0.00 121.50
501 32.45 66.51 105.82 0.41 177.50
502 32.53 12.75 49.54 2.40 96.16
503 32.51 40.54 97.35 2.13 171.10
504 32.54 58.80 105.09 1.23 186.61
505 32.77 15.71 48.29 1.54 90.50
506 32.67 63.67 102.79 1.25 170.19
507 32.85 78.58 87.73 1.18 150.04
508 32.85 89.70 60.98 0.00 89.74
509 32.87 47.80 107.51 4.07 187.62
510 32.91 23.01 55.72 0.00 118.49
511 32.86 35.63 92.47 3.80 163.75
512 32.85 29.64 83.13 0.78 137.94
513 32.96 38.44 90.97 0.00 166.47
514 32.95 68.82 105.06 0.67 168.83
515 32.96 18.80 51.06 1.93 101.49
516 33.01 25.60 65.14 0.00 120.08
517 33.00 32.50 82.70 0.00 143.20
518 33.06 56.83 101.87 1.79 175.34
519 33.08 9.89 58.05 2.31 99.11
520 33.10 44.76 113.64 3.84 189.94
521 33.04 52.10 106.71 3.46 181.92
522 33.25 83.84 80.49 0.00 139.44
523 33.28 54.52 107.05 4.45 183.04
524 33.36 71.04 96.17 0.70 165.22
525 33.30 81.17 91.83 1.64 142.15
526 33.43 50.17 107.00 0.29 178.93
527 33.40 42.66 100.20 1.77 164.72
528 33.34 59.99 113.44 1.54 191.06
529 33.61 27.76 82.28 0.00 135.35
530 33.51 64.93 102.78 5.34 173.65
531 33.55 74.38 97.45 1.28 157.17
532 33.75 21.37 67.72 0.00 117.92
533 33.76 61.88 95.16 0.00 160.30
534 33.67 86.77 87.30 1.00 135.81
535 33.75 40.67 108.75 0.30 181.93
536 33.75 77.00 102.98 2.01 164.06
537 33.77 46.63 113.65 3.96 186.10
538 33.86 12.47 46.46 3.24 86.30
539 33.89 33.98 82.87 0.00 148.50
540 33.85 36.72 100.75 0.00 168.51
541 33.81 67.03 102.50 2.01 174.99
542 33.95 30.37 86.64 0.61 147.67
543 34.09 8.49 60.45 4.62 91.90
544 34.17 15.91 50.47 1.46 91.29
545 34.08 89.78 59.42 0.00 94.24
546 34.08 52.60 119.24 2.05 188.48
547 34.26 18.82 59.86 1.04 106.11
548 34.20 48.62 118.57 0.08 179.75
549 34.30 25.33 72.61 0.00 120.61
550 34.30 59.02 108.47 3.77 173.77
551 34.33 38.90 94.46 3.01 165.02
552 34.30 44.40 107.15 5.07 179.02
553 34.37 57.03 105.76 3.99 178.56
554 34.31 54.97 109.84 2.44 176.10
555 34.45 72.43 95.96 0.71 155.53
556 34.43 80.95 96.40 0.00 150.74
557 34.48 63.69 108.10 0.67 185.41
558 34.49 83.94 77.00 1.21 121.00
559 34.63 69.98 96.12 0.00 158.20
560 34.69 78.36 80.31 2.76 137.27
561 34.78 23.10 67.30 0.00 118.21
562 34.66 31.86 90.93 0.00 149.06
563 34.73 42.16 104.42 3.24 171.73
564 34.78 67.90 99.69 0.00 171.71
565 34.77 75.12 90.68 0.83 148.33
566 34.75 28.02 77.69 0.00 124.46
567 34.94 51.47 117.27 5.07 182.67
568 34.92 87.25 74.10 0.00 120.68
569 34.86 46.41 116.96 0.00 196.85
570 35.01 65.56 101.90 1.43 174.67
571 35.13 10.29 54.12 4.16 85.30
572 35.01 13.41 64.56 3.60 101.79
573 34.99 36.40 96.64 1.04 158.75
574 35.04 34.11 92.87 0.00 150.75
575 35.04 61.75 115.58 0.00 176.04
576 35.17 49.33 114.29 2.15 180.21
577 35.32 20.14 59.92 0.00 99.28
578 35.21 53.69 110.89 0.00 177.13
579 35.35 59.70 115.08 0.62 182.96
580 35.39 89.91 67.70 0.80 101.25
581 35.48 55.90 122.03 4.07 182.61
582 35.46 38.84 105.31 0.30 163.73
583 35.51 16.06 54.73 2.48 92.37
584 35.61 81.55 75.46 2.57 125.09
585 35.60 7.33 51.97 4.10 71.43
586 35.55 29.36 84.41 0.00 132.09
587 35.58 44.74 117.78 1.69 178.82
588 35.54 71.54 103.80 3.57 166.86
589 35.72 41.00 109.22 2.79 174.90
590 35.75 84.64 74.88 2.59 123.48
591 35.89 24.61 73.11 0.00 115.45
592 35.80 31.74 87.83 0.00 138.64
593 35.78 78.04 89.77 3.52 137.11
594 35.84 47.10 114.31 2.47 187.42
595 35.94 57.93 118.02 6.42 179.43
596 36.04 27.03 79.72 0.00 123.95
597 35.82 74.54 85.73 1.53 146.83
598 36.01 62.82 112.46 1.06 171.52
599 35.91 67.40 110.08 0.68 177.84
600 36.01 91.91 58.57 0.39 78.25
601 36.13 43.13 122.59 0.59 183.21
602 36.10 12.29 66.40 4.04 107.01
603 36.02 50.98 115.40 0.00 178.73
604 36.03 34.80 91.18 0.00 149.05
605 36.13 64.91 106.34 1.68 181.09
606 36.29 21.92 62.78 0.53 103.43
607 36.25 87.64 85.83 0.22 128.84
608 36.33 37.19 106.13 3.20 152.89
609 36.23 53.18 124.70 3.64 192.05
610 36.38 69.43 100.90 3.18 159.55
611 36.48 18.47 50.88 2.19 85.76
612 36.45 49.00 119.65 2.47 180.31
613 36.43 60.56 112.68 2.33 171.04
614 36.74 9.82 61.38 4.79 88.40
615 36.58 71.96 94.35 2.47 163.45
616 36.80 15.09 54.32 2.11 88.23
617 36.68 29.43 91.63 0.00 138.03
618 36.81 39.38 106.45 2.99 161.87
619 36.70 55.04 113.70 2.31 178.75
620 36.79 76.51 71.83 1.84 131.42
621 36.78 79.46 86.65 3.20 149.30
622 36.87 6.90 53.24 4.74 77.24
623 36.88 33.24 91.44 2.44 145.39
624 36.96 89.51 69.03 2.07 99.72
625 36.91 81.89 86.22 1.52 137.83
626 36.97 41.67 112.15 1.41 183.77
627 37.01 44.85 112.76 4.57 176.24
628 36.94 85.23 69.24 1.46 113.36
629 36.97 56.99 111.42 3.19 176.28
630 37.03 47.22 120.57 3.85 183.54
631 37.06 65.86 103.49 3.12 166.14
632 37.13 73.93 87.12 0.89 144.92
633 37.15 35.63 101.07 0.00 157.14
634 37.07 51.20 123.82 4.14 181.10
635 37.30 25.04 74.02 0.00 115.95
636 37.23 92.19 54.12 0.16 78.08
637 37.28 59.02 116.42 4.49 181.11
638 37.14 62.90 100.19 3.97 168.59
639 37.27 31.08 86.80 0.00 142.06
640 37.51 12.51 50.36 4.38 82.63
641 37.44 27.35 84.05 0.00 133.54
642 37.39 22.23 64.47 0.00 104.20
643 37.48 53.33 113.08 3.31 184.90
644 37.50 68.02 93.80 2.85 164.02
645 37.64 70.35 91.29 3.22 152.06
646 37.69 18.03 59.13 0.00 98.28
647 37.71 37.61 95.63 0.00 164.33
648 37.80 60.93 97.02 0.36 165.62
649 37.73 83.33 90.83 3.06 142.72
650 37.77 49.69 113.78 3.81 167.93
651 37.91 87.66 71.53 2.86 102.78
652 37.89 78.27 73.85 2.01 123.03
653 38.03 42.36 111.77 3.90 171.36
654 38.01 55.54 111.91 5.49 175.13
655 38.02 40.06 110.79 2.50 168.74
656 38.08 7.76 51.86 6.85 80.54
657 38.09 34.38 93.75 0.70 144.75
658 38.06 75.38 83.05 1.80 138.23
659 38.08 46.82 117.85 2.07 175.52
660 38.16 72.25 94.37 0.07 155.25
661 38.29 15.40 51.88 0.76 87.35
662 38.25 20.68 58.92 1.05 105.43
663 38.20 44.36 112.65 4.75 169.72
664 38.18 63.71 99.65 2.20 162.18
665 38.30 28.82 86.08 0.00 124.68
666 38.24 65.92 100.27 3.98 160.29
667 38.20 93.60 32.70 1.29 51.81
668 38.25 31.67 81.41 0.00 137.83
669 38.32 57.74 110.42 1.04 175.31
670 38.43 81.33 79.53 2.60 127.97
671 38.50 10.42 42.91 3.84 76.73
672 38.40 51.88 115.01 3.66 177.10
673 38.48 90.91 61.94 1.37 91.55
674 38.55 84.75 65.48 1.23 107.17
675 38.66 23.62 68.79 0.00 106.28
676 38.69 48.85 105.96 4.96 169.20
677 38.68 68.25 92.24 2.78 158.07
678 38.93 26.14 75.29 0.00 116.76
679 38.76 37.59 102.04 0.53 152.88
680 38.91 5.21 49.26 6.86 70.16
681 38.93 54.25 105.99 7.02 169.66
682 38.87 61.75 94.13 4.25 164.52
683 38.89 59.61 96.12 3.05 167.16
684 39.10 13.26 50.90 4.76 88.44
685 39.03 79.10 80.31 2.54 127.13
686 39.01 73.60 83.18 2.36 140.65
687 39.09 18.30 61.06 1.39 94.75
688 39.13 70.31 92.69 2.05 152.28
689 39.11 45.88 113.04 0.83 168.31
690 39.12 76.38 90.66 3.02 135.91
691 39.15 35.66 87.76 0.00 152.73
692 39.07 39.64 91.64 0.07 156.55
693 39.12 42.17 108.23 0.34 164.95
694 39.25 33.35 83.79 0.00 131.59
695 39.22 87.34 67.91 2.80 100.20
696 39.24 30.93 86.13 0.00 128.47
697 39.36 65.47 100.93 6.55 148.47
698 39.42 57.26 104.29 3.94 163.34
699 39.54 7.63 45.99 6.24 72.12
700 39.47 21.34 63.71 0.00 97.56
701 39.53 28.45 74.26 0.00 122.96
702 39.45 52.02 105.64 3.54 171.60
703 39.43 94.14 29.67 0.66 45.77
704 39.66 63.13 90.99 1.29 150.64
705 39.60 82.00 71.71 2.41 114.89
706 39.71 89.73 64.02 2.89 94.54
707 39.74 44.16 118.60 2.14 162.37
708 39.84 16.09 48.35 2.15 82.13
709 39.71 47.75 105.98 4.03 169.08
710 39.72 49.83 95.77 0.17 155.95
711 39.76 84.68 69.30 1.35 107.79
712 39.86 10.57 45.19 3.55 76.09
713 39.81 68.01 90.69 3.12 141.50
714 40.04 92.16 54.94 2.30 76.29
715 39.90 71.86 85.00 3.19 130.69
716 39.95 55.41 105.93 5.38 165.20
717 39.98 59.47 89.10 5.07 155.22
718 40.16 24.98 62.90 0.00 96.88
719 39.96 40.51 102.64 0.00 163.02
720 40.19 38.06 98.15 3.07 145.01
721 40.15 74.43 79.68 2.11 124.37
722 40.15 77.23 89.23 3.05 136.01
723 40.20 35.65 91.98 0.00 138.65
724 40.33 79.63 79.27 2.29 124.83
725 40.31 53.10 108.89 4.82 162.63
726 40.42 13.29 43.14 0.00 76.76
727 40.34 30.64 80.89 0.74 127.68
728 40.39 33.15 83.94 1.57 129.82
729 40.44 19.57 64.33 0.04 97.16
730 40.43 42.26 107.71 0.00 157.70
731 40.47 61.41 81.76 5.44 143.64
732 40.47 46.23 118.12 1.44 160.60
733 40.69 22.59 56.01 0.00 97.29
734 40.51 66.23 96.97 3.00 151.10
735 40.59 69.82 90.06 2.84 138.27
736 40.58 86.51 74.64 3.97 102.54
737 40.66 27.82 70.58 0.00 109.91
738 40.70 50.44 109.82 3.57 164.50
739 40.74 57.69 99.62 3.60 156.79
740 40.74 64.07 85.24 3.30 151.94
741 40.79 6.73 48.32 6.31 76.92
742 40.80 81.93 66.96 3.29 99.17
743 40.89 44.26 115.64 2.49 158.44
744 40.98 89.04 63.67 3.65 83.59
745 40.99 94.08 34.76 2.88 46.12
746 40.98 17.24 47.61 0.88 81.03
747 41.01 48.06 107.57 4.94 152.65
748 41.12 10.26 42.49 2.30 68.97
749 41.00 54.82 98.70 4.37 161.65
750 41.13 39.90 97.65 2.79 145.80
751 41.04 72.22 85.38 3.76 117.55
752 41.24 84.22 69.96 3.63 92.15
753 41.20 75.14 84.54 3.15 117.72
754 41.31 67.65 91.65 4.76 141.48
755 41.29 34.45 90.85 0.00 141.24
756 41.30 36.74 87.52 1.33 138.71
757 41.30 77.82 74.20 1.77 109.85
758 41.35 59.96 90.77 4.52 144.98
759 41.37 52.09 103.09 4.18 161.69
760 41.40 31.12 72.91 0.00 114.77
761 41.51 91.55 55.12 3.90 66.34
762 41.52 26.01 68.66 0.00 104.64
763 41.48 42.06 94.16 0.25 136.24
764 41.55 14.07 41.30 2.18 69.33
765 41.52 62.71 100.68 3.30 149.48
766 41.66 20.52 55.86 0.00 91.65
767 41.68 56.41 92.44 2.78 147.57
768 41.77 28.56 69.91 0.00 113.64
769 41.79 46.40 102.74 1.59 146.56
770 41.88 7.83 39.79 4.59 67.41
771 41.79 69.80 80.43 1.91 121.22
772 41.89 23.57 60.35 0.00 88.99
773 41.83 49.46 107.02 3.85 157.64
774 41.83 65.20 95.80 3.24 142.93
775 41.91 38.50 92.57 0.38 143.99
776 41.92 81.36 69.14 3.26 99.75
777 41.99 44.27 113.43 3.88 150.38
778 42.10 86.46 65.44 3.80 77.94
779 42.05 53.84 97.22 3.80 144.77
780 42.06 58.38 94.65 4.71 150.96
781 42.05 73.05 81.74 3.85 113.42
782 42.13 16.92 44.85 0.00 75.58
783 42.12 33.20 74.20 1.77 122.17
784 42.20 79.02 72.48 4.37 106.80
785 42.20 94.96 24.64 3.57 32.18
786 42.36 4.61 41.81 6.87 55.04
787 42.25 61.38 91.91 4.08 139.55
788 42.45 12.05 36.32 3.77 62.45
789 42.32 75.52 83.62 5.29 107.26
790 42.37 89.17 59.29 3.97 67.27
791 42.39 51.30 98.91 3.44 154.80
792 42.46 83.73 65.76 1.76 76.88
793 42.45 36.55 85.96 0.82 127.15
794 42.49 67.39 79.21 1.20 130.42
795 42.58 42.34 101.79 4.66 136.21
796 42.59 30.13 72.89 0.00 101.12
797 42.64 40.08 90.28 0.63 122.96
798 42.74 92.45 51.41 3.41 53.56
799 42.66 71.15 82.84 2.19 113.00
800 42.74 19.33 55.57 0.00 83.63
801 42.67 26.28 66.01 0.00 97.89
802 42.69 48.12 95.96 4.70 138.75
803 42.75 63.34 84.03 4.43 132.53
804 42.87 9.42 41.98 3.98 65.68
805 42.78 55.38 96.48 6.18 146.79
806 42.99 22.96 53.72 0.00 81.71
807 42.89 59.86 92.31 4.16 135.99
808 42.94 45.74 99.92 5.41 132.41
809 43.16 14.86 40.47 1.99 63.42
810 43.01 57.47 89.66 4.49 132.47
811 43.01 65.31 88.86 4.48 129.61
812 43.07 77.20 74.50 4.10 93.31
813 43.08 80.76 69.31 4.07 77.16
814 43.26 6.35 35.86 6.27 56.56
815 43.15 52.80 88.78 3.55 138.44
816 43.08 32.93 80.05 0.00 110.28
817 43.25 35.26 78.26 0.00 115.86
818 43.24 68.98 75.30 3.04 114.12
819 43.28 50.15 82.29 1.30 128.22
820 43.34 73.51 79.37 5.34 92.89
821 43.46 38.40 78.80 0.00 115.28
822 43.45 43.74 89.17 2.91 120.50
823 43.54 27.79 56.40 0.00 88.65
824 43.58 86.78 62.74 4.02 66.67
825 43.49 89.52 61.08 4.89 60.55
826 43.62 61.71 88.03 5.90 113.95
827 43.50 83.92 59.83 3.13 69.74
828 43.63 95.08 30.88 4.53 27.52
829 43.77 17.43 42.06 0.00 62.90
830 43.67 20.72 49.03 0.00 67.95
831 43.61 30.58 70.87 0.55 99.13
832 43.80 25.35 59.39 1.49 83.88
833 43.69 41.06 85.80 0.38 111.71
834 43.80 12.24 45.71 3.26 64.77
835 43.73 47.49 92.89 1.42 127.58
836 43.71 71.13 79.97 3.63 100.45
837 43.84 54.96 82.78 4.15 134.47
838 43.78 66.71 81.50 5.49 107.31
839 43.92 59.45 79.97 2.80 121.95
840 44.01 75.58 76.79 6.64 82.91
841 44.02 8.83 39.27 4.53 56.11
842 44.02 63.96 83.37 3.02 106.53
843 44.12 78.46 67.15 1.23 77.42
844 44.08 92.34 55.58 5.23 53.61
845 44.10 57.35 80.64 7.54 117.70
846 44.19 32.59 61.41 0.00 90.79
847 44.26 37.00 76.88 1.82 106.05
848 44.20 81.30 67.36 3.56 68.65
849 44.27 52.61 84.18 3.96 126.94
850 44.36 23.11 56.52 0.00 72.71
851 44.29 45.02 86.19 3.97 107.73
852 44.34 50.52 79.54 0.06 114.54
853 44.42 34.72 69.84 0.00 94.20
854 44.44 29.07 53.61 0.00 83.75
855 44.51 42.52 80.05 1.05 101.92
856 44.50 69.58 82.30 6.75 89.84
857 44.58 6.16 43.58 7.77 55.46
858 44.60 39.62 74.87 0.45 96.61
859 44.58 72.59 78.69 3.88 83.42
860 44.63 84.08 61.14 4.37 61.28
861 44.59 48.45 80.87 2.03 115.83
862 44.64 89.85 55.66 5.23 48.65
863 44.84 13.73 35.87 2.35 52.20
864 44.71 19.80 50.94 0.15 69.02
865 44.71 67.25 73.08 4.03 97.76
866 44.91 16.68 32.25 3.24 48.79
867 44.86 62.07 82.31 5.41 93.74
868 44.98 10.31 36.74 4.90 48.62
869 44.92 94.44 48.43 5.76 34.04
870 44.85 55.82 74.93 5.39 113.43
871 44.95 86.75 54.77 4.20 47.95
872 45.00 25.91 55.30 0.00 69.23
873 45.02 46.59 78.64 4.63 103.58
874 44.92 59.69 77.48 3.65 102.05
875 44.97 64.96 75.25 4.45 86.16
876 45.05 74.79 71.68 3.93 74.10
877 45.10 31.13 64.82 0.00 84.36
878 45.21 53.78 71.12 4.87 104.69
879 45.19 77.37 69.85 8.42 67.37
880 45.21 80.26 67.91 5.51 64.03
881 45.38 28.34 53.83 0.00 70.60
882 45.39 22.42 50.20 0.95 64.47
883 45.39 37.51 68.03 1.37 92.53
884 45.39 44.33 85.88 1.49 95.83
885 45.51 57.58 77.14 4.96 92.00
886 45.40 70.80 74.86 5.35 68.98
887 45.51 49.35 82.93 3.99 97.84
888 45.48 35.32 62.37 0.00 88.45
889 45.54 41.91 79.86 0.67 96.15
890 45.69 33.05 67.76 0.00 79.39
891 45.59 51.56 84.77 5.04 91.21
892 45.69 82.62 52.18 5.40 49.49
893 45.83 92.92 38.89 4.62 29.21
894 45.73 6.69 35.92 6.31 43.21
895 45.76 39.68 78.87 1.26 91.73
896 45.71 68.05 77.93 5.38 75.66
897 45.76 90.53 56.06 5.25 43.51
898 45.90 19.59 43.06 0.00 53.84
899 45.82 63.72 77.62 3.61 78.77
900 45.89 73.21 73.07 4.79 61.69
901 45.99 12.62 35.54 3.48 41.65
902 46.01 16.52 40.17 0.83 49.52
903 46.09 24.84 47.89 0.00 57.13
904 45.95 59.53 78.74 3.51 88.21
905 46.05 61.71 72.91 2.59 79.51
906 46.03 87.63 54.56 5.94 42.92
907 46.21 4.28 31.03 6.70 33.99
908 46.04 46.49 82.44 4.06 84.69
909 46.06 55.72 79.02 0.97 85.62
910 46.09 78.84 70.22 7.58 52.37
911 46.22 9.53 33.76 5.21 44.33
912 46.26 65.58 78.47 5.74 74.68
913 46.25 75.70 64.90 4.69 52.29
914 46.26 30.11 56.22 0.00 66.52
915 46.36 84.77 48.50 4.67 39.38
916 46.29 53.26 78.49 0.00 83.61
917 46.40 27.43 51.26 0.00 62.13
918 46.42 43.90 72.86 0.84 85.16
919 46.34 70.59 66.43 4.55 57.19
920 46.55 22.16 44.75 1.00 50.49
921 46.44 37.63 70.47 0.00 77.92
922 46.50 48.53 83.56 2.50 85.52
923 46.63 35.01 61.38 0.00 67.82
924 46.61 41.52 65.89 1.42 75.44
925 46.66 51.06 75.32 4.21 77.96
926 46.77 81.16 55.86 6.04 39.89
927 46.74 67.53 69.09 7.68 63.67
928 46.82 32.26 55.61 3.48 67.92
929 46.93 57.31 75.62 6.87 69.63
930 46.95 95.00 32.34 5.81 21.79
931 46.98 14.53 35.82 4.00 39.35
932 46.74 5.83 25.53 3.43 30.22
933 47.01 89.44 47.79 5.40 29.49
934 46.91 72.97 68.54 4.35 47.61
935 46.91 54.53 78.54 3.99 80.60
936 46.99 59.47 72.10 3.12 70.37
937 47.07 39.59 53.47 2.99 69.20
938 47.01 77.90 65.14 5.03 47.44
939 47.15 92.20 44.24 5.11 25.96
940 47.09 46.16 80.31 2.69 75.38
941 47.23 7.99 31.19 5.30 34.21
942 47.16 17.26 40.38 0.55 40.06
943 47.10 61.73 67.00 3.26 59.81
944 47.16 63.89 69.62 6.02 54.62
945 47.24 20.09 34.58 0.00 39.94
946 47.28 11.28 31.73 2.83 27.85
947 47.33 86.52 46.72 4.96 28.03
948 46.97 4.63 29.27 6.01 32.51
949 47.21 69.33 71.22 6.65 55.00
950 47.34 24.07 45.88 0.00 43.97
951 47.41 29.55 48.02 0.00 48.07
952 47.39 26.76 46.11 0.00 50.65
953 47.34 49.70 72.95 0.81 71.74
954 47.52 75.90 66.12 5.97 37.98
955 47.53 83.22 53.96 3.65 30.58
956 47.44 36.89 58.70 0.00 66.32
957 47.47 44.04 68.19 0.00 64.91
958 47.55 52.81 65.11 1.36 62.80
959 47.64 65.80 64.99 6.23 48.87
960 48.19 97.40 3.96 5.29 4.12
961 47.68 55.58 70.34 5.41 59.63
962 47.76 47.84 72.43 4.22 60.66
963 47.79 34.36 58.53 3.30 55.93
964 47.76 41.82 60.16 1.06 59.86
965 47.79 71.09 65.90 4.64 38.71
966 47.77 79.73 66.18 3.76 38.58
967 47.79 5.18 22.13 7.88 22.39
968 47.93 32.10 50.44 0.00 48.46
969 47.92 73.75 60.36 4.41 37.28
970 48.02 67.88 66.23 5.92 47.68
971 48.07 58.24 63.96 4.50 54.20
972 48.09 60.43 70.38 5.88 50.52
973 48.14 93.76 39.93 3.79 19.78
974 48.25 13.33 25.40 2.73 24.59
975 48.08 39.17 62.85 0.33 56.53
976 48.17 50.61 79.84 4.47 54.18
977 48.18 62.69 63.95 6.54 48.76
978 48.25 90.30 47.44 6.08 23.68
979 48.34 16.48 29.69 1.03 28.49
980 48.27 9.76 22.51 3.99 22.70
981 48.42 22.42 32.77 0.00 30.41
982 48.35 19.41 34.31 0.84 32.14
983 48.32 25.52 43.52 0.00 38.29
984 48.34 28.34 42.28 0.23 40.05
985 48.36 45.50 65.64 3.15 54.72
986 48.49 84.80 59.75 7.84 30.54
987 48.45 87.44 41.61 7.22 24.36
988 48.52 77.05 54.92 3.10 28.53
989 48.51 36.79 54.85 1.82 44.20
990 48.59 52.41 72.41 6.03 48.25
991 48.60 43.38 56.98 2.29 49.75
992 48.62 64.67 62.24 7.68 43.42
993 48.60 56.24 71.88 7.52 52.46
994 48.75 82.29 49.97 7.38 25.09
995 48.73 30.56 46.88 0.24 35.12
996 48.69 7.95 24.94 8.05 20.05
997 48.86 40.76 53.49 2.74 47.47
998 48.87 47.10 63.89 3.44 51.65
999 48.82 79.63 57.99 5.52 28.68
1000 48.88 54.20 72.58 8.69 47.73
1001 48.90 69.27 60.99 4.90 36.22
1002 48.78 71.84 60.19 6.17 32.23
1003 48.94 5.05 23.06 6.80 16.63
1004 48.88 34.60 49.24 0.00 41.51
1005 48.95 49.15 68.07 2.43 46.33
1006 49.00 74.18 51.24 6.58 31.03
1007 49.08 95.22 24.02 6.84 12.19
1008 49.11 92.02 43.88 6.64 21.66
1009 49.04 67.04 53.96 6.15 39.48
1010 49.30 32.67 48.01 0.00 32.78
1011 49.13 60.13 62.30 3.29 36.36
1012 49.22 57.90 63.21 7.00 39.01
1013 49.34 27.43 38.69 0.00 30.39
1014 49.44 10.89 24.42 5.92 18.60
1015 49.26 24.77 32.69 0.00 27.50
1016 49.36 38.56 51.15 0.00 37.78
1017 49.39 62.30 58.78 6.70 38.05
1018 49.36 14.13 22.13 4.21 18.26
1019 49.40 20.40 32.63 0.15 23.18
1020 49.52 17.33 22.09 3.02 20.41
1021 49.57 42.86 54.75 0.34 42.36
1022 49.61 50.96 69.06 8.02 40.13
1023 49.53 87.28 47.88 4.37 22.50
1024 49.66 45.01 62.06 4.59 40.48
1025 49.61 76.37 52.85 5.98 27.06
1026 49.62 70.80 60.03 6.42 31.15
1027 49.69 36.26 45.85 0.00 35.67
1028 49.63 64.94 51.80 6.52 28.85
1029 49.76 84.52 47.87 6.86 19.23
1030 49.77 30.02 37.13 0.00 27.71
1031 49.72 55.15 64.43 6.58 39.76
1032 49.99 97.55 6.05 6.59 2.72
1033 49.83 89.82 40.85 7.10 17.20
1034 49.86 52.95 62.15 4.67 36.20
1035 49.87 78.83 49.45 4.69 21.72
1036 49.87 81.36 48.47 4.64 20.93
1037 49.99 22.95 34.75 1.01 21.61
1038 49.92 47.06 56.47 3.69 33.37
1039 49.98 40.82 50.49 1.89 32.70
1040 50.13 7.55 20.09 6.92 14.55
1041 50.07 73.68 55.09 8.11 24.88
1042 50.17 49.13 63.81 6.26 31.23
1043 50.17 67.17 52.84 4.26 27.90
1044 50.24 57.46 58.15 5.71 30.43
1045 50.21 60.03 59.11 7.11 32.72
1046 50.28 93.18 42.78 7.97 15.22
1047 50.38 94.85 26.06 8.80 9.93
1048 50.36 34.55 42.06 1.98 23.93
1049 50.42 25.19 26.42 0.07 17.15
1050 50.35 69.17 55.04 5.91 29.10
1051 50.42 91.68 41.72 9.05 18.86
1052 50.33 27.86 32.69 0.30 21.44
1053 50.40 32.23 41.99 0.48 23.93
1054 50.66 4.71 19.23 9.35 9.69
1055 50.47 12.85 21.88 6.02 14.43
1056 50.42 38.23 46.01 0.61 29.28
1057 50.48 20.61 27.61 0.98 16.48
1058 50.46 63.01 60.11 5.72 27.83
1059 50.45 15.92 16.96 2.93 10.94
1060 50.60 71.52 47.64 4.57 22.60
1061 50.66 76.84 52.43 6.55 20.75
1062 50.71 17.26 16.93 2.08 14.71
1063 50.76 44.75 56.33 5.91 29.30
1064 50.69 55.43 54.53 6.03 28.22
1065 50.69 65.23 49.48 8.27 23.79
1066 50.76 88.17 44.58 7.00 16.04
1067 50.86 9.85 23.45 7.65 13.65
1068 50.79 42.57 49.80 7.19 26.21
1069 50.85 82.66 44.09 7.76 15.46
1070 50.83 52.24 55.47 8.29 28.76
1071 50.93 85.36 42.05 6.92 14.10
1072 51.04 29.56 35.55 0.23 18.88
1073 51.07 36.47 44.91 3.53 23.03
1074 50.92 47.27 53.81 4.86 27.54
1075 51.04 50.23 55.07 9.32 29.52
1076 50.98 40.01 45.91 2.43 28.83
1077 51.08 79.50 51.57 8.01 18.04
1078 51.07 74.47 47.83 6.49 20.84
1079 51.17 61.59 56.10 7.74 23.95
1080 51.19 96.87 8.28 7.38 2.84
1081 51.20 58.90 50.75 3.53 21.35
1082 51.30 18.93 23.34 2.90 12.80
1083 51.40 23.28 25.36 0.14 12.93
1084 51.42 15.01 18.74 4.35 12.46
1085 51.36 26.62 27.88 0.73 14.21
1086 51.34 69.10 47.41 8.85 20.07
1087 51.44 53.98 50.28 4.26 21.36
1088 51.50 91.48 40.01 8.66 12.06
1089 51.48 7.12 15.24 6.43 9.08
1090 51.55 33.91 42.10 4.36 18.86
1091 51.45 31.78 33.82 2.37 19.09
1092 51.55 66.93 55.31 10.64 22.18
1093 51.59 11.43 22.99 5.89 11.14
1094 51.66 94.34 28.61 8.70 7.52
1095 51.65 56.52 54.55 6.37 21.05
1096 51.61 72.04 43.37 5.91 17.45
1097 51.64 64.49 49.12 10.47 20.29
1098 51.73 45.64 48.87 4.61 22.71
1099 51.73 48.54 54.00 9.77 22.26
1100 51.72 12.81 17.30 6.66 11.63
1101 51.84 77.21 47.64 10.36 16.03
1102 51.93 38.27 43.39 6.18 15.96
1103 51.91 42.95 46.98 3.50 22.12
1104 51.89 40.75 43.51 5.81 20.08
1105 51.88 81.61 45.17 9.55 15.58
1106 52.01 4.08 17.08 9.56 5.99
1107 51.96 88.80 37.52 8.30 11.82
1108 52.00 52.06 49.41 11.23 22.28
1109 51.96 85.92 38.88 8.77 12.53
1110 52.15 21.19 22.75 4.76 10.05
1111 52.13 35.54 40.22 2.39 17.28
1112 52.10 60.54 45.76 8.84 20.31
1113 52.47 98.35 0.00 6.77 0.00
1114 52.18 29.33 28.31 3.00 11.62
1115 52.17 74.44 47.50 6.38 16.11
1116 52.35 9.38 16.30 6.51 8.19
1117 52.28 70.10 43.92 7.46 15.90
1118 52.43 50.06 48.09 7.03 19.16
1119 52.26 58.13 41.93 7.40 19.48
1120 52.35 63.02 49.11 12.15 17.05
1121 52.39 54.72 46.84 12.84 20.03
1122 52.32 26.59 27.16 1.79 12.58
1123 52.52 96.17 9.26 9.46 1.55
1124 52.44 18.33 16.70 4.66 9.53
1125 52.54 15.22 15.72 2.54 7.84
1126 52.49 32.12 35.75 2.80 12.02
1127 52.61 79.55 39.52 8.82 12.93
1128 52.57 47.37 44.27 7.63 18.66
1129 52.70 23.80 22.49 1.72 9.59
1130 52.68 67.62 44.87 11.17 15.59
1131 52.67 83.22 43.85 8.82 12.95
1132 52.66 44.61 42.39 6.07 18.79
1133 52.81 12.50 14.52 5.20 7.33
1134 52.76 65.32 41.03 8.41 15.45
1135 52.72 91.44 36.86 8.75 9.36
1136 52.89 6.64 16.63 9.23 6.32
1137 52.84 72.22 45.05 10.52 14.86
1138 52.88 39.69 37.15 8.92 15.06
1139 52.93 94.02 35.15 10.55 8.55
1140 52.98 56.46 51.54 10.95 17.22
1141 52.98 36.65 34.96 7.81 11.90
1142 53.08 42.01 42.45 7.22 13.35
1143 52.99 52.66 43.10 10.36 14.38
1144 53.00 76.01 40.28 9.06 12.12
1145 53.11 33.91 32.88 6.65 11.36
1146 53.09 59.55 44.03 10.22 14.42
1147 53.09 85.99 35.52 9.02 9.67
1148 53.26 30.55 25.47 3.11 9.91
1149 53.25 88.90 36.79 10.83 8.96
1150 53.19 62.08 42.01 11.02 14.12
1151 53.30 25.74 27.14 5.97 8.81
1152 53.37 28.32 27.94 3.03 9.43
1153 53.42 19.05 16.81 4.85 6.14
1154 53.37 21.53 22.94 6.25 8.13
1155 53.35 69.47 38.30 8.52 12.11
1156 53.42 50.64 45.46 11.88 16.08
1157 53.44 46.20 45.36 9.79 14.77
1158 53.54 10.35 17.19 10.42 6.14
1159 53.52 54.43 43.44 10.90 14.33
1160 53.62 16.07 13.58 5.56 5.96
1161 53.68 73.67 39.99 10.88 11.98
1162 53.62 78.00 44.30 11.44 11.29
1163 53.72 48.24 44.80 8.01 12.98
1164 53.63 97.24 0.00 7.88 0.00
1165 53.73 38.08 31.33 8.83 11.96
1166 53.75 44.04 39.54 10.41 13.17
1167 53.73 57.98 37.60 14.37 13.65
1168 53.75 82.90 34.95 10.06 9.30
1169 53.99 80.32 34.98 10.29 8.94
1170 53.93 65.34 36.64 13.83 12.24
1171 53.98 67.48 40.20 11.47 11.61
1172 53.95 35.12 29.32 7.22 9.33
1173 54.05 5.39 18.17 11.18 5.05
1174 54.10 13.14 13.49 7.02 4.73
1175 54.00 23.56 13.09 3.68 5.87
1176 54.07 32.63 26.72 8.61 9.57
1177 54.00 40.15 37.25 11.86 9.99
1178 53.93 93.33 37.73 10.71 5.99
1179 54.14 95.29 14.31 11.96 2.71
1180 54.08 71.23 39.40 13.11 11.29
1181 54.13 60.64 36.21 15.22 10.91
1182 54.07 63.07 40.05 13.65 12.18
1183 54.24 7.99 16.00 10.74 4.53
1184 54.22 90.20 33.18 10.88 7.39
1185 54.11 86.05 32.80 10.03 7.44
1186 54.29 92.16 32.06 11.89 7.15
1187 54.25 52.75 40.66 11.37 11.89
1188 54.23 56.13 39.42 14.70 13.16
1189 54.37 42.16 34.81 12.30 11.40
1190 54.28 75.59 39.45 11.75 9.10
1191 54.35 26.45 16.89 6.38 5.38
1192 54.31 30.26 25.26 5.65 7.03
1193 54.54 17.43 12.72 6.72 4.85
1194 54.47 46.04 39.34 14.42 12.49
1195 54.45 49.95 43.10 11.97 11.82
1196 54.58 20.25 14.24 5.58 5.11
1197 54.38 97.52 0.00 11.50 0.00
1198 54.68 36.93 33.11 10.12 7.28
1199 54.71 69.40 39.55 14.27 8.90
1200 54.77 58.76 31.80 12.91 10.03
1201 54.79 77.90 35.21 11.52 7.89
1202 54.97 88.31 31.78 11.80 6.76
1203 54.93 10.30 12.40 10.48 3.08
1204 55.04 28.41 16.33 5.03 5.27
1205 54.90 73.20 32.99 13.94 8.68
1206 54.92 81.54 35.16 12.82 8.61
1207 54.87 82.98 35.04 10.64 7.71
1208 55.04 98.11 0.00 11.87 0.00
1209 55.08 14.67 8.81 8.98 2.80
1210 55.04 22.83 11.47 8.25 3.25
1211 54.98 34.69 24.44 9.92 7.51
1212 54.99 39.24 30.05 13.33 8.08
1213 55.08 48.02 38.10 15.00 10.18
1214 55.01 54.84 39.23 15.23 10.70
1215 55.10 44.01 33.86 14.64 8.16
1216 55.02 63.45 33.45 14.55 8.77
1217 55.15 67.46 40.09 17.97 9.32
1218 55.27 84.87 36.83 14.82 6.98
1219 55.10 5.98 12.97 13.32 3.56
1220 55.21 32.69 20.75 12.12 5.00
1221 55.11 61.22 34.99 16.40 9.50
1222 55.18 51.58 36.97 13.09 11.06
1223 55.32 94.32 21.35 14.82 2.77
1224 55.34 65.38 37.00 18.51 9.30
1225 55.41 41.15 31.34 17.11 7.68
1226 55.44 57.15 33.87 15.84 7.90
1227 55.29 91.74 28.50 12.41 3.15
1228 55.47 25.58 14.48 8.81 2.87
1229 55.59 71.05 33.26 15.00 6.55
1230 55.52 76.08 33.30 14.11 6.10
1231 55.56 79.52 38.11 16.23 6.16
1232 55.65 30.78 22.10 12.16 5.15
1233 55.55 46.08 34.41 19.51 8.44
1234 55.70 6.99 8.18 11.82 2.69
1235 55.74 12.35 8.95 11.74 2.03
1236 55.75 17.28 8.94 11.51 1.97
1237 55.74 53.41 34.10 15.99 7.73
1238 55.78 20.55 9.53 9.52 2.52
1239 55.80 37.06 27.51 14.18 4.60
1240 55.89 49.63 34.03 20.56 6.63
1241 55.82 96.56 7.71 17.42 0.21
1242 55.95 59.47 34.16 21.19 7.85
1243 55.90 8.54 12.55 14.54 2.21
1244 56.00 82.13 38.81 11.89 6.32
1245 56.12 86.62 33.27 14.94 5.91
1246 56.02 73.68 32.74 16.38 6.94
1247 56.16 89.33 25.77 11.54 5.26
1248 56.06 34.33 20.33 12.55 2.95
1249 56.09 39.32 27.09 18.74 5.65
1250 56.12 42.69 27.68 17.30 6.47
1251 55.95 92.38 32.44 15.53 4.68
1252 56.59 98.44 0.00 10.42 0.00
1253 56.16 63.78 30.04 18.54 7.98
1254 56.17 68.50 30.83 21.36 6.77
1255 56.22 61.60 32.09 20.29 6.39
1256 56.27 4.22 9.35 16.16 2.21
1257 56.24 28.46 18.93 11.41 3.45
1258 56.31 23.63 9.82 11.94 3.18
1259 56.26 55.64 27.94 15.07 5.92
1260 56.43 66.24 34.28 20.84 7.32
1261 56.53 45.03 24.91 21.43 5.57
1262 56.41 47.46 31.32 23.19 5.72
1263 56.55 51.46 30.29 17.03 6.35
1264 56.80 15.32 7.47 13.28 1.63
1265 56.60 26.46 14.32 10.10 1.81
1266 56.59 76.31 33.58 18.37 5.29
1267 56.40 12.02 9.75 11.42 0.82
1268 56.65 84.58 22.23 14.82 5.36
1269 56.73 9.09 9.16 15.66 2.16
1270 56.70 57.78 29.74 22.80 5.92
1271 56.68 18.55 10.14 12.77 2.13
1272 56.73 79.84 30.38 16.41 4.92
1273 56.77 31.15 16.15 13.47 2.65
1274 56.90 95.23 13.87 17.35 1.07
1275 56.79 36.37 22.79 19.43 4.92
1276 56.86 41.16 30.66 19.99 4.84
1277 56.82 72.71 29.73 19.61 4.78
1278 56.74 11.03 8.95 11.43 1.85
1279 56.86 53.55 31.14 25.59 6.10
1280 56.89 70.31 31.26 21.08 5.96
1281 56.88 92.84 26.66 17.83 4.06
1282 56.97 6.36 8.48 17.35 1.19
1283 56.97 21.20 9.76 14.08 1.87
1284 57.07 33.44 18.96 16.73 3.21
1285 57.09 12.55 5.13 15.80 2.36
1286 57.18 39.00 24.23 22.39 4.91
1287 57.18 59.97 31.24 27.24 6.01
1288 57.15 87.55 25.19 14.63 4.02
1289 57.05 83.86 24.66 13.82 4.05
1290 57.16 49.54 22.34 22.39 4.72
1291 57.20 63.32 27.89 25.95 5.89
1292 57.41 24.98 8.84 13.86 1.17
1293 57.33 43.68 23.03 24.81 5.11
1294 57.54 90.49 27.18 16.74 3.26
1295 57.41 78.04 25.94 17.36 4.47
1296 57.48 82.43 25.65 17.46 4.04
1297 57.40 55.47 23.22 24.55 5.46
1298 57.61 47.12 19.66 27.63 3.16
1299 57.44 67.49 30.09 26.03 4.14
1300 57.44 27.64 12.22 12.55 0.11
1301 57.69 65.29 32.87 30.19 5.14
1302 57.43 96.20 0.00 19.70 0.00
1303 57.65 18.04 5.55 15.76 0.64
1304 58.19 5.38 4.27 20.11 0.78
1305 57.75 29.66 14.62 18.27 2.89
1306 57.86 35.08 19.17 21.47 1.64
1307 57.80 75.49 24.40 19.21 3.83
1308 57.87 22.62 7.74 13.69 1.30
1309 57.70 97.34 0.00 15.46 0.00
1310 57.79 57.84 26.23 31.30 5.09
1311 57.90 8.52 7.54 21.91 1.42
1312 57.87 69.74 26.28 26.03 4.84
1313 57.94 41.93 20.81 30.16 2.28
1314 57.91 61.77 28.23 27.74 4.47
1315 58.03 14.20 1.03 18.47 0.65
1316 57.90 31.96 16.30 18.52 2.08
1317 58.00 37.39 12.70 24.86 2.74
1318 57.91 72.82 26.18 24.96 3.50
1319 58.08 85.88 24.68 17.96 3.43
1320 58.24 11.01 8.41 16.87 0.99
1321 58.08 92.88 21.53 17.44 1.98
1322 58.19 44.98 20.96 23.93 2.09
1323 58.30 50.07 20.85 30.98 3.80
1324 58.26 80.72 29.98 23.30 5.00
1325 58.05 27.05 6.60 14.60 1.99
1326 58.32 53.76 18.48 33.47 3.34
1327 58.32 94.86 12.16 16.67 0.17
1328 58.31 39.66 19.23 28.03 3.46
1329 58.53 16.19 7.06 20.04 0.83
1330 58.58 20.00 4.22 19.29 0.80
1331 58.51 59.90 29.15 31.24 2.87
1332 58.44 91.24 22.23 16.95 1.47
1333 58.51 56.02 21.71 31.00 2.21
1334 58.49 78.29 27.90 20.90 2.18
1335 58.65 24.81 8.06 18.15 0.42
1336 58.62 67.10 30.63 32.64 2.89
1337 58.65 88.55 29.43 20.31 3.41
1338 58.55 64.07 24.20 30.13 4.88
1339 58.74 83.64 23.88 19.78 2.96
1340 58.85 33.31 12.98 23.12 1.77
1341 59.03 31.08 9.13 26.49 1.36
1342 58.72 46.65 25.28 35.83 3.16
1343 58.86 27.63 11.81 19.39 1.64
1344 58.89 43.26 16.86 32.68 2.17
1345 59.07 48.53 20.44 35.28 3.12
1346 58.93 69.52 24.04 35.83 3.88
1347 59.05 73.98 25.03 27.19 3.31
1348 59.10 76.16 22.75 24.20 1.93
1349 58.93 7.86 4.61 20.44 0.71
1350 59.14 3.61 4.35 24.89 0.00
1351 59.09 22.52 5.48 18.84 0.00
1352 59.11 58.39 26.71 38.19 2.60
1353 59.18 62.06 20.94 31.29 3.53
1354 59.05 35.68 15.77 26.97 1.18
1355 59.19 40.95 16.35 30.94 1.64
1356 59.27 51.91 16.63 35.64 2.25
1357 59.40 13.69 3.64 23.16 0.28
1358 59.29 38.13 15.38 38.34 1.69
1359 59.34 17.89 10.00 21.03 0.00
1360 59.36 92.53 18.41 20.48 1.82
1361 59.36 80.68 24.22 22.06 2.49
1362 59.47 65.09 24.86 36.56 3.48
1363 59.41 54.22 22.42 34.92 3.65
1364 59.59 45.35 15.53 37.23 2.20
1365 59.69 86.43 25.78 20.85 2.63
1366 59.42 36.47 0.00 29.57 0.00
1367 59.69 56.70 17.34 35.85 1.61
1368 59.77 89.57 24.00 22.06 1.30
1369 59.72 26.07 7.67 24.67 0.00
1370 59.83 29.00 6.54 26.11 0.54
1371 59.59 8.80 0.00 20.04 0.09
1372 59.76 10.97 2.40 22.25 0.12
1373 59.70 18.92 0.00 21.01 0.12
1374 59.76 50.10 18.48 37.50 1.17
1375 59.93 67.33 23.49 37.91 2.34
1376 59.94 77.74 24.75 24.01 1.69
1377 59.89 83.25 21.12 20.27 1.86
1378 60.00 69.41 22.02 38.99 1.71
1379 59.97 95.49 4.59 22.09 0.00
1380 59.99 33.90 9.33 29.91 0.00
1381 59.70 2.76 0.00 23.00 0.00
1382 59.84 43.31 19.99 36.64 0.77
1383 60.00 72.04 26.90 33.12 1.74
1384 60.09 39.20 15.01 39.71 1.09
1385 60.25 16.99 0.00 24.50 0.00
1386 60.10 23.23 3.63 24.73 0.00
1387 60.14 59.45 22.62 44.33 1.49
1388 60.19 47.18 21.52 43.61 1.01
1389 60.27 20.12 6.86 25.40 0.00
1390 60.17 61.54 16.43 38.50 2.66
1391 60.20 74.29 27.85 34.42 2.45
1392 60.36 36.33 10.03 38.74 0.71
1393 60.40 31.60 10.06 30.03 0.18
1394 60.17 63.70 27.32 31.15 1.75
1395 60.34 5.21 1.48 25.56 0.00
1396 60.38 15.47 0.94 22.50 0.00
1397 60.46 41.23 13.82 39.55 0.60
1398 60.46 52.29 17.83 42.85 2.21
1399 60.47 55.03 18.39 41.10 0.96
1400 60.48 80.52 18.30 24.74 1.14
1401 60.21 75.56 8.28 39.65 1.70
1402 60.50 93.55 14.09 24.49 0.18
1403 60.55 8.32 4.70 24.41 0.00
1404 60.32 50.03 4.40 36.30 2.10
1405 60.71 13.28 5.19 25.85 0.00
1406 60.76 10.86 6.58 26.55 0.00
1407 60.46 14.26 0.00 28.56 1.90
1408 60.75 65.85 22.30 39.59 1.57
1409 61.03 90.67 19.44 27.17 0.90
1410 60.84 25.63 5.07 27.27 0.00
1411 60.91 45.02 18.28 48.87 0.51
1412 60.86 48.80 15.94 45.44 0.98
1413 60.87 87.86 23.75 24.46 1.56
1414 60.83 29.53 10.62 30.79 0.00
1415 60.81 63.89 16.21 41.04 0.96
1416 60.90 70.00 26.21 41.25 2.33
1417 60.99 83.64 25.58 25.39 1.72
1418 61.09 38.36 15.96 44.36 0.42
1419 61.05 76.16 22.14 34.37 1.81
1420 60.74 91.92 21.19 28.05 1.97
1421 61.15 21.75 2.02 24.87 0.00
1422 60.99 28.00 11.37 29.19 0.00
1423 61.18 72.43 20.82 36.94 2.04
1424 61.17 33.94 8.85 38.75 0.00
1425 61.16 61.93 21.33 46.19 2.25
1426 61.56 17.51 0.00 22.57 0.00
1427 61.39 68.14 20.01 46.14 0.56
1428 61.37 78.43 21.94 30.75 1.12
1429 61.34 95.60 0.70 25.27 0.00
1430 61.49 59.98 18.58 49.03 0.43
1431 61.38 42.66 17.16 46.56 1.88
1432 61.49 51.55 17.62 44.42 1.11
1433 61.58 53.81 17.27 44.99 0.84
1434 61.55 56.02 15.43 43.51 0.51
1435 61.49 6.28 2.73 26.85 0.69
1436 61.57 46.59 10.86 48.50 0.00
1437 61.66 85.39 21.53 26.72 0.73
1438 61.69 36.05 11.69 44.45 0.00
1439 61.61 40.20 13.16 49.62 0.00
1440 61.57 13.73 4.58 25.36 0.00
1441 61.62 15.27 0.27 22.82 0.00
1442 61.71 30.84 7.92 33.91 0.00
1443 61.67 64.26 18.27 42.98 1.31
1444 61.68 81.08 24.59 31.16 1.78
1445 61.43 93.83 10.58 28.82 0.00
1446 61.79 92.79 18.65 28.23 0.00
1447 61.78 24.21 3.19 29.37 0.00
1448 61.62 27.13 2.62 25.66 0.00
1449 61.73 74.46 29.40 41.76 1.73
1450 61.81 49.61 15.05 47.40 0.72
1451 61.85 69.81 16.08 39.68 1.28
1452 61.98 8.58 2.67 26.77 0.01
1453 62.21 57.48 15.50 51.17 0.18
1454 62.21 43.87 11.67 53.32 0.37
1455 62.15 88.62 23.48 27.87 1.22
1456 62.25 20.04 3.29 27.70 0.00
1457 61.98 96.31 0.00 22.79 0.00
1458 62.19 33.22 8.26 41.66 0.00
1459 62.10 21.14 1.75 26.65 0.00
1460 62.30 38.03 12.28 50.02 0.00
1461 62.41 61.94 19.21 56.13 0.01
1462 62.37 28.29 3.96 34.59 0.00
1463 62.11 75.49 1.12 35.00 0.37
1464 62.58 91.16 23.01 32.84 0.31
1465 62.52 48.17 14.27 51.60 0.56
1466 62.41 66.33 22.44 41.47 0.86
1467 62.46 77.74 24.31 41.56 2.05
1468 62.51 83.25 24.44 34.85 0.83
1469 62.47 41.17 8.09 53.26 0.00
1470 62.56 59.27 15.90 51.15 0.00
1471 62.52 71.29 20.32 40.34 0.39
1472 62.64 46.05 14.25 57.81 0.09
1473 62.76 53.22 14.83 54.22 0.26
1474 62.72 73.41 23.15 39.21 0.64
1475 62.66 6.74 4.43 26.33 0.00
1476 62.62 12.11 0.00 26.98 0.00
1477 62.77 55.42 19.28 52.86 0.00
1478 62.62 14.47 2.62 23.76 0.00
1479 62.87 18.38 0.96 27.52 0.00
1480 62.85 23.05 0.51 29.96 0.00
1481 62.84 25.69 4.50 31.36 0.00
1482 62.83 35.54 6.03 44.76 0.00
1483 62.70 50.79 15.18 47.90 0.23
1484 62.75 69.14 23.26 42.18 0.47
1485 62.91 80.32 25.50 36.31 0.33
1486 62.59 21.85 12.39 31.08 0.00
1487 62.82 63.95 16.75 50.44 0.00
1488 62.93 31.06 3.87 41.62 0.00
1489 63.00 75.78 26.58 38.83 1.40
1490 62.91 10.27 3.19 32.40 0.00
1491 62.89 85.77 19.42 27.77 0.54
1492 63.21 38.51 8.67 53.42 0.00
1493 63.44 88.45 22.65 33.81 0.07
1494 63.46 33.52 8.24 48.51 0.00
1495 63.39 42.55 8.91 56.34 0.00
1496 63.21 7.48 0.00 24.37 0.00
1497 63.49 44.75 14.06 52.89 0.00
1498 63.49 58.00 20.39 59.76 0.00
1499 63.40 60.56 18.07 52.94 0.00
1500 63.50 65.75 21.30 50.65 0.59
1501 63.41 28.67 6.40 39.17 0.00
1502 63.47 49.35 11.01 51.88 0.00
1503 63.36 20.94 3.32 27.14 0.00
1504 63.46 67.86 19.87 48.75 0.06
1505 63.44 9.71 0.00 28.88 0.00
1506 63.72 13.47 0.55 27.23 0.00
1507 63.61 40.45 9.92 59.55 0.00
1508 63.71 72.69 22.76 40.35 0.14
1509 63.60 4.66 0.00 29.84 0.00
1510 63.73 62.66 18.10 56.63 0.00
1511 63.84 16.72 0.36 29.24 0.00
1512 63.78 47.23 9.92 52.80 0.00
1513 63.72 51.81 13.13 54.73 0.00
1514 63.70 78.12 26.32 40.49 0.09
1515 63.84 70.51 26.37 46.57 0.51
1516 63.82 90.55 20.31 30.81 0.00
1517 63.80 93.76 3.67 29.81 0.00
1518 63.80 55.99 16.42 54.73 0.00
1519 63.85 20.05 0.00 30.25 0.00
1520 63.96 25.08 0.64 33.16 0.00
1521 64.00 85.89 24.58 33.49 0.26
1522 64.05 35.78 10.04 53.15 0.00
1523 64.13 31.52 5.80 40.37 0.00
1524 63.93 75.30 28.47 42.05 0.46
1525 64.23 22.56 0.00 30.45 0.00
1526 64.27 27.39 3.88 36.05 0.00
1527 64.24 53.93 17.61 59.52 0.00
1528 64.21 9.30 4.17 29.50 0.00
1529 63.97 68.48 7.64 44.10 0.00
1530 64.31 80.55 23.94 39.25 0.00
1531 64.25 38.04 6.97 52.79 0.00
1532 64.37 59.41 18.93 53.49 0.00
1533 64.43 64.46 20.24 53.03 0.52
1534 64.54 44.53 13.45 57.26 0.00
1535 64.56 42.41 6.88 54.37 0.00
1536 64.60 49.34 11.66 52.47 0.00
1537 64.47 76.22 15.94 42.85 0.76
1538 64.70 40.25 9.96 56.08 0.00
1539 64.71 66.99 23.77 52.46 0.00
1540 64.77 29.54 5.81 44.36 0.00
1541 64.74 83.63 23.68 34.70 0.00
1542 64.62 19.56 0.35 32.26 0.00
1543 64.83 34.21 7.96 48.69 0.00
1544 64.78 51.42 12.18 54.99 0.00
1545 64.72 61.40 17.09 52.35 0.00
1546 64.76 73.81 26.29 43.95 1.00
1547 64.85 92.16 10.90 36.63 0.00
1548 64.86 46.89 10.85 55.38 0.00
1549 64.89 69.29 22.98 49.05 0.00
1550 64.89 88.32 22.79 33.94 0.00
1551 64.84 55.99 18.65 58.91 0.21
1552 64.94 71.63 24.86 38.61 0.00
1553 65.01 78.55 19.33 38.79 0.00
1554 64.94 14.20 0.62 29.73 0.00
1555 65.10 7.59 0.15 29.78 0.00
1556 64.98 10.77 1.14 28.32 0.00
1557 64.91 90.61 19.02 34.38 0.00
1558 65.05 16.93 0.00 32.31 0.00
1559 65.05 93.49 2.06 33.24 0.00
1560 65.16 24.13 2.56 35.29 0.00
1561 65.21 58.17 14.40 60.98 0.00
1562 65.35 32.09 8.83 49.96 0.00
1563 65.24 37.92 11.71 61.81 0.00
1564 65.18 12.61 0.41 27.18 0.00
1565 65.26 53.49 15.34 54.07 0.00
1566 65.18 19.33 0.00 33.21 0.00
1567 65.43 85.82 21.27 31.63 0.00
1568 65.42 62.82 20.91 57.27 0.00
1569 65.54 65.02 16.47 55.97 0.00
1570 65.48 81.87 25.40 39.89 0.00
1571 65.59 26.75 2.56 34.16 0.00
1572 65.56 35.93 7.39 56.46 0.00
1573 65.46 76.14 25.58 42.81 0.13
1574 65.35 5.49 0.00 27.77 0.00
1575 65.74 20.82 0.00 28.82 0.00
1576 65.54 45.06 11.57 50.81 0.00
1577 65.66 41.05 6.96 54.02 0.00
1578 65.75 48.31 10.88 60.17 0.00
1579 65.85 43.10 9.95 53.10 0.00
1580 65.85 60.50 17.95 58.89 0.00
1581 65.83 50.49 16.50 61.83 0.00
1582 65.75 67.49 16.91 50.37 0.00
1583 65.92 29.44 7.53 45.17 0.00
1584 65.89 55.32 16.46 60.14 0.00
1585 65.89 73.68 23.90 38.42 0.00
1586 65.96 70.67 22.66 48.54 0.00
1587 65.98 91.19 14.19 35.49 0.00
1588 66.01 89.25 14.38 35.25 0.00
1589 65.91 78.80 21.77 37.98 0.00
1590 66.13 80.01 16.87 37.89 0.00
1591 66.30 15.52 0.00 31.00 0.00
1592 66.16 38.70 7.54 57.57 0.00
1593 66.35 8.82 0.35 31.65 0.00
1594 66.27 12.27 1.00 31.46 0.00
1595 66.10 23.29 1.42 35.23 0.00
1596 66.23 33.43 3.76 45.22 0.00
1597 66.20 52.77 12.12 55.31 0.00
1598 66.41 83.78 19.85 33.62 0.00
1599 66.32 46.58 15.84 56.89 0.00
1600 66.27 57.55 12.72 61.94 0.00
1601 66.56 6.03 0.00 31.23 0.00
1602 66.49 18.36 1.57 34.17 0.00
1603 66.24 88.65 21.95 36.47 0.00
1604 66.51 77.26 20.68 44.62 0.00
1605 66.46 63.01 24.50 61.26 0.00
1606 66.66 86.38 21.90 36.90 0.00
1607 66.61 68.94 19.09 51.04 0.00
1608 66.69 30.75 4.76 46.95 0.00
1609 66.60 66.25 18.88 48.79 0.00
1610 66.74 35.67 6.79 49.64 0.00
1611 66.79 27.33 0.75 39.49 0.00
1612 66.83 44.59 8.45 53.71 0.00
1613 66.79 72.37 22.12 46.88 0.00
1614 66.45 87.70 5.51 39.68 0.00
1615 66.86 59.75 16.54 55.80 0.00
1616 66.87 80.79 23.71 34.57 0.00
1617 66.93 24.61 0.81 35.73 0.00
1618 67.01 40.37 8.41 56.14 0.00
1619 66.90 21.90 0.00 33.94 0.00
1620 66.86 50.59 10.98 49.40 0.00
1621 67.08 74.70 23.38 44.35 0.00
1622 66.77 92.72 2.49 34.00 0.00
1623 66.93 55.20 14.07 57.03 0.00
1624 67.07 42.46 6.24 50.21 0.00
1625 67.19 47.99 9.69 53.26 0.00
1626 67.20 64.72 18.83 54.08 0.00
1627 66.97 20.46 0.00 29.16 0.00
1628 67.21 37.91 9.75 52.33 0.00
1629 67.21 53.14 16.50 50.41 0.00
1630 67.42 13.47 0.00 31.61 0.00
1631 67.56 10.15 1.20 32.96 0.00
1632 67.39 61.91 15.03 55.69 0.00
1633 67.11 91.52 5.39 36.59 0.00
1634 67.44 32.25 3.83 44.18 0.00
1635 67.39 57.55 15.53 55.75 0.00
1636 67.52 70.25 21.67 48.96 0.00
1637 67.64 7.33 0.00 31.30 0.00
1638 67.69 87.57 20.66 37.62 0.00
1639 67.56 67.31 19.25 51.40 0.00
1640 67.61 77.00 21.40 36.13 0.00
1641 67.69 79.23 22.66 34.23 0.00
1642 67.77 16.18 0.00 32.14 0.00
1643 67.79 19.02 0.00 33.78 0.00
1644 67.41 21.10 0.00 32.90 0.00
1645 67.71 45.90 13.50 55.12 0.00
1646 67.75 84.87 20.51 37.39 0.00
1647 67.82 34.17 5.18 48.37 0.00
1648 67.89 29.99 3.50 38.35 0.00
1649 67.89 49.42 9.85 52.15 0.00
1650 67.86 27.29 6.15 38.85 0.00
1651 67.91 51.59 11.68 47.08 0.00
1652 67.87 90.80 7.35 32.79 0.00
1653 68.00 82.51 24.21 34.45 0.00
1654 67.92 72.57 17.41 43.56 0.00
1655 67.77 23.01 0.00 31.36 0.00
1656 67.91 59.92 17.04 52.11 0.00
1657 67.95 24.88 2.70 38.07 0.00
1658 68.08 54.73 11.70 47.55 0.00
1659 68.17 36.45 3.74 47.47 0.00
1660 68.16 63.54 15.35 54.25 0.00
1661 68.15 42.42 8.36 54.30 0.00
1662 68.27 22.14 0.00 31.75 0.00
1663 68.16 38.63 5.94 53.15 0.00
1664 68.38 44.42 9.27 55.45 0.00
1665 68.47 40.49 7.85 51.36 0.00
1666 68.17 92.55 0.00 33.24 0.00
1667 68.36 68.68 21.43 51.34 0.00
1668 68.44 56.67 9.80 50.57 0.00
1669 68.45 66.27 17.24 53.90 0.00
1670 68.62 75.95 19.53 36.61 0.00
1671 68.29 80.13 7.11 31.77 0.00
1672 68.77 6.41 0.00 30.26 0.00
1673 68.59 12.80 0.92 32.43 0.00
1674 68.59 47.62 9.73 50.79 0.00
1675 68.65 58.66 14.74 49.39 0.00
1676 68.57 10.70 4.42 36.10 0.00
1677 68.48 24.21 0.00 32.73 0.00
1678 68.84 32.65 5.74 38.78 0.00
1679 68.74 61.17 17.06 51.12 0.00
1680 68.75 89.20 16.29 36.21 0.00
1681 68.90 28.59 1.75 34.95 0.00
1682 68.76 52.86 12.13 49.20 0.00
1683 68.83 70.97 20.24 48.35 0.00
1684 68.89 73.71 19.81 42.85 0.00
1685 68.68 78.24 24.50 35.86 0.00
1686 68.89 20.14 0.49 35.55 0.00
1687 68.82 14.02 0.00 27.24 0.00
1688 68.94 16.77 0.08 31.88 0.00
1689 68.92 50.01 12.20 48.00 0.00
1690 69.00 84.65 22.28 36.84 0.00
1691 68.86 86.78 26.74 38.14 0.00
1692 69.00 35.13 5.05 45.72 0.00
1693 68.93 26.12 0.62 36.51 0.00
1694 69.11 92.09 0.00 31.69 0.00
1695 69.12 64.84 20.14 52.19 0.00
1696 69.13 79.10 18.81 32.67 0.00
1697 68.98 10.00 0.00 34.40 0.00
1698 69.34 46.60 12.76 49.34 0.00
1699 69.52 30.97 2.41 40.49 0.00
1700 69.47 39.14 7.86 48.12 0.00
1701 69.47 55.00 15.39 49.79 0.00
1702 69.38 62.79 17.76 46.54 0.00
1703 69.38 68.72 19.50 46.43 0.00
1704 69.47 41.97 10.00 48.89 0.00
1705 69.58 24.20 0.00 35.13 0.00
1706 69.44 44.38 11.23 46.92 0.00
1707 69.60 9.50 0.00 30.58 0.00
1708 69.70 37.10 7.52 45.87 0.00
1709 69.65 57.25 13.84 43.48 0.00
1710 69.65 59.81 13.68 46.39 0.00
1711 69.88 18.92 0.00 30.71 0.00
1712 69.95 66.16 20.34 46.59 0.00
1713 69.83 71.74 18.22 42.37 0.00
1714 69.95 12.47 0.01 31.63 0.00
1715 69.87 21.82 0.00 29.64 0.00
1716 69.93 87.30 19.61 35.34 0.00
1717 69.90 50.57 9.74 46.84 0.00
1718 69.90 89.56 9.14 37.18 0.00
1719 70.11 76.52 16.31 38.59 0.00
1720 69.83 81.37 18.14 36.13 0.00
1721 69.87 78.77 25.40 32.56 0.00
1722 70.10 28.70 3.04 37.56 0.00
1723 70.11 33.60 6.28 42.34 0.00
1724 70.17 73.98 21.52 39.51 0.00
1725 70.24 48.30 9.97 46.59 0.00
1726 70.27 16.10 0.00 29.26 0.00
1727 70.22 84.22 22.72 36.44 0.00
1728 70.42 26.44 1.18 34.11 0.00
1729 70.29 91.11 0.00 32.31 0.00
1730 70.42 40.93 9.13 42.94 0.00
1731 70.43 62.53 19.43 44.88 0.00
1732 70.47 68.22 18.69 42.76 0.00
1733 70.32 80.73 19.03 32.92 0.00
1734 70.52 43.95 5.74 39.69 0.00
1735 70.49 46.22 6.10 41.21 0.00
1736 70.63 35.57 6.78 39.74 0.00
1737 70.44 70.21 25.92 42.14 0.00
1738 70.69 55.49 10.66 39.94 0.00
1739 70.66 60.19 12.68 43.40 0.00
1740 70.48 21.41 0.00 26.40 0.00
1741 70.74 57.83 12.18 37.31 0.00
1742 70.81 9.77 0.00 32.92 0.00
1743 70.67 23.75 0.00 32.56 0.00
1744 70.76 38.56 4.59 36.42 0.00
1745 70.86 30.36 3.38 35.45 0.00
1746 70.74 53.29 9.68 38.90 0.00
1747 70.90 64.53 18.20 42.42 0.00
1748 70.93 86.34 15.00 35.69 0.00
1749 71.04 13.70 0.00 28.03 0.00
1750 70.90 50.06 6.26 44.86 0.00
1751 71.05 19.09 0.00 29.25 0.00
1752 71.08 7.45 0.00 27.99 0.00
1753 71.07 32.54 8.73 37.30 0.00
1754 71.26 72.64 17.91 38.77 0.00
1755 71.19 88.67 9.74 37.19 0.00
1756 71.19 79.40 20.65 35.10 0.00
1757 71.15 82.33 20.02 33.92 0.00
1758 70.99 70.75 10.60 37.60 0.00
1759 71.27 42.55 4.48 40.45 0.00
1760 71.35 75.59 16.92 36.10 0.00
1761 71.42 51.46 9.04 42.16 0.00
1762 71.36 66.90 21.54 41.32 0.00
1763 71.21 22.87 0.00 23.51 0.00
1764 71.57 27.82 2.65 31.73 0.00
1765 71.51 48.26 8.68 39.13 0.00
1766 71.55 25.23 0.81 29.03 0.00
1767 71.48 36.70 3.30 34.40 0.00
1768 71.53 40.12 4.67 38.44 0.00
1769 71.47 45.82 3.99 39.31 0.00
1770 71.56 62.00 12.71 39.06 0.00
1771 71.67 16.53 0.00 29.55 0.00
1772 71.81 21.32 0.00 27.21 0.00
1773 71.78 69.42 19.29 37.64 0.00
1774 71.76 59.72 12.12 32.93 0.00
1775 71.73 53.40 10.15 37.86 0.00
1776 71.92 55.47 8.52 32.91 0.00
1777 71.87 11.26 0.51 29.41 0.00
1778 71.84 85.51 17.24 33.99 0.00
1779 72.03 34.46 4.00 33.88 0.00
1780 71.88 57.42 19.04 36.10 0.00
1781 72.00 30.06 0.05 32.59 0.00
1782 72.06 78.14 17.73 33.12 0.00
1783 72.21 44.08 3.54 33.44 0.00
1784 72.21 8.61 0.00 25.11 0.00
1785 72.17 32.31 4.05 33.39 0.00
1786 72.28 13.70 0.00 27.66 0.00
1787 72.34 37.60 3.76 33.88 0.00
1788 72.25 71.69 22.77 41.28 0.00
1789 72.23 83.28 21.81 33.23 0.00
1790 72.35 41.80 4.58 33.81 0.00
1791 72.41 50.03 9.62 33.43 0.00
1792 72.54 18.71 0.95 27.45 0.00
1793 72.36 46.66 6.99 33.09 0.00
1794 72.37 66.33 14.48 35.29 0.00
1795 72.32 73.79 22.08 34.11 0.00
1796 72.46 89.53 0.05 28.99 0.00
1797 72.57 24.05 0.00 23.95 0.00
1798 72.60 80.56 19.61 30.92 0.00
1799 72.68 87.46 8.37 32.91 0.00
1800 72.68 76.40 15.41 30.38 0.00
1801 72.55 52.19 12.26 34.44 0.00
1802 72.59 62.54 14.90 39.43 0.00
1803 72.61 39.65 4.58 33.79 0.00
1804 72.68 26.96 2.80 27.90 0.00
1805 72.86 15.80 0.00 28.69 0.00
1806 72.80 68.36 13.95 33.29 0.00
1807 72.75 58.43 13.66 29.80 0.00
1808 72.93 60.52 12.71 27.48 0.00
1809 72.85 74.21 14.15 33.32 0.00
1810 73.03 10.62 0.00 24.03 0.00
1811 72.95 54.28 12.94 28.80 0.00
1812 73.09 21.27 0.00 26.53 0.00
1813 73.08 48.27 8.72 32.35 0.00
1814 73.31 56.22 10.95 26.37 0.00
1815 73.16 29.31 0.13 24.53 0.00
1816 73.20 36.54 1.17 28.27 0.00
1817 73.17 70.81 18.02 31.77 0.00
1818 73.11 85.15 21.65 35.12 0.00
1819 73.28 31.63 0.18 24.26 0.00
1820 73.24 45.73 7.70 30.48 0.00
1821 73.36 34.13 3.32 23.22 0.00
1822 73.26 65.68 15.07 29.41 0.00
1823 73.38 13.02 1.23 29.55 0.00
1824 73.30 43.64 3.79 28.41 0.00
1825 73.47 41.66 4.05 27.88 0.00
1826 73.58 77.76 18.31 29.12 0.00
1827 73.51 82.77 17.17 31.11 0.00
1828 73.59 52.06 9.56 28.96 0.00
1829 73.74 26.56 1.14 23.51 0.00
1830 73.55 62.73 10.70 27.17 0.00
1831 73.60 39.37 4.61 30.09 0.00
1832 73.64 89.71 0.00 26.13 0.00
1833 73.84 18.07 0.00 24.81 0.00
1834 73.82 24.42 0.00 26.03 0.00
1835 73.71 50.02 8.32 27.81 0.00
1836 73.67 58.19 12.43 24.15 0.00
1837 73.78 75.06 19.40 30.16 0.00
1838 73.71 80.16 21.53 31.25 0.00
1839 73.40 86.29 8.36 41.54 0.00
1840 73.68 87.18 8.38 33.88 0.00
1841 73.89 67.93 11.44 31.77 0.00
1842 73.85 15.36 0.00 23.98 0.00
1843 73.87 23.15 0.93 25.78 0.00
1844 74.07 60.54 10.36 24.49 0.00
1845 73.83 9.20 0.00 23.62 0.00
1846 74.09 54.08 7.00 23.96 0.00
1847 74.09 64.59 13.74 29.15 0.00
1848 74.30 37.40 0.51 22.88 0.00
1849 74.16 11.10 0.00 23.40 0.00
1850 74.13 21.57 0.00 21.33 0.00
1851 74.14 46.09 7.39 19.91 0.00
1852 74.19 48.12 5.51 25.73 0.00
1853 74.28 70.21 18.51 30.97 0.00
1854 74.40 84.72 15.54 33.63 0.00
1855 74.23 43.82 1.79 20.82 0.00
1856 74.33 28.66 0.02 21.93 0.00
1857 74.38 32.23 2.36 22.34 0.00
1858 74.39 35.22 0.62 19.33 0.00
1859 74.22 86.59 3.86 30.96 0.00
1860 74.29 88.75 0.00 27.71 0.00
1861 74.37 9.84 0.00 21.45 0.00
1862 74.38 14.89 0.00 25.63 0.00
1863 74.58 41.81 1.78 19.83 0.00
1864 74.57 56.22 12.41 21.08 0.00
1865 74.66 13.35 0.00 22.79 0.00
1866 74.63 77.56 22.65 25.08 0.00
1867 74.39 82.84 25.06 30.94 0.00
1868 74.69 39.60 0.72 17.31 0.00
1869 74.68 50.68 4.98 25.63 0.00
1870 74.79 58.42 12.24 25.41 0.00
1871 74.87 18.82 0.00 22.67 0.00
1872 74.60 62.60 12.94 24.00 0.00
1873 74.57 87.64 0.00 26.99 0.00
1874 74.69 66.13 13.27 26.82 0.00
1875 74.82 82.14 20.04 29.23 0.00
1876 74.76 26.11 0.00 17.01 0.00
1877 74.86 30.26 0.42 18.89 0.00
1878 75.13 52.45 9.48 20.02 0.00
1879 74.94 68.18 14.29 23.93 0.00
1880 74.90 74.78 19.14 27.30 0.00
1881 74.91 79.79 16.37 27.59 0.00
1882 75.06 23.59 0.42 16.68 0.00
1883 74.83 89.30 0.00 24.45 0.00
1884 75.09 48.41 10.58 21.43 0.00
1885 75.14 71.66 12.35 23.29 0.00
1886 75.20 46.21 7.26 17.34 0.00
1887 75.20 33.96 1.58 16.22 0.00
1888 75.26 43.75 0.00 15.69 0.00
1889 75.22 54.61 5.27 19.78 0.00
1890 75.40 16.18 0.00 19.52 0.00
1891 75.37 60.53 11.05 19.65 0.00
1892 75.45 63.84 13.62 20.11 0.00
1893 75.12 78.52 10.08 29.64 0.00
1894 75.60 86.55 5.32 31.52 0.00
1895 75.13 20.59 8.53 23.67 0.00
1896 75.48 37.15 2.09 14.78 0.00
1897 75.23 65.64 6.49 24.04 0.00
1898 75.49 10.81 0.00 20.69 0.00
1899 75.69 26.80 0.27 15.11 0.00
1900 75.42 31.54 2.32 16.70 0.00
1901 75.32 84.69 9.49 30.45 0.00
1902 75.70 21.21 0.00 17.77 0.00
1903 75.78 69.70 13.80 23.65 0.00
1904 75.91 28.86 1.24 13.13 0.00
1905 75.91 35.17 2.86 14.15 0.00
1906 75.76 50.80 6.06 16.14 0.00
1907 75.73 76.54 18.47 25.18 0.00
1908 75.70 57.52 10.76 18.31 0.00
1909 75.72 13.61 0.39 16.82 0.00
1910 75.60 72.31 10.36 26.31 0.00
1911 75.94 66.97 11.57 20.15 0.00
1912 75.95 82.69 13.48 24.93 0.00
1913 75.89 41.14 0.00 12.49 0.00
1914 76.04 74.26 15.81 19.88 0.00
1915 75.70 84.19 13.85 29.07 0.00
1916 76.03 18.64 0.92 18.80 0.00
1917 76.51 48.79 1.75 11.48 0.00
1918 76.03 79.12 14.01 23.09 0.00
1919 76.14 23.52 0.00 14.99 0.00
1920 76.11 33.15 0.00 10.97 0.00
1921 76.05 53.29 7.82 14.88 0.00
1922 76.01 31.17 0.00 13.94 0.00
1923 76.17 55.44 7.01 14.07 0.00
1924 76.08 44.24 0.59 12.01 0.00
1925 76.07 62.68 2.02 23.91 0.00
1926 76.20 14.47 0.00 15.76 0.00
1927 76.28 46.22 1.19 14.52 0.00
1928 76.29 61.49 7.56 17.52 0.00
1929 76.54 11.25 0.00 14.52 0.00
1930 76.42 64.76 9.46 18.45 0.00
1931 76.53 25.76 0.00 10.04 0.00
1932 76.50 59.55 7.35 15.86 0.00
1933 76.48 72.04 13.12 21.12 0.00
1934 76.62 38.41 1.30 10.85 0.00
1935 76.55 42.54 0.71 11.18 0.00
1936 76.83 57.59 8.76 13.36 0.00
1937 76.82 16.44 0.00 13.79 0.00
1938 76.70 51.54 5.06 12.20 0.00
1939 76.59 81.19 15.33 22.18 0.00
1940 76.83 29.91 1.43 10.15 0.00
1941 76.74 36.33 0.00 11.83 0.00
1942 76.92 19.95 0.00 12.68 0.00
1943 76.89 40.60 0.28 9.31 0.00
1944 76.81 68.53 13.57 20.83 0.00
1945 76.87 77.26 18.73 21.27 0.00
1946 76.93 34.13 0.00 8.73 0.00
1947 76.85 13.22 0.00 15.47 0.00
1948 77.03 62.77 7.66 14.48 0.00
1949 77.21 22.16 0.57 12.34 0.00
1950 77.08 32.80 4.03 7.23 0.00
1951 77.00 44.18 3.92 11.90 0.00
1952 77.08 55.07 3.49 12.91 0.00
1953 77.12 66.77 13.43 18.94 0.00
1954 76.91 23.18 0.80 12.35 0.00
1955 77.23 75.14 17.81 22.31 0.00
1956 77.21 82.86 12.86 23.78 0.00
1957 77.08 47.57 6.77 7.22 0.00
1958 77.26 45.83 1.45 10.63 0.00
1959 77.41 27.97 0.00 10.90 0.00
1960 77.27 80.57 15.29 21.26 0.00
1961 77.41 60.12 9.02 13.95 0.00
1962 77.46 70.47 11.89 17.01 0.00
1963 77.53 73.05 14.37 17.95 0.00
1964 77.42 79.21 15.64 20.46 0.00
1965 77.70 24.57 0.00 9.86 0.00
1966 77.49 34.89 2.30 7.43 0.00
1967 77.57 52.42 6.19 7.20 0.00
1968 77.46 12.93 0.00 13.25 0.00
1969 77.71 42.39 0.00 6.22 0.00
1970 77.44 61.63 5.14 16.12 0.00
1971 77.56 64.71 8.21 13.54 0.00
1972 77.54 36.87 1.38 7.59 0.00
1973 77.56 84.55 7.27 21.39 0.00
1974 77.62 39.44 1.66 4.60 0.00
1975 77.71 50.10 3.40 7.57 0.00
1976 77.74 44.54 0.00 8.08 0.00
1977 78.02 16.41 0.00 9.49 0.00
1978 77.92 19.78 0.00 12.81 0.00
1979 78.04 77.47 10.79 16.39 0.00
1980 77.73 38.07 0.00 9.89 0.00
1981 77.97 32.18 0.00 5.80 0.00
1982 78.15 59.05 10.55 10.78 0.00
1983 78.26 68.42 11.70 15.54 0.00
1984 78.26 66.47 10.80 12.97 0.00
1985 78.19 22.60 0.00 10.25 0.00
1986 78.32 46.81 0.87 6.62 0.00
1987 78.35 62.94 9.03 10.76 0.00
1988 78.08 80.14 6.14 22.04 0.00
1989 78.19 21.33 5.22 11.01 0.00
1990 78.07 36.97 0.00 8.28 0.00
1991 78.32 81.77 8.70 20.64 0.00
1992 78.26 34.54 0.57 6.91 0.00
1993 78.39 40.71 0.30 6.01 0.00
1994 78.38 14.01 0.00 10.57 0.00
1995 78.43 75.06 14.31 14.77 0.00
1996 78.40 31.41 2.00 6.27 0.00
1997 78.63 43.57 1.81 6.07 0.00
1998 78.61 56.17 5.60 9.57 0.00
1999 78.57 26.98 0.00 8.05 0.00
2000 78.58 51.97 5.15 5.87 0.00
2001 78.41 78.67 5.68 11.28 0.00
2002 78.71 60.85 9.78 8.33 0.00
2003 78.60 24.32 0.00 7.99 0.00
2004 78.51 36.73 3.56 3.81 0.00
2005 78.86 72.93 15.11 12.99 0.00
2006 78.60 83.57 6.31 18.71 0.00
2007 78.72 38.38 0.00 3.76 0.00
2008 78.88 29.38 0.00 4.38 0.00
2009 79.01 65.34 10.26 7.09 0.00
2010 78.83 34.11 0.00 5.50 0.00
2011 78.92 35.85 2.10 4.78 0.00
2012 79.09 18.63 0.00 7.70 0.00
2013 78.99 32.48 0.14 5.13 0.00
2014 78.92 48.90 3.25 7.45 0.00
2015 79.06 58.15 5.67 4.76 0.00
2016 79.19 45.19 0.23 3.76 0.00
2017 79.12 84.70 0.00 18.50 0.00
2018 79.22 77.49 13.31 14.91 0.00
2019 79.18 79.05 9.69 19.22 0.00
2020 79.41 63.09 6.28 9.76 0.00
2021 79.51 22.36 0.00 6.84 0.00
2022 79.56 24.84 0.00 6.45 0.00
2023 79.52 68.16 8.06 12.52 0.00
2024 79.64 52.96 4.25 5.74 0.00
2025 79.67 70.61 9.02 10.81 0.00
2026 79.55 80.07 12.16 15.34 0.00
2027 79.75 27.00 0.00 5.33 0.00
2028 79.37 43.32 0.00 3.85 0.00
2029 79.69 20.38 0.00 7.24 0.00
2030 79.54 30.78 0.00 4.10 0.00
2031 79.62 34.39 0.00 3.92 0.00
2032 79.58 60.13 6.95 7.72 0.00
2033 79.68 82.18 6.40 18.66 0.00
2034 79.75 55.63 4.48 2.92 0.00
2035 79.75 38.41 2.69 1.52 0.00
2036 79.74 75.56 9.86 13.90 0.00
2037 79.94 66.08 5.54 8.89 0.00
2038 79.96 32.79 0.00 1.59 0.00
2039 79.86 73.28 10.00 10.95 0.00
2040 80.04 57.93 2.84 6.32 0.00
2041 80.15 16.70 0.00 7.16 0.00
2042 80.46 51.40 2.11 4.06 0.00
2043 80.16 47.24 3.46 0.40 0.00
2044 79.98 30.20 1.04 2.66 0.00
2045 80.05 61.34 7.60 5.70 0.00
2046 80.28 49.28 0.11 0.93 0.00
2047 80.34 83.51 0.00 13.94 0.00
2048 80.29 40.72 0.00 4.19 0.00
2049 80.38 63.82 7.31 7.39 0.00
2050 80.19 18.56 1.26 6.12 0.00
2051 80.55 29.20 0.00 3.02 0.00
2052 80.28 38.80 0.00 3.77 0.00
2053 80.57 78.14 9.88 11.36 0.00
2054 80.59 42.60 0.00 1.48 0.00
2055 80.23 24.43 2.67 5.96 0.00
2056 80.71 35.37 0.00 1.00 0.00
2057 80.59 80.63 8.67 12.60 0.00
2058 80.75 21.82 0.00 4.80 0.00
2059 80.70 45.45 0.39 2.62 0.00
2060 80.67 56.45 5.54 2.81 0.00
2061 80.91 69.14 7.59 9.37 0.00
2062 80.48 61.27 4.23 3.80 0.00
2063 80.70 71.38 9.04 8.97 0.00
2064 80.89 23.83 0.54 3.98 0.00
2065 80.77 32.21 0.00 0.30 0.00
2066 80.90 74.76 9.33 8.93 0.00
2067 81.08 26.50 0.00 3.32 0.00
2068 81.01 66.78 7.50 7.88 0.00
2069 80.79 60.70 0.00 7.18 0.00
2070 81.25 19.25 0.00 4.62 0.00
2071 81.20 53.19 0.41 1.86 0.00
2072 81.25 62.46 5.88 3.81 0.00
2073 81.07 15.72 0.00 5.24 0.00
2074 81.30 30.39 0.04 1.30 0.00
2075 81.31 49.83 0.75 0.03 0.00
2076 81.40 64.75 7.56 4.70 0.00
2077 81.28 42.78 4.15 0.00 0.00
2078 81.39 60.01 5.04 4.95 0.00
2079 81.68 72.88 7.67 7.86 0.00
2080 81.47 16.91 0.00 5.99 0.00
2081 81.39 33.15 1.58 0.00 0.00
2082 81.55 22.52 0.00 4.56 0.00
2083 81.66 43.78 0.00 1.95 0.00
2084 81.64 47.51 1.10 0.00 0.00
2085 81.60 55.50 3.77 2.62 0.00
2086 81.73 76.13 9.14 10.84 0.00
2087 81.47 34.99 0.95 0.00 0.00
2088 81.36 37.04 0.00 4.68 0.00
2089 81.64 78.27 11.72 12.54 0.00
2090 81.68 45.88 0.66 0.00 0.00
2091 81.77 57.69 3.16 3.20 0.00
2092 81.87 79.94 7.12 11.81 0.00
2093 81.63 15.82 0.00 6.04 0.00
2094 81.94 51.85 1.29 0.66 0.00
2095 81.92 60.77 0.00 7.03 0.00
2096 82.08 27.00 0.84 2.99 0.00
2097 81.99 29.15 0.00 2.41 0.00
2098 81.94 34.09 0.12 1.35 0.00
2099 82.18 68.54 7.28 5.15 0.00
2100 81.98 31.70 0.00 0.00 0.00
2101 82.16 24.11 1.66 0.00 0.00
2102 82.28 64.09 6.15 3.19 0.00
2103 82.04 22.99 0.00 2.72 0.00
2104 82.25 41.90 0.92 0.00 0.00
2105 82.21 53.99 0.90 1.84 0.00
2106 82.16 35.46 0.00 0.00 0.00
2107 82.54 59.56 2.17 1.00 0.00
2108 82.34 66.06 5.58 6.32 0.00
2109 82.43 39.40 0.00 0.33 0.00
2110 82.19 20.51 1.09 3.43 0.00
2111 82.32 36.99 2.66 0.00 0.00
2112 82.72 19.00 0.00 1.89 0.00
2113 82.40 32.66 0.00 4.98 0.00
2114 82.75 74.52 7.64 9.83 0.00
2115 82.51 76.87 5.60 10.40 0.00
2116 82.93 21.81 0.00 2.01 0.00
2117 82.61 25.15 0.84 2.62 0.00
2118 82.79 44.02 1.37 0.00 0.00
2119 82.72 33.59 0.89 2.71 0.00
2120 82.76 29.06 0.00 3.86 0.00
2121 82.63 78.44 8.61 11.77 0.00
2122 83.08 79.61 1.40 10.43 0.00
2123 82.85 56.93 0.36 2.16 0.00
2124 82.90 36.35 0.34 0.10 0.00
2125 83.02 72.58 7.45 6.97 0.00
2126 83.03 46.13 0.97 0.00 0.00
2127 82.79 49.18 0.59 0.14 0.00
2128 83.08 32.11 0.25 2.34 0.00
2129 82.96 52.83 0.00 2.34 0.00
2130 83.09 70.36 9.42 3.83 0.00
2131 83.08 77.72 6.11 8.26 0.00
2132 83.18 26.24 1.29 1.26 0.00
2133 83.12 51.42 0.00 0.00 0.00
2134 83.19 67.04 4.87 3.95 0.00
2135 83.18 24.15 0.48 2.14 0.00
2136 83.28 42.12 2.05 0.08 0.00
2137 83.23 49.78 0.84 0.00 0.00
2138 83.58 55.20 2.16 0.00 0.00
2139 83.48 61.88 5.29 3.88 0.00
2140 83.36 19.84 0.00 2.43 0.00
2141 83.69 76.35 4.73 6.17 0.00
2142 83.62 53.39 2.23 0.00 0.00
2143 83.54 59.05 3.54 2.37 0.00
2144 83.44 46.27 1.80 2.07 0.00
2145 83.87 68.58 5.01 4.70 0.00
2146 83.73 39.89 1.91 0.00 0.00
2147 83.74 49.36 0.00 0.91 0.00
2148 83.81 64.94 3.83 5.14 0.00
2149 83.94 37.55 0.00 0.00 0.00
2150 83.78 47.63 2.01 0.00 0.00
2151 83.99 34.50 0.96 0.00 0.12
2152 83.99 57.25 1.58 0.91 0.00
2153 84.06 20.55 0.00 0.90 0.00
2154 83.79 73.80 4.51 5.54 0.00
2155 84.06 26.49 0.75 1.39 0.00
2156 84.22 71.47 6.03 4.66 0.00
2157 83.89 45.52 0.00 1.85 0.00
2158 84.12 51.44 0.94 2.02 0.00
2159 83.96 19.23 0.00 2.81 0.00
2160 84.18 28.44 0.00 1.24 0.00
2161 84.13 41.28 0.00 0.23 0.00
2162 84.18 30.42 2.19 0.00 0.00
2163 84.44 66.81 5.88 2.55 0.00
2164 84.30 43.68 0.00 0.00 0.00
2165 84.69 62.27 2.85 3.02 0.00
2166 84.49 18.81 0.00 2.45 0.00
2167 84.40 53.32 3.54 0.85 0.00
2168 84.45 74.14 4.81 4.41 0.00
2169 84.75 23.63 0.15 0.00 0.00
2170 84.52 45.77 1.52 0.00 0.00
2171 84.69 47.44 1.55 0.00 0.00
2172 84.76 77.64 2.59 7.03 0.00
2173 84.40 39.54 3.61 0.00 0.00
2174 84.55 49.91 2.94 0.00 0.00
2175 84.60 64.11 6.04 3.55 0.00
2176 84.81 36.10 1.96 0.10 0.19
2177 84.93 58.43 3.22 0.00 0.00
2178 84.56 21.42 0.00 1.02 0.00
2179 84.74 32.21 1.35 0.00 0.71
2180 84.81 55.77 1.81 0.00 0.00
2181 84.85 39.22 0.53 0.09 0.96
2182 85.01 51.72 0.40 0.00 0.00
2183 84.98 42.23 0.55 0.00 0.14
2184 85.45 26.04 0.01 0.47 0.07
2185 85.00 28.59 0.00 0.64 0.37
2186 85.25 70.39 5.14 3.67 0.00
2187 85.38 65.35 3.11 3.38 0.00
2188 85.21 75.07 3.76 5.87 0.00
2189 85.14 21.89 2.67 1.14 0.00
2190 85.24 49.34 0.00 1.01 0.00
2191 85.48 72.84 3.98 4.01 0.00
2192 85.48 38.02 0.40 0.00 1.19
2193 85.35 29.90 1.02 0.42 1.35
2194 85.24 31.56 0.00 2.55 0.00
2195 85.21 60.35 0.00 4.43 0.00
2196 85.44 44.87 0.00 0.00 0.84
2197 85.36 55.96 2.41 1.58 0.00
2198 85.54 23.18 0.00 1.63 0.00
2199 85.93 41.05 1.13 0.00 2.04
2200 85.75 61.55 4.14 1.43 0.00
2201 85.80 51.99 1.13 0.00 0.00
2202 85.93 48.24 0.42 0.00 0.60
2203 85.90 63.47 6.76 2.78 0.00
2204 86.02 32.28 0.36 0.00 0.44
2205 86.26 57.67 2.26 0.00 0.00
2206 85.98 59.41 3.42 1.08 0.00
2207 86.07 43.48 0.00 0.00 1.37
2208 86.07 50.38 0.00 0.53 0.00
2209 85.97 36.27 0.00 0.00 0.84
2210 85.90 68.68 0.37 5.77 0.00
2211 86.25 76.01 0.77 4.28 0.00
2212 86.17 23.57 0.38 0.00 2.09
2213 86.39 70.87 4.90 3.13 0.00
2214 86.38 67.74 6.48 3.16 0.00
2215 86.21 73.68 0.00 4.78 0.00
2216 86.39 34.71 0.00 0.00 1.65
2217 86.53 39.16 0.64 0.00 3.48
2218 86.36 54.58 0.00 2.17 0.00
2219 86.50 65.69 5.26 3.10 0.00
2220 86.54 25.77 0.20 1.90 1.02
2221 86.41 26.82 4.20 0.00 1.54
2222 86.66 53.29 0.00 0.00 0.00
2223 86.73 28.38 0.32 2.01 0.31
2224 86.69 37.53 0.95 0.00 1.90
2225 86.61 42.51 0.00 0.00 1.86
2226 86.98 60.78 1.82 0.70 0.00
2227 86.89 62.64 2.71 2.04 0.00
2228 86.95 73.11 2.15 3.07 0.00
2229 86.88 49.70 1.15 0.00 0.00
2230 86.78 51.05 1.47 0.00 0.00
2231 87.02 23.26 0.00 0.68 0.25
2232 87.17 33.52 0.00 0.00 2.06
2233 87.19 25.10 0.00 1.31 0.25
2234 87.27 46.31 0.00 0.00 1.49
2235 87.26 58.71 4.11 0.78 0.00
2236 87.49 48.65 0.59 0.00 0.69
2237 87.10 55.46 2.39 0.00 0.31
2238 87.30 21.46 0.00 0.04 0.00
2239 87.36 56.93 1.97 0.00 0.19
2240 87.79 63.37 2.20 1.52 0.00
2241 87.48 36.76 2.02 0.97 1.13
2242 87.64 30.47 2.04 0.00 2.04
2243 87.17 51.53 0.57 0.00 0.19
2244 87.41 40.02 1.16 0.00 1.76
2245 87.61 43.31 0.01 0.00 3.33
2246 87.34 71.73 2.13 2.43 0.00
2247 87.48 74.47 0.00 3.41 0.00
2248 87.48 38.46 0.00 0.01 2.38
2249 87.74 51.34 0.00 0.00 1.11
2250 87.71 55.21 0.00 0.00 0.00
2251 87.75 27.00 1.61 0.00 1.62
2252 88.03 32.04 1.04 0.00 1.47
2253 87.91 67.69 2.58 3.89 0.00
2254 87.87 41.46 0.00 0.00 3.40
2255 87.95 28.70 0.00 0.00 1.18
2256 87.94 71.14 2.51 1.75 0.00
2257 87.90 35.13 1.58 0.00 2.40
2258 87.82 52.88 2.73 0.00 2.65
2259 88.16 23.10 1.88 0.00 1.76
2260 88.21 25.10 1.67 0.00 2.99
2261 87.99 33.55 0.00 0.00 0.51
2262 88.29 47.35 0.00 0.00 2.48
2263 88.21 61.64 3.84 1.80 0.00
2264 88.35 56.64 1.68 2.08 0.58
2265 88.64 65.90 3.32 0.36 0.00
2266 88.24 54.51 0.00 0.00 0.14
2267 88.30 45.75 0.00 0.00 0.23
2268 88.62 60.54 4.29 0.24 0.00
2269 88.40 40.13 0.00 1.12 2.15
2270 88.67 44.52 1.01 0.00 4.41
2271 88.79 51.36 1.94 0.00 1.73
2272 88.59 33.36 2.61 0.00 3.68
2273 88.86 42.45 0.78 0.00 3.48
2274 88.84 69.96 2.52 0.97 0.00
2275 88.74 35.42 0.00 0.58 2.62
2276 88.95 39.01 0.63 0.00 5.08
2277 88.76 54.94 0.92 0.00 0.95
2278 88.90 28.50 3.43 0.00 2.85
2279 88.90 63.64 3.85 0.00 0.00
2280 89.15 26.00 0.95 0.00 2.14
2281 89.10 36.88 1.31 0.00 5.32
2282 89.27 68.10 2.97 0.00 0.00
2283 89.14 46.62 2.16 0.00 2.65
2284 89.42 48.65 1.02 0.00 3.50
2285 89.39 62.22 1.64 2.41 0.00
2286 89.25 30.27 2.28 0.42 2.98
2287 89.54 57.46 2.26 0.00 0.14
2288 89.41 55.00 0.00 0.00 0.64
2289 89.61 52.88 0.61 0.05 1.87
2290 89.64 24.33 1.37 0.00 3.31
2291 90.00 39.85 0.60 0.00 4.07
2292 89.72 35.47 0.00 0.62 2.78
2293 89.84 42.16 1.60 0.00 4.28
2294 89.58 70.05 0.00 3.89 0.00
2295 89.92 31.71 2.23 0.00 4.48
2296 89.91 28.37 1.68 0.00 2.94
2297 89.84 59.87 3.50 0.00 0.17
2298 89.94 34.18 2.95 0.00 6.47
2299 90.07 66.45 4.04 1.55 0.00
2300 90.14 63.98 2.99 0.00 0.00
2301 90.01 69.62 0.00 2.48 0.00
2302 90.04 51.04 4.72 0.00 3.17
2303 90.68 53.91 2.35 0.00 1.87
2304 90.39 68.74 0.00 1.64 0.00
2305 90.49 51.88 1.91 0.00 2.91
2306 90.55 61.76 3.17 0.00 0.05
2307 90.50 57.57 3.27 0.00 0.13
2308 90.71 47.84 1.67 0.00 2.90
2309 90.67 30.34 0.00 0.00 1.64
2310 90.74 33.25 1.77 0.00 4.45
2311 90.80 56.01 2.91 0.00 2.02
2312 90.87 46.05 1.49 0.00 3.72
2313 90.96 41.48 1.82 0.00 5.38
2314 90.78 26.31 0.00 0.78 1.77
2315 90.92 28.86 1.76 0.00 4.32
2316 90.77 37.49 1.31 0.09 1.69
2317 91.06 38.47 1.17 0.00 4.39
2318 91.02 58.93 3.47 0.04 1.30
2319 91.01 67.01 0.00 1.19 0.00
2320 91.16 42.92 0.00 0.00 2.38
2321 91.24 43.99 0.75 0.00 3.06
2322 91.30 27.74 0.77 0.14 2.99
2323 91.35 60.54 3.70 0.04 0.00
2324 91.46 26.11 1.82 0.00 3.24
2325 91.43 64.90 3.10 0.00 0.02
2326 91.48 48.52 0.00 0.00 0.00
2327 91.68 52.48 3.40 0.00 4.49
2328 91.79 44.54 3.83 0.00 5.92
2329 91.74 50.40 1.28 1.16 4.12
2330 91.80 46.58 0.00 0.00 3.60
2331 91.84 61.73 3.32 0.00 1.10
2332 91.85 59.25 0.63 0.00 1.10
2333 91.65 47.53 3.82 3.40 5.44
2334 92.06 33.50 1.32 0.00 6.35
2335 91.76 63.03 3.02 0.04 0.00
2336 92.14 39.89 0.76 0.00 7.43
2337 91.97 41.98 0.00 0.00 3.03
2338 92.15 65.42 0.72 0.00 0.00
2339 92.27 49.16 1.51 0.00 4.79
2340 92.16 35.70 3.65 0.00 7.39
2341 92.56 31.26 0.64 0.00 4.99
2342 92.28 63.57 1.49 1.50 0.56
2343 92.35 37.58 2.97 0.00 7.06
2344 92.66 60.48 2.43 0.00 0.89
2345 92.48 57.13 3.08 0.00 3.18
2346 92.71 53.36 2.26 0.00 3.85
2347 92.83 45.75 0.32 0.00 6.60
2348 92.87 62.69 0.00 0.79 0.00
2349 92.85 28.20 0.00 0.00 1.99
2350 93.19 29.68 0.00 0.00 5.47
2351 93.24 34.72 2.18 0.00 5.49
2352 93.34 43.66 1.70 0.00 6.89
2353 93.13 49.61 3.67 0.00 5.82
2354 93.35 61.21 1.82 0.00 0.96
2355 93.76 56.98 2.71 0.00 3.12
2356 93.60 47.64 3.82 0.00 5.68
2357 93.59 63.04 0.01 0.00 0.33
2358 93.92 32.03 1.03 0.00 4.97
2359 93.70 45.22 3.95 0.00 3.14
2360 93.71 58.99 0.00 0.00 0.00
2361 93.89 39.61 2.81 0.00 9.93
2362 93.95 37.35 1.89 0.00 5.39
2363 93.90 51.31 0.00 0.00 1.92
2364 93.83 54.35 3.77 0.00 3.26
2365 94.00 60.80 0.40 0.00 1.60
2366 94.10 46.31 3.96 0.00 7.46
2367 94.06 49.05 0.54 0.00 2.17
2368 93.94 62.25 2.16 0.19 0.10
2369 94.15 33.97 0.00 0.00 2.04
2370 94.29 55.79 0.47 0.00 2.05
2371 94.53 52.61 1.04 0.00 4.39
2372 94.57 54.38 3.30 0.00 2.21
2373 94.61 58.74 2.80 0.00 3.10
2374 94.84 49.78 2.90 0.00 5.21
2375 94.87 61.36 0.00 0.17 0.70
2376 95.02 33.29 0.60 0.00 2.93
2377 95.02 46.01 2.99 0.00 5.40
2378 95.13 39.22 0.46 0.00 4.03
2379 95.11 34.74 2.05 0.00 6.06
2380 95.04 51.74 1.54 0.00 4.13
2381 95.35 36.42 1.05 0.00 6.94
2382 95.19 53.82 4.87 0.00 5.97
2383 95.34 55.36 0.00 0.97 3.41
2384 95.33 56.87 2.52 0.00 3.65
2385 95.39 59.62 0.18 0.39 1.15
2386 95.39 41.99 3.28 0.00 8.24
2387 95.48 48.16 3.46 0.00 3.66
2388 95.91 51.60 2.03 0.00 2.97
2389 95.71 43.85 3.04 0.00 6.10
2390 95.53 52.68 4.52 1.61 2.98
2391 95.70 58.31 0.00 0.00 0.00
2392 95.87 35.20 0.00 0.00 3.61
2393 95.89 46.37 0.70 0.00 4.13
2394 96.26 37.81 1.79 0.00 4.91
2395 96.04 40.88 0.00 0.00 3.81
2396 96.34 48.69 1.03 0.00 6.71
2397 96.58 42.58 0.00 0.00 2.58
2398 96.31 47.24 4.59 0.00 4.49
2399 96.98 47.12 0.54 0.00 0.13
2400 97.51 43.08 0.00 0.00 0.46
2401 97.32 41.31 0.00 0.00 0.00
2402 97.72 40.60 1.15 0.00 0.00
2403 98.27 46.01 0.49 0.00 0.00
2404 98.36 44.26 0.00 0.00 0.00

