0.273
0.711
0.956
0.957
0.963
0.958
0.944
0.942
0.95
0.943
0.953
0.947
0.778
0.951
0.957
0.791
0.816
0.822
0.828
0.834
0.945
0.958
0.945
0.949
0.947
0.97
0.96
0.95
0.953
0.95
0.947
0.946
0.954
0.954
0.942
0.955
0.954
0.96
0.788
0.809
0.794
0.835
0.801
0.798
0.804
0.813
0.797
0.306
0.013
0.01
0.006
0.006
0.008
0.006
0.008
0.02
0.008
0.016
0.103
0.0
0.0
0.0
0.0
0.0
0.0
0.0
0.0
0.0
0.0
0.0
0.0
0.0
0.0
0.0
0.709
0.712
0.112
0.106
0.121
0.117
0.109
0.125
0.116
0.316
0.304
0.291
0.29
0.313
0.317
0.311
0.29
0.292
0.326
0.279
0.31
0.298
0.299
0.3
0.277
0.31
