0.118
0.523
0.994
0.996
0.995
0.988
0.989
0.99
0.993
0.991
0.994
0.997
0.89
0.996
0.994
0.897
0.91
0.919
0.914
0.91
0.994
0.995
0.993
0.99
0.993
0.993
0.994
0.99
0.993
0.995
0.99
0.989
0.997
0.998
0.991
0.996
0.993
0.993
0.891
0.914
0.899
0.932
0.907
0.909
0.917
0.904
0.915
0.114
0.0
0.0
0.0
0.0
0.0
0.0
0.0
0.0
0.0
0.0
0.016
0.0
0.0
0.0
0.0
0.0
0.0
0.0
0.0
0.0
0.0
0.0
0.0
0.0
0.0
0.0
0.477
0.492
0.04
0.033
0.051
0.047
0.031
0.037
0.039
0.128
0.141
0.133
0.125
0.116
0.121
0.144
0.126
0.106
0.139
0.125
0.128
0.142
0.131
0.118
0.102
0.12
