0.368
0.726
0.928
0.925
0.925
0.938
0.92
0.896
0.906
0.91
0.915
0.905
0.731
0.922
0.915
0.746
0.765
0.755
0.774
0.783
0.903
0.92
0.904
0.921
0.913
0.928
0.928
0.907
0.918
0.913
0.906
0.911
0.909
0.913
0.906
0.908
0.916
0.916
0.75
0.759
0.732
0.781
0.754
0.746
0.753
0.757
0.752
0.401
0.03
0.033
0.018
0.019
0.025
0.028
0.019
0.037
0.022
0.023
0.15
0.0
0.0
0.0
0.0
0.0
0.0
0.0
0.0
0.0
0.0
0.0
0.0
0.0
0.0
0.0
0.73
0.754
0.164
0.193
0.189
0.176
0.17
0.178
0.174
0.412
0.389
0.377
0.396
0.412
0.396
0.405
0.385
0.366
0.405
0.377
0.397
0.399
0.39
0.387
0.363
0.408
