0.185
0.631
0.987
0.981
0.989
0.977
0.977
0.978
0.984
0.98
0.987
0.981
0.853
0.989
0.985
0.863
0.867
0.88
0.886
0.881
0.985
0.989
0.98
0.978
0.978
0.99
0.983
0.981
0.981
0.982
0.977
0.975
0.985
0.984
0.977
0.99
0.984
0.984
0.857
0.875
0.859
0.898
0.857
0.863
0.873
0.875
0.874
0.186
0.002
0.001
0.0
0.0
0.0
0.001
0.0
0.002
0.002
0.002
0.04
0.0
0.0
0.0
0.0
0.0
0.0
0.0
0.0
0.0
0.0
0.0
0.0
0.0
0.0
0.0
0.59
0.622
0.059
0.054
0.073
0.075
0.057
0.069
0.053
0.182
0.192
0.199
0.172
0.184
0.189
0.216
0.176
0.17
0.205
0.171
0.186
0.202
0.202
0.182
0.167
0.184
