#<Embryo name> <Cleavage cycle> <Temporal class> <Genes>
kf4 14A 1 even-skipped knirps giant

#Quantitative data
#<Nucleus number> <A-P coordinate> <D-V coordinate> <Fluorescence intensity: channel 1 - eve, channel 2 - kni, channel 3 - gt>
0 1.73 51.46 7.45 68.83 6.00
1 2.31 47.73 10.01 69.39 6.11
2 2.73 50.00 10.95 71.84 7.17
3 2.80 52.47 9.70 68.20 5.75
4 3.02 44.27 9.63 69.16 7.79
5 3.40 45.29 10.67 68.67 8.69
6 3.65 48.12 11.24 68.01 8.60
7 3.64 54.84 10.24 71.23 7.62
8 3.46 52.21 11.90 72.09 8.09
9 3.73 57.52 8.33 67.31 5.21
10 3.68 42.27 8.84 65.00 8.42
11 3.93 40.20 9.16 63.03 7.75
12 4.15 45.86 11.69 71.30 8.67
13 4.04 43.28 12.97 69.75 9.33
14 4.12 50.70 12.00 67.72 11.00
15 4.19 52.87 12.54 69.22 8.72
16 4.34 59.46 7.11 66.12 5.25
17 4.18 56.37 10.16 72.21 7.00
18 4.90 50.42 13.43 75.16 10.60
19 5.01 40.71 11.64 64.21 10.82
20 5.01 43.43 12.11 69.31 11.45
21 5.05 47.91 13.94 76.00 11.49
22 4.78 52.30 13.79 67.62 9.57
23 4.88 54.40 12.44 74.58 10.57
24 5.09 56.54 11.80 75.26 9.44
25 5.70 45.66 14.15 72.16 12.45
26 5.51 38.45 10.83 57.51 10.54
27 5.62 58.76 12.29 76.08 7.56
28 5.64 41.49 12.74 61.66 12.29
29 5.82 53.61 13.75 76.17 12.79
30 6.06 49.66 16.51 81.51 13.66
31 6.19 56.68 13.57 77.45 11.80
32 6.67 47.66 13.47 72.51 11.77
33 6.61 43.73 14.09 66.01 12.96
34 6.38 60.52 11.23 69.56 9.03
35 6.62 38.50 12.45 57.27 12.51
36 6.49 40.41 14.61 61.73 12.19
37 6.68 51.47 13.38 77.83 12.78
38 6.54 53.30 15.90 78.00 10.47
39 6.86 58.83 11.14 69.58 9.89
40 6.65 41.89 13.50 62.21 11.91
41 7.03 36.64 11.93 48.06 11.55
42 7.25 62.11 11.31 68.93 8.00
43 7.34 64.57 8.15 64.99 7.04
44 7.70 33.56 10.62 40.16 10.96
45 7.39 49.43 15.77 78.15 13.12
46 7.53 53.86 15.03 71.93 12.53
47 7.58 45.66 15.59 64.94 14.42
48 7.77 39.29 13.68 52.35 13.86
49 7.45 55.77 15.47 77.42 12.67
50 7.88 59.78 14.68 75.12 10.40
51 7.74 41.22 11.21 56.74 13.95
52 7.71 43.11 16.33 61.33 11.73
53 8.08 51.83 17.33 80.62 15.16
54 8.04 47.76 15.19 68.89 13.22
55 8.04 49.59 15.77 76.16 14.21
56 8.25 66.74 7.72 61.95 5.66
57 8.14 38.24 12.90 53.43 12.67
58 8.25 42.02 14.34 59.72 13.17
59 8.25 64.12 11.03 62.66 8.92
60 8.52 61.23 13.54 71.01 10.26
61 8.43 36.53 12.94 45.98 13.25
62 8.21 43.26 17.80 63.70 13.25
63 8.61 58.54 16.41 77.35 14.35
64 8.56 44.81 15.40 68.53 15.54
65 8.49 55.85 15.86 78.68 14.33
66 8.98 53.57 16.43 72.43 14.32
67 8.85 41.20 16.34 52.87 14.75
68 8.80 33.08 11.98 37.85 12.85
69 8.96 47.93 16.86 74.84 14.75
70 8.83 38.11 15.81 49.19 15.19
71 8.71 64.35 11.91 62.64 10.64
72 8.82 39.50 15.22 53.28 16.38
73 9.14 50.49 16.61 74.67 13.27
74 9.00 56.92 16.48 74.65 14.55
75 9.07 62.90 14.42 67.83 10.89
76 9.09 37.33 15.42 49.92 17.67
77 9.11 44.63 15.43 67.07 14.86
78 9.41 43.50 15.67 59.00 15.34
79 9.43 30.06 8.70 33.95 9.12
80 9.49 32.23 11.39 37.44 15.19
81 9.44 40.88 16.95 53.38 14.67
82 9.54 37.99 15.97 48.19 14.87
83 9.83 45.80 16.41 69.73 15.16
84 9.74 60.66 16.14 73.37 14.12
85 9.72 63.44 14.25 64.02 11.40
86 9.71 39.55 16.71 48.54 15.46
87 9.93 58.68 17.52 74.86 15.35
88 9.74 65.33 12.97 62.16 11.13
89 9.68 42.23 16.48 58.24 16.14
90 9.67 48.73 16.50 79.40 17.10
91 10.11 56.38 17.90 74.16 14.77
92 9.82 31.02 12.93 34.79 12.89
93 10.12 51.58 17.29 74.52 16.08
94 10.02 43.05 15.92 58.69 15.77
95 10.41 68.23 12.75 62.78 10.62
96 10.31 48.88 17.30 72.53 16.61
97 10.49 32.07 12.84 37.47 16.04
98 10.37 40.68 17.88 51.38 15.00
99 10.71 38.61 18.23 46.51 17.63
100 10.66 42.20 16.00 54.30 18.32
101 10.61 44.04 16.66 57.68 16.55
102 10.29 62.87 19.33 70.33 13.00
103 10.50 65.17 14.23 69.06 15.35
104 10.68 35.94 16.04 44.74 16.83
105 10.98 46.91 16.18 69.57 16.11
106 10.94 61.32 17.62 74.67 16.47
107 10.82 51.90 15.28 76.36 16.32
108 10.99 29.92 12.96 34.54 14.10
109 11.08 63.18 15.58 68.59 14.75
110 11.10 59.46 19.21 73.95 14.97
111 11.38 70.42 11.70 57.49 12.19
112 11.30 49.20 18.07 73.48 16.68
113 11.17 33.30 15.42 41.50 15.25
114 11.53 56.10 16.95 77.73 16.72
115 11.35 44.74 16.84 61.44 17.54
116 11.26 64.69 15.57 63.52 15.74
117 11.47 53.87 17.79 78.02 16.53
118 11.23 68.09 12.39 57.50 12.44
119 11.48 57.97 17.98 76.34 15.54
120 11.74 36.87 18.32 46.85 19.12
121 11.66 38.75 16.20 44.88 18.72
122 11.66 42.40 19.63 54.22 18.37
123 12.01 50.98 18.20 79.71 17.42
124 11.78 40.65 16.89 45.96 18.51
125 12.10 67.44 14.71 62.24 16.39
126 12.19 31.32 14.33 37.52 16.30
127 12.08 34.51 14.66 40.28 19.31
128 11.97 32.93 14.12 38.09 18.59
129 11.82 49.80 19.80 75.20 18.30
130 11.88 52.05 18.50 81.25 19.25
131 12.27 65.20 18.07 66.35 18.17
132 12.29 28.76 12.57 32.65 16.05
133 12.32 62.90 17.97 72.78 17.01
134 12.15 70.01 13.35 58.78 13.32
135 12.38 43.96 16.89 56.48 19.11
136 12.45 60.66 18.33 73.69 18.43
137 12.48 26.51 10.90 28.97 14.83
138 12.60 48.49 18.94 70.85 20.24
139 12.47 58.33 18.58 84.40 20.01
140 12.57 46.32 18.31 66.21 17.99
141 12.78 40.12 16.04 50.24 18.83
142 12.76 37.98 19.24 44.99 21.45
143 12.56 35.93 17.06 43.31 17.71
144 12.61 55.09 18.20 80.11 20.74
145 12.94 52.42 16.69 80.37 17.69
146 12.88 53.75 17.66 80.05 20.32
147 12.83 25.22 10.10 26.50 14.90
148 13.22 69.94 16.30 57.31 19.05
149 13.15 33.74 14.94 40.05 21.13
150 12.79 50.15 17.57 71.00 23.00
151 12.97 28.45 14.12 35.31 19.88
152 12.99 44.47 17.39 55.77 18.65
153 13.20 55.64 21.20 85.63 19.10
154 13.39 50.71 20.79 72.42 20.08
155 13.27 67.13 19.45 65.91 26.36
156 13.17 26.35 12.37 31.00 15.79
157 13.45 57.12 19.72 79.08 20.30
158 13.25 64.60 20.08 65.72 22.85
159 13.51 72.04 14.50 55.62 17.50
160 13.60 36.66 15.81 40.73 20.05
161 13.49 42.93 19.00 56.92 22.27
162 13.76 60.06 19.66 70.80 20.48
163 13.62 28.25 14.79 34.78 19.79
164 13.81 62.55 20.00 65.79 22.34
165 13.40 25.71 9.50 38.00 14.00
166 13.62 40.19 18.42 50.18 23.35
167 13.69 45.88 19.76 60.97 22.93
168 13.81 65.91 19.52 68.23 20.81
169 13.91 47.97 20.05 66.43 23.35
170 14.10 54.56 18.36 77.34 19.53
171 14.05 52.25 20.75 82.41 20.85
172 14.06 24.57 9.74 30.38 15.90
173 14.29 26.89 16.20 31.54 23.04
174 14.08 41.63 17.23 50.14 18.93
175 13.92 57.28 18.17 73.42 20.00
176 14.46 68.70 19.19 60.18 29.30
177 14.50 58.11 20.28 76.03 25.76
178 14.61 50.00 20.20 71.00 25.28
179 14.58 67.23 18.59 63.43 22.35
180 14.67 70.73 17.17 61.45 25.39
181 14.73 65.00 21.13 67.09 29.66
182 14.81 73.79 18.38 59.26 26.44
183 14.55 63.66 18.94 66.12 22.75
184 14.80 31.71 18.35 37.68 28.50
185 14.74 28.45 14.67 36.67 28.00
186 14.80 40.80 15.60 46.30 20.80
187 15.16 41.88 19.22 49.76 26.05
188 15.29 46.77 20.75 59.70 26.60
189 14.84 32.77 15.50 39.58 20.00
190 15.25 44.38 21.90 54.44 27.95
191 14.96 56.54 23.41 78.44 28.44
192 15.22 53.95 20.85 80.00 29.32
193 15.23 60.53 21.32 68.48 24.81
194 14.91 61.47 20.80 69.00 28.50
195 15.21 52.17 19.59 75.97 26.05
196 14.87 59.58 17.00 67.50 18.50
197 15.22 34.61 17.57 41.76 22.67
198 15.29 29.18 18.05 34.32 29.73
199 15.41 62.89 21.02 66.71 27.75
200 15.51 22.69 13.45 28.94 19.15
201 15.46 55.84 20.13 80.53 26.32
202 15.21 26.17 14.80 34.20 25.70
203 15.37 33.32 21.38 36.84 32.31
204 15.53 68.87 21.21 61.83 32.79
205 15.59 65.99 21.23 63.35 31.70
206 15.70 48.91 21.73 69.46 31.09
207 15.62 76.17 15.83 51.58 20.27
208 15.93 58.31 21.26 78.38 28.04
209 15.78 71.95 19.34 59.53 30.19
210 15.93 27.13 19.87 34.76 34.43
211 16.15 50.84 20.80 73.85 30.40
212 16.28 37.27 19.66 43.54 33.64
213 16.25 44.66 22.06 59.95 33.94
214 16.35 41.94 21.93 48.50 31.98
215 16.29 29.30 16.72 39.14 24.19
216 16.34 60.97 23.00 69.71 32.21
217 16.08 66.36 22.60 61.52 26.16
218 16.43 77.93 16.74 49.04 23.56
219 16.54 63.42 21.10 67.18 32.31
220 16.48 53.65 23.56 79.18 34.73
221 16.47 24.49 17.82 30.22 35.45
222 16.53 56.10 24.44 80.11 32.45
223 16.69 47.45 22.91 59.62 34.25
224 16.36 71.49 20.47 57.00 36.88
225 16.50 31.12 20.09 36.78 41.26
226 16.75 67.94 25.41 62.89 37.40
227 17.16 33.26 21.62 37.17 38.35
228 16.77 51.68 21.31 80.25 29.50
229 17.22 65.54 22.81 64.18 36.22
230 17.19 22.47 16.69 28.02 35.87
231 17.03 26.99 19.42 34.70 43.52
232 17.23 36.42 20.35 39.19 35.60
233 16.85 39.98 20.25 43.96 35.08
234 16.88 45.37 22.49 56.88 30.68
235 17.16 58.76 22.80 72.98 37.69
236 17.11 49.56 24.63 66.76 34.81
237 17.27 72.38 25.37 54.96 42.08
238 17.37 40.91 22.60 47.65 39.77
239 17.35 29.82 21.96 33.92 42.34
240 17.02 77.80 14.00 42.75 23.00
241 17.48 74.92 25.55 50.12 40.55
242 17.63 54.61 27.77 76.02 42.11
243 17.24 60.99 22.62 67.88 36.88
244 17.66 61.61 24.79 67.16 34.12
245 17.27 68.04 22.00 68.14 27.14
246 17.44 24.47 14.86 37.38 29.14
247 17.66 51.92 24.41 71.93 41.02
248 17.43 79.17 18.24 45.10 22.59
249 17.78 56.60 26.05 74.98 37.33
250 17.83 46.07 27.41 59.23 43.96
251 17.56 60.20 18.89 68.00 26.78
252 18.04 48.30 25.69 66.28 45.89
253 18.11 25.63 20.59 34.72 43.50
254 18.05 68.27 26.59 58.11 47.12
255 18.08 63.12 25.55 65.34 36.98
256 18.19 76.76 23.94 48.92 34.31
257 18.01 32.17 21.34 37.40 44.21
258 17.99 78.39 23.41 50.70 25.22
259 18.27 41.90 25.20 47.44 47.54
260 18.27 34.95 23.12 38.55 45.90
261 18.18 38.47 24.87 43.83 51.92
262 18.49 20.79 18.95 28.34 44.44
263 18.45 58.75 26.58 72.97 43.48
264 18.28 70.65 27.03 57.54 41.41
265 18.37 71.99 28.32 56.12 41.72
266 18.39 73.93 26.12 52.60 37.04
267 18.51 50.32 27.38 68.88 49.32
268 18.20 66.72 21.58 64.08 30.50
269 18.54 23.39 22.02 32.19 50.58
270 18.77 52.75 30.15 72.13 52.11
271 18.77 64.66 26.92 64.73 42.01
272 18.70 28.64 24.41 34.07 50.17
273 18.29 45.60 23.25 68.50 36.75
274 18.58 65.83 28.61 61.82 54.85
275 18.85 27.34 21.52 34.82 50.93
276 18.82 60.61 28.18 69.07 46.92
277 18.66 32.24 23.14 38.51 48.02
278 18.79 54.76 29.50 72.78 51.64
279 18.89 44.97 24.51 48.76 54.29
280 19.16 56.86 28.56 70.65 50.83
281 19.30 30.56 21.96 38.96 49.24
282 19.24 47.07 28.90 59.41 57.12
283 19.32 37.95 26.35 43.10 57.16
284 19.25 40.28 25.70 45.49 58.67
285 19.02 74.44 30.55 44.80 45.12
286 19.14 69.74 31.86 54.64 54.63
287 19.37 62.97 31.16 65.59 51.73
288 19.32 67.45 31.57 52.96 58.67
289 19.49 42.86 26.95 48.16 59.39
290 19.55 35.76 24.71 39.85 56.15
291 19.55 49.27 32.86 66.12 61.61
292 19.71 76.99 30.83 43.15 44.71
293 19.40 75.49 22.16 51.79 32.47
294 19.85 17.84 18.04 27.02 42.92
295 19.79 33.10 26.12 37.36 57.59
296 19.34 71.91 22.00 56.00 34.83
297 19.68 72.88 30.58 49.78 49.52
298 19.75 20.73 21.41 29.52 50.17
299 19.67 25.69 24.61 33.02 56.26
300 19.74 51.38 31.85 66.01 61.25
301 19.80 53.91 31.63 67.24 60.59
302 20.09 22.99 25.44 33.76 55.93
303 20.03 58.60 34.84 71.52 57.54
304 19.82 70.39 30.76 60.90 51.26
305 20.19 65.02 32.80 60.31 54.48
306 20.24 28.58 25.84 35.45 58.18
307 20.13 45.27 32.28 49.06 66.40
308 20.11 60.89 32.53 66.57 59.95
309 20.14 55.93 31.81 67.69 63.49
310 19.99 81.24 25.69 45.14 29.94
311 20.33 26.41 25.43 35.79 50.11
312 20.62 40.19 30.85 43.25 71.42
313 20.53 47.86 31.64 52.19 61.87
314 20.57 74.76 35.01 45.33 53.93
315 20.48 79.74 34.49 42.51 44.94
316 20.65 42.44 30.60 48.04 72.04
317 20.65 37.81 28.64 41.50 65.68
318 20.67 68.62 34.89 54.15 58.40
319 20.29 72.06 33.33 58.17 47.50
320 20.76 50.34 34.84 61.55 64.83
321 20.68 31.28 27.57 37.81 61.57
322 20.82 35.12 28.09 42.06 60.33
323 20.83 52.68 35.81 65.57 69.92
324 21.13 62.64 36.65 63.12 60.15
325 21.17 72.41 36.74 48.91 53.62
326 21.07 57.00 37.16 72.25 62.99
327 21.14 77.67 34.78 41.54 45.55
328 21.15 59.96 37.20 67.73 62.78
329 21.21 21.18 24.69 33.94 53.27
330 21.21 17.60 22.21 28.32 46.90
331 21.26 24.55 26.76 34.28 58.17
332 21.18 70.76 34.24 54.15 46.50
333 21.10 32.25 27.35 40.05 65.05
334 21.41 44.29 34.95 52.83 74.23
335 21.30 65.32 38.07 56.37 58.81
336 21.50 46.35 35.24 49.87 69.74
337 21.29 28.91 27.67 37.15 67.05
338 21.65 55.29 35.43 59.35 63.01
339 21.61 81.29 30.50 35.17 34.98
340 21.66 30.04 28.26 38.35 58.72
341 22.03 32.73 28.35 39.47 64.15
342 21.75 48.93 37.74 52.44 74.36
343 21.89 67.84 40.34 53.49 58.26
344 21.88 75.26 35.87 43.17 49.00
345 21.96 37.47 31.80 40.66 72.25
346 21.99 39.73 33.55 43.22 75.13
347 21.90 42.03 35.16 45.70 74.78
348 21.96 51.42 40.13 59.54 70.70
349 21.98 53.37 36.49 63.10 65.96
350 21.94 58.44 42.92 66.17 71.34
351 22.05 35.20 28.95 38.23 71.94
352 22.30 27.30 29.92 36.80 59.42
353 22.22 61.40 40.94 58.94 61.95
354 22.45 69.97 43.55 52.94 60.81
355 22.56 72.69 41.06 47.93 58.50
356 22.55 18.15 25.76 31.65 50.34
357 22.47 20.88 28.64 32.96 58.57
358 22.57 78.35 40.77 36.55 48.59
359 22.38 80.49 35.32 37.65 44.40
360 22.68 29.76 28.15 36.34 60.48
361 22.70 47.71 43.70 52.82 88.57
362 22.70 65.68 43.31 53.76 57.87
363 22.61 14.97 16.84 28.08 36.55
364 22.76 45.53 38.94 49.56 79.26
365 22.68 23.81 29.98 36.41 60.54
366 22.76 56.81 46.86 63.41 77.07
367 22.83 63.31 47.86 58.84 64.62
368 22.85 43.45 40.23 47.70 84.10
369 22.87 54.57 44.82 61.36 83.20
370 22.98 59.41 48.35 64.50 76.67
371 22.96 50.27 44.74 53.81 81.36
372 23.20 83.17 38.52 30.20 41.70
373 23.14 41.21 41.53 44.76 87.21
374 23.20 34.48 35.71 37.96 80.49
375 23.29 36.72 36.44 41.45 81.98
376 23.22 38.83 38.99 46.35 83.77
377 23.25 74.86 45.80 46.95 58.72
378 23.38 15.82 28.45 28.10 52.39
379 23.32 68.05 46.69 49.75 59.39
380 23.12 80.60 36.49 35.84 45.41
381 23.48 31.61 32.69 39.57 70.18
382 23.50 26.04 32.80 34.56 67.16
383 23.41 52.53 46.75 54.10 79.95
384 23.62 61.45 51.70 57.16 72.71
385 23.70 71.13 54.05 49.09 62.99
386 23.81 20.17 34.50 32.94 62.31
387 23.95 23.20 31.91 35.03 62.90
388 23.90 28.77 37.03 37.63 73.48
389 23.86 48.81 45.54 51.55 85.09
390 23.90 46.76 50.94 50.79 95.78
391 23.87 55.46 54.10 59.11 85.50
392 24.01 57.62 56.66 58.84 84.46
393 24.05 44.60 50.65 48.74 90.51
394 24.08 65.92 55.72 50.55 68.80
395 24.20 85.88 41.39 26.01 30.55
396 24.14 63.49 55.62 57.75 71.65
397 24.12 77.26 46.81 41.75 56.19
398 24.38 79.94 49.57 38.11 52.68
399 24.23 33.48 37.93 40.51 84.20
400 24.27 42.40 44.69 45.80 89.46
401 24.39 17.69 33.41 31.71 58.79
402 24.22 39.99 44.73 43.10 86.27
403 24.27 59.83 61.98 56.55 82.06
404 24.34 50.75 54.70 54.91 87.00
405 24.43 73.88 51.85 44.90 62.21
406 24.19 81.98 44.38 31.58 51.21
407 24.42 37.35 41.61 41.78 82.87
408 24.85 14.04 28.82 26.54 48.93
409 24.50 68.96 57.03 51.13 68.01
410 24.62 52.90 59.43 52.88 88.73
411 24.83 35.34 47.39 42.79 89.86
412 24.58 82.89 50.41 32.91 47.84
413 24.98 26.53 35.58 34.58 63.65
414 25.06 32.01 38.35 38.97 73.11
415 24.87 54.80 56.76 55.50 82.77
416 25.06 71.48 57.74 48.85 66.85
417 25.10 29.40 38.26 38.25 69.36
418 25.17 20.97 33.27 32.80 59.09
419 25.10 46.70 58.58 49.95 94.01
420 25.14 62.35 68.02 57.59 83.15
421 25.25 23.35 36.49 33.63 69.56
422 25.18 58.15 64.84 56.00 87.54
423 25.23 49.08 61.40 50.98 96.54
424 25.00 84.89 50.11 27.41 48.95
425 25.24 38.64 49.70 46.50 88.35
426 25.33 41.06 49.49 46.48 90.46
427 25.33 43.92 54.24 45.31 90.90
428 25.32 64.91 61.97 52.87 71.28
429 25.20 75.94 50.42 40.96 59.50
430 25.46 76.98 54.44 41.11 58.33
431 25.46 60.24 66.26 61.23 79.74
432 25.43 67.92 61.64 50.67 72.40
433 25.55 16.33 36.08 27.13 59.64
434 25.57 56.26 69.79 53.94 95.38
435 25.72 81.97 58.33 32.36 50.26
436 25.60 51.74 64.76 51.84 86.74
437 25.54 83.74 54.28 30.85 50.50
438 25.86 74.06 62.53 41.91 62.49
439 25.99 79.02 57.07 36.89 58.20
440 25.75 85.24 53.70 27.05 38.60
441 26.05 19.13 39.14 33.46 66.12
442 25.97 34.34 46.63 43.94 87.59
443 26.11 36.86 55.95 44.52 94.32
444 26.05 54.17 74.14 52.36 87.30
445 26.10 30.78 41.91 39.89 78.51
446 26.26 12.90 35.44 25.70 50.84
447 26.22 45.58 62.26 49.26 94.51
448 26.07 80.55 67.55 35.03 52.52
449 26.34 71.32 62.27 47.28 66.23
450 26.38 28.10 40.33 37.09 67.09
451 26.38 25.35 43.12 35.71 69.61
452 26.34 39.45 58.68 46.47 99.39
453 26.37 42.45 63.77 47.52 99.14
454 26.38 47.97 68.27 52.72 97.83
455 26.38 50.14 70.71 50.55 93.15
456 26.36 62.12 76.17 53.55 78.54
457 26.38 66.47 75.21 50.13 75.29
458 26.42 58.27 76.32 53.63 84.44
459 26.51 22.62 40.62 36.19 69.17
460 26.68 64.26 79.13 51.17 73.36
461 26.63 68.95 77.69 49.51 76.83
462 26.86 76.17 60.31 39.61 57.50
463 26.92 32.53 50.47 42.78 83.14
464 26.82 52.25 76.57 51.43 92.79
465 26.79 83.75 63.36 28.70 52.61
466 26.96 60.18 72.47 52.13 73.86
467 26.80 85.25 63.71 29.95 48.41
468 26.98 17.12 44.46 33.05 67.60
469 26.88 56.35 79.75 55.78 93.23
470 27.29 81.54 61.98 33.93 55.70
471 27.11 44.20 62.93 45.85 84.73
472 27.28 34.60 60.43 44.99 101.02
473 27.23 40.87 65.11 44.27 97.87
474 27.28 30.05 52.49 37.06 76.57
475 27.27 73.38 67.15 42.58 62.69
476 27.29 19.57 39.20 34.35 69.59
477 27.34 54.27 86.67 47.99 99.02
478 27.37 86.97 59.87 25.52 39.75
479 27.49 36.62 65.98 45.66 101.14
480 27.28 79.13 66.43 36.86 58.03
481 27.49 14.17 46.32 27.55 61.28
482 27.42 20.87 44.84 32.96 72.16
483 27.12 22.30 37.92 34.83 65.00
484 27.49 38.58 62.40 42.07 96.88
485 27.42 46.75 72.42 49.20 93.90
486 27.53 26.68 49.07 39.43 75.56
487 27.53 49.57 76.46 47.03 98.33
488 27.62 67.26 81.88 50.94 76.23
489 27.70 62.44 89.41 52.20 84.82
490 27.88 24.15 50.79 34.90 68.22
491 27.77 70.13 78.63 45.64 66.96
492 27.83 11.30 42.53 26.73 44.11
493 27.96 42.71 74.97 48.59 104.16
494 27.97 58.14 82.07 47.82 80.15
495 27.91 65.02 94.35 49.51 78.08
496 27.71 78.10 70.13 37.57 51.03
497 27.95 51.88 90.84 48.21 101.07
498 28.15 56.17 93.30 47.85 97.11
499 28.04 84.14 74.85 31.17 56.86
500 27.99 16.45 55.14 31.77 72.50
501 28.18 60.20 98.19 51.77 91.86
502 28.27 31.52 58.80 42.16 82.70
503 28.21 45.00 79.42 50.18 97.74
504 28.34 28.79 55.02 38.95 79.03
505 28.35 74.83 70.86 40.77 60.52
506 28.40 40.46 79.53 47.01 108.60
507 28.51 77.14 73.09 37.02 59.37
508 28.42 22.01 59.38 34.99 70.53
509 28.48 33.87 68.64 44.94 94.22
510 28.42 12.30 47.01 24.38 48.15
511 28.47 18.91 57.04 32.83 69.77
512 28.46 47.99 88.23 48.36 95.74
513 28.54 72.23 80.39 41.71 70.00
514 28.51 54.05 101.70 50.78 98.16
515 28.60 79.36 71.88 36.96 54.47
516 28.65 86.80 69.48 25.76 45.48
517 28.81 36.06 73.70 46.09 99.53
518 28.77 38.37 68.75 44.16 89.98
519 28.76 50.25 104.02 47.75 97.05
520 28.84 68.32 95.78 46.17 75.60
521 28.98 82.68 75.89 34.71 57.40
522 29.01 26.58 58.90 36.40 74.55
523 28.94 63.92 110.28 50.66 84.92
524 28.97 80.54 71.01 35.45 50.14
525 29.11 15.32 59.45 31.34 63.13
526 29.04 61.52 106.38 51.61 89.60
527 28.95 21.16 44.80 31.23 64.54
528 29.24 66.19 108.66 49.39 84.46
529 29.25 23.76 59.62 33.72 71.68
530 29.24 42.17 83.66 47.40 97.88
531 29.33 59.09 106.35 50.27 87.70
532 29.34 46.69 91.69 47.55 93.15
533 29.34 52.31 111.88 51.78 98.27
534 29.31 44.49 87.28 48.98 98.20
535 29.45 70.58 89.09 42.85 73.54
536 29.42 56.87 111.65 50.89 100.28
537 29.47 29.87 73.13 38.94 87.24
538 29.46 32.31 79.17 42.71 88.78
539 29.62 12.31 62.21 28.96 56.67
540 29.64 54.63 111.18 51.10 98.57
541 29.64 74.09 84.78 38.96 68.58
542 29.71 19.01 66.76 32.43 67.03
543 29.41 24.86 62.31 34.56 69.75
544 29.79 40.06 97.44 47.62 96.70
545 29.72 88.08 74.68 25.34 44.67
546 29.73 49.43 112.63 52.48 97.77
547 29.88 84.65 80.13 31.37 54.66
548 29.83 34.50 83.61 45.51 91.49
549 29.84 77.01 79.00 40.04 63.03
550 29.89 37.70 92.40 47.48 95.39
551 30.08 21.78 81.60 34.39 82.94
552 29.94 62.95 126.21 50.26 89.26
553 29.86 86.12 80.15 28.36 40.97
554 30.14 27.83 75.83 38.38 78.22
555 30.31 79.70 79.97 33.58 57.58
556 30.47 89.97 66.11 22.47 35.01
557 30.22 82.45 89.89 35.40 62.76
558 30.33 68.14 89.82 41.87 65.33
559 30.41 25.42 66.10 34.63 70.52
560 30.32 43.27 105.49 50.29 96.06
561 30.41 65.38 115.60 47.49 79.19
562 30.35 15.29 77.75 32.15 66.84
563 30.51 60.94 120.66 50.89 91.20
564 30.44 47.70 108.86 53.08 94.15
565 30.46 51.97 122.85 53.45 96.23
566 30.55 45.53 111.58 48.28 99.91
567 30.56 31.89 89.07 43.94 87.80
568 30.81 10.12 65.11 26.10 48.80
569 30.64 36.11 96.85 46.14 90.42
570 30.67 56.51 118.79 49.35 91.68
571 30.64 58.70 122.24 50.08 91.57
572 30.80 17.78 80.60 32.04 67.08
573 30.66 70.80 100.31 41.76 70.88
574 30.81 73.53 93.57 39.91 64.88
575 30.82 41.09 108.62 46.82 94.88
576 30.77 54.36 120.09 50.56 91.99
577 30.90 29.56 89.18 40.43 85.04
578 30.85 86.93 75.43 27.54 46.70
579 30.91 49.73 130.55 51.09 97.05
580 31.09 23.35 80.74 36.16 71.96
581 31.02 12.95 90.31 33.95 70.03
582 31.02 38.66 109.78 47.70 99.19
583 31.17 33.87 101.79 45.64 87.77
584 31.07 63.24 122.50 46.16 87.00
585 31.24 76.17 79.94 38.19 49.52
586 31.33 20.53 81.40 34.26 71.94
587 31.47 66.71 117.37 46.26 81.09
588 31.43 82.66 82.11 32.75 55.01
589 31.65 84.92 85.15 32.03 53.71
590 31.58 27.14 94.49 39.51 79.27
591 31.44 42.99 118.83 49.03 102.78
592 31.65 69.22 114.97 44.06 78.95
593 31.66 51.50 136.78 52.18 97.26
594 31.74 15.60 88.93 32.18 60.97
595 31.70 45.21 125.18 49.77 98.84
596 31.68 47.63 126.64 50.68 97.35
597 31.71 59.98 130.46 49.47 96.80
598 31.74 79.98 89.88 33.80 59.40
599 31.77 90.82 61.58 21.40 25.94
600 31.77 53.47 137.25 48.39 96.08
601 31.79 31.08 102.08 40.93 82.80
602 31.82 35.81 109.79 45.26 92.90
603 31.85 57.61 130.88 51.18 96.19
604 31.96 71.86 103.70 40.76 65.98
605 31.97 88.30 77.34 25.45 44.64
606 32.04 24.91 89.48 37.90 68.91
607 32.10 55.40 139.58 54.19 97.45
608 32.10 64.80 122.38 46.32 81.78
609 32.08 40.25 121.76 46.55 99.95
610 32.08 62.23 128.75 49.24 91.84
611 32.15 74.43 103.82 36.90 65.14
612 32.13 37.80 123.10 47.81 100.51
613 32.26 18.37 89.20 33.54 63.89
614 32.26 49.81 141.18 52.08 99.58
615 32.28 13.17 85.85 30.60 59.92
616 32.38 28.94 108.84 40.60 83.05
617 32.49 22.58 90.97 36.23 67.24
618 32.40 32.84 116.71 42.30 86.30
619 32.52 10.45 82.81 27.33 51.76
620 32.44 77.33 100.82 37.56 63.71
621 32.49 42.50 127.91 47.54 97.07
622 32.68 67.71 116.11 43.95 74.75
623 32.66 82.73 84.78 34.11 55.34
624 32.78 86.01 82.89 29.70 44.12
625 32.84 34.66 125.96 46.51 95.47
626 32.92 81.30 85.88 34.35 52.43
627 32.79 45.57 135.56 50.73 100.06
628 32.88 47.94 140.12 51.86 97.47
629 32.84 52.96 145.07 52.91 98.17
630 32.94 58.81 125.25 47.26 81.54
631 32.93 70.22 112.88 43.50 67.24
632 33.02 60.98 135.48 49.77 91.41
633 33.12 26.24 105.67 39.27 81.54
634 33.15 20.44 94.29 34.84 67.69
635 33.08 90.19 73.40 22.98 34.65
636 33.21 16.03 89.42 33.22 59.66
637 33.11 56.73 142.89 51.80 94.88
638 33.14 63.64 130.27 47.61 86.88
639 33.17 30.97 126.35 43.47 93.62
640 33.30 36.60 124.30 45.48 92.62
641 33.22 39.09 131.54 50.88 100.48
642 33.32 79.27 93.14 35.55 57.33
643 33.50 72.56 100.26 40.99 60.36
644 33.36 75.42 99.27 38.09 63.53
645 33.62 83.78 83.72 33.55 50.53
646 33.41 50.88 135.61 49.42 93.60
647 33.51 66.19 116.39 44.18 78.07
648 33.46 43.65 133.99 47.52 95.38
649 33.63 88.00 80.97 27.74 40.97
650 33.57 13.33 94.62 30.75 60.44
651 33.62 41.46 118.15 48.56 82.05
652 33.65 54.92 153.54 50.72 97.73
653 33.72 28.68 118.99 42.02 80.62
654 33.84 23.43 101.38 38.52 68.07
655 33.78 33.23 126.09 44.34 92.57
656 33.80 17.89 104.04 34.10 72.65
657 33.91 10.54 93.81 27.78 49.87
658 33.87 46.72 146.04 50.80 99.14
659 33.97 68.89 109.01 43.88 69.37
660 34.00 49.05 145.82 50.35 99.59
661 34.03 52.92 145.70 48.07 94.42
662 34.12 59.48 136.38 51.53 87.10
663 34.13 62.00 117.73 47.28 71.78
664 34.24 77.06 80.84 36.48 44.95
665 34.37 37.73 120.70 44.85 84.33
666 34.32 57.20 128.93 48.15 78.58
667 34.31 64.23 126.26 46.44 81.06
668 34.29 30.77 124.02 44.38 82.35
669 34.43 35.15 131.79 45.76 90.03
670 34.41 80.85 91.00 36.09 53.65
671 34.26 18.68 95.89 34.89 56.03
672 34.40 26.53 118.15 39.03 82.74
673 34.47 20.71 96.82 36.22 68.59
674 34.45 39.99 133.78 46.76 99.19
675 34.41 44.76 139.90 50.11 92.28
676 34.47 90.10 69.57 26.81 34.19
677 34.68 85.96 78.89 29.82 44.64
678 34.60 74.57 100.94 38.97 59.97
679 34.50 78.42 77.45 32.97 49.89
680 34.71 71.08 105.97 41.21 61.28
681 34.87 7.44 77.06 26.24 45.05
682 34.78 66.25 110.33 46.97 66.51
683 34.85 13.83 99.12 29.89 55.20
684 34.84 51.63 139.84 49.88 90.80
685 34.96 16.59 102.26 35.16 59.57
686 34.88 54.60 138.61 51.23 90.53
687 35.01 24.61 109.96 38.77 68.77
688 35.08 42.91 129.40 49.76 82.86
689 34.97 32.68 128.32 45.32 87.52
690 35.05 47.32 138.44 52.90 86.62
691 35.24 11.28 108.06 29.89 57.26
692 35.20 28.26 117.60 41.18 82.27
693 35.15 82.94 83.74 33.50 47.53
694 35.13 49.51 143.42 53.41 92.25
695 35.10 60.69 138.73 46.80 86.84
696 35.27 68.74 108.26 42.63 62.46
697 35.30 22.47 102.93 38.93 57.80
698 35.38 63.41 125.34 47.88 77.71
699 35.46 36.41 127.16 45.25 90.07
700 35.41 56.69 128.82 52.19 72.85
701 35.47 30.30 133.34 41.96 89.68
702 35.51 40.84 131.60 47.43 94.12
703 35.67 19.40 104.16 34.43 63.38
704 35.60 72.97 100.87 39.75 55.35
705 35.45 76.22 89.23 36.97 53.30
706 35.67 88.05 71.90 29.08 37.92
707 35.54 45.29 135.90 50.74 88.32
708 35.74 58.87 127.98 47.11 78.03
709 35.66 38.60 133.96 47.12 91.12
710 35.77 79.70 76.97 33.27 42.42
711 35.69 91.50 67.54 23.69 28.36
712 35.74 34.22 126.60 45.62 86.93
713 35.77 77.43 85.75 37.82 46.52
714 35.85 52.80 134.28 52.08 83.91
715 35.89 21.76 100.28 36.77 67.19
716 35.92 66.71 114.25 43.76 62.24
717 35.89 85.23 83.04 30.13 40.99
718 36.21 26.82 116.57 41.44 75.66
719 36.18 70.62 110.33 43.41 62.17
720 36.21 54.91 127.87 46.28 82.38
721 36.21 61.42 126.63 48.54 74.36
722 36.19 13.59 98.80 31.66 55.03
723 36.20 16.58 104.82 35.52 61.76
724 36.22 24.29 113.11 36.88 69.04
725 36.20 50.38 129.18 50.53 82.57
726 36.26 31.67 123.44 43.86 82.45
727 36.40 6.89 70.03 25.31 40.53
728 36.41 10.36 92.65 30.51 51.60
729 36.27 47.44 128.62 50.40 77.47
730 36.38 64.77 114.38 45.65 67.05
731 36.46 81.95 85.84 33.43 44.11
732 36.23 83.96 77.71 30.07 41.36
733 36.48 41.98 131.92 50.66 82.24
734 36.55 75.01 93.05 38.26 51.09
735 36.59 44.44 133.30 49.63 82.25
736 36.67 57.18 131.76 48.22 76.39
737 36.79 29.28 121.65 41.15 78.10
738 36.69 36.21 132.11 45.09 84.22
739 36.75 68.39 99.89 43.36 56.42
740 36.80 89.76 74.93 26.37 33.25
741 36.83 38.74 120.43 47.40 79.09
742 36.83 33.57 125.16 46.65 88.41
743 36.85 86.71 76.77 31.73 38.82
744 36.94 92.61 60.76 22.18 27.79
745 37.04 77.77 83.64 36.78 41.84
746 37.00 19.20 100.58 36.16 60.21
747 37.01 59.74 123.22 48.77 70.96
748 37.02 72.58 97.87 40.24 50.45
749 37.20 22.37 105.19 37.55 65.50
750 37.08 63.19 113.39 47.91 64.54
751 37.24 51.75 126.28 48.46 77.91
752 37.27 49.37 129.24 50.91 79.90
753 37.25 53.93 127.40 52.94 76.05
754 37.33 25.24 109.60 38.22 69.97
755 37.31 14.99 100.08 35.01 59.21
756 37.14 84.94 75.49 32.43 34.11
757 37.50 40.46 133.06 46.74 79.89
758 37.38 47.13 130.10 48.64 74.31
759 37.51 83.44 80.50 35.16 39.88
760 37.64 5.89 62.60 24.07 29.85
761 37.55 9.60 84.30 31.33 47.98
762 37.64 80.27 92.35 34.48 41.96
763 37.67 65.49 100.06 45.38 56.18
764 37.68 27.41 117.93 42.44 76.14
765 37.62 31.63 117.54 43.74 78.04
766 37.65 70.61 96.73 41.05 49.50
767 37.73 55.80 120.08 50.36 69.64
768 37.89 12.45 90.37 32.05 53.65
769 37.72 42.65 123.12 50.63 74.51
770 37.79 44.99 128.13 48.32 73.68
771 37.85 62.00 117.24 45.72 63.16
772 37.76 88.19 76.29 29.76 32.35
773 37.84 34.34 119.82 46.19 71.87
774 37.87 58.25 126.00 50.33 70.21
775 37.86 75.13 95.92 39.16 44.70
776 37.85 36.80 122.12 47.96 77.12
777 38.13 17.64 93.97 34.97 53.82
778 37.91 68.10 104.34 45.51 51.94
779 38.16 20.66 100.52 37.22 60.58
780 38.12 29.49 124.20 44.64 76.25
781 38.17 90.04 69.97 26.49 28.36
782 38.21 93.22 55.64 21.71 19.28
783 38.03 86.96 78.52 31.55 31.13
784 38.27 91.41 69.79 24.32 23.70
785 38.35 38.87 116.19 48.93 70.33
786 38.33 52.98 129.88 51.75 71.86
787 38.52 77.44 86.55 37.41 38.80
788 38.55 85.37 88.31 33.38 35.77
789 38.45 24.69 112.16 40.21 69.00
790 38.40 49.65 122.83 49.77 69.80
791 38.54 73.05 97.89 39.97 42.41
792 38.55 60.21 121.79 48.20 61.14
793 38.50 47.21 124.29 47.60 67.55
794 38.75 15.11 86.19 34.12 54.05
795 38.66 82.46 81.58 31.87 33.87
796 38.68 8.09 79.01 28.51 44.54
797 38.86 41.02 123.59 47.13 68.90
798 38.79 31.81 110.09 45.05 71.40
799 38.78 56.60 132.72 50.35 71.09
800 38.86 66.75 102.42 44.62 46.71
801 38.97 10.89 85.41 31.79 48.15
802 38.88 43.20 123.08 52.90 67.93
803 38.79 70.01 98.72 42.32 44.51
804 38.94 27.15 107.61 41.29 68.67
805 39.02 64.60 116.06 45.46 57.02
806 39.12 22.62 92.63 39.65 55.78
807 38.89 34.52 115.65 45.84 68.35
808 39.06 45.27 125.32 49.13 64.95
809 39.02 62.45 104.45 45.38 52.30
810 39.14 79.35 84.51 34.23 35.60
811 39.08 36.93 115.17 46.93 66.78
812 39.17 88.07 74.30 29.63 27.85
813 39.15 51.17 126.77 52.67 72.73
814 39.27 54.53 120.14 51.58 64.98
815 38.96 80.56 79.29 33.24 30.82
816 39.30 29.47 118.61 40.59 69.84
817 39.37 58.44 123.08 48.68 59.77
818 39.38 20.19 92.48 32.98 54.23
819 39.55 75.06 94.44 40.48 34.45
820 39.66 13.27 86.71 31.00 51.05
821 39.73 17.85 88.72 34.99 49.35
822 39.59 91.00 66.81 27.22 22.90
823 39.50 48.19 124.94 46.40 66.30
824 39.62 39.05 111.30 46.67 64.22
825 39.61 71.82 100.72 41.57 38.21
826 39.69 68.50 100.14 44.76 42.75
827 39.72 24.77 89.87 37.45 50.13
828 39.74 33.09 112.68 44.75 61.68
829 39.82 60.54 117.32 47.28 56.22
830 39.88 85.40 74.89 31.49 25.67
831 39.97 8.10 80.77 29.75 36.56
832 39.98 52.46 130.17 46.24 61.48
833 39.92 82.56 77.02 33.78 27.94
834 40.11 5.31 60.77 26.21 26.10
835 40.06 35.29 113.20 46.85 58.60
836 40.03 42.88 121.61 49.97 56.39
837 40.28 77.29 84.54 38.33 31.12
838 40.16 31.19 116.12 44.72 56.79
839 40.15 56.81 114.50 50.75 55.79
840 40.17 26.95 110.74 42.72 61.17
841 40.28 65.48 103.85 44.46 41.87
842 40.20 45.43 120.62 53.20 56.83
843 40.27 49.91 124.36 49.44 58.28
844 40.34 15.73 84.23 34.95 48.50
845 40.40 40.61 109.63 51.00 57.50
846 40.25 62.88 113.26 46.14 50.10
847 40.34 10.75 76.05 30.27 43.64
848 40.29 80.06 88.69 37.91 31.03
849 40.41 87.45 74.86 31.68 25.92
850 40.47 37.44 110.77 44.02 57.14
851 40.52 29.23 109.80 42.26 56.68
852 40.56 73.37 96.91 42.46 30.81
853 40.60 22.98 96.90 37.88 49.03
854 40.60 70.40 105.91 41.74 35.18
855 40.63 54.19 117.06 48.56 55.32
856 40.70 20.52 84.35 37.64 43.90
857 40.61 47.57 120.76 48.45 58.97
858 40.52 91.42 67.68 22.28 18.40
859 40.84 59.91 110.10 48.63 49.67
860 40.85 68.07 103.05 43.43 39.20
861 40.88 92.40 65.18 23.80 16.80
862 41.06 13.33 78.60 31.80 42.49
863 40.89 33.06 109.10 44.90 51.70
864 41.03 83.99 79.49 33.18 24.28
865 41.11 25.22 101.02 40.61 52.69
866 40.99 90.23 67.33 27.97 19.76
867 41.01 88.63 70.15 28.47 21.39
868 41.06 51.51 117.60 47.11 53.91
869 41.15 43.36 110.36 50.96 51.80
870 41.19 18.13 73.63 33.02 40.95
871 41.24 56.07 124.32 46.72 51.13
872 41.40 6.56 61.63 26.02 27.59
873 41.25 35.39 107.58 45.55 51.37
874 41.44 75.02 87.27 36.52 26.91
875 41.43 58.22 118.64 50.03 48.51
876 41.39 62.13 117.17 48.21 44.22
877 41.34 27.59 112.39 42.08 50.76
878 41.44 45.90 120.50 49.03 50.94
879 41.53 30.93 108.86 43.80 49.86
880 41.48 38.11 116.15 49.46 55.05
881 41.53 66.46 102.93 44.26 35.58
882 41.42 80.35 85.04 35.88 25.91
883 41.51 48.79 116.89 48.87 48.05
884 41.69 10.04 65.59 30.97 31.78
885 41.61 15.96 77.62 33.97 40.89
886 41.51 40.49 116.33 49.89 54.07
887 41.63 64.28 111.30 43.99 40.92
888 41.56 71.86 102.40 38.68 28.70
889 41.72 77.62 75.80 35.28 23.84
890 41.68 86.80 72.71 32.27 20.68
891 41.60 19.20 78.00 33.32 36.68
892 41.85 23.12 94.94 38.41 44.38
893 42.00 54.24 113.26 50.11 44.71
894 42.10 69.45 101.55 40.55 28.90
895 42.01 82.77 92.16 34.94 26.90
896 42.02 33.19 103.50 41.53 43.93
897 42.08 92.08 71.79 25.87 16.75
898 42.02 51.90 113.80 46.92 45.28
899 42.29 20.91 80.21 34.97 36.99
900 42.18 29.01 110.97 44.37 46.03
901 42.10 42.31 113.00 48.94 47.78
902 42.27 12.56 69.50 33.55 32.61
903 42.21 59.96 110.48 47.12 40.62
904 42.18 94.77 44.60 21.00 8.52
905 42.31 26.06 99.87 41.14 44.22
906 42.31 36.14 109.64 51.60 45.67
907 42.33 44.48 113.41 50.51 47.01
908 42.38 49.74 123.32 50.71 45.75
909 42.44 56.89 113.06 48.77 42.61
910 42.57 46.95 111.41 52.95 44.41
911 42.41 5.07 52.58 25.40 21.88
912 42.61 18.12 76.03 35.50 34.09
913 42.55 62.35 112.75 48.70 38.43
914 42.59 85.25 84.23 34.28 22.00
915 42.64 38.39 111.53 49.36 45.38
916 42.61 67.00 107.11 42.74 31.49
917 42.63 72.49 101.05 37.91 25.20
918 42.68 75.02 91.01 36.60 24.78
919 42.65 80.36 82.95 35.44 22.10
920 42.75 40.53 119.43 51.07 44.63
921 42.79 6.38 52.86 28.99 21.30
922 42.91 8.40 57.04 28.80 25.54
923 42.86 15.24 67.16 32.58 33.11
924 42.82 64.69 97.46 42.09 29.87
925 42.88 30.81 101.33 44.87 40.23
926 43.07 77.86 85.82 35.73 23.60
927 43.02 23.78 94.58 39.29 41.54
928 43.05 34.09 109.20 44.20 43.52
929 42.83 94.10 43.11 21.21 10.05
930 43.05 52.99 112.69 47.92 38.98
931 43.22 10.73 61.52 31.03 28.23
932 43.24 59.40 113.17 47.35 35.70
933 43.29 82.99 74.61 33.05 18.65
934 43.27 28.36 105.24 42.48 39.01
935 43.27 42.65 117.37 52.28 40.40
936 43.28 93.19 55.80 24.04 10.89
937 43.35 50.91 115.65 49.87 35.53
938 43.40 54.92 108.14 48.23 37.38
939 43.39 68.69 98.07 43.28 25.63
940 43.39 87.29 65.66 31.98 17.42
941 43.41 48.67 116.03 51.99 40.26
942 43.48 70.96 86.26 39.88 21.26
943 43.57 90.67 65.18 26.35 14.45
944 43.53 21.31 79.97 34.58 31.89
945 43.50 26.05 96.21 43.65 36.31
946 43.44 44.91 109.65 48.26 39.91
947 43.55 36.20 109.13 47.23 40.12
948 43.59 56.95 111.91 46.71 34.37
949 43.60 61.81 110.81 42.89 32.95
950 43.68 32.18 116.77 46.47 42.18
951 43.75 13.27 63.05 34.19 26.79
952 43.79 18.90 70.55 36.19 28.96
953 43.78 38.42 113.82 46.59 40.36
954 43.76 66.27 102.36 44.67 27.50
955 43.81 4.84 44.92 24.75 17.00
956 43.92 73.20 94.97 40.65 23.24
957 43.84 75.73 88.93 40.32 22.75
958 43.94 40.46 117.74 49.87 35.88
959 43.95 46.82 111.03 47.92 38.11
960 44.00 63.97 100.44 42.32 29.57
961 43.94 80.25 77.13 34.60 20.20
962 44.05 16.50 68.76 34.87 25.86
963 44.12 85.03 66.53 32.64 17.58
964 44.26 7.76 59.27 29.07 20.13
965 44.26 23.35 81.05 40.58 28.34
966 44.25 30.12 103.63 47.13 35.32
967 44.35 51.87 116.44 48.91 32.22
968 44.35 58.48 110.17 45.60 30.31
969 44.47 33.67 108.72 44.13 34.68
970 44.40 42.54 109.84 48.71 33.49
971 44.41 10.05 62.49 31.29 23.08
972 44.49 27.88 103.99 43.23 33.70
973 44.53 49.66 108.00 50.02 32.80
974 44.55 53.97 107.06 50.49 29.96
975 44.53 60.66 104.86 47.06 28.79
976 44.29 88.44 59.92 35.08 14.20
977 44.60 44.72 105.09 48.06 32.24
978 44.58 70.03 83.47 39.00 19.84
979 44.74 77.61 73.82 36.54 20.14
980 44.70 67.71 91.68 43.35 24.36
981 44.72 25.48 89.38 42.43 28.69
982 44.62 35.86 104.19 44.58 33.67
983 44.80 92.01 53.78 26.00 11.33
984 44.75 56.13 102.67 45.87 32.08
985 44.80 82.68 77.59 33.80 19.53
986 44.82 11.23 56.70 31.74 21.70
987 44.89 21.15 75.18 36.42 26.70
988 44.79 89.57 57.61 27.81 13.88
989 44.95 3.34 30.89 22.26 9.82
990 44.86 38.05 104.90 47.86 35.66
991 45.04 86.67 67.98 32.70 16.49
992 45.01 18.57 67.64 36.03 24.07
993 44.94 47.72 101.52 48.72 32.19
994 45.01 62.80 97.78 43.76 26.83
995 45.00 65.40 97.54 43.16 24.22
996 45.01 74.76 83.33 39.67 19.84
997 45.08 72.24 89.28 42.46 21.71
998 44.91 5.00 51.71 25.38 12.38
999 45.07 13.25 63.11 31.55 22.58
1000 45.14 31.65 110.44 44.13 34.93
1001 45.10 40.22 101.01 47.73 28.80
1002 45.17 80.25 73.24 36.82 18.57
1003 45.44 16.04 64.84 35.75 23.75
1004 45.39 6.13 50.52 26.75 13.81
1005 45.60 8.91 59.35 30.02 17.58
1006 45.43 52.32 107.32 49.87 28.63
1007 45.46 58.13 100.93 45.98 25.21
1008 45.59 29.47 105.64 45.44 29.05
1009 45.46 42.59 100.37 50.12 25.85
1010 45.53 45.88 101.59 48.42 27.47
1011 45.64 34.11 98.94 46.07 28.00
1012 45.65 94.70 41.33 22.38 7.61
1013 45.74 24.20 83.55 40.13 25.81
1014 45.67 27.04 96.91 42.69 26.42
1015 45.73 36.49 101.75 45.95 28.14
1016 45.78 50.12 107.11 50.35 27.22
1017 45.69 54.71 107.00 47.81 28.58
1018 45.71 60.54 99.52 47.30 26.21
1019 45.75 69.72 85.18 40.22 19.91
1020 45.91 84.28 63.62 32.16 15.77
1021 45.89 88.52 54.86 28.03 13.67
1022 45.93 67.40 89.48 42.27 22.03
1023 46.01 91.39 58.23 28.27 12.36
1024 46.13 21.74 67.14 37.81 20.57
1025 46.06 48.09 106.99 49.55 28.32
1026 46.07 78.84 73.64 35.41 16.91
1027 46.05 38.67 101.36 44.37 27.88
1028 46.08 64.83 94.75 45.51 22.62
1029 46.14 76.42 68.31 37.48 15.64
1030 46.35 11.31 59.96 30.22 18.38
1031 46.16 62.52 90.78 44.79 22.83
1032 46.22 74.01 83.66 37.16 18.69
1033 46.18 44.20 101.69 47.94 27.03
1034 46.18 19.10 69.45 35.27 21.30
1035 46.30 71.81 86.72 39.89 19.70
1036 46.18 4.79 45.82 20.89 9.82
1037 46.23 41.11 99.43 44.69 25.61
1038 46.30 56.68 96.86 47.31 25.20
1039 46.41 81.45 63.50 35.53 16.85
1040 46.34 14.02 65.37 33.34 20.81
1041 46.34 32.39 95.97 43.53 27.22
1042 46.49 6.83 53.82 25.72 13.84
1043 46.70 86.53 56.32 32.89 14.99
1044 46.54 52.15 102.37 47.40 26.19
1045 46.61 58.94 98.26 46.48 23.51
1046 46.82 16.53 65.03 33.55 20.03
1047 46.78 26.10 83.89 39.52 20.91
1048 46.79 28.36 86.70 40.77 22.63
1049 46.84 30.47 89.97 45.32 24.16
1050 46.68 35.43 99.96 49.00 25.72
1051 46.71 46.11 100.77 49.49 26.96
1052 46.85 54.45 98.03 50.10 25.73
1053 47.00 93.40 43.53 24.92 8.51
1054 46.97 23.72 76.53 38.21 21.34
1055 47.04 95.45 30.57 20.48 6.23
1056 46.75 5.06 42.75 26.44 11.81
1057 47.12 8.98 57.90 28.57 14.46
1058 46.97 42.76 95.77 48.06 28.00
1059 47.06 70.12 84.62 39.72 17.65
1060 47.02 67.64 90.33 42.24 18.30
1061 47.05 39.78 97.58 44.88 24.37
1062 47.13 50.26 95.36 48.81 27.56
1063 47.21 37.42 94.27 46.59 23.26
1064 47.18 60.81 93.86 47.24 22.92
1065 47.28 83.44 62.71 34.02 14.78
1066 47.22 65.32 89.38 39.46 19.94
1067 47.21 90.08 56.36 29.06 12.67
1068 47.25 63.07 89.37 45.32 21.33
1069 47.31 78.03 66.88 36.72 16.23
1070 47.26 47.99 103.02 49.84 25.02
1071 47.35 75.23 75.56 37.29 16.69
1072 47.46 3.18 29.80 20.22 8.23
1073 47.40 19.07 67.36 35.83 19.24
1074 47.43 34.07 93.47 45.82 23.47
1075 47.54 21.40 67.34 36.77 18.41
1076 47.37 56.69 86.12 45.38 22.06
1077 47.56 13.18 59.11 32.47 17.85
1078 47.55 72.42 81.78 40.31 17.00
1079 47.55 44.74 91.73 48.45 25.11
1080 47.71 88.29 56.01 29.97 13.51
1081 47.64 32.08 81.80 45.01 21.57
1082 47.89 4.99 41.56 23.90 9.99
1083 47.69 80.52 72.88 35.93 17.46
1084 47.65 52.79 96.91 46.81 27.42
1085 47.65 6.30 49.86 25.88 10.95
1086 47.84 41.20 93.41 47.58 24.28
1087 47.87 58.60 94.15 47.42 23.80
1088 47.96 25.52 79.77 40.23 19.41
1089 47.97 27.91 88.20 43.46 22.08
1090 48.09 85.81 55.38 32.89 15.34
1091 48.01 69.01 87.57 41.60 19.72
1092 48.26 11.13 55.92 30.61 14.79
1093 48.00 15.80 55.19 35.01 17.56
1094 48.09 94.80 35.87 23.31 6.67
1095 48.15 30.17 91.18 41.49 22.97
1096 48.07 7.81 55.94 30.20 12.52
1097 48.17 55.11 93.73 48.79 23.61
1098 48.26 23.21 76.49 40.20 19.84
1099 48.26 36.48 87.87 47.85 23.52
1100 48.16 38.99 83.16 47.42 21.10
1101 48.24 46.78 89.16 48.82 23.74
1102 48.24 66.50 85.55 40.71 20.27
1103 48.31 42.93 87.43 48.71 22.67
1104 48.30 48.86 93.77 48.45 25.51
1105 48.29 50.87 95.41 53.10 24.65
1106 48.28 61.39 92.06 46.88 21.38
1107 48.41 64.01 94.26 44.91 20.29
1108 48.43 91.21 54.86 29.08 12.61
1109 48.45 9.05 52.47 28.32 12.07
1110 48.42 18.22 61.08 34.54 18.36
1111 48.49 74.10 67.85 36.16 14.74
1112 48.52 76.58 72.96 36.48 16.72
1113 48.56 82.59 57.16 35.13 14.65
1114 48.33 6.44 52.47 23.47 10.26
1115 48.58 34.20 86.26 49.42 23.19
1116 48.72 71.35 77.66 40.43 17.22
1117 48.78 78.99 65.04 36.91 14.92
1118 48.68 44.84 89.11 48.11 20.82
1119 48.74 52.91 90.79 48.86 24.56
1120 48.87 57.17 89.49 51.00 23.66
1121 48.95 20.84 64.98 37.60 17.01
1122 48.86 32.04 82.23 46.32 20.65
1123 49.02 13.34 56.41 32.25 16.68
1124 48.89 59.49 86.04 45.61 22.19
1125 48.88 88.75 50.87 28.62 12.49
1126 49.13 26.18 70.58 40.49 19.52
1127 49.04 28.96 74.62 43.10 19.64
1128 49.09 68.62 84.47 41.74 17.23
1129 49.05 16.19 50.44 37.30 15.35
1130 49.15 41.39 84.53 48.49 21.52
1131 49.16 38.82 83.91 49.66 22.69
1132 49.28 6.01 43.61 24.78 9.02
1133 49.31 23.76 72.32 39.10 19.13
1134 49.33 54.99 87.21 48.59 22.56
1135 49.31 62.40 87.65 47.66 20.60
1136 49.28 93.86 42.11 26.39 8.11
1137 49.44 95.95 29.21 20.45 5.12
1138 49.29 84.56 60.56 35.86 14.22
1139 49.28 35.90 80.96 47.28 20.63
1140 49.36 66.06 79.47 40.67 17.91
1141 49.39 46.65 83.51 50.63 23.77
1142 49.41 50.90 88.38 54.07 23.71
1143 49.57 9.67 51.57 29.87 12.82
1144 49.58 80.98 67.12 35.92 14.04
1145 49.53 18.29 57.14 35.95 16.69
1146 49.66 48.87 83.26 50.85 22.53
1147 49.56 43.71 84.66 48.64 21.84
1148 49.65 73.54 76.20 39.66 16.56
1149 49.62 92.35 50.39 26.74 9.17
1150 49.72 87.53 56.97 32.53 13.47
1151 49.74 76.30 70.11 36.73 14.84
1152 49.83 30.61 81.70 43.89 21.74
1153 49.95 90.62 48.05 28.82 11.14
1154 49.62 15.86 45.71 33.82 13.24
1155 49.86 70.52 75.20 42.10 18.23
1156 49.95 33.01 71.42 44.50 20.51
1157 49.88 27.79 75.70 42.90 19.04
1158 49.96 60.00 87.72 46.50 22.16
1159 49.97 53.09 86.73 51.15 22.21
1160 50.04 57.35 87.05 52.05 23.33
1161 50.13 64.34 82.93 46.26 19.00
1162 50.01 37.49 82.26 47.04 21.91
1163 50.14 12.24 56.45 30.96 14.66
1164 50.04 40.44 77.35 48.67 22.42
1165 50.27 78.79 56.30 33.07 14.07
1166 50.20 22.23 55.24 35.87 15.73
1167 50.17 35.01 77.00 44.81 20.42
1168 50.15 68.24 77.59 41.27 17.34
1169 50.27 83.09 59.42 34.73 13.71
1170 50.33 98.40 10.03 16.02 1.26
1171 50.36 19.93 62.60 38.17 15.55
1172 50.39 14.80 53.37 32.56 15.17
1173 50.41 24.49 60.66 41.53 17.21
1174 50.35 45.24 81.33 51.39 22.58
1175 50.45 42.72 77.99 50.72 21.81
1176 50.61 6.64 46.32 24.91 10.03
1177 50.45 47.31 75.30 50.49 20.00
1178 50.44 62.18 84.44 47.25 20.31
1179 50.59 55.33 80.28 50.07 22.72
1180 50.74 85.66 55.26 33.51 13.62
1181 50.64 72.00 74.49 42.05 15.34
1182 50.70 66.24 79.12 45.28 17.73
1183 50.71 93.66 41.33 25.19 7.92
1184 50.70 51.72 77.27 52.00 21.78
1185 50.72 88.37 56.71 34.35 13.08
1186 50.84 17.31 56.73 35.56 15.23
1187 50.81 49.58 83.41 50.26 22.33
1188 50.79 75.03 67.83 39.27 16.30
1189 50.79 26.62 72.14 41.08 17.89
1190 50.92 29.11 74.39 45.95 19.27
1191 50.78 39.01 75.46 47.55 22.00
1192 50.70 96.23 27.47 21.77 5.47
1193 50.93 9.84 49.81 29.58 12.76
1194 50.90 31.67 75.95 43.92 20.12
1195 50.90 59.11 76.10 47.56 21.63
1196 51.07 80.99 62.16 34.36 13.82
1197 50.96 36.65 83.63 46.45 22.32
1198 51.23 98.03 10.95 18.35 1.66
1199 51.17 33.92 74.64 44.95 20.42
1200 51.20 41.28 73.57 51.33 22.15
1201 51.30 77.69 61.64 34.03 14.42
1202 51.06 89.64 57.69 30.79 12.69
1203 51.50 90.99 45.16 28.72 9.86
1204 51.42 4.51 33.96 22.11 7.05
1205 51.41 12.64 50.62 31.22 14.13
1206 51.34 61.16 79.76 48.48 21.31
1207 51.29 68.23 73.73 40.56 16.20
1208 51.40 22.09 59.69 38.50 17.02
1209 51.27 44.45 76.40 50.20 21.95
1210 51.39 54.05 76.11 50.35 20.47
1211 51.41 63.69 79.32 45.26 18.81
1212 51.48 70.31 70.63 40.03 17.34
1213 51.45 47.53 79.53 48.51 22.00
1214 51.67 14.73 57.09 31.21 15.05
1215 51.62 19.25 57.17 35.20 15.76
1216 51.61 73.06 63.48 38.68 15.28
1217 51.70 83.60 54.84 34.65 13.97
1218 51.70 24.42 63.11 40.00 17.84
1219 51.70 56.49 78.41 51.39 21.58
1220 51.70 95.52 29.56 22.72 5.35
1221 51.59 15.75 58.12 34.53 17.71
1222 51.75 51.82 75.25 49.31 22.57
1223 52.00 7.94 42.12 28.03 10.70
1224 51.78 39.03 78.57 49.02 20.31
1225 51.87 65.99 76.53 45.27 17.69
1226 51.80 86.87 53.40 30.30 13.13
1227 51.84 26.85 67.62 43.56 17.21
1228 51.82 30.66 65.95 43.05 17.49
1229 51.98 49.78 72.93 53.31 22.45
1230 51.97 36.93 73.00 50.30 20.28
1231 51.86 88.31 52.51 30.12 14.00
1232 52.03 45.92 72.14 51.14 20.89
1233 51.94 59.29 77.57 46.31 19.97
1234 52.07 75.64 60.24 37.79 14.50
1235 52.05 43.06 72.39 48.29 21.99
1236 52.39 92.56 39.68 29.43 9.11
1237 51.83 97.46 14.00 19.89 3.28
1238 52.19 10.57 51.27 31.76 12.08
1239 52.16 34.81 69.45 46.18 19.56
1240 52.18 80.12 63.40 34.57 14.46
1241 52.14 17.20 52.66 38.33 15.80
1242 51.94 93.59 39.00 19.70 8.90
1243 52.39 32.67 74.68 45.90 20.64
1244 52.34 40.95 68.27 51.18 21.77
1245 52.41 28.63 67.79 43.37 18.80
1246 52.46 20.97 61.80 39.14 16.29
1247 52.39 53.82 71.72 50.83 21.10
1248 52.50 61.74 78.12 49.27 18.93
1249 52.45 68.23 71.57 46.44 16.46
1250 52.37 85.50 51.42 33.25 12.95
1251 52.56 48.01 67.95 48.29 21.07
1252 52.66 70.89 60.43 42.28 16.07
1253 52.27 98.64 6.78 16.11 1.22
1254 52.59 64.07 78.45 47.59 18.75
1255 52.74 88.91 47.86 34.04 12.96
1256 52.66 57.78 80.18 51.42 20.28
1257 52.79 77.78 56.60 39.33 14.47
1258 52.71 73.28 64.16 43.89 15.86
1259 52.79 14.40 47.48 33.95 13.79
1260 52.85 25.89 61.24 42.38 15.86
1261 52.72 38.99 66.92 51.81 18.73
1262 52.87 44.81 71.14 53.80 21.90
1263 52.90 96.82 20.93 22.49 5.00
1264 53.03 23.37 56.96 40.01 17.55
1265 52.98 55.99 72.84 49.34 21.41
1266 52.93 82.95 54.68 35.22 14.35
1267 52.65 16.86 53.95 33.64 13.91
1268 52.96 94.90 33.62 26.32 6.18
1269 53.03 30.55 67.09 45.83 18.90
1270 53.08 6.46 37.98 27.76 8.13
1271 52.96 51.69 72.04 51.15 20.95
1272 52.87 4.52 31.89 22.28 7.25
1273 52.91 86.19 54.02 34.11 14.66
1274 53.10 36.18 70.99 50.70 20.35
1275 53.15 59.71 77.61 50.88 20.22
1276 53.28 12.12 47.42 32.98 13.06
1277 53.24 42.55 65.49 49.93 19.55
1278 53.21 66.16 81.78 45.13 18.63
1279 53.26 34.07 72.47 44.31 19.57
1280 53.40 9.35 43.95 30.33 10.44
1281 53.31 17.96 64.63 39.66 15.85
1282 53.45 91.05 48.59 32.33 11.29
1283 53.39 49.58 69.47 49.89 21.60
1284 53.42 75.40 55.36 41.56 15.28
1285 53.43 79.96 53.12 37.86 13.97
1286 53.52 20.22 53.56 37.56 15.35
1287 53.55 47.12 65.73 51.86 23.07
1288 53.43 54.12 73.85 50.31 19.31
1289 53.58 37.95 70.96 49.80 19.73
1290 53.53 28.10 61.40 43.37 18.51
1291 53.53 68.75 68.94 45.63 15.95
1292 53.61 40.37 62.97 52.60 20.55
1293 53.76 61.91 78.85 48.03 18.57
1294 53.79 64.06 74.45 46.48 16.74
1295 53.90 15.97 53.93 35.21 15.62
1296 53.84 32.25 66.51 45.30 19.22
1297 53.84 73.18 67.59 45.41 15.53
1298 53.89 4.85 28.38 24.64 6.83
1299 53.95 57.57 75.52 53.71 21.08
1300 53.92 70.94 64.20 43.90 15.86
1301 53.95 25.99 60.34 44.66 16.86
1302 53.93 84.97 49.26 35.04 14.19
1303 53.96 88.01 45.35 35.27 12.99
1304 53.95 44.85 63.83 52.06 20.59
1305 54.00 93.79 35.52 27.53 6.96
1306 54.09 52.62 76.13 51.28 21.05
1307 54.11 77.15 54.83 40.93 14.02
1308 54.23 29.90 63.45 47.98 18.34
1309 54.24 82.23 53.12 39.26 13.56
1310 54.33 13.79 46.97 33.58 13.87
1311 54.19 22.70 52.34 40.32 17.30
1312 54.23 35.03 68.38 48.82 21.15
1313 54.31 59.89 71.24 54.64 18.65
1314 54.43 24.33 57.19 43.35 16.80
1315 54.30 55.48 70.60 54.01 19.10
1316 54.36 66.76 72.05 51.34 16.41
1317 54.38 7.46 35.99 28.45 8.88
1318 54.37 11.19 43.34 31.10 11.31
1319 54.45 50.69 69.48 55.00 21.57
1320 54.57 18.23 51.27 39.06 15.13
1321 54.55 39.06 63.48 53.80 19.75
1322 54.61 41.38 65.68 53.91 21.41
1323 54.60 46.62 67.93 53.87 21.28
1324 54.66 79.50 45.20 40.65 14.58
1325 54.65 37.09 60.37 52.12 20.81
1326 54.60 91.01 44.66 35.84 10.69
1327 54.79 48.69 61.91 55.53 22.57
1328 54.72 69.10 66.89 53.09 16.88
1329 54.73 95.10 29.58 28.05 6.11
1330 54.87 27.43 60.66 45.74 18.83
1331 54.84 64.55 72.76 52.27 16.20
1332 54.91 74.66 59.04 47.36 14.93
1333 55.17 9.15 39.67 33.09 10.88
1334 54.97 20.90 53.83 42.74 16.99
1335 55.32 88.86 43.58 37.20 12.37
1336 54.93 31.39 58.77 45.62 18.20
1337 54.96 33.52 58.30 49.21 19.51
1338 55.07 53.98 65.30 50.80 19.77
1339 54.99 62.26 71.55 54.16 17.56
1340 54.93 72.03 58.47 49.74 15.05
1341 55.08 86.42 49.91 39.36 13.61
1342 55.17 44.99 65.47 52.58 21.08
1343 55.11 58.31 63.75 57.75 20.68
1344 55.15 77.17 48.96 44.39 14.36
1345 55.31 15.72 45.66 38.09 14.34
1346 55.04 92.10 44.32 31.78 8.19
1347 55.46 93.34 36.01 32.36 7.46
1348 55.44 4.90 24.02 24.82 7.35
1349 55.32 52.01 68.35 58.62 22.04
1350 55.19 56.15 64.24 56.41 21.32
1351 55.33 84.10 50.97 41.05 14.04
1352 55.40 35.64 66.18 54.31 19.76
1353 55.49 12.15 43.28 35.43 12.64
1354 55.51 25.04 57.23 45.43 16.55
1355 55.48 81.80 48.60 41.59 14.32
1356 55.67 40.01 63.83 54.03 21.79
1357 55.60 60.27 62.03 56.62 18.50
1358 55.38 23.85 60.72 49.64 16.36
1359 55.63 29.03 61.17 48.66 18.41
1360 55.67 66.04 69.58 52.26 17.28
1361 55.80 6.78 32.98 29.55 8.74
1362 55.65 50.16 59.39 56.26 21.26
1363 55.78 19.02 50.59 39.45 15.66
1364 55.66 38.05 60.84 54.48 19.16
1365 55.72 68.12 64.27 53.19 16.90
1366 55.68 46.89 61.23 58.68 21.16
1367 55.79 70.65 60.66 54.48 16.88
1368 55.93 31.44 59.49 53.01 20.10
1369 55.88 22.47 53.94 45.47 16.72
1370 55.92 63.84 64.21 56.36 16.72
1371 55.99 73.34 54.79 52.09 15.37
1372 55.77 76.79 43.33 50.42 15.42
1373 56.05 78.89 48.52 41.67 14.03
1374 56.06 90.67 43.52 36.02 10.84
1375 56.23 26.63 56.54 45.71 17.98
1376 56.06 33.80 62.03 54.38 19.77
1377 56.18 54.58 63.28 61.88 20.07
1378 56.27 57.81 60.92 62.10 20.14
1379 56.32 44.29 64.86 57.51 21.38
1380 56.44 9.86 38.87 36.28 11.47
1381 56.06 45.90 46.75 61.56 21.69
1382 56.13 85.11 49.51 40.92 13.37
1383 56.31 14.23 41.89 40.56 12.63
1384 56.16 21.28 49.77 43.33 16.00
1385 56.49 52.38 65.10 62.34 21.43
1386 56.47 16.62 46.84 41.75 14.47
1387 56.50 41.34 59.14 63.13 20.38
1388 56.42 48.43 57.28 59.57 22.02
1389 56.26 5.16 15.25 28.62 8.00
1390 56.28 35.89 54.55 61.91 18.82
1391 56.67 61.91 59.56 66.54 20.40
1392 56.55 76.29 51.99 50.65 13.70
1393 56.60 24.08 54.05 45.89 16.39
1394 56.56 81.65 47.20 41.59 12.70
1395 56.54 86.49 45.44 47.81 13.37
1396 56.61 93.21 40.48 33.96 9.08
1397 56.73 88.13 43.00 41.36 12.19
1398 56.46 2.66 11.60 27.33 4.47
1399 56.60 12.57 38.76 36.95 13.81
1400 56.66 39.15 58.75 58.90 19.81
1401 56.70 69.50 60.53 59.14 16.58
1402 56.84 3.62 18.42 28.21 5.40
1403 56.61 36.88 57.10 56.36 20.67
1404 56.80 67.17 60.67 66.48 16.14
1405 56.72 19.93 47.23 41.97 14.92
1406 56.88 46.43 60.63 62.83 21.61
1407 56.96 5.11 21.69 31.76 7.41
1408 56.96 64.43 58.08 64.36 17.11
1409 57.22 6.93 30.41 35.29 8.56
1410 56.81 34.99 62.10 60.65 19.81
1411 56.88 49.46 50.17 68.20 20.69
1412 56.71 42.40 47.17 69.83 23.67
1413 57.15 74.02 48.61 55.85 14.66
1414 57.32 42.86 56.21 69.82 21.17
1415 57.00 90.79 40.78 40.32 10.86
1416 57.04 11.68 38.23 39.15 11.62
1417 57.09 50.48 63.37 69.07 21.56
1418 57.36 53.99 52.18 66.82 18.80
1419 57.31 26.13 57.66 52.16 19.00
1420 57.59 83.59 43.40 50.69 13.99
1421 57.34 14.73 44.38 40.92 13.81
1422 57.33 21.66 46.68 48.53 15.49
1423 57.48 78.10 46.20 50.93 13.50
1424 57.37 58.23 65.97 65.54 19.48
1425 57.54 17.31 44.87 45.12 15.37
1426 57.65 79.64 43.48 47.44 14.21
1427 57.63 13.55 36.42 45.96 13.61
1428 57.60 28.26 55.44 56.17 18.47
1429 57.41 45.70 54.55 73.27 21.59
1430 57.80 69.30 54.63 75.01 17.30
1431 57.59 81.77 40.85 50.01 14.26
1432 57.58 89.87 37.36 44.95 11.54
1433 57.76 93.58 35.39 41.48 7.19
1434 57.62 33.79 60.62 62.51 18.89
1435 57.95 31.18 52.77 64.18 18.07
1436 57.67 39.51 47.54 67.89 21.85
1437 57.63 48.35 58.45 67.09 22.19
1438 57.69 76.36 52.92 57.73 14.47
1439 57.77 23.94 51.72 55.43 16.25
1440 57.75 51.60 55.76 70.68 20.89
1441 57.82 11.23 41.56 40.50 13.44
1442 57.95 44.64 55.52 73.74 21.47
1443 57.77 60.09 63.34 74.71 18.71
1444 57.85 91.59 33.79 44.47 9.93
1445 57.84 65.96 59.09 74.09 17.44
1446 57.98 71.53 57.48 71.11 16.24
1447 57.84 88.54 44.18 43.57 13.07
1448 58.20 8.70 32.60 38.23 10.45
1449 58.00 5.58 27.26 35.26 7.79
1450 57.93 47.06 46.49 72.85 21.31
1451 58.07 63.52 60.27 78.59 18.85
1452 58.16 19.76 43.29 50.95 14.81
1453 57.84 35.75 56.61 65.33 20.72
1454 58.32 61.44 57.39 80.39 19.56
1455 58.25 55.75 61.28 76.03 20.59
1456 58.24 4.08 18.26 34.64 6.41
1457 58.22 49.49 55.66 72.95 19.42
1458 58.11 95.04 31.65 40.03 7.08
1459 58.35 38.53 53.69 74.16 19.42
1460 58.45 29.20 53.49 64.25 18.43
1461 58.54 67.37 53.38 82.33 16.55
1462 58.42 73.53 54.14 67.33 14.43
1463 58.37 35.20 47.78 68.86 20.30
1464 58.75 24.72 48.95 62.84 17.87
1465 58.62 53.02 57.82 76.12 20.58
1466 58.57 58.08 54.76 82.90 20.77
1467 58.43 85.82 45.78 57.43 13.05
1468 58.56 7.18 29.24 37.29 9.22
1469 58.69 14.91 39.11 46.48 13.36
1470 58.38 46.41 53.33 84.33 23.56
1471 58.74 40.67 64.15 73.87 21.81
1472 58.70 12.97 38.29 46.90 14.08
1473 58.79 17.56 41.51 49.83 14.49
1474 58.81 76.30 50.32 68.79 14.74
1475 58.80 79.60 48.49 56.76 13.44
1476 58.69 88.90 40.85 50.45 12.22
1477 58.51 27.26 60.38 63.00 18.15
1478 58.99 36.99 55.48 74.59 20.40
1479 58.84 22.00 45.20 59.53 16.59
1480 58.91 90.47 42.63 52.20 10.72
1481 58.85 46.08 48.50 79.20 21.31
1482 58.90 50.75 51.35 76.63 21.02
1483 58.70 83.00 47.27 56.46 13.41
1484 58.95 65.05 57.59 89.49 18.22
1485 59.15 92.78 39.56 48.38 8.53
1486 59.03 11.99 38.02 46.85 14.21
1487 59.05 87.55 38.68 54.35 13.53
1488 59.00 26.88 53.06 67.64 17.86
1489 58.85 47.63 48.38 83.33 22.52
1490 59.18 44.31 52.97 82.74 21.95
1491 59.07 70.73 51.47 82.64 16.57
1492 59.06 81.82 39.21 64.62 14.53
1493 59.01 62.96 65.00 91.53 16.72
1494 59.20 9.99 33.93 44.08 11.67
1495 59.37 31.18 56.79 70.89 17.99
1496 59.32 34.91 51.94 80.59 20.06
1497 59.21 48.62 54.49 86.00 20.93
1498 59.16 60.10 58.08 88.10 18.32
1499 59.31 5.33 20.28 40.12 8.08
1500 59.39 19.94 41.55 59.25 16.37
1501 59.31 56.91 60.80 85.90 20.12
1502 59.44 54.82 55.26 86.89 21.02
1503 59.47 68.68 55.40 88.68 16.16
1504 59.40 74.04 51.86 74.71 15.19
1505 59.53 39.18 57.09 81.86 19.54
1506 59.75 83.50 45.08 63.55 14.52
1507 59.41 95.81 18.61 36.26 5.02
1508 59.64 7.33 29.12 40.95 9.77
1509 59.55 42.22 53.70 82.57 20.66
1510 59.63 3.74 14.91 36.30 4.67
1511 59.46 14.18 35.45 54.09 15.77
1512 59.73 52.25 52.24 87.66 20.36
1513 59.55 62.45 47.52 86.63 17.44
1514 59.79 46.99 57.08 87.46 21.70
1515 59.83 66.76 53.19 93.02 17.47
1516 59.96 72.08 52.59 82.96 15.37
1517 59.73 86.37 40.60 60.44 14.19
1518 59.88 17.48 40.28 57.27 15.76
1519 59.90 22.93 51.28 65.24 16.67
1520 59.95 33.23 53.59 77.25 18.53
1521 59.90 49.78 55.12 92.11 19.86
1522 60.08 80.80 48.38 64.03 14.69
1523 60.08 76.76 45.53 70.86 14.64
1524 59.73 94.21 26.90 44.00 6.33
1525 59.81 79.54 29.22 66.22 14.33
1526 60.06 21.82 42.46 64.34 15.54
1527 60.17 26.95 47.78 72.44 18.32
1528 60.06 58.36 58.21 92.64 19.26
1529 60.16 89.53 39.94 57.30 10.68
1530 60.13 12.52 41.45 49.49 13.33
1531 60.05 14.17 38.84 57.16 16.13
1532 60.23 64.87 54.97 91.74 17.96
1533 60.18 15.37 41.11 55.11 15.02
1534 60.20 36.83 55.24 85.59 19.19
1535 60.18 9.35 35.57 46.33 11.92
1536 60.31 45.17 61.68 91.41 19.50
1537 59.98 74.52 45.89 71.11 14.47
1538 60.25 60.48 52.11 93.03 17.33
1539 60.37 69.90 51.47 89.01 16.33
1540 60.41 40.92 56.17 86.88 18.58
1541 60.39 62.61 58.82 93.05 16.84
1542 60.28 91.56 36.09 52.75 9.57
1543 60.49 56.44 57.42 90.60 20.12
1544 60.07 94.27 25.00 50.50 6.25
1545 60.60 95.85 18.04 46.23 3.95
1546 60.53 43.12 61.07 94.32 19.45
1547 60.44 53.99 56.21 93.24 19.30
1548 60.57 31.01 52.15 81.88 17.46
1549 60.54 20.15 41.99 66.99 15.60
1550 60.64 38.92 59.76 86.65 19.45
1551 60.44 92.89 36.32 51.70 8.05
1552 60.95 6.47 27.44 50.47 7.89
1553 60.77 85.04 46.39 63.03 14.06
1554 60.51 34.81 52.76 79.34 17.60
1555 60.54 78.57 51.95 75.55 15.03
1556 60.96 87.56 43.11 61.15 13.32
1557 60.72 74.01 51.29 75.01 15.36
1558 60.77 51.45 56.36 101.71 19.89
1559 60.85 25.03 50.91 76.32 17.18
1560 60.68 94.44 24.05 50.28 7.38
1561 60.93 4.26 18.33 39.72 4.83
1562 60.87 67.94 56.81 107.20 17.59
1563 60.89 47.22 62.01 97.45 21.21
1564 60.98 49.30 55.01 102.90 22.14
1565 61.07 18.34 38.91 65.53 16.23
1566 61.19 28.98 47.44 81.02 18.27
1567 61.13 82.75 45.70 68.50 13.91
1568 61.11 15.51 44.72 60.82 15.00
1569 61.12 13.37 44.88 59.88 14.00
1570 61.52 22.54 38.35 74.38 16.28
1571 61.23 58.48 59.16 99.10 18.30
1572 61.26 71.32 55.18 94.42 15.71
1573 61.17 9.28 37.65 58.04 11.63
1574 61.28 63.82 59.45 111.64 17.65
1575 61.10 20.57 36.81 68.81 16.00
1576 61.23 90.31 38.85 59.88 10.03
1577 61.29 26.92 50.03 78.59 16.51
1578 61.38 66.16 57.91 104.67 17.63
1579 61.61 80.40 46.97 78.15 15.03
1580 61.28 55.17 57.44 98.92 18.79
1581 61.49 93.01 30.64 56.85 8.96
1582 61.48 45.23 58.28 107.00 20.95
1583 61.54 40.25 60.90 102.28 20.48
1584 61.53 52.84 58.79 103.92 19.35
1585 61.48 35.30 55.44 88.56 20.01
1586 61.78 77.54 44.39 84.13 14.87
1587 61.58 12.05 36.86 55.77 13.45
1588 61.52 42.77 52.96 97.32 18.92
1589 61.55 37.47 50.40 91.47 17.32
1590 61.45 10.28 40.31 55.31 12.46
1591 61.47 95.33 20.88 54.62 5.75
1592 61.84 31.24 49.03 82.66 19.68
1593 61.91 69.16 62.95 109.76 17.74
1594 61.85 56.92 57.90 101.34 18.49
1595 61.92 25.18 41.32 77.12 16.37
1596 61.96 73.25 53.99 92.65 15.16
1597 61.81 20.19 45.85 73.98 15.22
1598 61.85 3.98 9.13 38.96 5.02
1599 61.90 48.14 57.82 114.72 21.62
1600 62.01 50.53 58.37 110.17 21.13
1601 62.06 85.17 48.44 70.50 13.94
1602 62.13 94.69 22.91 56.68 5.43
1603 61.96 96.08 14.98 49.04 3.33
1604 62.12 8.13 33.76 57.08 8.98
1605 62.07 62.23 60.45 114.20 19.05
1606 62.27 86.98 42.58 68.32 13.16
1607 62.04 17.45 41.54 69.74 15.08
1608 62.37 14.48 42.07 66.55 15.74
1609 62.24 54.42 57.45 113.74 20.32
1610 61.93 83.44 40.50 68.00 17.75
1611 62.18 6.43 23.38 51.00 7.88
1612 62.33 10.75 31.83 56.76 12.61
1613 62.24 59.55 64.04 119.05 18.15
1614 62.44 29.42 52.73 91.89 17.89
1615 62.27 38.54 53.15 104.54 20.68
1616 62.34 64.85 60.28 118.60 17.16
1617 62.15 88.29 51.58 66.45 12.55
1618 62.42 33.46 47.19 93.48 18.62
1619 62.41 46.47 54.42 113.95 20.62
1620 62.57 67.14 55.38 108.39 15.92
1621 62.37 90.13 47.16 65.16 10.40
1622 62.36 41.73 54.54 104.61 22.42
1623 62.46 43.96 55.51 113.78 20.87
1624 62.61 27.26 45.86 90.41 18.26
1625 62.46 35.72 52.20 100.02 18.94
1626 62.58 71.06 53.63 100.68 15.74
1627 62.37 19.43 33.17 72.35 14.91
1628 62.48 83.84 42.36 75.49 15.05
1629 62.68 21.65 40.84 83.42 16.86
1630 62.71 81.49 49.22 81.59 15.45
1631 62.58 92.15 34.19 62.37 9.30
1632 62.73 52.18 59.47 119.42 21.35
1633 62.42 5.67 20.33 57.00 8.67
1634 62.80 56.27 62.23 111.33 17.97
1635 62.84 75.52 50.35 95.19 14.77
1636 62.97 24.45 46.35 85.45 16.78
1637 62.87 78.32 47.96 85.67 14.38
1638 62.88 49.07 64.27 122.87 21.90
1639 63.00 31.48 50.18 94.23 17.36
1640 62.90 94.03 27.77 62.91 6.33
1641 63.18 10.05 34.92 63.62 11.95
1642 63.08 58.36 65.81 116.48 18.13
1643 63.06 61.13 68.61 119.99 17.66
1644 63.10 63.17 62.28 123.21 18.47
1645 63.14 39.70 55.07 104.39 20.78
1646 63.19 18.41 42.86 79.45 16.63
1647 63.19 37.50 52.16 99.91 20.26
1648 63.35 73.22 51.47 112.26 15.11
1649 63.26 68.90 58.86 119.30 16.31
1650 63.25 8.46 27.45 59.55 8.65
1651 63.08 95.43 17.56 56.28 4.96
1652 63.12 5.92 16.62 51.55 7.40
1653 62.94 7.03 0.00 0.00 0.00
1654 63.30 41.85 56.13 105.97 20.95
1655 63.29 45.32 53.92 116.63 22.39
1656 63.36 54.38 63.51 118.41 20.65
1657 63.33 13.76 43.21 66.89 14.87
1658 63.16 92.76 30.12 63.62 6.12
1659 63.43 65.13 65.14 126.72 17.94
1660 63.47 47.13 57.94 120.68 20.45
1661 63.44 12.05 33.21 64.93 14.75
1662 63.63 33.41 51.92 103.16 19.70
1663 63.58 35.42 51.67 106.70 20.66
1664 63.64 50.48 62.09 125.75 20.35
1665 63.42 88.08 43.55 75.12 13.05
1666 63.57 15.88 47.75 79.11 16.85
1667 63.66 29.49 49.84 92.68 18.46
1668 63.59 89.55 46.47 80.09 11.67
1669 63.71 6.84 20.00 54.18 8.88
1670 63.81 20.52 43.10 83.08 18.16
1671 63.56 26.65 50.06 93.60 18.49
1672 63.84 91.59 33.90 72.97 8.16
1673 63.78 43.53 54.11 112.06 19.20
1674 63.77 52.48 60.03 125.76 21.25
1675 63.72 56.51 61.17 118.68 18.57
1676 63.85 70.99 50.22 112.60 15.67
1677 63.62 95.91 12.21 48.05 2.26
1678 63.93 23.03 43.39 86.37 17.00
1679 63.96 60.10 66.49 129.82 18.65
1680 64.00 75.51 50.41 103.66 15.67
1681 64.05 66.81 55.49 114.66 16.63
1682 63.82 27.70 49.56 93.83 18.17
1683 63.84 13.14 37.07 71.67 14.73
1684 64.03 81.31 49.68 87.95 15.60
1685 64.11 48.82 65.40 127.83 22.38
1686 63.80 90.66 38.20 82.00 10.00
1687 64.21 40.11 58.89 119.84 21.59
1688 64.20 62.37 60.99 125.24 18.44
1689 64.16 37.94 52.50 105.47 20.56
1690 64.33 58.18 68.54 125.96 19.72
1691 64.34 31.77 49.97 105.46 19.68
1692 64.42 25.55 49.13 92.56 18.83
1693 64.48 17.17 37.05 80.77 15.71
1694 64.39 45.17 57.28 131.60 22.71
1695 64.51 10.58 33.63 68.01 12.44
1696 64.45 18.61 44.67 79.51 15.67
1697 64.45 68.98 61.36 123.72 18.05
1698 64.41 94.72 17.76 64.85 3.67
1699 64.48 14.14 38.83 73.60 14.51
1700 64.48 42.05 60.21 128.55 22.05
1701 64.67 84.44 43.32 87.41 15.79
1702 64.66 8.33 29.78 62.87 9.06
1703 64.43 55.18 67.84 120.71 19.02
1704 64.57 64.51 64.48 135.43 19.89
1705 64.71 92.92 29.80 77.78 6.54
1706 64.63 15.44 43.08 74.80 15.41
1707 64.59 89.01 37.06 80.70 10.52
1708 64.58 36.16 48.98 109.12 21.95
1709 64.64 47.13 59.86 131.39 21.68
1710 64.66 72.46 58.36 114.63 16.35
1711 64.84 21.77 42.70 82.02 19.66
1712 64.77 27.72 52.15 92.10 18.50
1713 64.76 51.17 64.78 133.41 22.76
1714 64.72 53.22 56.97 128.61 21.56
1715 64.85 29.90 56.25 105.51 19.30
1716 64.81 78.62 49.55 98.31 15.71
1717 64.80 12.43 33.47 70.66 13.90
1718 64.96 33.64 50.76 108.32 21.07
1719 65.12 23.91 40.66 82.61 18.11
1720 65.11 91.00 31.54 78.16 8.61
1721 65.14 56.82 61.15 119.11 19.36
1722 65.06 60.00 64.50 119.46 17.68
1723 65.21 67.29 61.20 125.79 18.18
1724 65.19 49.32 62.81 132.12 22.43
1725 65.14 39.18 57.25 113.97 23.43
1726 65.28 81.98 42.99 90.66 16.26
1727 65.28 43.56 53.14 127.30 22.96
1728 65.25 62.14 67.61 127.51 19.52
1729 65.31 70.09 61.02 120.92 17.34
1730 65.48 73.84 58.15 106.58 15.85
1731 65.45 76.37 53.49 106.06 17.58
1732 65.42 20.13 41.47 82.95 17.45
1733 65.45 54.72 63.20 128.54 22.22
1734 65.54 41.36 57.76 119.22 23.23
1735 65.57 45.52 54.72 130.86 23.20
1736 65.62 65.14 58.75 129.80 18.81
1737 65.72 31.29 50.36 104.40 22.31
1738 65.62 35.78 52.99 101.06 21.88
1739 65.79 88.18 40.20 87.75 11.97
1740 65.76 15.45 39.69 75.74 16.23
1741 65.72 18.03 40.40 78.60 17.48
1742 65.67 25.87 49.91 95.63 22.10
1743 65.66 37.62 57.06 113.76 23.92
1744 65.93 9.73 32.62 65.37 10.95
1745 65.75 11.16 34.89 69.68 13.04
1746 65.67 47.54 62.21 134.28 22.67
1747 65.77 58.38 62.49 128.26 19.85
1748 65.71 89.34 41.50 86.54 12.15
1749 65.83 28.71 51.38 97.90 22.25
1750 65.96 51.07 61.28 128.42 22.13
1751 65.93 79.49 57.86 95.95 17.51
1752 66.14 7.48 25.15 61.96 7.71
1753 65.98 52.98 58.05 129.91 20.43
1754 65.90 78.05 48.26 102.71 16.18
1755 65.61 87.32 50.00 96.33 14.00
1756 66.12 63.27 61.45 127.95 19.30
1757 66.14 71.78 59.83 117.46 16.65
1758 65.82 92.04 22.93 80.73 6.13
1759 66.04 34.02 48.16 98.53 21.06
1760 66.23 23.17 39.47 85.83 18.08
1761 66.28 21.59 44.63 82.69 19.29
1762 66.19 60.67 68.68 128.07 20.44
1763 66.22 39.54 58.73 115.43 23.50
1764 66.19 56.18 64.47 132.69 21.17
1765 66.33 82.86 48.27 97.33 16.73
1766 66.37 43.44 57.35 130.72 24.93
1767 66.35 49.27 56.67 124.24 21.99
1768 66.36 66.78 58.10 122.01 18.52
1769 66.46 69.26 59.13 124.84 18.02
1770 66.57 76.62 53.84 108.88 17.19
1771 66.38 89.66 36.98 86.85 10.83
1772 66.58 26.88 48.72 92.64 20.98
1773 66.55 41.54 59.56 112.28 23.63
1774 66.57 20.38 31.95 81.68 16.92
1775 66.75 92.84 20.74 75.47 6.68
1776 66.63 32.18 48.14 95.74 22.99
1777 66.61 47.29 53.02 129.02 23.31
1778 66.71 80.63 47.24 98.18 15.97
1779 66.55 86.35 44.42 89.36 14.77
1780 66.70 37.52 55.04 109.71 25.34
1781 66.85 74.41 54.70 107.56 15.86
1782 66.70 45.35 55.62 128.28 25.47
1783 66.93 94.56 10.91 61.36 2.98
1784 66.63 6.32 12.28 62.41 8.03
1785 66.84 18.79 40.01 75.13 16.98
1786 66.87 29.45 48.13 100.78 22.19
1787 66.81 54.38 66.77 127.30 22.73
1788 66.83 58.74 66.62 125.94 20.10
1789 66.95 15.50 39.15 80.52 16.55
1790 66.95 35.60 54.96 104.22 26.96
1791 67.08 87.82 47.58 84.38 12.92
1792 67.01 17.20 38.14 74.93 18.63
1793 66.95 90.27 34.67 83.48 9.19
1794 67.14 52.48 57.63 121.24 23.49
1795 67.16 56.78 62.19 131.20 22.72
1796 67.18 63.46 65.46 122.24 19.45
1797 67.20 50.63 61.00 123.59 22.37
1798 67.24 61.26 69.08 114.12 18.50
1799 67.27 78.39 46.29 100.94 17.28
1800 67.35 8.79 26.23 64.42 9.79
1801 67.34 65.45 57.09 128.25 20.76
1802 67.27 24.90 45.03 92.79 21.22
1803 67.29 40.02 57.12 114.22 25.96
1804 67.36 72.06 62.85 117.06 18.69
1805 67.12 91.25 29.50 78.54 7.29
1806 67.52 33.69 53.09 106.84 27.27
1807 67.39 22.09 40.65 79.22 20.48
1808 67.45 67.52 53.31 116.14 19.05
1809 67.43 83.21 41.24 93.75 16.05
1810 67.52 42.35 62.44 118.60 27.40
1811 67.48 48.73 59.14 119.57 25.21
1812 67.57 31.10 49.79 111.15 26.63
1813 67.68 69.70 66.35 121.73 20.18
1814 67.64 44.63 57.66 122.97 26.85
1815 67.78 13.40 35.11 70.37 14.86
1816 67.69 46.80 52.72 121.96 25.18
1817 67.77 54.87 62.50 135.40 25.19
1818 67.70 84.78 48.40 93.21 16.59
1819 67.76 37.85 53.69 108.51 27.41
1820 67.78 27.94 43.86 99.71 24.59
1821 67.59 90.67 29.14 84.95 7.76
1822 67.71 26.08 43.60 93.70 24.15
1823 68.07 91.74 27.48 76.78 7.43
1824 68.04 19.43 42.44 82.74 21.83
1825 67.91 58.60 67.88 116.86 21.48
1826 68.10 76.75 51.20 103.96 17.13
1827 68.00 80.32 48.47 96.29 16.34
1828 67.89 88.65 44.69 87.02 11.16
1829 68.14 35.71 47.29 100.10 25.87
1830 68.14 74.25 58.25 109.83 19.03
1831 68.14 16.01 41.61 79.20 21.95
1832 68.46 11.45 32.14 65.99 13.35
1833 68.20 52.28 62.24 123.76 26.92
1834 68.31 50.19 56.79 124.55 27.82
1835 68.32 60.34 72.50 128.93 23.32
1836 68.39 62.49 74.10 129.82 22.76
1837 68.07 23.87 42.46 82.77 23.38
1838 68.39 56.65 62.96 126.28 23.34
1839 68.41 22.59 39.67 86.31 22.28
1840 68.32 39.75 61.41 110.76 30.40
1841 68.07 90.01 40.57 87.14 9.43
1842 68.37 64.64 57.64 117.76 21.44
1843 68.47 32.30 46.12 102.85 27.20
1844 68.51 25.65 39.12 86.73 23.65
1845 68.50 29.92 43.27 100.46 26.32
1846 68.55 43.73 60.87 116.01 28.59
1847 68.61 70.91 70.95 119.39 20.99
1848 68.71 82.84 43.71 96.51 17.97
1849 68.60 67.51 56.90 118.48 21.45
1850 68.61 41.73 62.45 102.80 26.10
1851 68.43 88.99 38.48 81.67 10.86
1852 68.67 45.96 58.30 120.19 27.92
1853 68.62 8.41 19.57 62.69 10.19
1854 68.71 48.28 63.01 126.48 27.79
1855 68.71 54.40 61.41 124.57 24.60
1856 68.91 37.90 57.14 100.23 31.00
1857 68.92 78.63 51.23 104.25 19.33
1858 68.98 27.68 42.63 93.89 26.13
1859 69.15 14.08 37.67 74.59 18.21
1860 69.11 16.88 42.06 73.42 21.86
1861 68.97 19.48 44.89 77.45 25.57
1862 69.07 58.55 73.41 113.87 24.23
1863 69.21 33.86 54.02 98.65 34.53
1864 69.12 73.08 63.04 110.60 21.84
1865 69.28 35.93 57.96 98.41 34.76
1866 69.27 85.69 40.64 85.16 15.61
1867 69.26 87.30 48.78 88.81 14.27
1868 69.34 65.47 54.76 114.20 22.07
1869 69.35 76.18 51.86 101.42 19.30
1870 69.31 53.02 62.52 123.39 29.48
1871 69.52 21.52 42.28 77.66 24.49
1872 69.37 24.03 41.13 86.75 24.49
1873 69.41 40.13 54.26 99.21 34.58
1874 69.37 50.95 63.15 123.00 31.89
1875 69.36 60.95 81.09 130.23 27.83
1876 69.52 69.36 60.96 116.35 23.21
1877 69.24 81.09 50.43 97.76 19.46
1878 69.35 89.21 43.23 83.68 11.29
1879 69.50 55.94 69.52 121.08 28.35
1880 69.64 31.85 50.84 93.42 31.58
1881 69.55 44.72 56.93 104.20 32.40
1882 69.62 63.28 71.76 119.20 25.94
1883 69.60 42.33 57.44 100.96 34.71
1884 69.61 29.46 46.78 91.64 29.23
1885 69.63 46.99 54.38 108.69 32.10
1886 69.72 10.57 29.89 62.65 15.33
1887 69.81 25.32 41.16 82.20 28.12
1888 69.76 49.08 60.80 121.42 35.15
1889 69.82 83.78 46.63 94.03 20.10
1890 69.56 26.52 49.53 89.40 29.40
1891 70.01 67.35 59.90 111.18 23.32
1892 70.12 71.78 61.47 108.33 22.01
1893 70.05 37.87 57.26 95.22 39.74
1894 69.77 16.72 42.78 78.33 19.67
1895 70.03 57.88 68.78 117.14 29.61
1896 69.94 80.81 40.68 91.14 19.39
1897 70.25 18.69 44.37 75.06 26.37
1898 70.16 74.33 64.36 103.36 21.76
1899 70.37 15.30 42.75 71.79 22.94
1900 70.29 77.84 51.22 93.99 21.85
1901 70.23 54.58 62.27 120.52 35.48
1902 70.31 60.01 75.39 117.85 31.24
1903 70.18 13.27 41.98 68.49 22.65
1904 70.32 34.73 56.91 90.54 36.80
1905 70.40 89.30 37.97 81.56 11.27
1906 70.56 23.55 44.43 77.16 28.78
1907 70.56 91.19 25.54 79.93 7.03
1908 70.38 52.68 52.00 108.97 32.46
1909 70.44 39.86 58.75 90.07 38.05
1910 70.48 43.71 59.58 96.23 32.20
1911 70.50 65.22 63.42 113.97 23.72
1912 70.67 31.08 47.40 83.00 37.06
1913 70.49 50.53 56.65 109.44 39.92
1914 70.57 62.01 71.04 124.13 32.85
1915 70.72 85.41 41.90 85.47 17.33
1916 70.68 28.97 43.80 85.24 35.14
1917 70.57 46.02 67.34 107.39 36.01
1918 70.64 87.21 44.73 86.67 15.37
1919 70.55 21.23 45.44 70.94 29.37
1920 70.70 56.43 65.26 108.51 33.14
1921 70.65 41.66 58.22 94.28 42.26
1922 70.64 12.46 29.73 64.53 18.94
1923 70.81 26.87 42.81 83.17 33.78
1924 70.70 48.07 61.30 107.21 35.64
1925 70.55 16.29 43.08 77.83 30.17
1926 70.97 82.23 51.62 95.00 22.13
1927 70.78 75.74 57.16 98.47 21.33
1928 70.66 78.81 42.23 95.69 21.31
1929 70.92 36.77 57.88 86.22 39.95
1930 71.04 68.13 57.67 108.65 23.87
1931 71.07 70.66 59.73 110.28 25.21
1932 70.91 9.54 23.37 57.77 11.98
1933 71.01 33.28 50.81 81.79 39.17
1934 71.11 80.16 44.27 93.39 22.50
1935 71.14 58.67 67.62 114.78 34.05
1936 71.04 83.82 53.65 89.27 22.00
1937 71.33 63.50 66.31 118.07 30.44
1938 71.31 16.89 41.45 68.22 26.92
1939 71.35 24.74 44.17 73.28 32.09
1940 71.31 54.07 65.41 110.40 38.59
1941 71.04 20.81 41.80 72.20 28.60
1942 71.10 44.99 58.78 90.33 41.28
1943 71.39 38.89 59.56 81.48 50.43
1944 71.17 88.39 35.35 85.41 12.32
1945 71.51 73.64 54.75 102.35 24.09
1946 71.38 51.95 55.29 105.05 39.63
1947 71.18 76.67 59.00 97.73 21.60
1948 71.74 10.60 27.14 56.97 16.36
1949 71.46 50.02 57.09 104.38 40.03
1950 71.34 12.91 34.38 59.00 20.00
1951 71.20 20.09 42.20 70.80 28.40
1952 71.59 42.96 55.96 84.75 47.22
1953 71.64 65.70 66.66 112.33 29.86
1954 71.62 61.03 72.41 116.69 33.35
1955 71.43 75.73 49.17 95.57 22.35
1956 71.75 19.22 41.78 67.68 30.16
1957 71.79 34.86 60.62 76.07 45.40
1958 71.66 40.92 53.44 82.86 46.45
1959 71.76 31.49 45.30 75.11 39.97
1960 71.54 44.48 47.09 85.04 36.91
1961 71.66 47.99 57.59 93.33 39.31
1962 71.85 89.77 29.10 83.87 10.32
1963 71.70 14.10 39.92 57.85 24.83
1964 71.69 22.76 46.73 65.88 30.88
1965 71.74 55.97 68.81 106.79 39.23
1966 71.87 78.12 47.49 95.72 26.62
1967 71.90 21.54 38.39 66.27 31.30
1968 71.82 29.24 45.92 73.05 39.26
1969 71.85 46.08 51.39 87.55 40.69
1970 72.14 26.56 38.25 67.40 39.62
1971 71.97 37.20 52.13 73.92 44.74
1972 71.84 87.51 39.15 85.60 14.31
1973 72.13 69.02 57.35 107.16 29.78
1974 72.18 85.02 43.86 91.05 20.94
1975 72.06 57.89 69.34 99.84 38.87
1976 72.17 71.37 52.39 98.14 25.03
1977 72.23 81.40 43.40 97.39 25.54
1978 72.04 27.67 51.82 66.24 36.00
1979 72.25 15.87 39.94 61.80 30.16
1980 72.17 83.13 51.03 89.73 26.07
1981 72.40 52.36 61.37 96.94 44.78
1982 72.29 24.76 51.37 64.31 37.00
1983 72.41 54.25 60.89 91.12 44.85
1984 72.45 59.78 71.55 105.63 43.91
1985 72.45 62.63 68.65 109.03 33.67
1986 72.51 75.35 52.98 91.11 25.86
1987 72.56 23.53 40.64 60.69 35.28
1988 72.55 40.04 52.80 73.97 53.75
1989 72.60 33.20 53.91 73.42 47.32
1990 72.55 50.47 66.33 95.74 46.58
1991 72.63 66.97 59.11 108.00 31.76
1992 72.37 72.49 54.28 95.39 27.72
1993 72.59 42.71 53.25 76.22 49.30
1994 72.86 44.66 59.43 74.44 49.53
1995 72.66 48.52 61.64 90.94 44.97
1996 72.65 87.36 34.20 84.95 16.20
1997 72.75 30.73 45.51 67.60 49.66
1998 72.76 64.77 66.58 100.99 36.66
1999 73.11 17.59 39.66 56.60 33.64
2000 72.79 46.56 57.89 80.09 54.77
2001 72.85 56.19 66.22 92.72 48.67
2002 72.85 20.94 42.02 62.07 35.38
2003 72.90 37.04 50.67 69.27 55.63
2004 73.16 77.79 48.67 93.24 30.69
2005 73.17 73.32 52.88 91.76 31.39
2006 73.06 11.87 23.40 49.82 18.77
2007 73.32 80.72 47.92 89.09 30.96
2008 72.97 89.41 27.44 74.94 8.50
2009 72.87 25.12 38.83 65.50 36.83
2010 73.31 35.06 50.74 68.65 55.64
2011 73.20 70.66 54.86 96.53 34.91
2012 73.35 22.35 38.74 56.38 38.85
2013 73.23 58.34 65.06 90.26 44.56
2014 73.28 61.01 69.40 96.69 43.14
2015 73.27 25.81 45.07 59.43 45.17
2016 73.34 83.31 44.95 80.91 25.90
2017 73.49 39.33 48.73 65.07 57.53
2018 73.44 41.79 50.35 66.49 56.83
2019 73.32 88.58 26.73 72.51 11.14
2020 73.40 52.01 48.98 85.51 46.89
2021 73.55 54.22 51.67 82.79 43.91
2022 73.28 67.84 52.92 97.54 30.62
2023 73.65 86.57 36.32 74.73 17.95
2024 73.34 19.97 35.62 59.75 33.17
2025 73.66 68.75 63.72 90.87 37.50
2026 73.56 49.63 56.10 77.45 46.95
2027 73.59 32.40 47.76 59.32 53.31
2028 73.59 90.36 16.49 64.33 6.12
2029 73.75 63.59 67.51 96.32 44.92
2030 73.68 47.33 57.39 74.74 54.89
2031 73.82 66.18 59.24 91.23 36.79
2032 74.04 75.86 49.21 85.08 33.90
2033 73.89 36.97 39.92 59.90 52.87
2034 73.97 43.84 50.58 69.93 59.86
2035 73.85 56.72 60.08 82.37 51.56
2036 74.09 30.25 43.44 57.84 53.62
2037 73.81 24.29 46.21 58.81 45.74
2038 73.96 27.74 39.61 57.32 46.71
2039 74.03 20.09 45.13 54.63 43.50
2040 74.13 45.78 51.52 68.98 60.59
2041 74.26 59.29 56.62 86.25 49.29
2042 74.16 78.29 43.33 80.98 30.60
2043 74.29 61.67 59.74 82.57 48.61
2044 74.33 70.76 51.47 83.13 35.51
2045 74.32 15.59 30.91 48.42 32.14
2046 74.50 73.52 46.14 80.97 36.69
2047 74.42 34.35 43.03 58.07 58.52
2048 74.35 52.81 48.45 69.71 49.28
2049 74.06 17.16 30.75 50.00 33.50
2050 74.36 18.20 33.93 52.00 38.04
2051 74.40 40.56 49.76 60.93 66.65
2052 74.44 82.60 42.67 73.96 28.38
2053 74.32 23.13 37.66 54.16 41.02
2054 74.45 50.55 49.48 72.68 53.31
2055 74.48 42.37 46.58 62.33 66.90
2056 74.55 48.25 51.48 70.04 57.29
2057 74.47 79.49 48.72 77.43 33.59
2058 74.62 38.56 43.21 55.58 63.78
2059 74.66 55.34 53.97 76.04 53.22
2060 74.83 13.31 24.34 45.70 28.07
2061 74.57 21.53 46.55 50.09 42.48
2062 74.55 85.20 40.84 70.88 23.12
2063 74.54 25.89 39.70 52.32 48.30
2064 74.77 68.27 60.46 84.55 43.17
2065 74.54 72.06 51.91 81.30 35.35
2066 74.81 65.02 59.25 84.40 44.55
2067 74.69 81.37 39.46 75.22 24.86
2068 74.92 57.42 56.88 72.34 51.92
2069 74.96 27.98 46.44 51.17 55.37
2070 74.90 36.40 42.65 52.78 63.56
2071 75.00 32.24 41.11 54.58 61.64
2072 74.93 87.52 27.22 65.94 13.08
2073 75.05 23.87 40.92 50.58 49.14
2074 75.04 84.01 31.91 68.39 23.21
2075 75.08 45.83 47.98 60.37 65.29
2076 75.30 43.53 44.70 57.70 68.22
2077 75.26 51.69 47.11 66.31 60.28
2078 75.34 75.53 46.46 77.47 41.07
2079 75.39 16.34 34.07 44.05 38.76
2080 75.43 62.79 54.52 77.29 51.10
2081 75.54 78.56 42.55 76.46 34.93
2082 75.20 25.79 32.68 50.38 48.05
2083 75.34 53.83 45.75 66.10 60.09
2084 75.28 60.95 55.91 74.87 55.57
2085 75.39 59.21 55.37 68.16 56.13
2086 75.43 40.87 41.45 52.79 69.39
2087 75.46 49.68 46.48 64.50 64.68
2088 75.80 18.40 37.50 41.40 44.28
2089 75.54 21.09 37.91 45.63 49.41
2090 75.61 71.81 51.80 69.93 40.64
2091 75.53 47.77 42.03 61.62 63.85
2092 75.67 66.88 54.31 77.05 44.01
2093 75.76 69.90 53.09 75.81 42.92
2094 75.83 81.37 43.70 74.93 31.80
2095 75.73 34.94 40.53 49.06 62.21
2096 75.56 38.81 41.38 53.59 73.55
2097 75.73 56.25 51.43 61.81 61.88
2098 76.00 73.53 42.55 72.60 39.00
2099 76.01 64.79 52.65 73.30 53.74
2100 75.71 68.59 43.15 78.92 35.08
2101 76.06 87.81 19.06 53.45 10.51
2102 76.13 32.88 41.03 45.85 59.55
2103 76.04 37.00 42.26 46.83 74.23
2104 76.08 13.99 28.22 39.77 37.78
2105 76.07 24.98 38.47 45.90 55.51
2106 76.04 27.44 44.93 45.84 63.94
2107 76.00 45.47 43.56 52.23 69.38
2108 76.40 83.39 40.85 65.14 28.69
2109 75.85 61.10 47.78 70.22 44.67
2110 76.31 41.74 35.99 46.49 67.13
2111 76.32 58.08 45.93 59.49 57.87
2112 76.28 52.92 38.54 55.70 61.58
2113 76.34 51.07 42.67 57.17 69.96
2114 76.37 54.79 44.31 56.00 66.94
2115 76.48 43.72 40.43 50.23 66.23
2116 76.52 39.40 38.39 49.91 70.84
2117 76.48 47.27 43.92 51.30 72.72
2118 76.56 60.19 51.95 65.41 66.43
2119 76.61 29.51 44.28 45.64 61.32
2120 76.73 22.50 35.99 42.06 55.56
2121 76.70 49.28 40.33 48.73 69.30
2122 76.72 62.30 50.84 64.67 63.62
2123 76.71 77.15 45.28 70.85 41.76
2124 76.72 79.78 39.79 61.86 35.30
2125 76.78 16.90 30.23 37.96 44.57
2126 76.57 68.25 53.71 69.77 52.73
2127 76.97 19.99 32.55 39.47 52.31
2128 76.84 70.89 46.00 65.34 45.08
2129 76.65 78.59 48.00 67.72 31.72
2130 76.99 31.44 40.24 44.88 65.48
2131 77.06 85.42 25.91 57.23 17.97
2132 77.01 34.53 42.94 43.19 69.81
2133 76.96 56.46 45.38 55.12 63.15
2134 77.11 75.12 45.44 69.47 46.17
2135 77.05 36.64 37.83 45.84 72.99
2136 77.09 64.14 49.98 64.97 64.53
2137 77.22 66.40 48.11 63.86 53.44
2138 77.06 15.11 19.75 33.83 32.17
2139 77.17 45.74 37.49 48.51 72.83
2140 77.21 24.94 40.13 43.72 68.14
2141 77.28 27.00 38.88 41.06 58.56
2142 77.24 53.51 40.45 48.84 61.02
2143 77.46 42.16 34.24 44.65 66.45
2144 77.40 51.50 37.80 47.34 67.74
2145 77.57 72.98 45.62 64.99 51.20
2146 77.46 40.37 36.89 47.86 73.15
2147 77.47 58.43 47.26 57.16 68.72
2148 77.59 47.64 30.74 45.68 71.25
2149 77.67 81.93 42.46 61.82 34.45
2150 77.65 38.36 35.13 39.81 68.77
2151 77.72 60.33 44.20 54.20 70.21
2152 78.00 83.88 28.45 55.65 24.89
2153 77.79 32.96 41.10 40.68 64.37
2154 77.68 44.01 37.29 42.65 66.05
2155 77.75 55.28 48.37 51.60 66.95
2156 77.82 68.66 41.43 66.77 45.41
2157 77.83 28.67 39.27 41.00 64.35
2158 77.97 18.43 24.67 34.72 43.46
2159 77.99 14.44 15.95 29.97 26.52
2160 77.99 16.87 22.92 33.02 37.31
2161 77.93 49.70 38.68 47.06 73.72
2162 77.76 22.36 37.75 38.04 54.58
2163 78.15 62.25 42.91 50.77 60.97
2164 78.06 77.07 45.26 58.72 45.26
2165 78.18 79.28 40.93 56.78 44.01
2166 78.17 21.25 32.16 37.70 56.46
2167 78.21 23.73 35.87 35.14 64.03
2168 78.16 35.90 37.33 40.95 67.66
2169 78.25 57.19 45.41 48.27 67.71
2170 78.33 30.71 38.01 38.57 63.46
2171 78.12 64.24 50.18 55.93 67.92
2172 78.33 45.76 33.69 42.93 70.46
2173 78.31 53.65 41.48 47.54 67.79
2174 78.39 66.94 39.00 54.34 63.03
2175 78.38 71.53 44.72 58.41 53.99
2176 78.41 19.40 27.61 32.05 45.15
2177 78.51 51.82 35.31 46.06 70.09
2178 78.74 25.55 36.06 37.33 58.47
2179 78.47 40.18 32.62 44.20 72.67
2180 78.73 37.77 32.12 40.14 66.84
2181 78.62 48.19 35.46 43.82 71.33
2182 78.86 41.94 32.90 41.16 70.71
2183 78.73 43.78 37.58 42.45 66.13
2184 78.81 58.93 44.20 49.74 68.11
2185 78.82 34.06 38.79 37.47 59.00
2186 78.87 74.76 46.67 54.13 59.19
2187 78.91 55.56 41.85 45.24 68.41
2188 79.11 81.59 37.74 51.15 36.93
2189 78.89 28.29 39.40 37.71 62.37
2190 79.22 15.74 16.71 28.65 34.42
2191 79.07 61.01 38.94 46.19 73.55
2192 79.06 69.36 48.47 51.34 60.44
2193 79.09 50.00 35.59 41.52 67.48
2194 79.12 65.28 43.40 48.40 67.60
2195 79.28 32.07 41.01 36.86 62.43
2196 79.07 78.09 43.46 53.94 43.37
2197 79.28 20.56 28.67 33.30 54.53
2198 79.26 46.78 37.09 41.61 69.29
2199 79.50 23.08 32.10 34.30 58.79
2200 79.44 39.35 31.68 38.69 72.51
2201 79.45 62.83 37.70 45.55 62.39
2202 79.66 17.95 23.11 28.06 44.96
2203 79.47 76.52 42.24 47.73 53.16
2204 79.51 83.61 25.74 45.02 22.13
2205 79.55 35.80 32.33 38.16 64.33
2206 79.43 53.62 35.65 43.15 64.15
2207 79.62 29.72 40.91 35.82 68.95
2208 79.64 44.74 37.59 39.65 65.55
2209 79.69 72.06 44.10 50.17 59.89
2210 79.50 78.94 38.84 50.03 46.95
2211 79.70 57.49 39.22 43.09 63.94
2212 79.75 67.42 40.12 47.84 62.26
2213 79.73 51.81 35.55 39.61 64.70
2214 80.00 40.90 30.61 36.48 59.45
2215 80.02 48.43 34.34 37.60 62.78
2216 80.06 27.36 36.15 34.11 61.57
2217 80.09 37.56 31.24 35.63 66.14
2218 79.99 55.40 32.30 40.91 67.23
2219 80.03 59.70 36.92 42.11 67.56
2220 80.12 33.79 35.15 34.69 60.24
2221 80.09 42.86 34.58 38.13 66.29
2222 80.03 64.34 39.52 46.88 64.95
2223 80.07 74.27 43.25 47.91 59.42
2224 80.17 25.03 37.24 33.58 60.75
2225 80.22 69.91 41.91 46.73 65.84
2226 80.29 50.35 37.05 40.90 61.47
2227 80.40 80.80 34.86 41.51 39.83
2228 80.31 46.15 37.33 34.93 63.59
2229 80.47 21.07 26.97 29.09 52.81
2230 80.46 78.34 36.95 42.62 50.38
2231 80.44 31.50 35.59 32.21 56.02
2232 80.53 53.30 33.29 39.58 69.68
2233 80.61 62.53 38.30 40.40 62.04
2234 80.68 83.06 21.84 38.62 19.64
2235 80.50 65.16 37.50 44.45 56.45
2236 80.85 76.29 37.58 42.36 53.79
2237 80.83 39.28 30.86 35.55 62.42
2238 80.87 66.45 38.31 41.06 60.28
2239 80.87 29.21 33.68 34.51 57.65
2240 80.81 56.85 35.69 39.76 65.92
2241 80.95 18.97 20.66 28.52 41.92
2242 81.08 23.22 31.65 32.44 54.59
2243 81.00 43.98 34.59 34.93 55.91
2244 80.96 71.84 40.91 45.99 61.92
2245 81.05 58.81 34.49 40.49 63.65
2246 81.20 68.51 36.89 40.73 59.68
2247 81.09 36.88 32.88 34.82 59.73
2248 81.08 60.88 34.55 40.00 63.75
2249 81.15 47.46 34.60 36.46 59.23
2250 81.15 34.18 34.49 36.41 59.93
2251 81.18 41.80 35.23 38.85 55.97
2252 81.28 26.34 33.05 31.16 50.35
2253 81.25 49.32 31.78 38.62 62.09
2254 81.19 54.96 36.06 40.49 66.10
2255 81.31 51.22 32.48 35.48 62.92
2256 81.37 74.06 37.75 39.99 61.20
2257 81.38 45.70 34.67 34.64 57.38
2258 81.58 64.50 37.42 39.97 60.38
2259 81.64 31.99 34.80 33.97 60.18
2260 81.66 53.22 31.30 35.94 67.19
2261 81.78 81.04 20.26 37.78 30.00
2262 81.69 78.73 28.28 38.28 47.60
2263 81.82 39.97 35.34 36.53 59.66
2264 81.67 70.17 32.35 39.50 56.45
2265 82.03 29.89 32.86 33.27 58.14
2266 81.98 35.48 35.32 34.56 58.19
2267 82.13 19.83 21.43 24.35 39.27
2268 82.02 57.60 35.14 38.67 63.45
2269 81.96 62.53 34.92 36.71 60.55
2270 82.09 27.52 31.83 31.62 56.78
2271 82.30 37.58 38.08 36.58 50.61
2272 82.12 60.12 32.62 36.36 60.21
2273 82.16 75.80 29.65 35.75 52.23
2274 82.28 24.58 30.80 28.83 54.65
2275 82.12 44.34 35.25 35.34 54.55
2276 82.22 66.47 36.30 37.75 57.74
2277 82.16 55.75 36.51 36.01 61.56
2278 82.15 71.02 35.70 39.07 60.47
2279 82.32 22.09 28.93 27.99 50.58
2280 82.38 42.30 33.07 34.72 50.64
2281 82.29 46.88 35.93 34.30 65.93
2282 82.32 49.39 38.50 33.90 63.13
2283 82.36 72.92 34.95 36.35 60.52
2284 82.46 68.71 37.28 37.72 61.45
2285 82.46 51.80 33.11 34.88 58.32
2286 82.70 33.66 36.06 34.09 51.58
2287 82.83 53.78 31.08 33.32 54.04
2288 82.87 31.44 33.86 33.89 54.89
2289 82.89 79.52 19.68 30.15 40.05
2290 82.87 39.26 38.32 35.76 54.08
2291 82.84 58.75 36.62 36.17 61.47
2292 82.97 64.16 36.48 36.90 58.58
2293 83.04 76.99 25.11 34.43 48.59
2294 83.05 62.00 33.68 38.95 62.15
2295 82.84 78.03 27.14 32.00 48.86
2296 83.04 28.74 32.26 32.11 53.53
2297 83.14 35.67 33.01 33.68 52.95
2298 83.18 44.15 36.19 33.89 55.12
2299 83.25 55.81 32.47 33.93 56.62
2300 83.47 25.76 30.18 30.53 54.57
2301 83.34 41.27 33.55 34.46 56.66
2302 83.35 48.12 35.63 35.74 55.98
2303 83.33 46.16 32.08 32.53 54.55
2304 83.38 50.47 37.16 33.87 59.21
2305 83.53 70.54 34.98 32.66 59.69
2306 83.50 75.12 29.89 31.83 51.72
2307 83.48 65.79 32.48 36.24 57.29
2308 83.53 21.24 22.24 23.74 44.68
2309 83.51 23.54 26.55 28.07 51.71
2310 83.38 72.88 32.34 34.93 57.84
2311 83.53 68.11 31.25 34.85 66.61
2312 83.77 57.24 30.45 34.68 53.23
2313 83.74 52.52 31.54 34.96 53.62
2314 83.67 59.95 30.67 34.23 55.52
2315 83.85 79.67 13.76 29.20 21.04
2316 83.95 29.65 33.84 31.40 52.16
2317 83.98 36.81 37.89 33.68 49.94
2318 84.09 31.83 32.71 31.88 44.17
2319 84.11 77.30 20.15 27.34 36.34
2320 84.01 33.88 32.55 29.37 46.39
2321 84.06 39.33 34.54 34.78 47.86
2322 84.08 54.52 32.61 34.66 55.46
2323 84.13 43.43 33.34 36.11 55.13
2324 84.26 63.61 32.58 34.61 55.12
2325 84.31 49.13 31.72 32.73 48.43
2326 84.41 27.47 31.62 28.95 50.44
2327 84.36 61.55 32.00 34.73 53.66
2328 84.32 45.92 32.19 33.10 48.27
2329 84.55 58.53 35.23 32.24 51.65
2330 84.58 67.22 31.69 33.32 57.48
2331 84.41 72.19 32.28 32.49 52.93
2332 84.58 41.27 31.21 32.39 49.71
2333 84.56 51.11 30.94 33.08 52.08
2334 84.69 23.92 26.19 26.11 46.86
2335 84.78 69.35 30.81 32.19 57.06
2336 84.89 75.10 25.46 28.45 46.51
2337 84.88 21.61 18.35 21.95 37.89
2338 84.95 65.09 30.76 34.78 52.82
2339 84.70 73.35 28.00 27.54 50.14
2340 85.01 47.57 30.78 33.94 47.05
2341 85.02 37.66 34.52 32.07 46.03
2342 85.08 52.85 31.97 32.08 46.42
2343 85.04 55.37 31.45 33.13 49.90
2344 85.19 29.88 31.34 31.34 50.65
2345 85.02 34.59 32.23 31.37 44.89
2346 85.31 25.85 30.10 28.36 48.90
2347 85.16 43.10 33.82 30.86 49.53
2348 85.35 60.59 31.32 33.89 53.32
2349 85.34 32.26 31.10 30.82 43.60
2350 85.35 45.22 29.49 33.62 45.39
2351 85.46 57.30 30.32 33.26 49.71
2352 85.41 71.13 29.70 27.19 53.21
2353 85.50 39.70 29.52 30.96 41.98
2354 85.40 62.66 32.36 32.17 51.19
2355 85.49 49.69 26.33 31.48 41.68
2356 85.66 27.83 33.53 28.72 46.27
2357 85.92 73.12 24.74 25.34 43.04
2358 85.83 67.42 28.05 31.60 53.78
2359 85.78 76.16 20.55 24.28 34.30
2360 85.83 36.09 34.92 28.93 42.00
2361 85.93 41.62 31.58 30.73 45.12
2362 85.98 58.97 32.09 34.05 45.62
2363 86.06 21.91 19.22 19.86 31.30
2364 85.99 23.91 26.52 22.60 39.11
2365 86.08 54.25 33.30 31.43 47.73
2366 86.19 69.31 28.45 29.61 54.65
2367 86.25 64.05 32.22 30.96 52.26
2368 86.30 65.77 28.29 30.86 51.13
2369 86.29 52.27 28.60 31.24 43.98
2370 86.33 38.20 31.17 32.21 41.65
2371 86.28 48.03 27.35 32.22 39.47
2372 86.30 33.47 32.95 31.43 39.92
2373 86.30 45.90 26.68 33.95 44.93
2374 86.32 55.95 30.66 32.02 48.56
2375 86.47 43.60 25.35 32.53 42.99
2376 86.47 30.80 30.01 28.40 44.88
2377 86.54 61.90 28.88 30.32 49.10
2378 86.60 26.46 26.50 26.54 40.50
2379 86.68 74.59 25.34 25.12 37.92
2380 86.65 28.85 26.07 30.19 46.41
2381 86.64 71.03 26.49 27.86 43.04
2382 86.64 60.49 33.16 34.41 42.88
2383 86.93 40.23 26.45 30.37 39.20
2384 87.01 35.78 28.92 31.49 42.56
2385 87.20 59.73 28.66 29.33 42.13
2386 87.10 23.85 19.40 21.44 34.47
2387 87.18 49.14 27.96 32.09 43.13
2388 87.17 67.31 27.82 25.36 47.19
2389 87.28 46.31 25.08 32.61 40.32
2390 87.19 53.82 28.05 32.27 38.28
2391 87.51 37.66 25.58 31.05 39.34
2392 87.36 42.27 26.80 32.14 41.34
2393 87.36 56.32 28.15 31.22 42.38
2394 87.38 63.50 31.23 29.35 49.15
2395 87.50 69.21 27.84 26.21 45.49
2396 87.61 31.66 26.66 30.78 39.34
2397 87.47 33.57 26.99 28.41 40.87
2398 87.56 71.86 23.94 25.99 36.58
2399 87.59 51.52 26.38 30.52 38.85
2400 87.74 44.34 25.76 30.33 39.03
2401 87.84 25.48 21.52 23.95 33.50
2402 87.64 30.04 26.09 28.18 40.64
2403 87.76 73.85 17.74 23.84 27.26
2404 87.93 61.79 28.49 30.19 43.42
2405 87.98 29.05 24.50 29.38 38.62
2406 88.03 47.55 22.83 35.03 33.67
2407 87.88 65.37 28.03 28.29 46.83
2408 87.77 53.66 24.47 31.18 38.82
2409 87.91 27.22 23.83 28.56 38.56
2410 88.31 40.89 25.77 33.94 33.10
2411 88.17 35.78 26.31 29.89 36.42
2412 88.36 54.96 25.35 33.31 35.68
2413 88.29 39.06 26.20 31.29 35.97
2414 88.33 59.58 27.41 29.17 36.73
2415 88.46 57.48 26.08 29.35 35.83
2416 88.46 49.45 27.49 33.23 37.08
2417 88.49 67.99 24.82 25.85 42.33
2418 88.61 70.29 20.87 25.26 37.92
2419 88.60 32.95 26.82 28.80 35.04
2420 88.68 63.81 26.46 26.72 37.96
2421 88.82 30.48 21.09 25.41 33.76
2422 88.65 43.26 24.10 33.27 32.76
2423 88.70 45.37 26.78 32.68 28.68
2424 88.78 72.42 18.29 21.33 25.84
2425 88.83 51.52 24.02 31.91 35.74
2426 88.92 27.35 18.71 23.57 32.15
2427 88.91 65.90 25.03 27.38 40.37
2428 88.91 37.39 26.09 30.32 33.43
2429 89.04 47.12 24.10 33.78 35.17
2430 89.24 61.71 27.14 28.67 34.32
2431 89.07 53.79 24.16 29.84 35.20
2432 89.44 40.33 23.12 31.47 31.71
2433 89.27 44.53 22.20 32.10 30.65
2434 89.32 48.89 24.57 34.51 26.20
2435 89.55 35.39 22.17 28.88 34.64
2436 89.59 59.52 24.24 29.56 32.83
2437 89.77 42.96 23.23 29.27 29.55
2438 89.76 69.38 20.02 23.08 31.78
2439 89.70 55.11 27.06 30.14 33.08
2440 89.83 57.25 23.97 31.82 31.02
2441 89.80 67.24 20.11 25.12 34.14
2442 89.74 32.54 22.41 28.17 33.73
2443 89.95 50.58 26.63 31.60 33.86
2444 89.86 64.83 23.31 26.54 33.13
2445 89.99 52.63 24.60 31.35 32.40
2446 89.80 46.76 23.41 34.15 25.47
2447 90.10 37.37 23.20 30.90 30.48
2448 90.13 62.96 22.56 28.33 31.34
2449 90.22 30.46 18.16 25.84 28.61
2450 90.39 45.61 25.14 30.70 29.61
2451 90.59 33.67 21.35 26.68 28.65
2452 90.46 38.79 22.94 30.00 29.19
2453 90.58 43.73 25.07 30.69 29.46
2454 90.84 60.90 21.46 28.09 30.85
2455 90.75 28.73 13.92 21.03 24.97
2456 90.59 41.62 24.12 27.88 29.68
2457 90.79 55.96 24.10 30.52 27.71
2458 91.00 66.48 18.32 22.00 28.25
2459 90.89 59.03 22.52 28.80 31.31
2460 90.91 50.79 23.26 31.20 31.39
2461 91.26 35.09 19.08 26.77 27.22
2462 91.02 64.46 20.81 24.49 28.76
2463 90.77 37.62 21.00 36.00 14.00
2464 91.19 68.25 15.79 19.81 23.85
2465 91.03 40.78 22.32 30.32 27.94
2466 91.23 62.70 20.30 25.95 27.20
2467 91.13 31.73 16.16 24.56 28.21
2468 91.14 38.40 21.55 29.02 27.88
2469 91.25 46.41 25.95 30.87 25.90
2470 91.38 48.33 24.15 29.57 30.11
2471 91.30 53.12 23.43 27.21 31.28
2472 91.38 57.49 22.04 30.31 29.24
2473 91.55 30.03 14.77 24.10 20.18
2474 91.42 43.64 21.41 32.59 23.48
2475 91.91 40.49 21.35 30.33 25.92
2476 91.63 60.97 23.83 26.08 19.83
2477 91.70 56.37 22.11 34.78 28.67
2478 92.10 59.06 21.56 26.54 25.64
2479 91.79 34.50 17.80 23.60 30.00
2480 91.90 58.11 21.00 29.00 30.67
2481 92.24 63.46 19.49 22.00 21.88
2482 92.39 53.41 22.33 28.15 26.35
2483 92.39 61.22 19.25 24.76 23.60
2484 92.26 67.28 12.68 20.26 16.85
2485 92.18 46.89 22.48 26.86 26.97
2486 92.15 49.09 22.79 31.45 23.90
2487 92.31 65.25 16.13 20.93 21.77
2488 92.34 55.45 21.66 25.90 27.93
2489 92.52 34.21 18.24 28.65 18.80
2490 92.54 36.53 19.60 27.55 24.69
2491 92.60 45.70 23.95 30.79 23.16
2492 92.58 32.68 14.66 26.34 16.03
2493 92.59 48.04 26.59 29.26 18.35
2494 92.81 31.26 12.55 23.83 18.89
2495 93.09 57.18 20.16 23.95 27.13
2496 92.86 42.40 20.89 28.26 18.16
2497 92.96 43.68 21.53 28.35 25.20
2498 92.87 44.93 21.40 35.20 18.80
2499 92.91 54.59 19.31 29.56 18.75
2500 93.21 40.89 21.00 27.70 23.24
2501 93.41 48.64 22.39 27.92 22.25
2502 93.39 63.74 12.97 21.15 18.86
2503 93.40 52.02 21.94 28.19 24.43
2504 93.43 34.68 16.91 25.33 21.72
2505 93.49 39.32 18.27 30.08 17.81
2506 93.70 53.78 20.18 24.45 27.10
2507 93.71 44.33 22.90 27.03 22.27
2508 93.78 32.40 11.37 23.07 16.35
2509 94.14 42.21 20.41 27.25 24.37
2510 94.18 46.85 22.69 26.89 22.54
2511 94.21 50.20 20.73 29.00 17.91
2512 93.93 55.50 21.02 24.20 23.63
2513 93.99 40.02 21.58 29.65 15.92
2514 94.36 33.99 13.80 23.10 20.84
2515 94.31 35.40 17.06 22.47 19.76
2516 94.41 45.47 22.02 29.42 18.95
2517 94.51 51.86 20.63 25.90 21.49
2518 94.75 48.70 19.50 26.18 23.20
2519 94.39 54.83 16.58 24.83 26.83
2520 94.77 40.29 18.53 25.89 22.40
2521 94.87 62.20 11.26 20.08 14.08
2522 94.96 56.75 18.71 23.73 15.95
2523 95.06 54.86 17.02 25.43 18.11
2524 94.86 53.01 19.80 29.60 17.40
2525 94.86 59.68 13.17 24.00 21.17
2526 95.41 44.46 16.05 26.83 16.73
2527 95.08 60.59 12.83 22.29 15.20
2528 95.51 36.20 12.61 23.31 13.52
2529 95.29 50.46 19.06 24.06 23.29
2530 95.44 38.31 15.71 22.83 18.76
2531 95.31 43.02 18.74 21.20 22.11
2532 95.42 53.40 17.17 21.54 22.40
2533 95.60 47.73 18.30 26.93 23.17
2534 95.43 52.36 15.62 24.08 15.31
2535 95.53 39.75 15.15 23.40 11.05
2536 95.71 56.44 14.20 22.45 16.22
2537 96.10 54.45 14.04 22.96 13.78
2538 96.11 42.40 16.02 22.87 18.36
2539 96.41 51.44 14.31 23.14 16.06
2540 95.98 55.51 12.20 25.00 15.80
2541 96.26 48.48 16.25 23.63 15.46
2542 96.75 56.17 13.94 18.72 17.50
2543 96.56 39.67 12.96 18.87 16.68
2544 96.54 45.39 14.76 22.56 19.56
2545 96.67 41.34 13.26 20.64 12.36
2546 96.76 46.73 17.21 24.07 14.58
2547 96.75 43.93 12.47 21.70 13.03
2548 97.08 48.99 13.45 21.14 15.27
2549 97.05 53.66 12.61 17.84 16.75
2550 96.82 42.28 9.33 24.33 14.00
2551 97.25 43.00 10.43 20.39 16.37
2552 97.66 44.92 11.39 19.95 11.90
2553 97.54 51.00 11.11 19.23 13.81
2554 97.42 52.37 11.91 18.18 16.45
2555 97.78 53.14 10.23 17.26 10.97
2556 98.08 47.61 11.48 17.14 12.69
2557 98.22 46.04 7.88 17.23 7.38
2558 98.21 43.88 7.32 18.22 8.68
2559 98.43 49.13 8.18 17.54 7.80

