#<Embryo name> <Cleavage cycle> <Temporal class> <Genes>
kw17 14A 3 even-skipped knirps giant

#Quantitative data
#<Nucleus number> <A-P coordinate> <D-V coordinate> <Fluorescence intensity: channel 1 - eve, channel 2 - kni, channel 3 - gt>
0 2.46 45.65 11.00 53.95 8.59
1 2.35 50.41 9.97 51.05 8.49
2 2.59 48.06 13.39 58.85 8.35
3 2.75 52.92 8.88 45.33 7.50
4 3.14 50.32 13.47 62.95 8.09
5 3.53 45.80 14.61 60.16 9.29
6 3.74 47.98 15.90 65.32 9.82
7 3.88 52.47 13.45 60.14 8.99
8 3.68 50.03 12.02 64.40 8.65
9 3.79 54.92 10.16 48.88 7.49
10 4.18 57.23 7.24 40.12 6.14
11 4.77 43.11 15.31 54.32 10.28
12 4.62 50.59 15.42 65.77 10.91
13 5.05 45.96 16.16 60.35 11.86
14 4.53 47.93 17.67 57.90 10.92
15 5.07 53.30 14.51 60.75 10.34
16 5.32 55.24 14.15 57.71 10.43
17 5.51 48.94 17.82 62.99 14.05
18 5.51 58.55 10.29 48.07 7.82
19 5.66 40.89 15.06 48.06 11.83
20 5.49 52.02 18.64 64.88 10.16
21 5.65 39.33 14.19 43.48 11.24
22 6.00 51.22 16.86 62.37 13.03
23 6.24 60.90 9.03 41.97 7.35
24 6.31 44.22 20.29 55.72 13.86
25 5.92 52.50 17.50 63.67 11.83
26 6.80 46.51 19.14 55.84 15.13
27 6.39 57.32 14.73 64.82 10.47
28 6.32 41.83 16.10 49.67 12.48
29 6.24 59.83 8.67 48.67 8.33
30 6.74 55.31 16.43 66.77 11.59
31 7.00 53.16 18.60 61.88 12.60
32 6.62 38.44 15.85 37.54 12.23
33 6.69 50.16 19.52 64.50 14.52
34 7.22 59.44 14.25 57.69 10.26
35 7.24 62.02 9.32 44.39 7.61
36 7.26 48.68 22.48 61.38 16.04
37 7.41 43.23 17.42 45.44 14.39
38 7.36 51.08 18.91 59.40 14.62
39 7.45 39.87 15.64 36.32 13.00
40 7.31 38.09 14.14 30.66 12.31
41 7.60 35.72 14.45 26.49 11.20
42 7.90 57.26 18.04 66.47 12.00
43 8.13 46.76 23.58 52.33 16.49
44 8.06 37.48 15.65 28.69 13.90
45 8.36 54.89 17.14 63.00 13.89
46 8.12 60.31 13.09 62.76 11.47
47 8.26 63.30 11.22 50.52 8.50
48 8.41 44.90 19.27 48.46 16.63
49 8.77 41.63 18.57 34.71 16.52
50 8.74 53.15 20.54 62.70 16.03
51 8.52 50.25 21.01 59.89 17.66
52 8.45 39.15 16.67 29.93 12.77
53 8.45 34.61 14.78 21.39 13.72
54 8.75 60.85 14.21 60.41 12.05
55 9.01 58.92 17.52 68.02 15.20
56 8.79 35.56 19.02 22.90 13.21
57 8.88 46.80 21.60 51.13 16.90
58 9.33 57.40 21.50 66.68 15.16
59 9.54 64.70 10.53 47.05 9.56
60 9.27 38.87 17.95 26.12 14.97
61 9.38 36.84 17.08 23.29 14.35
62 9.67 47.83 20.85 49.14 17.43
63 9.71 50.86 19.57 54.44 17.56
64 9.88 55.37 19.40 65.51 16.65
65 9.73 62.58 17.06 60.24 13.14
66 9.68 46.11 22.15 45.03 17.85
67 9.82 60.69 17.97 65.69 14.21
68 10.21 45.17 21.62 40.40 17.62
69 9.98 53.40 19.76 59.95 19.24
70 10.32 41.11 20.36 29.10 17.64
71 10.05 42.84 19.60 30.95 17.55
72 10.17 33.12 18.08 17.90 13.08
73 10.33 39.67 18.00 26.00 16.20
74 10.47 66.33 10.44 41.07 10.34
75 10.70 58.60 19.81 70.20 18.07
76 10.55 48.37 23.59 42.43 20.55
77 10.68 53.65 21.51 60.92 19.51
78 10.84 43.26 21.93 31.63 19.63
79 10.88 35.36 19.08 20.06 16.82
80 11.05 63.81 17.47 59.75 15.39
81 10.92 65.52 13.75 51.81 12.92
82 10.85 50.26 17.46 51.54 18.83
83 11.16 51.34 21.02 52.85 19.12
84 11.35 31.74 16.39 17.07 15.67
85 10.83 45.81 22.17 38.17 19.33
86 10.93 47.55 21.71 43.50 18.36
87 11.39 61.57 18.81 65.67 16.97
88 11.39 40.31 20.69 25.60 16.72
89 11.61 55.14 22.36 58.94 20.80
90 11.30 46.30 21.79 38.00 21.48
91 11.15 32.75 15.33 19.78 17.56
92 11.28 48.51 24.39 40.94 19.16
93 11.63 67.30 10.38 47.17 12.55
94 11.35 45.21 24.46 36.92 21.23
95 11.64 39.09 21.35 22.61 18.94
96 11.43 30.26 14.50 16.31 12.38
97 11.70 44.11 21.23 28.78 18.43
98 11.54 47.67 18.00 39.67 22.00
99 11.68 33.60 18.47 18.55 16.51
100 11.89 42.15 21.89 26.51 19.83
101 12.06 57.25 22.71 64.36 24.14
102 11.80 36.50 21.93 21.89 19.09
103 12.26 59.42 20.55 66.47 22.07
104 12.00 52.97 20.72 54.20 23.49
105 11.94 29.98 15.03 16.09 14.44
106 12.00 46.27 20.49 35.55 19.43
107 12.09 50.27 24.57 44.42 26.81
108 12.29 64.99 16.44 54.65 19.60
109 12.12 47.57 21.88 38.69 21.81
110 12.29 48.56 25.76 38.78 24.91
111 12.39 69.60 10.78 38.06 11.92
112 12.67 62.65 18.47 56.99 19.93
113 12.56 30.69 16.00 16.42 15.80
114 12.20 32.80 14.33 22.56 13.44
115 12.25 34.16 18.29 19.41 18.76
116 12.59 40.22 20.52 25.57 20.70
117 12.51 38.80 19.56 21.36 23.08
118 12.52 43.65 21.20 25.70 24.86
119 12.89 45.71 22.70 27.52 25.39
120 12.62 35.43 19.63 19.59 20.61
121 12.62 52.46 21.54 49.80 21.41
122 12.59 49.55 21.89 37.78 24.22
123 12.94 67.11 15.41 55.37 21.10
124 12.66 33.31 18.48 20.76 18.52
125 13.20 41.94 23.45 25.58 21.91
126 12.71 47.62 22.31 35.23 24.31
127 12.83 51.23 24.68 40.92 23.04
128 13.25 54.77 23.55 55.26 28.05
129 13.53 56.83 23.10 60.85 28.63
130 13.21 70.74 8.45 34.83 11.97
131 13.17 33.26 20.17 18.02 21.10
132 13.24 43.64 24.60 25.92 23.90
133 13.18 47.86 21.05 34.00 20.71
134 13.37 58.54 22.55 65.75 28.81
135 13.59 60.67 21.50 68.99 28.20
136 13.49 49.35 22.33 37.39 29.39
137 13.47 30.22 16.75 18.39 20.21
138 13.75 28.57 17.76 16.58 18.35
139 13.74 51.99 23.28 42.53 28.39
140 13.75 65.28 18.55 57.92 25.85
141 13.68 53.92 22.49 54.37 26.86
142 13.92 69.21 13.22 45.59 23.40
143 13.98 35.76 20.74 18.89 26.33
144 13.75 37.38 21.91 25.06 23.66
145 13.97 62.89 20.32 60.14 31.76
146 14.19 45.44 21.57 25.24 28.76
147 14.01 40.35 19.64 21.88 29.06
148 14.31 47.73 23.72 27.69 32.10
149 14.24 43.22 23.36 24.40 30.81
150 14.46 33.35 19.97 20.28 26.87
151 14.51 41.15 24.44 23.13 29.37
152 14.48 59.73 20.32 62.42 31.90
153 14.39 64.52 17.84 55.84 24.11
154 14.60 67.24 18.98 49.51 32.10
155 14.58 38.42 22.61 21.92 28.33
156 14.91 31.07 17.84 18.33 25.53
157 14.63 49.82 23.34 33.68 35.69
158 14.86 71.47 12.14 38.28 22.81
159 15.00 54.58 23.14 48.96 36.04
160 14.96 27.96 15.89 16.43 25.62
161 15.12 57.31 24.66 58.18 38.54
162 15.22 52.44 24.11 40.04 40.98
163 14.92 61.51 18.41 61.03 37.06
164 15.00 43.63 23.26 22.36 31.23
165 15.38 63.95 20.78 57.75 37.97
166 15.35 29.33 18.02 14.30 26.96
167 15.30 59.43 22.79 61.86 36.74
168 15.44 45.79 22.28 22.85 38.46
169 15.25 50.33 24.21 33.93 40.07
170 15.22 26.79 16.73 11.80 19.53
171 15.59 41.68 24.08 23.21 37.70
172 15.43 73.94 8.48 32.75 14.41
173 15.52 48.40 22.58 24.71 42.04
174 15.56 61.87 22.07 63.55 35.10
175 15.63 36.01 22.43 20.72 35.28
176 15.79 39.42 26.69 21.65 36.87
177 15.92 68.68 19.22 53.42 39.16
178 15.76 32.97 20.00 20.67 34.49
179 15.97 38.06 22.72 21.10 33.85
180 16.19 55.69 23.76 46.28 52.79
181 16.27 44.09 24.36 23.38 46.73
182 16.26 27.82 18.10 15.61 34.43
183 16.11 34.14 20.10 21.60 35.65
184 16.39 50.93 23.94 29.71 55.66
185 16.30 71.98 13.84 43.61 35.36
186 16.49 59.82 24.86 57.73 48.12
187 16.16 48.50 25.81 27.57 44.00
188 16.54 53.57 24.98 35.12 54.96
189 16.26 66.55 20.95 54.12 36.19
190 16.74 61.93 23.46 60.63 47.94
191 16.38 36.34 23.05 20.61 35.14
192 16.71 57.44 24.84 52.94 58.22
193 16.62 31.83 20.75 19.58 35.34
194 16.77 40.75 24.18 23.56 48.86
195 16.72 46.88 23.98 24.55 55.62
196 16.47 64.83 22.47 60.68 46.50
197 16.48 33.27 25.83 19.00 34.58
198 17.02 70.17 20.08 52.25 46.05
199 16.97 37.92 21.69 21.15 48.49
200 16.96 63.86 22.85 61.58 56.42
201 17.06 34.75 22.97 21.91 46.82
202 17.35 43.02 23.20 24.12 64.87
203 17.35 48.91 23.77 25.72 71.80
204 17.46 68.23 20.61 52.65 49.83
205 17.16 75.58 10.35 33.73 28.04
206 17.59 27.06 18.20 15.89 47.92
207 17.72 29.70 19.65 16.71 49.44
208 17.47 38.95 21.73 21.22 51.55
209 17.69 45.66 24.57 24.26 71.50
210 17.68 55.51 25.18 35.76 68.92
211 17.67 65.86 22.05 59.00 52.11
212 17.76 73.49 17.52 40.47 39.93
213 17.92 32.17 22.51 20.49 60.35
214 17.86 50.95 24.92 27.24 83.32
215 17.84 53.28 26.18 30.51 75.48
216 18.03 60.16 23.40 50.22 62.73
217 17.62 23.48 13.80 16.20 38.73
218 18.08 36.40 22.51 20.43 67.19
219 17.94 57.95 25.13 43.15 70.25
220 18.16 71.24 20.55 44.91 59.11
221 17.78 76.45 11.27 31.46 19.27
222 18.19 62.28 25.40 54.83 66.67
223 18.15 41.03 25.08 23.50 71.68
224 18.00 24.57 17.64 16.36 45.88
225 18.60 64.64 24.67 57.49 68.02
226 18.65 48.42 27.15 25.24 91.71
227 18.62 43.90 25.30 23.72 87.16
228 18.78 38.41 25.65 21.41 85.07
229 18.57 75.34 15.39 34.76 38.21
230 18.45 69.09 19.60 51.38 60.72
231 18.92 77.83 10.44 29.93 20.23
232 18.85 26.07 18.39 17.34 72.82
233 18.86 34.30 22.18 21.53 79.78
234 19.13 66.83 26.81 53.31 70.22
235 19.09 46.11 26.09 25.31 101.06
236 19.03 56.06 27.28 31.20 92.72
237 19.08 28.95 22.35 18.53 75.84
238 19.08 51.41 24.44 27.32 97.58
239 19.15 53.86 26.96 26.06 94.10
240 19.24 58.30 25.32 37.50 88.39
241 19.32 73.41 22.13 41.35 58.23
242 19.36 40.54 24.56 24.40 99.91
243 19.16 69.00 23.45 54.75 62.43
244 19.50 31.64 22.54 19.40 91.95
245 19.48 62.59 25.68 50.73 80.38
246 19.76 24.05 18.48 17.43 81.56
247 19.69 43.09 25.86 23.95 115.50
248 19.73 60.16 28.16 47.60 81.20
249 19.85 71.25 23.43 44.10 64.84
250 19.69 76.02 17.07 33.23 48.88
251 19.70 36.58 25.05 24.75 102.98
252 19.85 49.62 27.44 26.86 122.46
253 20.14 64.66 26.40 48.10 78.75
254 20.13 47.31 26.26 24.11 130.40
255 20.31 27.23 22.21 18.81 95.34
256 20.23 52.74 27.90 25.27 117.94
257 20.32 34.02 25.82 22.72 120.30
258 20.35 78.58 15.09 28.16 36.86
259 20.44 39.02 27.10 23.57 127.05
260 20.48 45.17 28.31 24.48 139.26
261 20.31 55.56 28.02 28.10 113.31
262 20.40 68.47 25.30 51.00 76.11
263 20.66 29.74 21.95 19.51 108.79
264 20.61 41.50 26.32 23.32 135.02
265 20.57 57.98 25.68 31.94 105.31
266 20.66 74.38 23.17 39.58 64.76
267 20.72 66.51 28.27 49.01 83.35
268 20.66 61.94 26.94 41.63 92.25
269 20.97 50.80 28.00 26.53 142.55
270 21.24 31.95 26.07 21.02 131.29
271 21.21 48.73 29.99 25.71 152.78
272 21.16 23.62 20.90 16.24 99.77
273 21.31 43.49 29.97 25.40 155.12
274 21.27 37.11 26.06 24.48 143.73
275 21.40 20.99 17.78 14.98 95.39
276 21.32 59.77 26.60 33.67 112.70
277 21.29 72.54 26.62 39.47 74.51
278 21.35 76.89 22.85 32.41 61.70
279 21.05 69.85 25.36 46.57 81.04
280 21.44 54.81 27.37 26.18 132.23
281 21.65 46.61 29.40 24.46 163.14
282 21.50 52.63 28.58 26.35 147.88
283 21.76 35.01 27.27 23.81 146.04
284 21.60 64.41 27.64 41.91 94.61
285 21.59 79.57 17.45 21.94 46.17
286 21.72 26.35 22.98 18.26 113.62
287 21.67 70.05 29.69 45.50 86.86
288 21.81 57.41 29.77 28.05 129.67
289 21.93 39.20 29.21 23.36 163.07
290 21.93 41.46 28.31 24.03 162.50
291 21.95 67.05 29.97 43.40 90.01
292 22.00 29.17 24.52 21.66 121.88
293 22.00 61.93 28.06 34.19 110.04
294 21.98 75.05 26.76 37.84 79.28
295 22.29 44.79 30.01 25.83 164.68
296 21.98 71.83 24.69 38.19 75.66
297 22.39 50.99 30.74 26.16 165.32
298 22.42 32.93 27.58 22.85 153.97
299 22.58 19.99 18.27 14.67 96.65
300 22.48 48.64 29.69 26.46 167.64
301 22.60 55.70 32.86 27.41 149.90
302 22.61 59.59 30.93 28.91 132.18
303 22.42 78.30 27.48 22.42 64.64
304 22.69 80.67 24.20 21.50 53.26
305 22.63 23.80 22.34 17.76 118.27
306 22.73 37.25 30.48 23.50 165.52
307 22.66 53.37 29.16 25.21 159.71
308 22.87 70.36 31.07 39.97 94.84
309 22.98 30.67 26.80 21.34 145.68
310 22.88 63.64 30.68 33.62 111.31
311 22.63 73.24 30.33 36.90 88.15
312 23.10 42.66 29.72 25.94 176.81
313 22.90 77.76 28.98 22.84 69.24
314 23.16 65.81 32.25 36.51 107.63
315 23.11 26.76 25.17 19.89 123.54
316 23.26 46.52 30.82 24.78 181.10
317 23.13 75.74 33.69 27.88 92.01
318 23.12 40.34 28.98 26.13 177.62
319 23.06 68.21 32.07 38.47 102.41
320 23.34 35.34 29.74 24.18 172.82
321 23.21 72.42 29.78 33.90 89.25
322 23.36 57.37 30.71 24.88 159.64
323 23.41 61.45 34.15 31.23 132.67
324 23.23 73.76 35.93 31.19 93.59
325 23.65 18.32 18.33 15.33 88.29
326 23.64 44.41 30.34 26.00 172.20
327 23.56 50.56 31.32 25.23 176.81
328 23.68 32.98 27.63 21.69 158.04
329 23.74 48.38 34.22 26.60 190.71
330 23.77 54.76 34.41 26.46 162.51
331 23.83 38.39 32.47 24.29 173.50
332 23.94 29.11 28.32 22.55 140.83
333 23.90 52.46 35.41 26.18 193.47
334 23.59 67.32 31.26 39.57 104.26
335 23.95 21.33 22.42 16.27 115.22
336 23.98 59.42 37.18 27.38 155.28
337 23.94 80.04 35.32 22.27 81.12
338 24.17 71.35 40.61 33.78 103.50
339 24.24 24.73 23.74 18.19 115.82
340 24.15 63.85 36.17 28.01 130.30
341 24.27 77.16 41.51 22.68 100.24
342 24.29 41.01 32.67 27.17 174.54
343 24.30 74.24 42.63 27.43 97.92
344 24.39 68.86 42.27 32.54 112.88
345 24.68 27.15 27.38 20.00 130.52
346 24.64 36.32 33.21 25.46 173.08
347 24.62 66.26 42.26 30.87 129.24
348 24.63 31.28 29.99 23.02 153.94
349 24.62 45.54 32.39 25.47 185.11
350 24.59 57.20 34.86 25.37 170.54
351 24.79 43.31 34.46 26.15 184.49
352 24.80 33.90 29.58 23.41 166.88
353 24.75 61.91 40.57 26.77 146.28
354 24.70 49.60 32.25 26.26 178.43
355 24.78 17.44 19.87 13.94 90.54
356 24.81 82.95 30.01 19.00 52.72
357 25.12 47.34 35.99 25.99 185.26
358 25.00 38.81 33.06 26.08 174.24
359 24.96 55.09 35.47 24.57 185.96
360 25.03 53.03 36.41 26.02 181.28
361 25.26 20.09 24.59 15.42 111.18
362 25.22 59.98 42.73 27.06 165.94
363 25.07 80.36 45.55 18.93 99.47
364 25.24 72.54 54.79 26.30 115.97
365 25.13 22.84 27.35 18.46 121.70
366 25.44 50.99 38.51 26.30 181.66
367 25.44 78.26 57.98 18.64 111.22
368 25.51 25.42 28.87 19.09 143.07
369 25.63 29.62 31.08 22.38 144.69
370 25.46 41.23 35.19 24.24 185.54
371 25.49 64.08 48.18 26.75 149.00
372 25.54 75.28 64.11 23.05 118.82
373 25.55 81.18 46.74 17.35 86.71
374 25.50 69.67 58.50 25.84 130.57
375 25.73 58.03 42.97 24.95 184.31
376 25.80 67.11 63.38 24.65 141.92
377 25.83 34.99 35.64 24.85 175.24
378 25.86 32.15 31.91 23.76 161.14
379 25.89 45.47 36.62 25.55 187.03
380 26.05 37.14 35.21 24.12 182.62
381 25.95 48.97 38.49 28.44 187.82
382 26.03 17.02 24.78 14.60 98.72
383 25.95 55.55 42.31 24.99 187.93
384 25.84 22.93 29.29 19.59 117.68
385 26.08 43.36 37.27 25.80 187.03
386 26.20 39.27 37.91 26.70 183.74
387 26.14 61.50 52.08 24.98 173.30
388 26.34 27.69 31.06 22.02 147.01
389 26.24 52.43 41.17 25.62 181.46
390 26.35 71.30 77.52 23.98 140.84
391 26.32 82.82 54.94 13.67 84.04
392 26.55 76.89 78.21 18.62 126.12
393 26.61 65.19 78.65 24.91 163.39
394 26.74 73.74 83.82 21.77 141.99
395 26.75 47.43 42.67 26.21 193.02
396 26.64 59.32 54.13 25.18 184.12
397 26.73 19.86 30.96 17.16 116.70
398 26.67 41.44 38.86 27.13 180.87
399 26.70 24.94 33.77 20.73 141.51
400 26.75 79.97 77.16 17.56 119.38
401 26.79 68.87 86.94 23.54 154.42
402 26.88 33.37 39.56 23.74 181.56
403 26.93 50.15 46.74 27.20 187.20
404 26.89 54.31 47.83 25.91 187.51
405 26.82 56.84 52.15 24.16 194.13
406 26.90 63.02 75.30 23.88 178.89
407 27.13 31.03 38.17 24.96 171.23
408 27.10 35.67 38.55 24.75 188.93
409 27.15 22.55 36.82 20.33 130.19
410 27.09 45.29 38.68 26.98 194.11
411 27.36 37.78 43.02 25.49 199.46
412 27.47 66.96 103.79 23.90 167.50
413 27.44 28.92 39.21 20.79 168.03
414 27.40 42.96 43.76 27.92 192.52
415 27.53 84.51 61.09 12.51 74.04
416 27.45 17.40 36.55 16.33 112.00
417 27.41 39.76 43.10 25.49 195.02
418 27.36 52.26 51.89 26.20 195.44
419 27.54 60.85 79.32 26.83 193.65
420 27.58 14.50 31.01 14.11 93.78
421 27.73 26.60 38.87 20.68 156.26
422 27.58 70.89 107.53 21.58 159.94
423 27.77 78.38 87.06 17.66 130.11
424 27.68 58.19 74.35 26.51 204.76
425 27.76 75.57 105.99 19.41 140.32
426 27.87 48.75 53.83 25.20 201.65
427 27.89 55.52 68.94 27.47 203.53
428 27.95 64.91 111.35 23.85 186.91
429 28.03 33.95 47.90 24.76 188.39
430 28.22 46.65 52.14 26.48 204.98
431 28.13 73.06 117.74 20.31 163.43
432 27.94 80.51 69.86 18.62 112.38
433 28.10 82.01 86.89 16.38 104.82
434 28.20 21.37 46.89 20.77 135.50
435 28.25 23.97 46.76 20.13 153.23
436 28.23 68.55 119.55 21.39 179.33
437 28.29 40.82 48.73 26.33 199.38
438 28.26 62.98 104.92 23.65 195.61
439 28.35 36.14 51.77 26.62 197.21
440 28.31 44.68 51.78 27.72 194.44
441 28.32 51.16 67.37 26.43 199.65
442 28.34 53.45 71.63 27.76 205.92
443 28.48 31.80 46.88 23.10 183.56
444 28.58 19.00 53.58 16.87 137.87
445 28.66 38.24 56.24 26.45 199.76
446 28.65 59.20 117.32 26.28 221.59
447 28.63 29.21 54.79 23.71 177.80
448 28.59 42.70 50.20 26.50 195.07
449 28.73 57.16 110.82 28.12 216.49
450 28.91 16.10 60.75 16.22 124.67
451 28.85 61.26 129.26 25.21 216.64
452 28.91 77.30 107.75 17.98 151.84
453 28.95 25.83 56.04 21.03 167.19
454 28.91 70.68 129.19 20.92 179.34
455 28.68 80.16 85.50 16.17 131.62
456 28.96 84.59 67.41 13.90 89.32
457 29.08 66.23 131.49 23.74 197.80
458 29.12 49.81 79.15 28.51 216.24
459 29.18 74.58 119.37 18.85 163.15
460 29.21 47.85 71.91 26.34 211.68
461 29.20 55.34 114.46 28.53 220.77
462 29.18 34.29 59.42 24.46 199.60
463 29.34 79.60 97.03 16.32 143.48
464 29.38 64.03 153.30 25.73 210.20
465 29.52 82.08 88.11 13.16 134.40
466 29.38 39.81 71.58 26.85 208.14
467 29.42 68.46 141.96 22.95 197.40
468 29.56 21.11 74.12 20.32 140.93
469 29.57 44.05 73.78 28.02 207.99
470 29.69 27.60 77.39 21.71 176.07
471 29.57 53.41 110.59 29.10 216.94
472 29.68 72.56 137.49 21.16 174.29
473 29.64 36.57 70.74 27.53 204.27
474 29.71 45.93 84.07 28.60 211.32
475 29.75 51.50 108.94 27.94 214.86
476 29.62 41.89 70.93 26.60 200.00
477 29.80 23.53 78.30 22.00 154.55
478 29.73 31.83 74.43 24.83 202.38
479 29.86 29.77 81.11 24.41 190.17
480 29.78 59.68 156.45 27.60 219.55
481 29.87 18.44 76.05 17.98 139.93
482 29.87 13.08 75.98 14.20 106.85
483 29.92 57.46 157.85 27.44 222.62
484 29.98 61.87 157.70 24.70 218.43
485 30.11 76.81 118.10 18.28 157.67
486 30.27 38.50 96.82 27.99 215.32
487 30.39 15.79 93.33 16.46 134.47
488 30.26 33.64 97.12 24.30 209.27
489 30.24 49.18 121.10 28.83 220.84
490 30.29 84.76 69.92 13.68 99.68
491 30.46 25.50 97.93 22.17 169.48
492 30.42 69.95 144.27 23.14 197.50
493 30.50 65.37 154.74 25.91 218.23
494 30.44 67.39 156.01 25.17 211.31
495 30.44 54.99 146.24 26.44 220.41
496 30.58 79.49 99.43 18.32 146.49
497 30.62 40.58 105.35 27.89 211.78
498 30.61 63.40 195.15 26.00 230.74
499 30.70 35.43 110.88 26.37 215.06
500 30.61 47.10 117.10 26.60 222.43
501 30.71 42.63 97.16 28.79 215.82
502 30.81 74.64 125.88 20.75 164.86
503 30.77 52.50 141.92 30.22 221.76
504 30.95 44.47 119.83 30.55 214.62
505 31.00 81.95 84.72 14.78 127.23
506 30.99 21.96 105.02 20.98 156.02
507 30.86 59.35 169.13 29.19 220.82
508 30.95 72.22 133.84 21.33 182.60
509 31.16 27.41 126.70 23.59 181.30
510 31.03 31.74 130.03 24.83 199.48
511 31.01 56.88 171.62 29.54 226.31
512 31.12 29.63 132.14 24.92 198.31
513 31.18 37.27 126.79 26.80 225.13
514 31.29 13.58 109.92 14.75 130.41
515 31.07 18.96 108.25 19.23 156.21
516 31.20 50.43 151.47 30.86 226.36
517 31.41 62.03 169.33 27.93 220.19
518 31.48 86.58 57.69 12.30 74.62
519 31.48 76.82 113.05 20.21 156.10
520 31.65 24.45 131.07 22.74 170.04
521 31.62 33.59 149.91 27.79 215.20
522 31.61 39.32 134.28 28.82 221.49
523 31.56 48.26 162.36 30.01 227.95
524 31.61 53.88 166.28 28.70 231.25
525 31.56 68.57 147.77 23.20 210.47
526 31.60 45.83 148.54 31.38 224.12
527 31.59 84.20 83.08 14.36 102.99
528 31.71 66.38 163.53 26.67 217.74
529 31.79 64.28 177.27 25.87 225.13
530 31.96 16.62 121.00 18.59 148.87
531 31.90 60.11 186.10 25.91 227.57
532 31.86 41.83 132.67 31.13 217.52
533 32.02 35.56 155.81 28.69 223.98
534 31.93 55.78 178.44 29.21 233.28
535 31.97 71.08 135.12 23.42 188.58
536 32.09 79.03 96.90 18.34 140.43
537 32.15 58.06 176.68 29.82 225.83
538 31.98 83.09 80.56 15.42 111.51
539 32.19 52.00 169.56 31.13 229.82
540 32.21 20.11 133.48 20.12 154.63
541 32.23 74.07 112.76 19.81 163.55
542 32.39 31.53 170.64 25.86 208.55
543 32.38 43.84 151.38 28.46 224.59
544 32.40 29.46 164.47 24.36 204.76
545 32.38 26.96 167.66 24.59 188.32
546 32.46 37.63 163.26 29.09 226.39
547 32.37 49.68 178.53 28.09 228.53
548 32.44 46.87 170.41 29.87 223.06
549 32.77 22.64 150.07 21.41 165.07
550 32.68 13.84 126.57 16.01 137.46
551 32.62 61.91 179.30 24.68 231.31
552 32.79 81.52 81.13 16.32 114.05
553 32.72 40.08 153.98 27.78 223.72
554 32.69 69.10 128.63 23.73 195.73
555 32.80 76.97 99.76 19.09 144.57
556 32.83 87.42 54.87 12.56 57.19
557 32.91 85.04 71.32 13.44 90.57
558 32.87 33.59 177.48 27.27 218.15
559 32.93 54.01 189.28 30.78 234.51
560 32.92 66.21 160.75 23.81 225.14
561 33.00 24.98 158.27 22.96 185.11
562 32.95 63.89 167.90 26.36 226.84
563 32.98 56.16 187.61 26.61 233.11
564 33.13 72.36 113.90 20.96 163.82
565 33.17 60.14 172.18 26.41 227.48
566 33.26 18.36 132.14 20.21 150.87
567 33.23 42.08 155.43 29.22 228.67
568 33.18 45.28 156.80 29.35 220.31
569 33.34 10.10 70.67 12.20 79.40
570 33.32 35.97 176.68 29.67 224.49
571 33.31 50.72 187.88 33.06 225.00
572 33.33 47.89 178.14 30.74 225.14
573 33.44 58.13 173.60 28.89 230.17
574 33.43 28.52 171.43 24.30 197.32
575 33.62 38.10 177.61 29.29 227.88
576 33.47 79.60 65.41 19.00 116.52
577 33.67 89.54 36.63 9.71 31.22
578 33.91 16.02 120.17 18.29 136.55
579 33.70 68.14 128.06 24.08 198.45
580 33.81 74.79 95.43 21.03 152.13
581 33.85 21.18 144.18 20.95 162.10
582 33.73 31.20 175.51 27.11 205.73
583 33.78 52.54 180.48 31.02 236.66
584 33.79 70.47 109.65 24.54 175.84
585 34.03 13.10 113.61 15.97 129.02
586 34.00 26.49 173.44 24.98 200.40
587 33.95 40.32 180.24 31.85 230.06
588 33.95 61.92 154.66 28.54 225.12
589 33.84 86.84 56.59 14.00 61.33
590 34.08 43.88 158.93 30.17 223.35
591 33.92 33.81 174.80 25.97 224.30
592 34.03 64.45 143.88 24.61 211.58
593 33.89 77.94 83.67 19.66 138.21
594 34.14 85.46 57.76 14.77 66.21
595 34.04 56.26 166.36 31.45 229.88
596 34.24 54.33 172.13 30.08 237.55
597 34.19 82.79 66.81 15.79 82.55
598 34.26 23.78 163.33 22.81 181.14
599 34.14 49.12 188.47 32.52 234.43
600 34.26 46.19 170.99 30.51 224.94
601 34.28 66.45 119.84 25.55 192.48
602 34.14 79.89 76.63 20.10 109.85
603 34.35 59.66 138.24 30.35 226.93
604 34.51 72.35 88.58 20.72 153.07
605 34.34 76.81 86.30 18.91 132.34
606 34.57 35.57 171.17 27.71 223.65
607 34.68 18.80 126.09 20.11 147.17
608 34.61 28.60 177.38 25.60 207.53
609 34.78 10.45 75.07 13.39 87.13
610 34.69 42.27 165.14 31.09 222.76
611 34.69 50.84 162.71 30.99 224.55
612 34.72 38.34 172.33 28.26 218.28
613 34.87 69.58 92.92 23.15 166.18
614 34.96 30.67 178.92 26.34 212.10
615 34.88 32.90 178.25 29.41 220.73
616 34.91 57.97 114.10 26.86 215.95
617 34.90 62.85 121.34 26.30 212.22
618 35.00 87.11 56.25 12.89 49.59
619 34.92 88.58 48.54 13.51 36.49
620 35.05 47.91 145.45 28.86 221.35
621 34.81 74.70 59.86 22.57 114.36
622 35.14 25.84 157.30 24.32 189.66
623 35.16 40.23 174.84 28.91 217.93
624 35.18 52.92 134.63 30.18 220.72
625 35.30 81.15 73.02 18.97 75.60
626 35.31 21.12 123.86 19.87 157.10
627 35.20 55.80 118.93 29.52 223.63
628 35.30 78.56 74.26 19.24 94.56
629 35.20 64.86 111.28 27.24 188.37
630 35.40 16.65 110.49 19.02 131.11
631 35.32 60.96 106.68 28.62 204.18
632 35.29 67.36 97.93 23.76 179.21
633 35.23 83.43 73.67 18.31 60.43
634 35.42 13.44 103.55 17.24 119.86
635 35.39 75.58 75.49 22.04 114.39
636 35.40 45.62 135.73 28.77 224.20
637 35.49 36.75 168.72 29.04 217.58
638 35.71 23.50 130.02 22.38 172.32
639 35.70 43.65 141.32 31.91 216.88
640 35.68 84.25 71.98 16.42 48.56
641 35.63 73.06 73.45 22.14 126.28
642 35.76 34.62 148.94 28.40 212.69
643 35.79 28.12 151.69 26.44 198.82
644 35.77 50.88 121.32 31.71 217.36
645 35.96 70.75 75.57 22.90 138.14
646 35.97 32.23 142.79 25.17 212.93
647 36.01 41.37 149.78 29.93 219.39
648 36.06 48.69 120.25 30.54 215.09
649 36.04 54.35 108.76 30.01 218.60
650 35.94 57.70 97.29 28.40 206.37
651 36.19 38.50 135.91 29.52 209.70
652 36.08 89.19 51.56 14.77 26.68
653 36.25 19.27 109.09 21.90 123.91
654 36.12 63.54 91.67 26.89 174.57
655 36.18 68.49 80.44 26.13 146.72
656 36.21 59.78 90.17 29.87 190.19
657 36.20 65.90 87.70 27.63 151.35
658 36.31 11.49 75.58 15.66 97.10
659 36.32 30.11 133.04 24.23 198.43
660 36.28 86.47 72.95 14.76 35.49
661 36.39 25.74 122.81 25.37 177.60
662 36.35 77.08 72.67 19.78 83.62
663 36.44 46.62 109.22 30.11 210.97
664 36.35 81.72 78.82 17.35 55.14
665 36.42 17.90 93.84 19.46 114.46
666 36.54 14.70 77.69 17.48 111.23
667 36.57 52.57 104.45 30.13 208.49
668 36.63 61.71 81.30 30.23 169.83
669 36.66 74.67 75.80 22.57 98.07
670 36.70 21.54 103.32 24.07 141.82
671 36.66 56.05 98.29 29.94 210.00
672 36.78 36.49 114.80 28.08 196.07
673 36.74 82.82 83.77 18.48 41.32
674 36.91 79.22 86.59 20.03 59.98
675 36.90 34.29 107.96 28.69 189.27
676 36.94 44.60 92.69 31.08 201.03
677 37.02 42.31 104.61 28.92 196.55
678 36.86 50.03 96.74 33.00 204.85
679 37.00 71.95 73.68 23.49 101.02
680 37.21 90.22 51.20 12.12 16.29
681 37.01 40.07 110.55 28.08 201.42
682 37.05 27.73 118.61 24.22 179.45
683 37.11 84.39 89.77 15.94 37.28
684 36.96 16.30 88.20 19.00 101.95
685 37.12 57.81 80.61 31.36 176.79
686 37.25 23.98 106.32 23.20 144.14
687 37.16 31.91 106.43 26.39 185.53
688 37.20 67.39 79.90 26.01 125.51
689 37.26 69.71 77.64 22.25 111.39
690 37.50 9.76 50.90 14.69 66.29
691 37.29 63.55 79.43 26.06 143.72
692 37.40 65.46 77.33 27.72 136.30
693 37.46 13.79 69.24 15.83 91.98
694 37.46 54.84 85.38 31.01 181.45
695 37.40 59.80 75.48 27.87 160.46
696 37.51 47.58 88.52 31.69 202.32
697 37.43 11.77 54.95 17.18 83.51
698 37.62 19.21 78.77 18.98 110.91
699 37.58 29.67 98.38 26.08 162.40
700 37.59 76.82 89.46 19.71 62.95
701 37.79 87.27 78.09 15.94 22.75
702 37.57 52.19 88.55 30.79 186.22
703 37.91 26.29 96.64 23.31 144.40
704 37.88 37.30 93.39 27.17 170.75
705 37.90 81.32 93.96 19.41 40.74
706 37.91 61.82 74.10 27.01 135.60
707 37.62 82.69 89.59 20.19 33.78
708 37.89 49.78 82.51 30.07 177.39
709 38.06 21.94 78.65 22.80 116.97
710 37.95 33.46 87.66 27.17 172.53
711 38.00 39.33 93.48 28.99 183.53
712 38.04 43.32 89.20 30.34 186.47
713 38.02 74.54 84.94 21.50 66.06
714 38.16 45.49 80.11 31.08 184.05
715 38.25 17.04 67.55 20.49 87.67
716 38.42 35.27 82.41 29.12 161.34
717 38.25 72.44 83.41 23.05 79.42
718 38.17 57.72 75.73 29.83 143.04
719 38.29 79.15 103.33 21.01 42.16
720 38.54 41.20 77.41 30.43 162.63
721 38.39 67.99 83.89 26.08 89.29
722 38.37 70.21 82.98 24.50 78.05
723 38.49 63.81 80.52 26.87 98.29
724 38.59 30.98 90.95 26.01 143.53
725 38.54 54.50 75.06 31.96 152.36
726 38.64 24.34 78.04 23.76 117.44
727 38.61 60.17 77.65 30.53 111.94
728 38.51 83.66 91.66 17.35 26.40
729 38.63 28.52 81.36 24.42 134.70
730 38.68 65.95 86.13 26.25 97.65
731 38.66 89.42 69.93 13.85 15.50
732 38.61 52.25 69.41 31.05 138.43
733 38.84 14.00 57.13 17.32 72.68
734 38.84 10.11 45.70 16.79 56.60
735 38.85 47.28 70.66 31.25 159.14
736 38.85 11.60 53.23 16.27 51.44
737 39.00 56.69 79.46 30.89 123.13
738 38.97 19.78 68.38 20.72 86.51
739 38.96 76.47 98.24 22.40 42.13
740 38.86 49.64 71.95 30.72 134.41
741 39.06 32.95 77.47 28.55 141.34
742 39.15 36.98 78.79 27.54 139.21
743 39.16 39.19 76.56 28.91 141.29
744 39.36 26.64 79.11 25.71 110.90
745 39.04 81.56 95.33 20.09 27.47
746 39.25 7.77 28.88 13.07 31.75
747 39.17 42.91 76.53 29.40 145.74
748 39.31 62.13 87.29 29.03 83.36
749 39.30 87.18 86.28 15.43 19.46
750 39.43 22.17 69.91 22.54 87.79
751 39.44 73.86 98.54 22.92 45.13
752 39.45 45.09 70.76 34.43 128.01
753 39.60 17.82 62.23 21.31 64.03
754 39.42 71.39 96.20 23.69 51.26
755 39.50 59.11 82.46 30.91 93.27
756 39.51 69.20 96.45 23.98 60.08
757 39.64 78.98 109.56 21.31 31.80
758 39.61 51.16 77.60 31.46 116.73
759 39.72 29.57 73.67 27.11 108.91
760 39.65 64.54 98.74 28.21 67.48
761 39.79 53.36 73.59 29.77 105.60
762 39.84 67.06 100.57 27.60 63.05
763 39.93 91.26 54.03 12.79 9.98
764 39.89 35.20 72.92 27.92 122.42
765 39.66 82.66 96.67 19.10 21.73
766 39.93 84.26 92.36 17.66 20.79
767 40.00 24.22 69.11 24.56 84.91
768 39.95 55.53 80.96 29.57 92.50
769 39.95 48.69 69.43 30.35 101.83
770 40.00 13.22 55.89 17.55 41.86
771 40.14 40.33 72.00 27.51 100.83
772 40.10 16.02 61.98 18.93 48.14
773 40.06 32.89 73.59 26.99 108.63
774 40.31 57.69 87.63 31.07 78.25
775 40.46 10.09 49.61 15.71 34.26
776 40.32 37.81 70.98 29.88 93.39
777 40.19 42.75 74.19 33.66 108.46
778 40.21 76.31 114.96 24.02 33.04
779 40.20 88.87 75.00 13.26 14.37
780 40.34 46.52 70.48 31.07 89.92
781 40.33 61.04 99.65 28.55 69.22
782 40.47 20.68 64.49 21.74 58.24
783 40.54 63.11 106.86 27.56 58.61
784 40.66 31.20 74.20 26.90 79.01
785 40.49 71.69 106.65 24.59 37.34
786 40.44 14.99 58.47 18.47 42.37
787 40.59 26.46 75.30 26.83 76.28
788 40.75 28.50 73.75 26.42 74.91
789 40.70 50.65 80.89 33.83 91.57
790 40.70 65.39 109.52 28.19 51.55
791 40.63 69.20 102.86 26.26 42.40
792 40.74 74.25 104.91 23.83 30.77
793 40.83 80.79 95.25 20.49 22.86
794 40.93 86.08 78.73 17.21 16.39
795 40.72 88.21 73.11 15.84 13.96
796 41.01 44.47 75.48 31.16 78.94
797 40.97 52.93 92.88 33.00 69.34
798 41.04 83.42 83.72 18.43 20.09
799 41.11 17.73 65.66 20.56 39.60
800 41.05 59.25 99.18 30.59 59.30
801 41.10 78.24 101.38 21.60 25.28
802 40.94 18.95 67.67 19.37 39.30
803 41.11 33.68 70.45 29.16 71.62
804 41.16 35.76 74.55 30.51 76.56
805 41.09 55.36 96.73 31.83 57.71
806 41.05 67.25 110.50 27.99 42.00
807 41.14 22.28 76.57 24.43 50.77
808 41.25 24.71 78.97 23.99 55.52
809 41.26 42.00 82.64 30.14 71.46
810 41.33 48.91 81.88 32.51 68.23
811 41.27 90.64 49.92 13.03 10.34
812 41.23 13.91 57.75 18.15 34.04
813 41.40 39.84 85.86 27.88 64.67
814 41.47 47.11 78.77 32.97 64.28
815 41.29 57.22 96.15 30.41 55.29
816 41.57 15.56 58.75 20.48 28.72
817 41.62 37.68 84.40 28.82 58.24
818 41.52 61.13 112.43 33.20 47.91
819 41.59 72.69 115.94 25.89 29.45
820 41.59 64.11 116.13 28.80 43.63
821 41.70 70.45 114.99 26.03 30.32
822 41.59 89.68 55.64 15.13 12.02
823 41.63 9.00 48.85 17.64 23.93
824 41.37 75.10 106.22 22.00 26.22
825 41.73 76.23 97.95 24.22 25.02
826 41.58 11.10 51.00 16.17 22.15
827 41.94 20.24 76.77 23.46 34.72
828 41.81 29.63 83.49 26.95 54.40
829 41.92 27.17 84.40 24.99 48.48
830 41.90 31.92 89.75 27.55 51.14
831 41.79 22.73 79.63 26.13 41.00
832 42.01 68.34 112.82 28.99 33.33
833 42.07 87.82 61.35 15.65 12.27
834 42.03 51.13 96.36 33.28 55.65
835 41.82 57.56 97.65 34.16 47.81
836 42.11 66.17 117.40 28.30 33.44
837 42.16 45.63 94.53 31.37 54.50
838 42.13 53.44 102.65 32.46 51.17
839 42.23 80.86 79.95 20.48 19.61
840 42.11 12.92 64.34 18.04 23.94
841 42.28 34.14 86.47 28.43 48.33
842 42.29 43.34 94.03 31.31 52.40
843 42.11 55.02 107.72 32.58 47.42
844 42.28 62.61 120.70 28.55 39.45
845 42.39 17.50 76.74 21.82 29.85
846 42.28 59.38 108.79 33.18 39.89
847 42.27 85.02 64.99 18.30 15.79
848 42.43 74.19 98.39 24.72 24.63
849 42.39 56.16 107.53 31.83 40.70
850 42.40 24.67 89.38 26.53 37.99
851 42.54 41.10 100.99 30.50 47.27
852 42.57 78.13 85.70 22.59 21.28
853 42.57 36.17 94.65 30.93 46.82
854 42.55 48.20 98.22 31.54 50.15
855 42.44 14.43 65.63 19.44 21.48
856 42.58 90.72 44.73 14.27 10.34
857 42.68 38.64 100.52 28.38 45.67
858 42.80 10.55 68.54 16.54 19.96
859 42.86 71.84 104.07 25.51 24.62
860 42.99 22.25 90.95 24.97 30.52
861 42.81 64.49 116.97 30.43 31.23
862 42.92 30.56 99.46 27.29 38.09
863 43.01 28.33 89.16 25.63 33.81
864 42.93 57.57 112.88 32.58 37.11
865 42.94 61.22 114.46 31.12 35.19
866 42.96 69.74 110.91 25.84 26.39
867 43.13 76.24 84.13 22.93 19.88
868 42.87 13.47 64.71 19.04 20.71
869 43.03 14.76 72.16 20.45 20.26
870 43.26 19.82 81.24 23.23 27.95
871 43.21 32.72 106.91 30.03 37.45
872 43.12 50.24 107.28 33.46 38.99
873 43.19 67.47 108.06 27.42 27.05
874 43.39 26.17 95.06 28.56 31.88
875 43.30 86.27 55.50 17.40 12.76
876 43.26 44.56 113.50 32.08 40.92
877 43.20 52.82 108.06 33.64 38.70
878 43.43 15.72 74.71 21.22 21.31
879 43.46 82.81 68.50 19.35 16.60
880 43.40 55.14 106.34 30.17 33.20
881 43.47 46.73 106.64 29.67 39.27
882 43.45 80.29 69.96 21.71 18.01
883 43.50 59.66 113.44 31.87 31.68
884 43.57 62.93 112.05 30.37 28.15
885 43.55 73.60 86.09 22.00 22.72
886 43.81 34.61 103.67 29.60 33.49
887 43.70 42.44 111.85 30.49 35.54
888 43.74 24.10 98.28 27.67 27.25
889 43.67 36.83 108.11 29.07 35.96
890 43.62 39.93 117.06 29.74 36.32
891 43.94 12.96 67.93 18.49 17.55
892 43.85 88.51 49.15 16.43 10.76
893 43.83 65.68 106.29 29.13 25.37
894 43.92 8.60 59.24 15.75 15.85
895 43.99 91.27 33.87 13.93 8.26
896 44.08 30.10 99.30 27.59 30.16
897 44.00 57.71 116.19 32.00 34.90
898 44.03 69.40 102.69 26.97 22.39
899 44.19 17.66 78.78 21.96 21.62
900 44.18 48.78 115.75 33.22 32.94
901 44.24 71.66 85.32 27.40 21.94
902 44.31 78.32 70.49 22.46 18.24
903 44.11 51.04 107.58 33.92 31.08
904 44.29 10.06 57.64 17.27 15.20
905 44.31 61.42 108.47 32.49 28.44
906 44.30 75.74 78.87 24.32 18.05
907 44.35 27.68 91.04 29.04 27.55
908 44.38 32.47 109.34 29.22 28.97
909 44.35 53.17 106.52 33.09 32.22
910 44.53 20.44 82.94 25.57 23.09
911 44.46 38.44 113.06 31.87 28.76
912 44.41 45.15 115.26 32.88 32.07
913 44.49 67.63 97.90 28.74 21.70
914 44.48 84.75 51.43 17.83 13.17
915 44.72 22.85 85.96 23.22 23.75
916 44.56 63.98 95.51 30.38 25.97
917 44.67 80.93 61.28 21.26 16.08
918 44.29 87.15 44.92 19.54 14.23
919 44.88 7.06 44.57 15.17 12.18
920 44.66 55.89 106.60 34.07 29.29
921 44.64 40.81 104.35 30.16 28.81
922 44.73 73.62 72.67 25.98 19.64
923 44.53 15.31 64.77 19.35 19.58
924 44.64 25.40 85.77 23.87 25.03
925 44.80 59.64 97.40 32.54 26.61
926 44.56 82.59 54.06 19.53 16.66
927 44.85 36.11 103.50 29.46 27.22
928 44.91 43.04 102.46 30.31 28.16
929 44.95 47.17 106.46 31.24 29.79
930 45.08 11.93 54.89 18.31 15.60
931 45.04 65.99 88.19 28.78 24.30
932 45.12 14.66 61.50 19.58 18.49
933 45.06 90.23 36.65 15.00 8.67
934 45.08 57.49 98.86 33.27 27.94
935 44.92 16.14 64.48 20.81 18.67
936 45.03 87.71 42.53 18.70 11.86
937 45.29 29.16 87.26 28.45 24.42
938 45.13 51.11 105.71 31.63 27.91
939 45.21 70.11 80.74 28.19 20.96
940 45.22 92.66 27.03 12.17 7.02
941 45.37 33.88 104.55 30.04 26.28
942 45.27 86.05 47.52 16.97 12.83
943 45.34 10.05 48.34 18.34 13.66
944 45.38 31.46 94.51 27.83 23.84
945 45.34 62.42 94.75 33.74 25.90
946 45.30 18.74 74.15 24.46 21.70
947 45.40 75.20 62.45 24.59 18.26
948 45.23 24.85 78.51 25.08 22.90
949 45.57 26.83 79.12 27.07 23.10
950 45.48 53.84 96.22 33.63 28.72
951 45.46 76.74 62.40 25.19 16.04
952 45.54 78.32 60.22 23.78 16.84
953 45.37 89.08 39.60 16.07 10.67
954 45.52 38.27 98.46 31.02 26.97
955 45.67 49.13 99.77 32.49 26.46
956 45.63 82.89 50.71 18.77 13.49
957 45.66 44.98 96.91 32.15 26.75
958 45.70 64.43 80.25 30.72 23.38
959 45.69 67.33 81.78 29.30 21.85
960 45.58 17.29 64.45 20.84 18.70
961 45.76 21.35 71.59 24.84 21.19
962 45.70 72.53 67.23 26.22 19.67
963 45.78 40.55 89.50 30.44 25.70
964 46.10 79.88 54.19 22.30 16.42
965 45.90 55.89 81.72 31.24 26.56
966 45.82 58.89 79.17 32.89 24.01
967 45.92 60.79 76.19 31.90 24.15
968 45.76 81.18 52.94 20.97 15.82
969 45.87 23.63 70.84 25.47 21.93
970 46.01 35.99 95.90 32.23 24.05
971 46.06 13.28 52.40 19.23 16.16
972 46.07 42.77 85.89 29.97 26.34
973 46.14 6.60 38.00 15.54 11.98
974 46.12 46.83 82.96 30.40 25.90
975 46.16 88.58 44.52 15.55 10.62
976 46.20 51.87 87.66 33.72 26.15
977 46.21 69.10 68.93 28.71 19.76
978 46.19 84.46 50.13 19.57 13.17
979 46.38 19.11 68.06 23.72 18.34
980 46.38 30.20 78.22 29.52 22.86
981 46.31 85.98 50.26 19.55 11.84
982 46.62 16.18 52.99 21.88 16.77
983 46.31 8.07 39.47 16.67 12.91
984 46.49 10.60 45.86 18.94 12.78
985 46.59 28.01 69.48 28.33 20.76
986 46.51 32.37 77.13 29.57 22.35
987 46.46 57.24 73.63 31.77 23.56
988 46.44 75.04 58.53 25.82 17.69
989 46.61 25.51 66.40 28.84 21.70
990 46.46 63.18 70.41 29.86 20.58
991 46.66 90.44 36.41 15.85 8.56
992 46.54 65.66 63.36 27.35 21.35
993 46.55 71.00 61.54 28.46 19.60
994 46.58 38.15 80.03 32.49 23.09
995 46.51 23.41 65.66 28.46 21.77
996 46.78 34.39 77.39 30.06 22.00
997 46.69 54.22 73.54 32.44 25.94
998 46.76 77.20 54.21 22.17 16.71
999 46.78 48.79 77.74 34.08 23.94
1000 46.85 41.12 72.93 32.64 22.16
1001 46.87 72.97 55.31 26.44 18.09
1002 46.96 83.09 54.13 22.40 13.88
1003 46.88 44.27 73.00 30.84 23.43
1004 46.99 81.55 53.18 23.12 15.07
1005 46.80 61.31 69.74 29.85 22.63
1006 46.99 21.36 62.58 26.49 18.94
1007 46.93 67.45 58.09 28.65 20.25
1008 47.06 58.54 64.46 31.51 24.51
1009 47.23 5.54 24.77 13.74 9.72
1010 47.24 36.19 72.94 29.00 21.41
1011 47.14 46.54 73.44 33.00 25.32
1012 47.28 79.41 54.98 23.51 15.55
1013 47.17 92.67 27.31 13.40 7.03
1014 47.29 13.29 44.55 19.84 15.08
1015 47.45 7.72 35.20 17.26 10.72
1016 47.26 51.72 75.72 30.44 24.60
1017 47.36 69.27 59.84 27.42 18.82
1018 47.54 87.39 47.32 18.63 10.42
1019 47.50 39.16 62.76 32.02 22.83
1020 47.40 55.89 69.11 35.84 23.11
1021 47.38 64.46 60.07 31.29 20.04
1022 47.59 84.77 56.53 20.32 12.71
1023 47.29 18.08 54.77 22.54 16.44
1024 47.59 23.29 63.31 28.28 20.16
1025 47.47 29.77 63.56 28.74 21.18
1026 47.59 60.06 62.91 32.93 23.12
1027 47.57 62.51 63.17 29.70 20.48
1028 47.68 75.17 55.95 26.37 17.87
1029 47.60 32.74 65.41 31.12 21.19
1030 47.68 27.42 60.07 30.04 19.25
1031 47.72 71.23 55.28 25.42 16.67
1032 47.71 66.67 58.62 29.36 19.30
1033 47.69 89.82 44.29 16.67 9.00
1034 47.76 18.93 52.31 24.27 18.00
1035 47.80 25.18 53.20 29.15 20.05
1036 47.91 43.17 60.62 32.64 21.79
1037 47.77 53.61 65.83 33.72 23.68
1038 47.72 92.06 36.35 15.75 7.96
1039 47.80 49.87 64.56 34.18 22.19
1040 47.62 10.86 36.33 17.17 14.00
1041 47.88 41.27 59.37 30.86 22.47
1042 48.15 16.01 45.97 23.27 15.32
1043 48.02 47.78 63.15 32.14 23.29
1044 48.06 45.37 63.29 32.93 22.35
1045 48.06 57.50 62.22 34.39 22.21
1046 48.06 73.11 53.75 25.47 17.36
1047 48.08 77.35 57.05 23.41 16.60
1048 48.18 37.36 62.01 31.43 20.15
1049 48.06 9.59 35.30 18.55 11.58
1050 48.15 21.11 53.84 25.16 17.76
1051 48.24 34.93 64.05 31.05 19.99
1052 48.22 11.79 36.82 19.08 13.35
1053 48.36 30.84 57.01 28.52 20.36
1054 47.98 81.60 51.24 24.05 14.71
1055 48.35 65.22 61.01 31.93 18.43
1056 48.28 68.24 59.90 25.64 17.36
1057 48.43 51.37 62.12 33.92 22.49
1058 48.41 14.08 38.65 18.11 14.45
1059 48.43 80.91 58.69 21.35 14.39
1060 48.49 6.98 24.70 15.95 10.16
1061 48.30 82.52 53.64 21.08 15.00
1062 48.56 61.67 66.10 33.03 19.05
1063 48.55 63.55 61.34 30.82 19.82
1064 48.53 79.16 61.71 24.73 14.71
1065 48.57 55.55 63.65 33.57 22.98
1066 48.49 59.87 60.32 33.64 19.88
1067 48.60 70.09 55.90 28.27 17.21
1068 48.42 12.99 40.81 18.38 12.00
1069 48.73 28.82 55.80 29.86 19.49
1070 48.70 39.95 54.84 30.69 19.38
1071 48.60 91.88 41.54 16.28 6.90
1072 48.71 19.19 50.56 26.24 17.04
1073 48.67 26.55 53.39 28.26 19.32
1074 48.68 86.29 50.49 20.79 11.79
1075 48.82 32.80 60.38 30.74 19.28
1076 48.66 83.83 52.02 22.95 13.60
1077 49.00 9.20 33.25 18.16 11.46
1078 48.92 22.63 50.35 27.28 17.78
1079 48.88 53.07 62.44 36.23 22.77
1080 48.93 74.69 59.97 26.84 16.03
1081 48.87 49.05 63.15 35.23 20.97
1082 48.64 82.14 56.00 21.67 13.67
1083 48.72 88.04 43.60 16.90 9.90
1084 49.03 42.21 55.27 32.91 20.79
1085 48.95 58.35 71.41 34.76 19.72
1086 49.04 71.93 63.46 28.19 16.42
1087 49.06 44.36 59.91 33.36 19.79
1088 49.08 46.59 60.93 31.93 21.85
1089 49.10 66.72 67.84 31.59 17.44
1090 49.32 24.67 47.46 27.71 17.88
1091 48.99 89.06 44.52 17.90 10.43
1092 48.91 87.16 49.33 17.89 10.89
1093 49.19 38.07 54.35 32.56 19.53
1094 49.08 90.90 39.84 14.07 8.19
1095 49.37 77.22 70.02 26.46 15.31
1096 49.50 12.38 37.08 20.73 12.91
1097 49.40 14.93 42.69 22.77 15.15
1098 49.38 36.11 60.81 31.97 20.54
1099 49.30 68.76 65.23 28.81 19.06
1100 49.42 56.49 70.22 36.40 19.70
1101 49.48 34.25 58.67 32.11 18.25
1102 49.47 82.72 58.45 22.37 13.75
1103 49.73 93.08 31.60 13.72 6.35
1104 49.81 7.47 32.48 17.33 10.51
1105 49.64 18.08 43.79 23.04 16.75
1106 49.31 30.67 52.26 27.74 18.61
1107 49.60 64.23 66.74 31.95 18.43
1108 49.44 50.10 66.06 34.39 22.32
1109 49.56 60.03 77.06 33.83 19.78
1110 49.85 88.55 43.03 18.61 8.78
1111 49.63 54.56 71.03 35.58 20.59
1112 49.53 62.27 66.62 32.34 19.80
1113 49.81 20.42 49.56 25.75 17.85
1114 49.71 51.08 67.29 34.20 22.18
1115 49.67 27.00 54.78 29.28 18.15
1116 49.71 31.46 50.78 33.72 18.02
1117 49.80 79.98 61.10 24.56 14.29
1118 49.88 85.77 48.26 19.63 11.58
1119 49.79 40.29 59.33 31.82 19.08
1120 49.93 73.13 69.27 28.32 15.98
1121 49.94 29.15 55.25 30.76 18.46
1122 49.85 48.08 67.63 35.22 21.60
1123 50.05 75.58 62.57 27.11 14.77
1124 49.96 90.41 39.90 15.80 7.97
1125 49.93 52.75 72.53 35.04 20.84
1126 50.02 9.44 35.56 18.35 11.85
1127 50.05 43.08 61.00 32.13 20.99
1128 50.08 66.11 71.91 32.19 17.56
1129 50.15 22.77 48.47 28.31 18.27
1130 50.14 45.44 62.75 34.16 18.61
1131 50.19 58.15 77.47 35.17 20.48
1132 50.21 37.98 59.79 32.75 18.67
1133 50.32 68.06 72.52 31.64 16.84
1134 50.22 70.68 63.63 29.27 16.78
1135 50.22 10.92 35.62 21.78 10.53
1136 50.44 33.26 60.34 32.01 18.34
1137 50.28 15.75 42.12 22.91 13.50
1138 50.58 35.73 63.80 31.93 18.65
1139 50.43 25.10 50.78 30.46 17.39
1140 50.52 56.02 74.19 37.46 19.98
1141 50.60 62.77 71.45 35.88 18.73
1142 50.31 82.52 53.36 24.96 12.25
1143 50.54 60.71 77.92 33.54 19.13
1144 50.70 77.90 59.95 26.73 14.46
1145 50.67 83.70 52.78 24.62 12.82
1146 50.52 17.05 42.21 25.29 16.05
1147 50.63 31.34 51.49 32.15 18.97
1148 50.69 12.96 42.55 21.23 13.56
1149 50.60 50.01 72.56 37.35 20.76
1150 50.78 64.55 72.67 34.25 18.42
1151 50.77 27.27 48.56 29.40 17.15
1152 50.77 40.97 67.35 34.43 19.71
1153 51.14 81.08 48.97 24.37 13.68
1154 50.96 18.92 44.75 25.06 14.88
1155 50.82 47.45 70.95 35.43 19.34
1156 50.86 54.18 76.36 37.87 20.47
1157 50.69 9.41 36.53 18.82 11.79
1158 50.85 21.00 45.54 27.21 16.59
1159 50.97 69.73 68.18 30.85 17.00
1160 50.87 72.82 63.27 27.13 15.51
1161 50.97 52.04 78.62 34.65 21.35
1162 51.15 87.10 40.41 22.05 10.39
1163 50.96 92.51 27.05 16.93 7.48
1164 50.79 79.37 56.81 25.43 14.29
1165 50.88 85.54 46.66 20.86 12.64
1166 51.22 7.66 32.88 17.92 10.39
1167 50.92 15.72 42.00 22.70 15.89
1168 51.13 29.49 53.82 30.21 16.61
1169 50.92 14.39 38.22 25.00 15.83
1170 51.03 43.93 67.65 38.77 20.27
1171 51.18 74.88 61.60 28.22 15.34
1172 51.21 23.84 48.57 29.18 15.94
1173 51.25 42.99 67.74 36.35 19.26
1174 51.18 38.37 64.97 33.54 19.48
1175 51.16 90.26 33.41 17.62 8.33
1176 51.36 59.49 71.81 37.00 18.87
1177 51.25 57.53 74.28 36.99 19.53
1178 51.41 45.72 64.72 34.66 20.14
1179 51.42 65.93 63.84 33.47 16.99
1180 51.45 67.88 65.00 31.32 17.28
1181 51.53 34.27 58.61 32.00 18.21
1182 51.53 71.38 60.28 29.07 14.30
1183 51.32 21.87 44.00 28.85 16.21
1184 51.43 88.95 36.08 20.97 9.72
1185 51.72 10.74 35.65 19.40 11.56
1186 51.54 61.30 65.70 35.56 19.30
1187 51.64 49.33 66.28 35.84 20.30
1188 51.50 16.08 43.85 23.19 14.67
1189 51.77 25.60 49.58 29.50 16.45
1190 51.79 76.57 51.32 29.89 15.06
1191 51.81 17.16 41.73 25.02 15.34
1192 51.77 36.39 55.95 33.94 18.50
1193 51.69 63.77 67.19 38.00 18.01
1194 51.58 82.55 44.28 20.77 13.18
1195 51.49 93.56 22.25 11.88 6.38
1196 51.69 31.62 52.83 31.05 17.88
1197 51.63 84.53 41.51 22.42 12.63
1198 51.75 13.75 38.49 22.47 12.80
1199 51.75 40.18 57.76 33.93 19.38
1200 51.92 27.83 48.03 32.73 17.53
1201 51.89 53.79 72.39 37.59 18.91
1202 51.96 51.24 65.24 38.05 19.37
1203 52.03 73.08 51.43 30.82 15.24
1204 51.82 77.89 45.64 25.52 14.24
1205 52.11 91.29 25.05 20.35 7.38
1206 52.01 41.97 56.45 35.95 18.71
1207 52.00 47.62 61.24 36.47 18.82
1208 52.10 56.00 65.66 38.95 20.92
1209 52.22 20.46 43.02 28.61 16.82
1210 52.20 69.58 52.43 31.87 16.82
1211 52.15 22.44 45.12 28.24 16.16
1212 52.01 15.00 38.89 26.67 16.89
1213 52.31 29.81 50.07 33.34 17.25
1214 52.20 7.87 29.49 17.14 9.60
1215 52.25 44.82 52.75 34.78 19.29
1216 52.13 79.20 42.85 28.58 14.88
1217 52.31 62.12 60.41 37.69 17.29
1218 52.26 33.16 51.08 31.56 17.44
1219 52.36 38.26 55.08 33.52 17.89
1220 52.28 58.06 64.19 38.31 19.69
1221 52.31 6.12 27.67 15.58 9.31
1222 52.43 81.08 38.49 26.58 13.62
1223 52.13 81.93 41.07 26.67 15.40
1224 52.44 86.08 35.05 24.19 11.83
1225 52.48 65.43 59.19 37.33 15.56
1226 52.54 67.46 56.39 36.84 16.84
1227 52.55 60.08 55.07 38.03 20.37
1228 52.38 74.37 45.41 35.09 14.32
1229 52.51 88.05 31.94 23.03 9.53
1230 52.63 24.27 46.42 32.44 14.35
1231 52.79 71.49 46.03 35.95 15.56
1232 52.68 75.60 43.78 30.90 16.51
1233 52.89 34.68 48.37 35.17 17.85
1234 52.83 13.20 35.31 26.35 13.19
1235 52.67 17.87 37.73 27.70 14.49
1236 52.63 11.72 36.90 21.67 11.33
1237 52.89 15.39 38.59 25.32 13.71
1238 52.77 49.02 55.37 39.18 19.20
1239 52.79 52.99 58.28 42.07 21.46
1240 52.77 84.16 34.99 26.91 11.68
1241 52.56 9.22 31.23 20.00 10.92
1242 52.79 40.76 53.10 37.68 20.24
1243 52.88 46.67 51.33 37.62 20.08
1244 52.90 63.64 54.58 37.15 18.52
1245 52.91 26.63 47.38 31.74 17.90
1246 52.84 93.43 18.37 19.10 6.06
1247 52.95 31.53 43.33 34.48 17.61
1248 53.00 55.08 54.94 39.28 18.46
1249 52.78 82.62 35.07 27.14 12.14
1250 53.17 36.80 50.24 37.11 18.61
1251 53.01 10.21 31.70 21.11 11.50
1252 52.89 79.40 43.10 31.38 13.10
1253 53.25 8.78 28.54 20.62 10.16
1254 53.17 43.71 48.67 39.58 20.17
1255 53.19 78.36 38.35 33.04 15.20
1256 53.23 22.43 41.93 33.16 16.31
1257 53.28 56.91 53.13 42.22 19.13
1258 53.24 58.65 52.63 41.14 18.32
1259 53.28 73.41 41.34 39.09 14.93
1260 53.19 87.31 27.93 27.78 11.48
1261 53.28 19.78 39.05 30.92 14.96
1262 53.17 25.06 40.71 36.67 19.43
1263 53.36 70.01 44.66 36.72 15.28
1264 53.35 50.06 52.40 41.46 20.54
1265 53.28 51.28 49.00 43.74 19.89
1266 53.36 61.70 50.00 41.52 19.56
1267 53.34 80.19 40.73 29.85 12.76
1268 53.35 29.47 40.56 35.81 18.79
1269 53.35 38.75 46.98 37.07 18.26
1270 53.32 90.60 22.39 25.29 8.27
1271 53.48 91.99 21.26 23.36 5.88
1272 53.52 66.07 49.30 42.31 15.99
1273 53.56 68.18 45.39 38.86 16.47
1274 53.79 81.67 38.04 34.02 13.04
1275 53.35 94.40 12.24 18.62 4.50
1276 53.44 74.89 33.40 40.04 15.56
1277 53.71 33.18 42.18 39.49 17.86
1278 53.59 85.07 33.74 29.94 11.26
1279 53.58 39.77 45.08 35.12 21.36
1280 53.57 53.48 50.95 44.60 20.46
1281 53.86 24.41 38.14 36.61 15.62
1282 53.70 41.61 45.76 39.94 17.91
1283 53.72 75.83 36.96 37.52 14.00
1284 53.66 6.38 24.34 18.98 9.51
1285 53.90 86.97 34.00 28.87 10.46
1286 53.74 45.61 40.40 42.77 20.10
1287 53.83 64.07 46.96 43.36 17.85
1288 53.98 17.49 35.02 33.05 14.73
1289 53.90 11.33 33.20 23.66 11.38
1290 53.89 13.01 33.11 27.93 12.49
1291 53.85 48.15 45.14 41.38 19.02
1292 53.92 83.47 37.15 31.70 11.68
1293 53.95 26.18 40.51 33.79 15.36
1294 54.06 77.43 39.18 36.47 12.75
1295 53.96 30.96 43.47 40.66 16.40
1296 54.01 93.66 13.36 20.97 6.36
1297 54.07 15.05 36.32 27.28 13.71
1298 54.05 58.19 45.44 47.96 18.14
1299 54.04 21.10 39.02 34.87 14.69
1300 54.07 8.55 27.03 23.27 8.76
1301 54.05 35.65 44.68 40.09 20.02
1302 54.10 37.25 42.73 41.69 17.11
1303 54.15 60.55 47.12 44.98 19.02
1304 54.04 52.78 43.85 51.77 20.00
1305 54.28 79.34 35.43 37.22 14.10
1306 54.34 88.68 27.92 29.81 8.19
1307 54.39 28.72 41.42 40.60 16.13
1308 54.08 46.78 37.00 46.80 22.30
1309 54.46 49.51 45.32 50.03 20.13
1310 54.31 51.47 50.29 47.11 21.40
1311 54.34 71.40 43.69 41.49 14.24
1312 54.38 73.68 39.42 43.66 15.02
1313 54.28 5.52 15.38 22.25 9.42
1314 54.24 23.61 38.88 35.54 15.88
1315 54.33 40.38 40.30 45.28 17.48
1316 54.20 91.66 19.81 28.33 7.24
1317 54.34 44.25 44.95 46.20 20.32
1318 54.38 62.22 46.38 47.68 17.82
1319 54.08 68.96 32.50 50.50 16.00
1320 54.10 59.52 43.50 54.25 20.00
1321 54.16 76.28 33.89 45.11 15.78
1322 54.33 22.35 42.33 38.47 17.43
1323 54.39 54.01 48.05 49.16 18.79
1324 54.46 66.99 40.82 47.16 17.35
1325 54.57 69.37 41.59 46.94 16.61
1326 54.42 34.79 38.47 42.67 17.00
1327 54.50 64.99 45.73 47.65 14.81
1328 54.67 19.39 39.34 35.55 14.95
1329 54.61 75.10 37.89 46.70 14.52
1330 54.78 47.66 45.63 52.60 20.51
1331 54.69 92.83 15.63 29.15 5.74
1332 54.82 56.92 47.81 49.79 19.43
1333 54.96 12.27 30.50 29.35 12.65
1334 54.97 6.76 23.17 23.12 8.14
1335 54.92 26.32 43.10 41.50 15.57
1336 54.90 36.22 34.09 46.95 17.61
1337 54.97 81.36 38.60 42.38 12.54
1338 55.05 75.88 44.02 45.73 14.88
1339 54.91 94.97 10.96 20.75 5.16
1340 54.96 38.87 38.67 48.25 18.43
1341 54.94 60.25 47.12 55.05 18.95
1342 55.07 83.52 37.45 41.94 12.42
1343 55.07 15.40 35.54 31.04 13.34
1344 55.13 63.64 51.97 55.00 16.67
1345 54.95 91.69 25.28 28.19 7.41
1346 55.08 52.62 48.43 55.97 19.95
1347 55.11 77.33 36.84 47.90 13.30
1348 55.13 22.30 42.02 41.60 15.89
1349 55.20 89.62 24.19 35.33 8.59
1350 55.05 43.06 46.27 45.40 18.47
1351 55.39 17.51 37.62 37.27 13.89
1352 55.25 34.13 40.55 46.11 17.87
1353 55.29 70.48 43.58 52.07 14.33
1354 55.37 72.53 43.96 52.29 16.32
1355 55.23 90.71 27.54 30.51 6.54
1356 55.13 27.71 34.95 49.19 16.33
1357 55.36 66.05 52.50 52.56 16.73
1358 55.51 44.36 52.28 54.25 19.84
1359 55.47 50.88 50.33 60.66 19.21
1360 55.43 67.86 48.90 55.88 15.26
1361 55.46 62.15 60.93 57.12 17.55
1362 55.55 32.03 37.56 47.85 17.22
1363 55.32 85.32 34.84 41.68 10.48
1364 55.18 61.26 48.60 65.00 16.60
1365 55.44 58.65 52.86 56.35 17.81
1366 55.65 28.26 48.12 50.67 15.90
1367 55.60 48.76 47.64 62.89 20.89
1368 55.47 86.81 29.56 40.76 9.94
1369 55.83 40.74 51.76 59.28 17.84
1370 55.81 46.66 51.54 58.23 20.48
1371 56.06 53.88 56.29 66.67 18.89
1372 55.86 74.76 46.70 50.98 14.59
1373 56.00 79.91 48.49 51.41 13.18
1374 55.90 9.54 29.98 28.34 10.09
1375 55.94 20.52 44.83 42.07 15.30
1376 55.90 35.90 47.44 53.55 18.79
1377 56.08 38.40 49.07 56.99 17.78
1378 55.98 96.05 7.56 18.54 2.29
1379 55.95 25.83 48.91 50.51 16.09
1380 55.93 30.23 51.53 50.64 16.66
1381 56.07 6.44 26.82 28.37 8.64
1382 56.21 60.50 58.30 65.83 19.12
1383 55.77 69.12 39.62 58.85 17.77
1384 56.04 22.74 47.83 42.39 15.72
1385 56.11 64.46 59.46 66.76 17.19
1386 56.04 33.08 48.36 52.03 17.52
1387 56.02 87.99 30.33 43.50 10.03
1388 56.28 15.83 41.57 40.80 12.92
1389 56.18 82.56 43.89 52.11 13.10
1390 56.05 84.53 38.95 51.88 11.80
1391 56.07 77.29 44.08 56.43 15.27
1392 56.33 3.90 14.08 23.29 7.63
1393 56.51 84.98 40.89 50.01 12.51
1394 56.29 51.86 61.66 72.66 19.48
1395 56.35 42.89 51.78 60.88 19.79
1396 56.13 48.47 51.93 70.33 20.93
1397 56.35 58.42 59.40 69.26 18.40
1398 56.44 66.36 56.99 68.12 15.67
1399 56.15 89.35 33.64 41.64 8.64
1400 56.21 19.54 40.93 48.07 14.87
1401 56.37 69.28 51.92 62.26 15.66
1402 56.42 92.31 28.67 36.16 6.41
1403 56.60 18.22 44.69 45.66 15.21
1404 56.58 73.18 47.24 62.60 14.43
1405 56.52 56.45 55.72 67.14 19.52
1406 56.67 28.16 47.97 58.21 17.72
1407 56.65 45.27 54.51 66.18 20.08
1408 56.52 76.58 52.45 59.08 13.88
1409 56.70 49.86 73.02 83.74 21.60
1410 56.57 94.51 20.39 28.82 4.23
1411 56.75 23.78 53.97 52.71 14.93
1412 56.70 34.58 48.01 59.30 15.88
1413 56.75 86.64 41.25 49.96 11.25
1414 56.64 9.96 30.25 34.64 10.46
1415 57.08 7.87 34.05 32.36 9.50
1416 56.84 30.49 49.54 64.37 16.85
1417 56.80 36.78 53.81 62.78 17.57
1418 56.84 47.49 61.47 73.03 19.55
1419 56.93 67.93 63.67 71.75 16.28
1420 56.63 81.66 51.92 51.25 16.25
1421 56.90 32.41 45.71 66.70 17.10
1422 57.02 21.43 50.58 53.32 15.48
1423 56.98 78.49 53.19 65.23 14.17
1424 56.96 11.23 41.28 32.95 9.89
1425 57.18 13.22 40.83 43.66 12.40
1426 56.92 40.19 57.20 65.32 18.15
1427 57.08 75.13 51.49 66.61 14.17
1428 57.09 25.82 52.37 60.04 15.85
1429 56.86 41.36 56.43 65.90 19.33
1430 57.13 64.20 70.04 80.04 17.68
1431 57.16 52.74 65.10 85.66 20.08
1432 57.18 14.67 46.51 40.26 12.59
1433 57.16 59.41 59.94 83.30 17.56
1434 57.22 4.64 23.99 27.80 8.65
1435 57.26 61.84 62.86 85.80 15.96
1436 57.33 38.38 52.97 70.66 19.31
1437 57.40 71.34 55.15 75.82 15.45
1438 57.42 81.11 52.69 66.78 13.49
1439 57.38 43.42 52.33 74.21 20.14
1440 57.32 90.93 34.36 46.96 8.31
1441 57.33 16.26 41.09 52.77 14.70
1442 57.56 69.32 58.06 80.86 15.48
1443 57.61 83.28 50.93 63.70 13.03
1444 57.45 19.82 54.62 53.38 14.64
1445 57.47 56.79 59.81 89.74 19.12
1446 57.46 88.20 39.17 45.63 9.63
1447 57.56 18.40 50.90 57.85 15.25
1448 57.77 92.64 36.32 45.72 6.01
1449 57.74 29.41 59.17 75.75 17.47
1450 57.70 35.84 50.87 75.06 18.29
1451 57.66 51.12 62.06 93.10 21.11
1452 57.62 66.51 62.81 80.08 14.94
1453 57.72 76.72 58.84 78.61 13.93
1454 58.02 86.63 47.69 61.40 10.86
1455 57.51 5.91 25.44 28.84 8.40
1456 57.73 73.29 59.80 75.49 13.83
1457 57.75 46.39 56.11 84.28 21.44
1458 57.77 48.61 65.58 87.14 20.50
1459 57.74 23.47 61.46 66.30 15.53
1460 57.90 27.42 59.99 75.33 16.83
1461 57.92 33.77 50.27 81.29 18.46
1462 57.85 40.71 55.27 79.93 18.47
1463 57.98 31.53 58.40 87.76 16.67
1464 57.95 10.38 43.87 42.03 9.92
1465 57.95 58.35 63.17 97.27 17.68
1466 58.04 12.08 44.78 45.22 12.43
1467 57.93 60.49 58.46 95.75 17.53
1468 57.89 16.69 55.02 52.68 12.90
1469 58.27 3.05 13.51 23.56 4.57
1470 58.10 62.97 65.67 94.04 15.60
1471 58.18 21.37 54.21 70.50 16.30
1472 58.19 52.85 55.02 104.49 17.97
1473 58.17 54.58 56.69 104.80 19.93
1474 58.17 6.35 33.75 33.93 8.57
1475 58.25 25.43 56.39 72.21 14.73
1476 58.07 8.19 34.84 34.11 12.47
1477 58.28 64.93 63.35 98.64 15.51
1478 58.44 74.94 60.77 84.80 14.68
1479 58.39 88.94 41.68 63.74 8.88
1480 58.39 90.68 42.47 60.61 7.94
1481 58.41 13.74 48.25 50.46 11.98
1482 58.40 37.48 56.00 90.32 17.75
1483 58.47 44.98 50.54 96.30 21.32
1484 58.41 70.72 63.85 92.30 15.91
1485 58.40 78.77 57.00 81.87 13.09
1486 58.52 18.63 41.08 64.92 13.84
1487 58.52 56.35 62.70 106.41 18.90
1488 58.57 68.62 59.67 105.30 15.19
1489 58.62 66.78 61.80 99.40 15.85
1490 58.66 50.84 51.34 109.10 20.34
1491 58.68 47.66 52.41 100.00 21.68
1492 58.77 61.73 64.41 111.22 18.03
1493 58.76 72.90 61.54 96.62 16.02
1494 58.83 39.50 48.42 93.45 18.87
1495 58.84 59.68 64.47 119.43 17.39
1496 58.71 82.17 60.96 80.20 13.41
1497 58.87 83.80 58.58 78.84 11.40
1498 58.81 15.79 36.96 62.95 13.94
1499 58.80 23.30 49.95 76.38 15.51
1500 58.79 29.92 51.12 87.78 17.32
1501 58.96 35.12 47.87 95.60 18.03
1502 58.93 77.23 59.04 91.21 15.15
1503 58.93 27.53 52.84 90.12 16.56
1504 58.88 6.14 31.91 40.11 9.49
1505 58.93 32.72 53.51 97.36 18.22
1506 58.93 80.63 56.79 82.73 13.46
1507 59.00 57.93 58.49 113.08 17.90
1508 59.33 92.17 32.24 58.79 7.29
1509 59.20 11.51 37.45 54.53 11.19
1510 59.21 85.96 53.49 78.79 10.86
1511 58.82 88.07 46.67 75.17 13.00
1512 59.20 53.06 52.17 122.18 18.25
1513 59.29 4.19 25.37 32.21 7.00
1514 59.32 25.64 44.87 87.78 15.92
1515 59.12 16.89 43.75 66.81 16.19
1516 59.31 21.02 38.60 83.19 14.40
1517 59.35 55.10 50.82 126.61 19.38
1518 59.43 46.54 48.99 114.08 21.54
1519 59.43 41.39 45.79 107.45 20.46
1520 59.45 43.92 46.99 117.67 21.52
1521 59.43 69.54 56.20 115.01 15.55
1522 59.50 49.93 57.37 121.56 21.73
1523 59.53 65.20 58.51 124.41 16.01
1524 59.52 71.56 56.90 110.59 15.70
1525 59.55 75.68 53.41 98.73 15.35
1526 59.41 95.38 13.00 34.29 2.08
1527 59.67 18.74 37.83 80.30 15.28
1528 59.51 37.21 45.06 102.80 19.76
1529 59.62 67.20 57.08 122.67 16.64
1530 59.68 89.57 43.93 76.94 8.26
1531 59.80 6.52 37.25 46.69 9.43
1532 59.66 62.86 52.13 126.52 17.08
1533 59.80 78.79 53.22 92.76 13.90
1534 59.79 13.64 37.75 64.71 11.97
1535 59.67 31.18 49.62 104.44 17.36
1536 59.75 60.89 58.98 130.02 15.97
1537 59.77 28.82 46.50 99.76 16.29
1538 59.83 73.80 56.70 107.82 14.33
1539 59.86 23.13 40.70 95.05 16.91
1540 59.88 33.65 47.83 114.30 17.55
1541 59.91 57.04 56.82 135.10 19.84
1542 60.06 8.76 32.55 53.90 9.63
1543 59.90 59.00 61.37 134.49 19.05
1544 59.99 81.91 54.53 93.27 13.31
1545 59.80 4.95 25.33 41.44 8.28
1546 60.00 51.64 54.09 134.03 20.68
1547 59.98 16.88 34.77 78.98 13.98
1548 60.01 39.76 41.23 113.26 19.45
1549 59.80 94.44 17.54 43.98 4.20
1550 60.02 48.38 52.92 127.44 19.94
1551 60.23 84.31 52.51 93.13 12.97
1552 60.12 15.79 34.18 71.26 14.59
1553 60.27 86.80 44.33 85.31 10.64
1554 60.27 45.26 46.31 131.84 21.56
1555 60.23 53.60 50.49 143.49 19.59
1556 60.44 35.32 39.07 116.05 18.96
1557 60.29 68.52 47.47 133.57 16.22
1558 60.37 25.25 42.90 108.87 16.46
1559 60.49 27.30 42.52 102.46 17.02
1560 60.49 70.27 47.86 132.08 16.32
1561 60.49 72.23 49.25 125.65 15.53
1562 60.35 93.31 24.31 57.33 5.76
1563 60.62 21.14 34.70 99.06 15.97
1564 60.49 37.82 41.92 116.02 19.46
1565 60.50 42.85 45.14 125.47 20.84
1566 60.47 55.59 47.57 148.26 20.95
1567 60.56 64.18 48.71 141.04 16.04
1568 60.55 65.92 50.23 138.12 17.55
1569 60.51 76.04 46.90 119.50 15.26
1570 60.59 32.21 41.67 120.10 18.55
1571 60.63 62.15 51.71 155.45 18.51
1572 60.62 4.40 18.78 41.83 7.10
1573 60.74 47.06 43.39 132.14 22.86
1574 60.74 29.91 42.39 115.81 18.18
1575 60.73 49.82 49.35 136.97 21.60
1576 60.78 60.01 58.91 148.80 19.09
1577 60.85 94.33 16.16 42.37 3.81
1578 60.78 12.82 32.26 70.41 12.70
1579 60.90 18.58 33.32 95.07 15.61
1580 60.95 80.50 48.73 104.09 13.11
1581 60.91 92.11 32.18 64.36 6.98
1582 60.86 57.99 49.76 155.52 20.63
1583 61.01 78.19 47.98 113.45 15.83
1584 61.09 7.10 28.56 57.93 8.94
1585 60.97 23.42 38.23 111.72 16.08
1586 61.01 41.06 43.68 128.70 21.72
1587 60.99 89.23 44.10 94.21 8.86
1588 61.10 15.75 29.56 89.17 13.52
1589 61.06 67.41 48.12 147.18 16.84
1590 61.09 73.74 45.46 137.22 15.52
1591 61.11 52.04 49.72 155.73 21.87
1592 61.12 10.97 32.78 67.71 11.33
1593 61.20 1.31 3.98 19.49 2.22
1594 61.21 5.24 21.24 48.07 8.20
1595 61.21 54.10 46.43 160.60 21.37
1596 61.29 82.96 43.44 100.01 12.84
1597 61.36 36.73 43.16 132.68 19.39
1598 61.34 44.70 46.79 141.17 21.86
1599 61.51 38.95 39.82 136.58 21.54
1600 61.40 56.53 48.30 164.86 21.68
1601 61.38 95.09 12.14 36.86 2.43
1602 61.38 97.21 2.91 17.84 0.47
1603 61.55 25.30 40.66 123.23 17.95
1604 61.54 32.57 38.89 132.05 18.92
1605 61.68 34.77 39.96 133.90 19.60
1606 61.49 48.36 49.25 155.47 23.02
1607 61.52 61.24 47.97 162.88 17.64
1608 61.56 69.34 46.33 145.19 16.57
1609 61.70 86.16 41.56 96.29 10.22
1610 61.61 27.62 41.43 122.52 17.85
1611 61.55 63.22 43.98 156.32 18.46
1612 61.42 87.27 41.45 93.73 10.36
1613 61.55 71.50 41.88 145.97 15.62
1614 61.61 75.52 42.37 127.75 15.20
1615 61.62 65.43 45.88 154.81 17.78
1616 61.67 3.39 9.33 38.18 5.14
1617 61.66 29.93 41.92 126.01 18.71
1618 61.74 96.42 4.60 23.56 1.02
1619 61.80 20.86 34.18 110.64 16.51
1620 61.99 42.72 48.45 149.37 21.75
1621 61.78 59.21 54.51 173.41 19.59
1622 61.89 91.22 33.04 84.23 7.26
1623 61.94 50.32 51.67 155.53 22.93
1624 61.96 22.63 38.43 124.32 17.14
1625 61.95 46.61 47.04 149.29 21.99
1626 62.02 14.27 26.73 88.69 13.61
1627 62.13 17.36 29.33 98.01 14.92
1628 62.01 93.49 17.15 55.77 4.44
1629 62.02 67.20 38.84 152.86 16.84
1630 62.11 80.05 44.90 124.17 14.80
1631 62.07 55.06 46.81 176.66 20.57
1632 62.34 5.73 20.57 65.20 9.33
1633 62.09 98.27 1.72 11.22 0.67
1634 62.17 8.61 26.58 68.13 9.51
1635 62.25 11.78 27.50 79.25 11.91
1636 62.17 52.79 47.79 158.97 23.66
1637 62.18 73.27 43.46 139.76 15.66
1638 62.21 77.62 41.26 128.31 15.16
1639 62.20 40.64 47.04 150.28 21.40
1640 62.21 10.00 24.11 70.77 11.00
1641 62.28 57.55 57.77 175.61 20.43
1642 62.32 82.41 43.70 113.70 13.33
1643 62.47 36.93 43.88 145.91 22.11
1644 62.42 64.27 44.76 166.47 17.79
1645 62.53 31.13 41.96 140.87 19.41
1646 62.46 44.58 52.07 158.77 23.95
1647 62.49 62.41 46.70 170.16 18.41
1648 62.49 70.76 43.58 149.12 16.59
1649 62.58 24.34 43.00 134.58 18.43
1650 62.58 60.52 49.76 176.98 20.52
1651 62.69 26.43 44.97 135.25 19.37
1652 62.54 33.37 43.88 139.11 19.49
1653 62.59 48.38 54.63 161.28 24.94
1654 62.62 68.51 44.28 161.06 17.31
1655 62.65 28.81 44.60 134.01 18.89
1656 62.77 85.72 39.81 108.92 11.64
1657 62.69 96.43 4.74 22.71 1.42
1658 62.74 89.23 36.26 95.06 9.17
1659 62.89 19.38 35.30 117.77 17.13
1660 62.87 38.96 52.90 152.53 22.75
1661 62.86 75.45 42.68 134.42 15.39
1662 62.82 87.68 34.48 100.60 10.02
1663 62.90 51.26 51.88 165.14 22.69
1664 62.80 93.35 18.17 62.75 5.25
1665 62.91 66.42 46.17 157.82 20.31
1666 62.99 15.18 28.69 97.45 14.80
1667 62.99 21.70 41.19 128.78 17.87
1668 63.03 56.17 55.32 179.11 23.18
1669 63.06 58.66 57.14 177.27 22.47
1670 62.98 98.29 1.36 10.64 0.30
1671 63.00 54.38 50.45 173.11 23.45
1672 63.07 91.14 26.89 84.40 6.93
1673 63.14 35.11 43.84 138.39 21.60
1674 63.09 46.21 57.50 159.06 24.47
1675 63.18 3.55 8.77 42.05 5.31
1676 63.19 72.91 41.98 153.81 16.13
1677 63.29 9.62 28.79 78.40 10.52
1678 63.26 41.14 52.32 149.97 23.90
1679 63.32 80.68 39.60 118.32 14.19
1680 63.36 12.28 29.02 88.56 12.61
1681 63.33 43.47 54.63 161.89 24.65
1682 63.42 49.21 62.37 161.02 25.99
1683 63.36 64.77 50.38 163.30 19.56
1684 63.29 78.78 38.71 127.65 16.02
1685 63.51 52.90 60.90 173.87 27.57
1686 63.42 82.96 39.40 119.94 14.14
1687 63.43 69.20 48.79 160.82 16.85
1688 63.52 77.65 42.23 131.38 14.61
1689 63.64 7.13 24.30 72.81 9.57
1690 63.42 61.97 54.36 175.14 21.51
1691 63.53 71.06 44.11 150.96 15.90
1692 63.57 32.47 45.18 141.53 20.52
1693 63.82 17.55 33.11 107.61 16.20
1694 63.58 29.89 47.38 140.07 20.78
1695 63.67 27.46 51.96 140.58 18.52
1696 63.64 24.17 44.15 130.18 18.40
1697 63.69 60.20 59.17 179.19 24.15
1698 63.77 95.18 7.24 37.50 1.76
1699 63.86 38.41 59.46 149.01 23.30
1700 63.78 5.19 14.10 59.52 8.96
1701 63.93 56.88 57.44 176.56 27.59
1702 63.91 74.69 48.19 150.04 16.04
1703 63.91 89.54 31.77 95.61 7.96
1704 63.95 63.33 52.31 169.64 19.88
1705 64.01 36.33 51.14 141.28 22.77
1706 63.93 66.66 48.12 168.96 20.18
1707 63.95 87.54 32.69 102.32 9.83
1708 64.08 85.89 34.38 106.60 11.17
1709 64.16 92.34 20.96 80.10 6.43
1710 64.01 51.24 66.86 167.38 27.14
1711 64.04 54.64 59.65 172.90 28.68
1712 64.21 14.74 28.79 99.10 13.72
1713 64.06 21.40 44.55 121.40 18.18
1714 64.09 44.67 59.81 153.71 25.68
1715 64.31 3.94 9.28 45.55 5.23
1716 64.18 46.96 62.98 158.38 25.52
1717 64.23 68.24 50.92 162.95 19.75
1718 64.17 58.72 57.12 170.19 24.42
1719 64.24 41.95 62.87 151.62 26.18
1720 64.34 76.73 50.30 144.15 17.01
1721 64.45 19.45 40.00 114.24 17.51
1722 64.33 34.24 49.62 137.69 23.99
1723 64.37 72.36 48.41 155.44 17.52
1724 64.47 83.75 38.33 118.09 12.79
1725 64.51 26.32 54.02 131.09 22.14
1726 64.47 48.90 64.50 162.47 26.13
1727 64.43 61.48 54.00 173.45 23.66
1728 64.43 64.83 52.67 166.81 23.27
1729 64.52 30.92 50.24 136.01 23.04
1730 64.49 80.88 39.16 123.92 14.99
1731 64.73 8.77 25.93 77.99 11.37
1732 64.55 11.93 28.88 85.98 12.40
1733 64.60 70.16 47.68 153.12 19.13
1734 64.62 40.07 64.49 150.79 28.61
1735 64.75 28.83 54.01 136.37 22.08
1736 64.71 23.64 46.49 127.95 19.82
1737 64.87 53.24 64.08 174.05 32.20
1738 64.85 55.55 61.57 165.90 29.82
1739 64.94 37.61 58.64 149.23 25.20
1740 65.04 78.58 45.67 130.18 15.62
1741 65.06 6.59 22.52 69.17 9.84
1742 64.76 16.17 30.25 97.90 18.90
1743 65.02 59.88 59.82 174.28 27.78
1744 64.94 50.96 63.24 165.99 31.32
1745 64.97 57.69 59.71 167.61 30.05
1746 64.98 62.86 59.23 172.61 24.33
1747 65.02 73.99 53.72 157.14 18.50
1748 65.08 32.63 56.52 143.05 27.39
1749 65.03 45.34 68.23 155.58 32.74
1750 65.04 66.19 55.40 169.98 23.26
1751 65.12 89.38 32.71 99.44 8.17
1752 65.07 43.20 64.05 143.52 30.23
1753 65.31 86.88 34.61 109.94 10.23
1754 65.25 21.02 45.14 118.03 22.15
1755 65.26 15.17 37.95 96.09 16.51
1756 65.36 17.81 39.77 102.44 18.89
1757 65.27 68.09 55.76 168.90 21.16
1758 65.33 35.34 53.38 147.96 27.74
1759 65.36 92.20 19.52 75.13 5.93
1760 65.35 3.69 7.81 35.62 4.17
1761 65.40 76.04 54.15 146.61 18.12
1762 65.50 46.99 64.64 152.96 33.59
1763 65.47 25.34 52.02 125.87 24.12
1764 65.56 72.00 57.38 150.94 19.14
1765 65.51 49.07 66.15 153.64 33.36
1766 65.55 64.44 61.21 165.81 24.84
1767 65.63 10.92 32.12 81.32 13.73
1768 65.72 84.35 38.60 118.85 12.21
1769 65.41 96.96 1.84 14.24 1.12
1770 65.55 39.76 59.95 146.68 33.86
1771 65.49 83.22 35.70 116.97 14.00
1772 65.74 27.96 54.76 127.79 26.62
1773 65.68 61.52 59.29 169.74 31.37
1774 65.67 69.90 54.81 154.96 21.01
1775 65.82 80.93 43.12 120.98 16.74
1776 65.77 30.80 56.54 133.52 29.51
1777 65.67 56.10 61.44 157.09 39.39
1778 65.58 96.06 2.82 21.91 0.91
1779 65.86 52.56 60.62 154.57 40.85
1780 65.85 23.05 48.55 117.31 21.38
1781 65.95 41.76 58.29 145.17 39.04
1782 65.85 58.48 57.59 166.44 35.81
1783 65.84 13.01 32.14 87.13 16.71
1784 65.95 54.31 64.49 151.56 43.00
1785 65.85 95.48 4.62 28.71 0.97
1786 66.09 7.92 26.13 73.42 11.57
1787 65.96 33.44 65.75 143.32 36.37
1788 65.99 50.62 65.83 158.72 41.86
1789 66.14 4.30 12.22 42.29 5.53
1790 66.12 44.23 59.18 150.12 42.28
1791 66.06 66.66 62.31 162.05 26.24
1792 66.08 37.25 56.84 138.84 36.02
1793 66.24 73.84 57.66 143.59 20.92
1794 66.44 91.14 25.75 86.52 7.34
1795 66.26 63.15 66.11 167.95 31.78
1796 66.29 78.63 42.64 127.54 17.38
1797 66.13 96.88 1.93 13.57 0.43
1798 66.28 6.15 18.15 55.16 9.95
1799 66.22 14.81 33.59 84.22 18.97
1800 66.43 18.68 41.04 102.74 21.40
1801 66.43 20.93 40.47 109.88 24.91
1802 66.36 59.93 55.06 163.40 37.27
1803 66.45 25.69 55.03 121.95 30.79
1804 66.53 16.27 38.41 91.31 20.27
1805 66.60 93.86 8.91 47.74 2.30
1806 66.46 76.11 46.50 134.16 19.77
1807 66.61 88.73 34.76 104.10 9.47
1808 66.47 48.35 66.62 149.88 47.67
1809 66.50 56.83 58.85 147.61 44.73
1810 66.58 68.58 56.49 155.83 27.31
1811 66.64 29.63 51.68 120.02 34.21
1812 66.63 34.96 55.41 129.21 39.48
1813 66.58 70.89 52.66 144.12 23.84
1814 66.45 13.53 34.75 77.39 14.29
1815 66.55 39.27 53.03 135.86 46.90
1816 66.41 77.21 48.67 133.39 19.72
1817 66.60 85.99 40.45 116.93 13.02
1818 66.67 64.91 66.87 163.49 30.91
1819 66.62 46.29 62.90 143.64 48.62
1820 66.74 10.67 32.23 77.43 16.80
1821 66.82 32.23 58.54 122.14 39.42
1822 66.87 61.58 57.94 161.31 41.24
1823 66.87 23.33 50.52 114.95 31.02
1824 66.93 42.69 54.55 132.90 51.41
1825 66.99 27.48 52.40 116.02 32.85
1826 66.94 83.31 41.84 120.75 15.23
1827 66.91 50.67 51.24 139.77 54.60
1828 66.94 54.98 58.05 146.14 54.50
1829 67.01 53.08 58.94 141.71 54.93
1830 67.02 5.24 11.37 43.93 5.83
1831 67.08 40.77 49.38 131.03 59.80
1832 67.12 58.27 59.61 143.48 52.11
1833 67.18 80.63 45.95 125.14 19.68
1834 67.17 37.23 49.51 125.47 54.26
1835 67.23 66.57 55.41 152.20 35.24
1836 67.30 72.61 52.57 144.19 23.38
1837 67.29 74.97 53.31 137.84 22.66
1838 67.40 8.07 26.70 61.70 15.08
1839 67.33 63.23 53.43 156.86 43.87
1840 67.35 44.46 55.71 137.39 64.32
1841 67.42 13.04 29.63 71.66 21.10
1842 67.43 59.81 59.38 153.00 53.08
1843 67.46 77.62 49.51 130.91 21.51
1844 67.52 14.68 34.92 75.87 24.08
1845 67.53 17.36 36.99 83.28 25.04
1846 67.45 48.27 53.51 139.06 58.52
1847 67.53 19.93 41.79 90.50 30.19
1848 67.43 4.26 9.05 34.39 4.88
1849 67.46 25.71 49.18 104.79 33.41
1850 67.64 56.66 54.60 136.51 63.46
1851 67.68 70.21 53.31 138.84 30.32
1852 67.64 30.61 52.13 109.49 45.81
1853 67.69 68.32 54.63 144.48 33.63
1854 67.74 90.71 25.11 84.34 7.64
1855 67.67 35.13 50.77 117.18 57.71
1856 67.76 94.91 4.40 27.36 1.46
1857 67.86 39.19 44.94 110.38 71.56
1858 67.81 24.73 50.23 98.82 36.40
1859 67.89 32.98 55.03 108.61 51.07
1860 67.79 46.13 49.44 130.25 64.31
1861 67.73 51.45 53.77 132.49 68.51
1862 67.87 88.61 34.97 101.08 11.52
1863 67.94 22.38 43.72 92.82 34.33
1864 67.86 28.47 52.06 99.03 46.39
1865 67.94 65.05 52.20 148.68 46.20
1866 67.84 85.53 39.05 111.16 15.32
1867 68.11 9.73 26.73 60.01 20.08
1868 67.85 11.27 31.51 66.13 22.66
1869 68.13 93.08 10.91 49.95 3.60
1870 68.01 54.89 46.22 124.12 73.45
1871 68.03 61.33 50.19 142.68 55.64
1872 68.14 41.21 49.27 111.20 75.42
1873 68.16 49.52 54.47 121.50 68.76
1874 68.26 87.44 33.19 102.19 12.77
1875 68.18 82.43 41.17 115.28 18.63
1876 68.26 53.10 48.57 122.60 74.16
1877 68.27 37.32 50.12 107.99 74.77
1878 68.28 43.24 51.50 116.66 84.32
1879 68.34 71.97 48.51 131.77 33.18
1880 68.30 79.84 41.70 123.77 23.49
1881 68.28 63.19 46.33 137.00 54.24
1882 68.36 74.50 43.63 136.41 28.99
1883 68.47 26.53 49.54 94.35 49.62
1884 68.41 57.86 49.94 127.91 72.87
1885 68.45 66.93 50.84 140.79 45.12
1886 68.47 15.92 34.09 69.48 32.97
1887 68.57 59.61 48.89 130.52 75.17
1888 68.58 19.01 34.07 73.70 35.20
1889 68.66 77.31 45.43 123.35 28.47
1890 68.58 47.55 46.08 118.35 79.04
1891 68.65 30.58 49.69 92.64 53.38
1892 68.74 35.34 48.86 93.14 73.93
1893 68.76 50.80 46.25 112.03 82.62
1894 68.85 68.84 47.51 126.44 45.91
1895 68.90 24.31 48.22 85.54 50.45
1896 68.84 45.35 50.33 105.95 92.59
1897 68.95 94.13 5.03 29.80 1.78
1898 68.88 55.95 47.56 124.87 90.59
1899 68.83 12.31 30.39 61.25 27.90
1900 69.17 21.90 42.23 75.47 45.57
1901 69.00 28.43 47.75 86.32 58.76
1902 69.01 7.84 20.20 48.06 21.20
1903 69.04 39.23 45.65 94.51 88.29
1904 69.10 85.36 30.87 99.80 18.94
1905 69.16 90.59 21.00 80.34 8.72
1906 68.94 95.57 2.43 15.78 0.81
1907 68.81 22.51 45.69 78.77 40.85
1908 69.07 33.42 47.58 87.91 72.16
1909 69.17 61.46 47.51 121.32 77.52
1910 69.18 65.53 49.33 126.43 60.49
1911 69.24 70.62 42.46 119.55 44.29
1912 69.29 92.42 11.55 51.80 4.17
1913 69.32 9.50 26.47 56.74 28.06
1914 69.34 41.23 49.08 89.83 104.14
1915 69.27 52.30 47.91 109.46 101.46
1916 69.23 63.49 43.95 118.73 70.11
1917 69.46 31.81 46.87 86.21 73.09
1918 69.33 43.33 49.89 94.03 104.93
1919 69.40 54.20 44.85 107.38 106.15
1920 69.37 72.72 49.91 136.72 43.61
1921 69.40 75.19 45.26 126.21 33.48
1922 69.42 82.50 39.60 109.59 27.54
1923 69.36 37.05 47.03 84.69 86.80
1924 69.49 48.87 45.16 97.94 99.74
1925 69.39 89.03 24.00 88.19 13.33
1926 69.44 79.62 38.16 112.96 27.96
1927 69.39 6.11 12.88 33.55 11.63
1928 69.52 57.87 46.59 111.01 95.45
1929 69.69 17.39 32.81 60.87 44.93
1930 69.68 20.37 36.93 65.68 49.83
1931 69.60 11.48 24.21 54.44 41.44
1932 69.62 46.97 47.34 92.10 103.01
1933 69.65 59.74 48.90 105.68 94.71
1934 69.71 67.28 44.96 119.31 64.65
1935 69.49 10.50 29.40 62.00 33.00
1936 69.66 13.36 25.19 58.03 35.95
1937 69.98 30.00 46.97 76.30 81.74
1938 69.88 34.76 43.50 80.46 87.08
1939 69.97 77.44 38.83 116.29 37.05
1940 69.99 50.53 52.42 95.71 115.15
1941 69.92 55.94 56.98 102.89 118.23
1942 70.04 45.09 52.52 82.52 118.95
1943 69.81 86.59 32.39 97.57 19.04
1944 70.18 27.88 48.11 68.87 76.19
1945 70.17 24.26 40.47 66.98 68.06
1946 70.06 64.46 44.79 109.28 75.33
1947 70.16 69.05 43.24 113.40 58.03
1948 70.12 94.47 3.11 21.89 1.23
1949 70.10 38.94 46.10 78.58 107.64
1950 70.23 87.76 30.75 91.74 19.89
1951 70.23 62.50 48.17 107.51 84.25
1952 70.11 12.24 28.94 50.79 40.36
1953 70.29 52.73 51.46 91.30 123.83
1954 70.42 73.65 39.46 109.33 50.12
1955 70.41 36.75 47.12 75.12 110.35
1956 70.41 42.87 47.64 80.49 126.91
1957 70.24 83.97 32.20 100.36 26.77
1958 70.20 91.28 14.38 56.96 8.36
1959 70.58 8.70 20.73 40.69 33.87
1960 70.53 22.15 38.10 60.97 65.18
1961 70.46 32.57 41.89 72.40 92.00
1962 70.48 40.89 46.98 75.90 120.40
1963 70.44 71.36 39.75 109.76 58.52
1964 70.41 85.33 34.66 97.29 33.39
1965 70.35 10.61 23.14 47.14 36.07
1966 70.49 14.94 31.96 51.78 47.78
1967 70.58 60.68 50.55 99.03 106.22
1968 70.70 82.04 35.06 96.55 35.45
1969 70.50 58.47 51.56 90.76 119.29
1970 70.64 65.95 43.23 101.19 82.00
1971 70.81 88.91 26.60 74.39 15.47
1972 70.66 47.29 51.65 81.18 131.20
1973 70.73 19.76 34.54 54.16 61.08
1974 70.76 54.37 51.72 89.48 132.99
1975 70.50 80.27 27.38 99.77 39.08
1976 70.88 75.91 38.26 102.21 52.47
1977 70.80 56.40 47.02 89.29 126.73
1978 70.63 92.10 9.27 45.32 5.50
1979 70.87 93.32 5.77 27.56 2.42
1980 70.99 26.27 41.89 60.93 87.61
1981 70.99 49.29 47.95 80.19 134.68
1982 71.05 17.32 31.44 50.40 54.85
1983 71.00 34.40 45.59 73.04 107.27
1984 70.98 51.27 52.85 84.90 135.89
1985 71.19 67.47 45.72 99.86 87.56
1986 71.19 90.20 21.32 64.26 13.11
1987 71.10 30.43 42.54 66.30 93.61
1988 71.04 44.71 46.85 75.67 136.90
1989 71.08 64.07 48.91 94.23 94.71
1990 71.16 12.46 29.50 47.12 48.57
1991 71.03 79.29 34.96 94.09 46.21
1992 71.03 84.47 29.22 86.98 28.89
1993 71.19 11.05 27.56 40.27 44.98
1994 71.19 38.67 45.88 68.83 127.44
1995 71.18 69.74 41.53 91.15 72.90
1996 71.32 28.12 42.98 60.61 94.55
1997 71.24 24.37 38.60 60.02 80.31
1998 71.34 62.27 51.60 88.34 110.34
1999 71.38 59.29 52.81 84.83 134.54
2000 71.72 86.48 30.40 82.02 34.51
2001 71.35 91.46 12.74 44.59 6.51
2002 71.40 36.44 47.49 67.16 114.07
2003 71.55 72.98 39.70 91.63 67.06
2004 71.52 42.70 46.57 71.79 140.87
2005 71.61 40.59 48.18 66.94 142.01
2006 71.68 22.55 36.29 51.40 74.96
2007 71.67 53.03 48.62 76.92 142.16
2008 71.65 32.38 44.24 65.33 102.52
2009 71.65 57.22 51.78 80.78 141.96
2010 71.80 77.67 33.21 86.75 53.67
2011 71.70 47.64 48.46 72.28 157.80
2012 71.76 55.19 52.76 78.17 147.06
2013 71.85 81.62 34.97 88.91 50.10
2014 71.83 19.80 31.67 47.57 70.50
2015 71.83 45.59 49.12 66.86 163.03
2016 72.05 14.54 28.78 38.96 57.98
2017 71.92 92.73 6.43 26.41 2.87
2018 72.00 9.72 24.17 35.24 41.69
2019 72.02 60.86 53.03 78.80 130.87
2020 71.95 64.99 48.86 88.31 112.13
2021 71.89 84.41 27.66 77.89 36.95
2022 71.96 7.30 12.04 26.83 19.70
2023 71.95 50.82 50.02 75.61 143.42
2024 71.96 80.14 30.46 82.72 46.87
2025 71.89 25.10 35.15 53.44 75.97
2026 72.12 29.34 42.44 56.85 101.54
2027 72.13 82.91 27.67 79.41 42.50
2028 72.26 89.13 23.94 63.87 20.95
2029 72.12 71.04 38.62 87.98 80.24
2030 72.12 75.13 38.03 84.79 65.87
2031 72.10 34.48 43.75 62.32 113.94
2032 72.18 68.68 49.71 82.29 88.92
2033 72.26 17.32 28.75 40.29 63.20
2034 72.23 38.68 45.89 61.60 142.86
2035 72.34 66.62 49.20 82.70 123.43
2036 72.52 11.68 27.52 35.61 56.06
2037 72.34 58.51 59.11 80.25 151.38
2038 72.34 62.94 56.12 77.04 128.79
2039 72.39 36.65 47.24 62.03 127.21
2040 72.50 43.92 49.64 59.98 159.33
2041 72.49 48.84 51.84 67.95 157.11
2042 72.56 27.21 37.78 51.90 101.46
2043 72.53 31.28 39.31 56.21 101.96
2044 72.58 41.77 43.91 58.89 145.41
2045 72.61 24.30 33.89 47.24 91.33
2046 72.70 21.32 30.86 45.60 79.55
2047 72.73 46.24 47.77 60.61 153.08
2048 72.78 52.90 55.00 68.02 151.13
2049 72.80 56.78 59.62 69.32 154.31
2050 72.82 79.13 32.05 78.98 61.15
2051 72.80 54.87 56.35 65.64 152.20
2052 72.67 83.61 27.36 73.22 47.19
2053 72.96 92.01 7.22 27.19 3.83
2054 72.99 72.60 40.56 75.07 84.50
2055 73.03 33.32 43.37 56.43 126.64
2056 73.00 39.89 45.06 59.30 166.51
2057 72.93 50.95 56.33 66.77 153.17
2058 73.00 59.76 57.92 71.98 155.44
2059 73.07 76.75 37.45 73.64 73.08
2060 72.74 80.40 31.78 77.17 61.67
2061 73.11 18.65 32.38 38.59 73.10
2062 73.14 61.57 57.19 70.23 142.87
2063 73.10 64.13 51.09 69.03 118.96
2064 73.19 35.44 40.69 59.15 131.92
2065 73.20 86.05 29.24 65.53 46.67
2066 73.20 70.10 45.82 72.79 95.71
2067 73.08 29.75 32.94 51.85 103.21
2068 73.10 81.48 32.39 66.14 51.25
2069 73.33 67.88 49.13 73.21 105.56
2070 73.42 65.89 52.76 65.24 110.68
2071 73.37 37.80 39.25 52.98 141.41
2072 73.61 74.56 38.96 71.87 81.85
2073 73.34 16.43 25.04 35.18 68.33
2074 73.43 88.30 25.46 54.59 26.94
2075 73.69 10.03 20.60 26.30 37.46
2076 73.43 13.71 26.76 33.70 59.77
2077 73.49 47.21 48.85 59.56 157.66
2078 73.72 26.45 33.62 46.54 105.40
2079 73.50 43.78 46.33 56.23 154.25
2080 73.52 49.36 50.92 63.36 157.93
2081 73.57 58.15 56.06 67.24 153.37
2082 73.70 83.04 30.78 71.64 55.00
2083 73.41 19.97 25.96 36.88 71.83
2084 73.74 24.54 31.14 42.08 93.84
2085 73.63 85.10 27.95 64.69 48.42
2086 73.75 22.41 32.61 40.71 90.54
2087 73.77 28.30 38.12 48.97 108.96
2088 73.70 31.83 38.99 51.88 116.18
2089 73.75 41.74 42.65 58.23 145.83
2090 73.66 30.01 37.81 50.69 105.94
2091 73.81 53.79 55.23 59.52 159.27
2092 73.86 91.26 7.83 27.85 6.87
2093 73.92 12.45 25.61 30.91 58.09
2094 73.81 15.56 25.22 35.19 73.37
2095 73.85 51.52 52.75 59.69 162.29
2096 73.89 55.97 55.06 58.76 152.75
2097 74.01 45.26 43.36 56.86 157.31
2098 73.96 62.82 53.99 66.85 133.81
2099 73.96 80.35 34.31 72.04 73.72
2100 74.06 39.64 36.95 53.67 146.72
2101 74.04 60.06 54.50 61.14 149.68
2102 74.16 34.57 39.05 51.35 128.97
2103 74.09 71.83 45.93 65.10 88.60
2104 74.27 78.04 39.01 71.99 81.66
2105 74.09 89.38 17.69 41.21 17.95
2106 74.26 36.77 36.15 47.47 133.95
2107 74.22 18.74 24.86 35.34 77.86
2108 74.32 64.72 46.81 64.35 118.88
2109 74.30 69.43 43.42 62.96 102.78
2110 74.36 67.05 46.76 58.33 114.99
2111 74.39 48.31 41.88 53.17 158.69
2112 74.60 87.63 24.84 49.45 31.79
2113 74.46 21.14 24.53 35.18 84.47
2114 74.87 75.99 38.29 61.27 86.62
2115 74.56 58.02 50.49 59.82 160.57
2116 74.70 30.27 32.28 47.12 110.60
2117 74.69 43.05 37.71 54.42 157.49
2118 74.59 17.61 26.83 33.67 74.36
2119 74.71 32.60 38.34 45.29 123.52
2120 74.69 61.58 51.68 54.06 138.03
2121 74.86 84.86 31.51 55.50 56.75
2122 74.86 46.51 43.28 52.59 152.23
2123 74.77 50.15 38.90 54.48 160.84
2124 74.77 52.39 50.13 56.06 168.00
2125 74.89 73.82 43.25 61.12 93.08
2126 74.91 15.71 25.30 30.47 70.26
2127 74.84 54.40 47.10 55.79 155.55
2128 74.91 20.43 25.03 34.63 85.39
2129 75.07 23.10 25.45 38.53 90.87
2130 74.94 25.54 27.59 39.01 94.78
2131 74.86 41.03 33.77 50.09 141.17
2132 74.74 89.41 14.17 32.29 13.12
2133 74.89 27.94 29.35 45.79 105.55
2134 75.00 81.26 35.87 56.85 74.34
2135 75.14 11.94 21.87 27.62 54.18
2136 75.01 38.70 31.69 47.66 127.85
2137 75.00 56.38 44.02 54.52 158.60
2138 74.90 82.96 36.58 54.85 64.81
2139 75.22 44.66 38.03 51.96 146.32
2140 75.19 59.72 44.05 53.31 146.84
2141 75.21 71.10 37.70 61.34 97.36
2142 75.28 36.38 31.63 44.63 125.64
2143 75.29 63.95 47.45 54.29 126.07
2144 75.28 66.18 44.54 56.76 120.21
2145 75.30 34.26 31.97 47.33 115.06
2146 75.35 68.56 41.80 56.95 105.13
2147 75.57 78.72 35.81 57.10 82.25
2148 75.51 48.31 35.67 49.30 152.56
2149 75.63 18.09 22.99 30.72 70.86
2150 75.67 89.61 9.64 25.22 10.31
2151 75.54 77.36 33.06 52.60 77.91
2152 75.62 51.06 38.32 49.39 163.35
2153 75.66 62.05 41.84 50.70 132.50
2154 75.82 41.70 32.25 45.04 134.44
2155 75.74 53.30 38.45 47.31 153.58
2156 75.78 57.77 35.42 48.90 147.33
2157 75.87 30.20 30.22 41.82 112.55
2158 75.89 32.44 32.18 43.70 108.10
2159 75.82 55.38 35.57 52.13 153.62
2160 76.08 39.67 32.43 45.62 128.20
2161 76.02 87.30 19.42 38.25 32.08
2162 76.03 15.59 19.40 27.77 66.94
2163 75.92 27.93 28.67 36.79 99.38
2164 76.23 20.87 22.73 30.64 73.35
2165 75.97 73.15 36.38 50.81 96.97
2166 76.07 43.63 31.93 47.10 128.66
2167 76.19 25.68 24.24 34.59 95.35
2168 76.15 37.49 28.78 43.00 111.87
2169 76.17 45.75 34.06 48.43 126.56
2170 76.12 81.65 33.69 49.58 79.85
2171 76.18 83.37 33.07 46.31 66.52
2172 76.32 85.02 25.96 44.14 55.99
2173 76.33 23.28 21.91 31.33 86.56
2174 76.28 35.12 28.70 39.64 102.71
2175 76.42 13.13 19.83 26.28 56.04
2176 76.17 59.95 34.77 46.19 136.87
2177 76.22 65.33 38.49 46.32 128.82
2178 76.26 70.07 39.63 53.22 110.80
2179 76.31 67.60 36.88 51.00 117.84
2180 76.45 76.86 35.02 49.54 85.96
2181 76.40 49.89 33.06 44.74 142.35
2182 76.46 47.90 31.90 44.21 145.06
2183 76.55 52.05 32.35 47.22 140.38
2184 76.75 63.75 31.56 48.73 128.04
2185 76.69 56.43 31.29 47.62 148.47
2186 76.65 61.92 30.33 47.86 120.80
2187 76.71 54.30 31.29 46.08 145.38
2188 76.83 79.73 34.34 46.81 85.30
2189 76.82 18.10 19.75 27.22 62.83
2190 76.96 28.95 27.49 36.50 97.15
2191 76.96 31.48 28.71 39.04 97.08
2192 76.89 58.44 31.39 46.24 133.80
2193 76.79 88.94 8.81 25.38 11.17
2194 76.96 41.89 32.37 45.10 119.20
2195 77.08 33.64 27.98 40.41 98.80
2196 76.98 73.87 40.24 48.00 100.28
2197 77.07 38.27 29.55 37.44 98.42
2198 77.10 71.50 36.24 45.86 107.15
2199 77.09 43.72 34.49 44.76 117.46
2200 77.33 26.82 23.79 32.06 86.74
2201 77.18 46.57 31.43 43.79 124.63
2202 77.32 36.18 30.12 39.84 93.78
2203 77.21 66.42 29.05 44.30 111.98
2204 77.38 40.20 28.89 43.40 110.29
2205 77.26 60.64 27.58 45.62 127.11
2206 77.39 14.85 19.15 24.46 59.39
2207 77.35 69.08 33.92 45.21 109.63
2208 77.17 16.58 17.31 29.00 64.81
2209 77.40 50.69 29.35 44.03 123.52
2210 77.48 82.98 27.90 42.47 77.35
2211 77.57 21.93 20.99 27.75 66.59
2212 77.49 24.35 23.42 31.71 78.94
2213 77.15 86.49 21.17 32.67 29.83
2214 77.48 48.65 31.64 44.97 126.67
2215 77.54 52.90 32.08 44.74 123.12
2216 77.44 87.58 14.58 28.63 21.70
2217 77.76 78.78 32.49 42.51 94.80
2218 77.71 54.93 29.42 42.81 135.39
2219 77.79 45.27 34.31 41.81 109.40
2220 77.72 56.96 32.21 45.84 131.07
2221 77.85 64.70 28.88 43.82 115.58
2222 77.88 30.25 28.07 34.48 85.22
2223 77.90 85.62 21.48 34.10 46.71
2224 78.04 12.52 14.34 17.46 38.33
2225 77.98 62.31 28.06 42.49 120.51
2226 77.85 59.26 30.03 44.78 122.18
2227 78.07 75.31 35.89 42.76 96.74
2228 77.95 19.55 20.17 24.00 63.46
2229 78.04 16.52 17.33 24.97 57.63
2230 78.17 32.73 29.95 35.32 83.15
2231 78.17 35.03 31.74 37.15 89.31
2232 78.16 38.79 32.25 40.78 87.06
2233 78.17 43.47 37.89 42.01 99.46
2234 78.12 72.49 29.58 42.04 103.07
2235 78.33 41.52 39.01 40.53 99.23
2236 78.21 67.79 29.77 41.65 110.23
2237 78.42 28.10 26.29 34.08 81.63
2238 78.30 47.47 35.58 41.79 113.10
2239 78.56 77.32 32.14 39.56 96.19
2240 78.37 51.56 32.67 42.05 115.62
2241 78.43 70.02 26.72 39.24 105.39
2242 78.46 25.40 24.89 27.82 69.83
2243 78.49 49.71 34.57 42.04 111.49
2244 78.64 81.44 27.23 36.44 86.00
2245 78.34 17.52 17.89 23.15 60.48
2246 78.72 37.21 38.85 37.44 85.50
2247 78.57 53.54 35.03 42.93 113.30
2248 78.59 58.14 29.15 42.76 110.61
2249 79.09 86.17 15.63 25.60 28.94
2250 78.89 22.88 23.99 27.84 57.67
2251 78.72 60.39 27.88 41.68 113.42
2252 78.88 83.87 23.25 34.46 64.09
2253 78.72 55.80 30.93 42.99 119.16
2254 79.02 14.31 14.45 19.24 41.85
2255 78.88 66.40 23.32 40.50 103.87
2256 78.85 45.75 37.87 40.56 96.11
2257 78.85 63.97 25.50 41.32 112.59
2258 78.96 30.77 31.68 32.47 83.08
2259 79.07 19.82 22.24 26.03 58.32
2260 79.17 40.30 42.13 37.79 84.33
2261 79.15 73.85 29.71 38.83 96.38
2262 79.20 43.69 47.99 40.19 86.46
2263 79.32 35.17 35.29 33.98 80.33
2264 79.34 62.21 26.39 39.28 104.42
2265 79.19 16.21 19.35 22.23 54.29
2266 79.37 78.58 25.67 39.68 96.29
2267 79.26 48.33 40.61 40.63 96.66
2268 79.45 25.93 26.44 28.11 64.88
2269 79.44 33.13 36.40 34.99 80.24
2270 79.33 51.97 37.64 41.00 103.83
2271 79.44 68.57 23.51 38.11 99.62
2272 79.49 71.22 24.66 37.91 101.50
2273 79.51 54.09 40.44 41.75 99.00
2274 79.70 27.95 29.57 29.57 64.99
2275 79.50 57.94 31.84 43.08 103.80
2276 79.57 76.32 27.82 33.53 93.00
2277 79.72 38.86 42.23 35.32 80.90
2278 79.72 42.09 47.05 43.13 79.49
2279 79.54 17.35 20.36 22.02 53.60
2280 79.72 50.24 45.79 39.73 95.52
2281 79.80 56.00 34.54 41.44 101.19
2282 79.72 60.13 28.15 37.19 100.60
2283 79.88 65.41 25.53 38.93 112.78
2284 79.92 36.90 49.73 36.93 76.40
2285 79.80 45.94 52.38 41.10 84.10
2286 79.92 21.46 22.91 26.00 52.65
2287 80.08 29.81 34.91 29.20 72.28
2288 80.16 23.66 25.44 27.86 58.46
2289 79.86 79.49 24.39 31.22 92.07
2290 80.28 83.94 15.18 25.70 44.45
2291 80.16 81.25 20.72 30.88 77.08
2292 80.21 47.93 50.49 42.34 80.87
2293 80.36 15.03 15.87 18.96 39.01
2294 80.30 63.72 26.79 40.25 98.64
2295 80.34 31.84 36.45 33.32 72.91
2296 80.43 67.32 25.04 34.82 96.23
2297 80.31 73.58 26.35 35.13 96.98
2298 80.35 44.15 55.56 39.69 79.06
2299 80.30 52.16 48.73 42.78 96.07
2300 80.54 17.43 18.91 21.40 54.31
2301 80.45 18.90 20.60 25.69 53.23
2302 80.62 40.54 52.41 37.92 73.96
2303 80.55 57.56 36.91 40.90 93.20
2304 80.52 61.86 27.91 40.70 91.25
2305 80.56 70.15 21.46 35.91 90.78
2306 80.43 20.48 20.82 26.08 51.21
2307 80.55 54.89 37.13 41.60 88.49
2308 80.78 33.81 41.51 33.75 70.65
2309 80.82 26.17 28.80 27.77 59.92
2310 80.72 59.54 33.85 39.30 99.52
2311 80.81 78.28 22.04 31.28 86.57
2312 80.84 35.91 45.64 32.50 69.90
2313 80.70 49.91 55.88 39.97 88.75
2314 80.86 38.30 50.64 36.78 70.44
2315 80.97 42.62 58.12 37.46 69.00
2316 80.88 46.20 49.89 39.22 76.78
2317 81.03 76.00 22.28 31.20 86.99
2318 81.24 28.46 34.62 29.22 61.70
2319 81.04 53.31 46.53 40.56 86.03
2320 81.16 65.31 26.36 36.12 84.90
2321 81.45 22.13 27.59 23.54 52.72
2322 81.32 73.15 23.27 33.90 97.11
2323 81.35 30.87 41.96 30.69 63.89
2324 81.36 48.26 54.64 41.49 77.70
2325 81.57 24.17 27.81 26.00 54.41
2326 81.47 68.89 24.08 35.63 88.23
2327 81.75 18.83 23.69 20.69 47.03
2328 81.37 20.69 26.17 22.44 53.81
2329 81.68 61.34 33.82 39.66 79.65
2330 81.59 82.69 14.55 23.70 49.47
2331 81.55 44.56 56.83 38.38 70.92
2332 81.70 16.09 19.39 18.69 36.34
2333 81.54 57.17 41.98 42.18 90.53
2334 81.58 55.34 43.91 38.66 83.90
2335 81.64 50.63 56.26 38.45 79.18
2336 81.71 63.40 29.44 38.95 80.98
2337 81.53 75.38 19.32 31.82 86.96
2338 81.73 41.15 54.52 36.61 63.73
2339 81.95 66.92 26.59 34.52 80.57
2340 81.59 70.79 22.92 33.40 84.08
2341 81.90 80.11 16.56 26.69 74.95
2342 81.71 59.50 40.54 38.15 88.71
2343 81.82 39.10 51.23 35.24 62.89
2344 81.97 34.79 46.37 30.64 66.65
2345 81.91 52.54 51.23 38.60 80.76
2346 82.06 32.72 41.53 31.02 63.08
2347 82.02 37.05 46.88 34.88 67.63
2348 82.11 46.68 56.51 40.65 64.89
2349 82.24 77.40 18.00 26.37 78.71
2350 82.19 26.08 30.76 26.92 55.16
2351 82.10 72.06 20.88 34.96 78.64
2352 82.32 43.03 58.50 35.41 67.77
2353 82.43 29.68 35.87 27.45 59.71
2354 82.38 54.29 50.59 38.18 75.61
2355 82.41 58.34 40.45 36.59 76.92
2356 82.47 49.03 59.89 37.89 68.44
2357 82.61 65.16 30.73 35.51 76.21
2358 82.41 74.29 18.14 29.60 77.23
2359 82.73 20.65 26.28 21.23 49.34
2360 82.78 44.79 51.83 35.32 64.22
2361 82.70 56.22 48.79 37.99 72.22
2362 82.75 22.76 27.61 22.69 49.09
2363 82.79 68.89 26.33 33.18 78.02
2364 82.76 51.56 62.88 38.11 69.11
2365 82.55 60.98 34.71 32.48 73.24
2366 82.94 27.82 33.53 29.12 54.43
2367 82.88 39.33 49.15 35.16 58.96
2368 83.03 41.33 56.29 36.47 59.01
2369 82.94 19.31 26.07 19.65 47.24
2370 83.04 35.59 42.55 31.68 63.19
2371 82.92 70.92 24.22 29.89 78.15
2372 83.02 17.00 22.45 17.44 33.32
2373 82.98 63.37 35.93 36.21 74.86
2374 83.21 79.37 14.29 23.78 69.06
2375 83.23 60.22 39.55 38.55 64.60
2376 83.24 31.67 35.89 29.44 56.97
2377 83.06 75.54 18.50 28.72 75.56
2378 83.25 46.70 53.68 38.52 61.04
2379 83.26 53.65 53.20 34.93 70.47
2380 83.41 24.93 29.91 25.41 50.68
2381 83.26 72.36 22.32 31.98 68.96
2382 83.50 33.65 38.18 30.15 61.76
2383 83.47 37.39 43.66 35.09 60.63
2384 83.48 50.30 54.83 37.12 64.90
2385 83.59 67.02 28.26 33.74 66.72
2386 83.60 48.58 58.19 36.25 61.90
2387 83.47 57.98 43.93 36.82 67.85
2388 83.61 43.14 50.31 33.82 58.69
2389 83.85 29.68 34.38 28.60 53.75
2390 83.79 55.88 48.30 36.60 61.20
2391 83.95 62.17 38.33 33.86 63.85
2392 83.86 64.90 33.65 34.68 69.99
2393 83.82 73.21 21.16 28.09 66.12
2394 83.80 75.96 15.76 26.14 67.22
2395 84.17 21.44 28.18 21.56 42.97
2396 84.00 70.10 25.12 29.00 63.22
2397 83.91 22.60 31.45 21.68 46.04
2398 84.05 51.99 54.61 36.84 63.37
2399 84.02 19.06 30.84 20.10 39.04
2400 84.10 45.13 48.16 34.60 55.78
2401 84.09 39.37 48.53 34.56 59.02
2402 84.24 27.43 32.98 27.66 47.69
2403 84.40 41.39 47.28 35.92 51.12
2404 84.32 59.49 42.91 34.19 62.69
2405 84.50 74.54 19.78 25.92 65.49
2406 84.36 35.20 38.86 31.45 57.69
2407 84.52 47.37 46.91 38.25 54.15
2408 84.31 54.09 44.48 37.11 60.48
2409 84.45 78.33 14.32 21.44 59.43
2410 84.54 32.06 34.01 29.13 53.40
2411 84.62 24.54 29.98 23.68 44.25
2412 84.41 68.18 31.37 32.86 58.98
2413 84.45 25.85 30.78 27.83 46.33
2414 84.70 37.40 44.65 31.82 54.45
2415 84.66 49.91 43.48 39.08 54.51
2416 84.66 57.65 43.85 37.32 59.58
2417 84.62 72.15 21.98 27.21 62.28
2418 84.87 43.38 46.04 35.35 48.83
2419 84.83 66.47 32.28 31.13 61.91
2420 84.92 61.25 38.86 34.90 55.58
2421 84.96 64.32 37.51 36.32 60.44
2422 85.05 55.57 45.27 35.28 54.64
2423 85.06 29.19 34.66 28.20 48.30
2424 84.83 76.11 16.70 22.09 58.87
2425 85.19 19.80 24.24 19.75 35.60
2426 85.18 52.95 45.39 34.63 56.96
2427 85.04 68.95 29.02 29.98 58.08
2428 85.10 39.59 40.28 35.63 51.46
2429 85.19 45.23 37.32 36.35 52.24
2430 85.45 21.99 27.43 21.96 43.20
2431 85.42 33.80 34.59 29.25 47.53
2432 85.49 27.15 30.39 24.97 44.63
2433 85.57 36.20 36.48 31.51 49.38
2434 85.48 59.24 44.07 37.90 51.97
2435 85.63 63.10 41.99 35.21 55.58
2436 85.21 69.91 32.17 29.67 57.17
2437 85.47 76.86 16.46 22.07 57.97
2438 85.66 41.51 41.09 34.67 50.17
2439 85.78 31.17 33.19 28.55 47.09
2440 85.58 48.94 41.97 35.96 49.09
2441 85.76 51.01 44.33 38.61 51.28
2442 85.55 38.69 36.30 38.08 43.30
2443 85.65 46.85 38.48 36.08 47.09
2444 85.83 26.17 29.35 25.05 43.08
2445 85.88 73.59 23.86 23.69 52.76
2446 85.93 24.31 24.92 23.45 43.20
2447 85.70 67.82 35.05 31.22 53.55
2448 85.80 70.51 25.57 30.46 48.12
2449 85.86 57.16 47.37 37.19 53.19
2450 85.88 43.62 35.38 34.50 47.80
2451 86.03 66.04 38.53 33.30 55.52
2452 86.11 61.32 39.37 35.78 51.95
2453 86.23 55.01 43.07 39.01 46.31
2454 86.40 28.82 30.89 27.68 41.69
2455 86.25 53.23 41.63 34.23 49.65
2456 86.32 39.84 33.49 31.95 46.43
2457 86.49 37.53 33.35 32.42 44.89
2458 86.59 75.99 19.84 21.72 43.72
2459 86.71 32.80 34.17 31.99 43.82
2460 86.49 45.38 32.43 33.22 46.86
2461 86.46 64.77 37.76 30.35 52.13
2462 86.62 35.11 29.96 30.20 44.93
2463 86.44 43.36 32.91 38.77 38.63
2464 86.60 59.18 36.93 33.54 46.80
2465 86.55 47.39 31.83 36.12 46.13
2466 86.72 49.53 36.11 36.20 44.50
2467 86.76 69.88 32.63 27.67 50.35
2468 86.83 26.18 22.43 25.66 39.51
2469 86.99 41.86 29.09 33.21 40.07
2470 86.84 51.83 35.25 35.70 45.81
2471 86.78 56.48 39.21 36.73 42.54
2472 87.15 30.59 27.65 25.95 40.10
2473 87.08 71.94 28.43 21.79 44.59
2474 87.06 23.92 21.78 22.71 37.79
2475 86.98 63.74 37.39 31.60 48.39
2476 87.35 73.59 23.05 23.95 41.52
2477 87.35 44.06 27.45 34.04 40.72
2478 87.12 74.46 28.15 21.60 40.40
2479 87.48 66.86 37.16 27.85 45.68
2480 87.37 39.81 28.06 31.84 42.94
2481 87.37 38.33 24.02 37.43 28.59
2482 87.59 61.35 38.11 34.68 41.47
2483 87.26 45.73 26.03 42.31 26.72
2484 87.35 55.58 33.13 36.49 43.07
2485 87.64 26.88 19.75 23.66 41.15
2486 87.74 47.27 23.96 36.84 39.02
2487 87.47 48.93 26.75 41.71 24.50
2488 87.68 50.76 28.75 32.88 42.33
2489 87.58 58.31 36.38 34.11 40.30
2490 87.65 53.71 32.20 36.89 43.39
2491 87.74 34.09 25.62 29.20 36.25
2492 87.74 76.20 17.75 18.14 27.61
2493 87.86 63.91 37.03 31.40 43.14
2494 87.88 36.27 24.16 34.19 35.36
2495 87.89 69.89 30.89 28.19 39.11
2496 88.13 29.09 24.03 25.98 39.69
2497 88.00 32.35 25.69 27.94 39.02
2498 87.92 52.33 29.32 36.15 38.32
2499 88.03 68.70 31.81 28.53 42.00
2500 88.19 24.21 17.01 20.64 32.99
2501 87.87 56.95 24.12 36.75 36.25
2502 87.96 65.51 38.32 34.45 41.14
2503 88.36 42.44 22.12 33.25 33.10
2504 88.24 71.92 30.46 22.23 37.61
2505 88.23 49.51 25.36 37.76 35.98
2506 88.63 55.51 24.90 36.32 33.41
2507 88.34 31.32 22.29 26.12 35.83
2508 88.46 37.95 20.79 33.21 35.13
2509 88.42 40.29 20.73 28.17 36.95
2510 88.53 74.48 20.68 20.18 30.19
2511 88.38 56.82 30.33 37.81 37.53
2512 88.34 58.20 29.73 39.36 32.64
2513 88.37 67.79 30.67 25.56 41.22
2514 88.47 62.28 31.95 31.09 37.59
2515 88.66 59.66 29.82 34.08 32.66
2516 88.70 63.16 33.91 33.06 34.49
2517 88.62 45.33 20.75 35.82 32.78
2518 88.80 27.07 20.02 21.98 33.43
2519 88.64 66.54 36.11 29.11 32.22
2520 88.67 49.13 24.31 36.15 35.69
2521 89.04 35.71 20.15 30.80 34.91
2522 89.01 48.24 20.69 36.12 29.64
2523 89.21 65.45 29.59 27.57 36.47
2524 88.99 68.10 35.41 26.97 35.74
2525 89.12 44.09 18.55 32.28 37.47
2526 89.01 28.76 18.82 22.62 36.18
2527 89.10 58.30 23.78 37.35 33.14
2528 89.34 33.18 18.60 29.41 32.40
2529 89.22 50.96 20.94 36.38 32.25
2530 89.09 61.66 26.13 36.10 27.28
2531 88.90 43.26 20.00 37.50 33.50
2532 89.16 57.11 22.85 37.42 32.15
2533 89.18 26.23 16.45 21.50 31.68
2534 89.14 40.83 21.00 38.73 22.09
2535 89.31 53.22 20.22 37.13 30.93
2536 89.29 47.15 23.10 34.93 37.31
2537 89.35 63.74 29.83 31.21 35.31
2538 89.57 30.48 17.93 25.80 30.09
2539 89.58 37.74 17.81 31.58 32.19
2540 89.35 42.13 19.73 31.59 33.45
2541 89.25 60.51 31.62 26.75 35.62
2542 89.52 28.24 19.86 22.07 33.62
2543 89.71 40.51 18.33 34.38 31.43
2544 90.01 54.17 20.00 35.07 27.13
2545 89.59 59.85 21.64 37.52 28.76
2546 90.20 68.45 28.93 25.58 27.91
2547 89.70 46.42 18.69 37.75 27.75
2548 90.01 42.81 17.02 36.07 24.95
2549 89.97 71.07 30.60 20.82 29.39
2550 89.79 44.95 18.48 33.26 31.17
2551 89.93 58.86 22.24 35.00 29.97
2552 90.02 61.42 27.28 31.88 30.40
2553 90.33 27.26 15.31 20.08 27.88
2554 90.44 35.40 16.91 27.73 30.21
2555 90.35 51.10 17.16 37.24 25.32
2556 89.96 43.96 18.00 38.00 21.50
2557 90.54 29.23 13.99 22.93 30.74
2558 90.56 31.50 15.41 27.26 28.64
2559 90.28 46.06 17.48 35.15 26.12
2560 90.19 44.49 17.00 39.00 24.62
2561 90.61 65.59 20.80 27.22 28.45
2562 90.47 33.17 15.31 24.61 31.17
2563 90.50 38.09 17.77 32.65 33.86
2564 90.48 40.88 15.49 34.98 21.77
2565 90.51 59.98 20.37 32.67 29.02
2566 90.67 63.21 21.95 29.06 28.16
2567 90.89 47.82 16.01 35.47 26.20
2568 90.63 44.52 19.47 32.43 25.13
2569 90.91 58.54 17.38 34.34 24.66
2570 90.71 42.93 16.78 35.52 23.91
2571 91.09 54.18 15.75 35.34 21.20
2572 90.87 70.13 23.57 22.64 20.57
2573 91.35 39.66 15.28 31.32 25.54
2574 91.17 45.53 15.04 33.33 23.35
2575 90.88 61.60 16.67 32.33 24.50
2576 91.36 43.78 15.04 35.15 22.25
2577 91.13 49.50 15.72 34.89 26.83
2578 91.45 28.57 11.58 20.68 24.64
2579 91.44 60.82 17.77 30.39 24.14
2580 91.57 56.17 16.95 33.16 23.67
2581 91.36 38.10 13.86 34.47 19.51
2582 91.46 70.15 23.44 20.64 17.30
2583 91.49 50.55 15.76 34.32 24.68
2584 91.63 68.29 21.55 22.50 24.33
2585 91.48 61.82 18.88 28.56 27.50
2586 91.49 48.90 15.50 38.12 20.50
2587 91.76 66.58 15.62 25.00 24.24
2588 92.07 35.15 13.43 29.06 21.85
2589 91.82 52.02 17.22 33.92 25.19
2590 91.83 32.40 14.98 26.88 24.12
2591 91.98 30.91 12.30 23.64 25.32
2592 92.11 63.24 16.41 25.86 26.41
2593 92.12 59.02 15.07 31.36 21.96
2594 92.08 47.82 17.17 35.63 24.09
2595 91.92 38.08 14.14 38.86 22.71
2596 92.19 43.59 15.99 35.13 22.34
2597 92.13 38.84 16.92 35.46 28.23
2598 92.22 50.80 14.93 34.66 21.84
2599 92.09 54.88 19.20 35.80 23.40
2600 92.29 69.78 14.86 21.32 14.09
2601 92.41 29.44 11.06 20.31 24.41
2602 92.18 67.43 14.29 24.71 17.29
2603 92.60 60.88 15.14 30.84 17.09
2604 92.45 54.44 15.67 34.05 20.49
2605 92.38 52.88 14.42 32.53 17.32
2606 92.62 32.93 11.53 26.71 17.68
2607 92.50 49.27 14.10 35.33 21.74
2608 92.49 62.47 15.71 25.25 20.43
2609 92.55 68.55 15.04 21.20 14.06
2610 92.60 57.30 14.73 34.53 22.43
2611 92.72 39.50 15.26 30.88 19.09
2612 92.76 65.52 12.11 22.25 20.89
2613 92.87 47.34 16.24 36.19 20.59
2614 92.82 66.98 10.03 24.80 14.33
2615 92.84 56.04 16.97 33.63 17.97
2616 92.97 64.15 10.94 25.31 17.83
2617 93.06 58.67 14.85 28.74 20.80
2618 92.89 30.00 9.43 25.36 17.50
2619 93.04 50.36 16.53 33.98 18.67
2620 93.31 31.98 11.62 23.00 20.44
2621 93.29 34.53 12.24 28.24 18.52
2622 93.21 37.43 13.91 27.75 18.38
2623 93.46 52.38 14.08 33.90 17.60
2624 93.10 38.73 14.57 31.29 18.29
2625 93.25 54.26 16.32 30.00 23.06
2626 93.27 29.18 8.77 20.70 14.53
2627 93.37 44.91 14.05 34.82 17.59
2628 93.60 40.24 14.23 30.38 19.20
2629 93.74 46.04 14.75 31.85 18.66
2630 93.50 65.46 11.45 24.26 13.21
2631 93.77 54.98 15.19 30.23 18.79
2632 93.76 56.92 13.76 30.67 21.17
2633 93.85 61.65 13.28 25.75 18.24
2634 93.92 63.46 10.83 26.60 14.26
2635 94.14 37.80 12.43 28.21 16.14
2636 93.85 42.20 13.68 34.74 17.58
2637 94.08 43.56 13.91 32.28 15.15
2638 94.22 58.84 12.77 27.17 16.85
2639 94.10 64.90 9.97 21.32 14.92
2640 94.53 49.95 14.11 32.78 16.18
2641 94.31 51.92 12.50 33.65 17.70
2642 94.48 34.23 10.60 24.45 17.59
2643 94.50 41.27 14.22 30.04 16.74
2644 94.62 39.57 12.02 29.18 15.77
2645 94.39 35.66 12.50 24.33 21.50
2646 94.63 60.52 11.85 25.66 15.34
2647 94.84 54.29 11.66 28.54 16.62
2648 94.43 61.20 10.50 28.00 16.00
2649 94.64 63.65 10.60 23.47 14.36
2650 94.75 36.71 9.72 25.53 15.67
2651 95.01 48.11 12.54 30.98 16.29
2652 95.12 51.56 12.55 29.02 16.80
2653 95.26 42.01 11.65 27.31 15.88
2654 95.38 58.77 11.15 23.70 13.63
2655 95.28 62.04 7.67 20.81 11.85
2656 95.48 56.53 10.17 26.42 14.79
2657 95.57 60.63 9.02 20.86 16.53
2658 95.60 39.50 9.81 26.36 14.21
2659 95.64 49.94 11.43 29.46 14.88
2660 95.84 45.36 11.11 25.63 15.06
2661 96.05 54.87 10.31 24.65 14.14
2662 96.12 47.63 11.00 25.24 15.36
2663 95.84 52.95 11.82 26.86 14.11
2664 96.23 36.81 9.00 21.45 15.03
2665 96.15 51.03 9.30 26.17 14.96
2666 96.51 42.83 10.25 23.03 18.77
2667 96.76 38.56 9.06 21.60 11.81
2668 96.33 53.99 7.83 24.83 12.50
2669 96.62 50.56 9.19 24.81 14.46
2670 96.72 56.03 10.04 23.37 11.96
2671 96.78 49.27 10.92 22.95 14.59
2672 96.90 58.85 8.26 20.94 11.47
2673 96.98 51.58 10.93 23.46 16.21
2674 97.06 43.06 10.28 25.10 16.41
2675 97.10 50.41 6.15 22.15 11.85
2676 97.44 45.78 9.80 23.91 12.49
2677 97.48 51.83 8.00 20.62 16.00
2678 98.19 50.46 7.27 20.12 9.65
2679 97.85 46.74 7.48 24.15 12.74
2680 97.94 45.01 7.55 20.93 8.45
2681 98.24 48.26 8.33 21.51 9.63

