#<Embryo name> <Cleavage cycle> <Temporal class> <Genes>
kw9 14A 4 even-skipped knirps giant

#Quantitative data
#<Nucleus number> <A-P coordinate> <D-V coordinate> <Fluorescence intensity: channel 1 - eve, channel 2 - kni, channel 3 - gt>
0 2.48 44.67 10.37 74.14 8.91
1 2.73 49.00 10.59 77.41 9.60
2 3.24 46.87 12.71 82.01 10.54
3 3.46 51.19 12.77 83.05 10.01
4 3.55 44.34 14.02 84.07 11.36
5 4.16 40.87 12.67 81.56 10.34
6 4.11 48.40 15.26 96.72 13.52
7 4.31 55.11 10.43 78.34 8.84
8 4.63 50.75 14.68 91.89 12.23
9 4.64 43.87 16.62 84.48 12.89
10 4.41 42.46 13.78 78.89 13.22
11 4.80 46.16 16.12 85.95 13.39
12 4.75 53.29 14.47 85.39 11.76
13 5.27 48.60 17.13 90.54 13.86
14 5.30 41.64 15.68 79.24 13.58
15 5.37 56.73 12.38 83.92 10.96
16 5.31 39.33 15.94 72.82 12.65
17 5.76 52.32 15.93 91.77 14.13
18 5.85 43.62 17.64 78.89 14.55
19 5.54 51.27 17.64 98.73 13.09
20 5.95 39.17 14.01 68.89 13.49
21 5.92 54.54 15.08 90.57 13.19
22 6.20 46.01 18.62 85.39 15.59
23 5.88 36.87 13.80 64.07 12.39
24 5.92 41.05 14.97 72.93 13.07
25 6.55 48.12 17.32 91.68 16.41
26 6.42 50.37 19.37 100.26 15.60
27 6.47 57.82 13.13 91.53 12.34
28 6.46 59.85 10.43 76.77 9.68
29 6.70 36.79 14.63 55.41 11.86
30 7.00 42.34 18.98 78.87 17.23
31 6.89 55.70 16.55 94.27 14.73
32 6.86 52.91 19.81 95.56 16.23
33 6.87 38.26 13.66 64.62 14.41
34 7.24 44.72 19.52 82.29 16.88
35 7.16 39.72 18.22 68.36 15.72
36 7.19 53.86 18.94 94.94 16.88
37 7.43 60.41 12.52 80.00 11.90
38 7.54 50.27 20.59 98.60 17.03
39 7.72 58.07 15.86 92.72 15.54
40 7.91 47.14 21.57 84.25 18.48
41 7.53 40.87 20.47 69.53 14.68
42 7.97 54.84 18.69 97.65 17.45
43 7.81 37.18 17.45 57.29 15.55
44 8.43 38.87 19.31 55.89 16.29
45 8.41 44.30 20.58 76.56 18.15
46 8.38 52.50 20.29 95.07 18.40
47 8.48 61.00 15.03 91.40 14.12
48 8.61 49.79 23.43 93.49 19.32
49 8.67 41.40 20.99 62.60 17.49
50 8.65 56.63 18.55 102.74 19.58
51 8.70 34.65 16.31 41.32 14.70
52 8.80 58.90 16.37 98.94 15.51
53 9.00 36.85 16.94 41.92 17.26
54 8.98 62.88 11.68 78.75 13.43
55 9.27 46.88 21.07 82.33 19.77
56 9.32 54.67 20.58 105.21 19.94
57 9.53 43.12 20.41 65.14 18.80
58 9.52 51.97 22.25 98.46 20.17
59 9.33 39.71 20.94 44.65 18.03
60 9.49 32.27 14.83 28.20 12.30
61 9.76 60.02 18.38 97.49 19.94
62 9.66 34.33 17.65 34.40 15.16
63 9.86 57.48 19.91 104.68 19.39
64 9.94 49.32 23.72 94.80 20.72
65 10.08 62.20 16.08 93.38 17.91
66 10.01 64.73 13.11 74.18 13.48
67 9.97 38.50 20.06 45.00 19.04
68 10.06 36.38 19.76 37.57 18.36
69 10.14 40.69 21.39 50.01 20.25
70 10.32 45.36 21.72 70.21 20.85
71 10.55 31.07 14.70 23.30 14.48
72 10.54 54.53 22.70 101.29 23.21
73 10.73 51.67 23.48 96.72 23.38
74 10.89 47.87 22.75 81.10 23.34
75 10.74 41.69 23.07 48.35 19.63
76 10.66 58.78 21.21 101.21 21.32
77 10.79 43.65 25.07 58.86 23.24
78 10.95 56.99 24.63 108.52 23.13
79 11.07 64.04 15.02 92.01 19.55
80 10.79 32.76 17.67 28.07 17.41
81 11.03 38.43 23.27 36.52 19.98
82 11.11 59.70 21.78 99.25 21.94
83 11.18 66.61 13.96 76.36 14.17
84 11.07 34.89 19.45 30.94 18.06
85 11.36 37.12 20.82 32.68 19.74
86 11.24 61.77 19.63 97.24 20.46
87 11.39 45.75 22.81 63.82 22.38
88 11.13 39.61 19.46 38.85 19.08
89 11.44 30.44 14.98 23.33 17.12
90 11.61 49.85 22.77 83.69 24.23
91 11.39 43.04 22.27 51.46 21.15
92 11.44 32.35 15.17 25.27 16.88
93 11.73 53.37 23.60 97.88 25.41
94 11.74 39.66 20.95 37.73 22.44
95 11.63 55.74 22.51 95.22 25.62
96 12.09 57.94 22.42 102.04 26.93
97 11.79 36.19 20.54 29.54 21.00
98 12.17 63.40 18.88 92.62 23.99
99 11.96 29.31 16.54 21.46 16.90
100 12.00 41.52 23.13 43.18 23.08
101 12.25 60.82 22.61 102.54 27.81
102 12.26 66.36 16.50 80.56 19.97
103 12.40 44.32 23.12 49.56 25.14
104 12.51 46.93 22.35 64.69 25.80
105 12.32 31.79 16.95 25.40 21.10
106 12.36 34.70 19.61 28.23 19.82
107 12.28 55.57 23.95 95.74 26.00
108 12.72 51.92 24.48 85.68 27.92
109 12.67 42.01 23.05 38.57 22.51
110 12.85 49.41 26.86 68.93 27.45
111 12.67 36.48 19.98 29.48 19.52
112 13.22 54.47 24.01 97.07 31.50
113 13.03 31.76 19.06 27.72 20.24
114 13.19 62.42 22.73 98.64 30.48
115 13.46 67.26 17.34 89.63 24.78
116 13.29 57.36 22.53 101.66 30.04
117 13.37 64.74 19.92 91.23 29.32
118 13.34 39.93 21.20 35.30 25.69
119 13.45 29.79 18.77 21.27 22.05
120 13.67 44.25 23.09 41.79 29.49
121 13.60 41.69 24.21 36.00 29.87
122 13.76 59.84 24.35 107.48 33.24
123 13.56 27.67 18.17 20.06 19.83
124 13.88 46.69 24.26 46.98 31.55
125 13.89 51.02 22.47 74.08 31.91
126 13.70 61.85 19.75 98.25 30.25
127 13.84 38.49 22.67 31.69 24.73
128 14.28 48.59 24.52 57.99 32.24
129 13.84 42.57 24.62 37.25 29.88
130 14.04 25.99 17.82 16.84 21.34
131 14.44 55.61 25.81 89.38 32.78
132 14.03 27.88 16.07 21.47 20.27
133 14.44 53.08 24.50 80.65 34.17
134 14.57 63.70 22.93 97.02 36.99
135 14.58 70.45 13.98 79.89 25.20
136 14.57 39.63 24.06 30.78 30.82
137 14.84 34.57 22.44 26.11 30.04
138 14.33 26.89 14.75 24.00 22.88
139 14.68 57.91 25.26 103.97 38.00
140 14.77 29.13 19.54 20.69 27.97
141 14.81 66.13 21.03 91.09 36.39
142 14.74 68.29 19.20 89.98 35.12
143 14.87 31.65 22.93 22.69 29.76
144 14.88 45.09 24.99 41.25 35.65
145 14.79 60.36 25.00 101.85 39.78
146 14.86 61.83 24.69 104.46 42.59
147 14.69 25.21 15.27 21.59 20.14
148 14.80 27.15 17.23 16.87 28.84
149 14.89 37.40 23.82 27.82 30.01
150 14.77 43.73 19.88 40.47 33.94
151 15.06 42.11 23.25 33.29 35.15
152 15.15 50.13 25.91 61.03 39.53
153 15.32 46.77 24.61 43.11 40.23
154 15.17 25.97 15.81 15.71 27.57
155 15.51 53.44 24.60 79.16 40.72
156 15.56 72.01 14.76 76.02 25.15
157 15.42 26.78 16.73 20.27 28.18
158 15.75 64.92 25.66 101.81 45.64
159 15.73 39.85 23.57 28.93 35.91
160 15.85 24.64 16.44 17.39 32.59
161 15.76 57.44 26.22 95.16 44.44
162 15.71 37.11 20.54 25.78 38.22
163 16.02 62.57 25.33 101.75 45.21
164 15.90 68.35 19.90 90.05 43.86
165 15.97 35.97 23.79 23.76 35.38
166 15.96 51.43 27.07 62.09 51.56
167 16.32 27.30 19.64 19.92 36.46
168 16.30 55.09 25.80 85.42 48.86
169 16.04 33.65 22.10 21.77 36.43
170 16.14 45.21 24.34 35.00 45.65
171 16.08 60.04 24.67 99.98 46.20
172 16.27 48.44 25.41 45.22 50.62
173 16.22 30.22 21.80 22.56 36.38
174 16.27 42.37 24.93 32.15 45.04
175 16.68 38.03 24.75 27.79 46.05
176 16.68 70.56 20.42 87.33 40.52
177 16.59 73.21 15.47 78.46 29.59
178 16.35 50.48 25.52 58.90 35.38
179 16.94 52.89 27.72 67.37 56.48
180 17.05 57.75 27.08 90.22 56.23
181 17.12 35.18 23.76 24.50 43.58
182 17.20 40.33 25.32 27.77 50.40
183 17.00 65.84 25.27 99.85 48.53
184 17.24 45.74 23.85 34.25 59.24
185 17.33 60.75 27.67 96.06 54.94
186 17.24 24.16 18.06 18.66 42.73
187 17.25 50.51 24.74 50.07 63.08
188 17.22 32.36 21.99 21.93 43.73
189 17.23 63.25 25.31 98.00 52.43
190 17.31 29.42 21.89 20.94 47.56
191 17.50 48.18 26.39 37.84 67.70
192 17.49 43.02 24.71 29.60 59.92
193 17.50 28.06 20.90 20.27 48.23
194 17.51 55.76 26.43 83.03 67.30
195 17.53 75.20 14.45 66.89 23.51
196 17.94 67.88 24.79 90.32 51.83
197 18.05 26.10 19.81 19.46 55.33
198 18.04 37.10 23.03 26.32 59.87
199 17.84 72.54 20.22 78.41 40.05
200 17.96 70.21 22.52 89.43 50.30
201 17.88 65.00 28.35 91.69 60.37
202 18.24 53.99 29.27 63.82 78.89
203 18.23 31.35 22.04 22.72 60.11
204 18.23 51.66 25.83 48.28 79.89
205 18.40 34.20 25.59 24.99 61.11
206 18.48 39.50 23.94 27.84 70.30
207 18.48 44.75 25.48 32.67 84.05
208 18.31 58.77 26.96 74.56 65.24
209 18.64 21.92 17.54 17.47 60.54
210 18.40 42.07 24.98 31.47 78.37
211 18.39 62.44 27.81 94.28 64.99
212 18.63 47.11 28.29 35.96 89.52
213 18.32 74.19 20.37 75.98 37.81
214 18.55 28.35 22.83 20.90 64.97
215 18.88 49.48 28.12 40.21 93.77
216 18.75 56.11 26.71 70.85 80.41
217 18.87 77.26 14.75 61.94 23.10
218 19.17 65.99 25.96 95.61 66.22
219 19.01 24.64 19.67 19.15 79.08
220 18.87 74.88 20.41 77.27 38.65
221 18.84 70.43 26.73 90.57 57.50
222 19.00 29.31 22.04 20.40 63.12
223 18.95 41.39 23.78 30.62 74.16
224 18.97 58.49 24.57 85.91 72.57
225 19.30 60.43 27.71 83.38 73.47
226 18.96 72.59 21.54 82.72 45.77
227 18.89 62.15 25.08 97.33 54.58
228 19.47 35.60 24.49 23.72 84.45
229 19.43 68.36 27.01 96.36 70.91
230 19.46 37.92 25.95 25.17 86.48
231 19.44 52.08 27.12 43.96 102.16
232 19.51 43.34 27.12 31.31 102.41
233 19.58 63.51 26.67 93.18 71.67
234 19.48 31.39 22.80 21.50 80.09
235 19.62 27.06 22.38 20.66 87.09
236 19.63 72.94 24.64 85.29 50.76
237 19.45 70.54 25.10 86.36 54.67
238 19.68 18.88 16.75 14.53 65.55
239 19.76 45.99 27.83 32.47 111.45
240 19.88 54.46 28.68 50.75 104.64
241 19.88 57.13 28.35 61.12 93.00
242 19.95 75.99 19.86 68.07 39.85
243 19.91 22.55 20.75 19.30 83.64
244 19.97 48.78 27.06 36.59 122.27
245 20.16 39.87 25.76 28.72 109.55
246 20.16 33.51 23.44 24.90 96.16
247 20.39 42.01 27.00 29.87 122.00
248 20.51 28.98 22.36 22.76 100.05
249 20.45 61.62 29.93 82.89 86.44
250 20.52 58.92 29.26 70.35 95.02
251 20.56 66.46 29.44 90.99 83.07
252 20.51 71.50 29.35 83.60 67.75
253 20.65 25.53 21.39 20.12 103.65
254 20.71 74.08 27.94 77.46 60.29
255 20.60 51.74 27.48 39.06 119.24
256 20.67 20.17 18.83 16.87 92.84
257 20.66 68.92 31.74 91.75 74.90
258 20.92 37.63 27.10 26.16 116.61
259 20.83 44.66 27.20 30.77 136.84
260 20.45 65.58 27.75 95.25 79.75
261 20.98 31.63 23.66 23.43 109.80
262 21.09 35.29 23.69 25.23 114.02
263 21.01 47.18 27.44 34.19 145.47
264 21.07 63.64 32.09 87.33 91.39
265 20.97 55.53 29.00 49.30 122.87
266 20.75 64.77 30.85 90.95 95.70
267 21.22 49.54 28.67 34.58 144.66
268 21.27 22.73 22.01 18.86 104.46
269 21.27 76.05 23.61 65.93 58.82
270 21.51 53.21 30.77 37.55 131.52
271 21.30 78.31 21.65 63.24 40.90
272 21.51 60.13 28.25 68.12 115.14
273 21.45 42.69 26.98 29.80 140.33
274 21.62 39.82 26.15 28.08 141.63
275 21.74 57.55 31.44 51.20 118.06
276 21.74 18.73 18.15 16.73 99.72
277 21.65 71.05 31.13 82.38 75.29
278 21.76 29.52 23.32 22.63 130.28
279 21.79 65.90 32.59 89.89 94.41
280 21.84 68.30 33.59 85.96 85.07
281 21.88 25.90 23.72 19.95 122.43
282 22.06 32.79 23.84 23.81 131.56
283 22.02 62.13 32.03 71.91 112.82
284 22.03 45.85 29.29 31.93 151.46
285 22.16 51.02 29.53 33.60 156.58
286 22.08 73.55 30.60 73.65 74.17
287 22.25 55.21 30.88 42.20 139.14
288 22.37 37.63 25.75 25.37 148.65
289 22.08 76.68 25.77 67.81 61.42
290 22.45 48.46 28.31 30.92 162.72
291 22.47 35.33 25.16 24.70 150.20
292 22.47 41.61 26.58 28.26 156.08
293 22.20 79.74 16.21 50.11 28.84
294 22.58 20.63 23.04 17.64 113.65
295 22.55 23.60 23.39 20.07 125.89
296 22.60 64.22 35.27 76.20 109.05
297 22.65 28.00 24.03 21.46 137.08
298 22.72 43.89 28.15 30.06 155.99
299 22.51 77.89 26.85 55.38 49.10
300 22.67 59.23 32.74 52.93 125.44
301 22.90 75.27 32.81 63.93 76.84
302 22.88 52.86 30.95 34.97 161.47
303 22.69 70.27 34.56 81.77 87.60
304 23.06 30.60 25.40 21.91 148.23
305 23.03 66.80 35.73 80.30 103.41
306 23.15 39.71 26.76 29.52 165.50
307 23.24 81.10 20.20 43.18 37.17
308 23.41 18.00 21.95 17.49 108.68
309 23.19 46.31 29.81 31.93 180.19
310 23.21 61.90 34.76 59.13 118.00
311 23.46 57.31 32.27 41.44 155.17
312 23.31 33.03 25.25 24.66 153.55
313 23.37 50.30 32.76 33.34 179.62
314 23.56 26.46 25.00 20.65 134.03
315 23.41 55.07 31.98 38.85 166.25
316 23.49 72.23 37.02 75.46 93.25
317 23.46 78.24 28.39 52.15 65.33
318 23.28 79.95 24.36 53.00 39.27
319 23.89 15.44 18.27 13.73 105.60
320 23.67 37.50 29.71 26.08 165.53
321 23.71 69.06 38.53 74.15 104.32
322 23.78 23.60 24.15 19.49 127.88
323 23.86 35.24 26.49 24.79 161.98
324 23.79 64.62 38.05 62.23 117.16
325 23.89 20.93 24.04 19.18 124.17
326 23.80 59.69 34.15 46.60 143.64
327 24.01 41.46 30.32 28.93 167.36
328 23.83 43.80 29.94 32.78 157.68
329 23.99 48.03 31.88 32.37 174.13
330 24.11 29.39 25.91 22.21 152.69
331 24.16 52.49 32.88 35.83 174.09
332 24.25 74.13 40.17 66.10 101.32
333 24.33 76.63 38.72 52.13 88.58
334 24.38 66.88 43.03 65.72 112.98
335 24.51 45.53 34.09 29.71 170.92
336 24.36 62.34 38.66 50.26 134.32
337 24.44 79.97 33.35 45.82 66.87
338 24.38 82.22 23.45 38.92 37.15
339 24.48 32.55 26.19 23.70 153.75
340 24.56 39.31 30.86 27.43 175.42
341 24.59 50.16 34.86 31.00 187.56
342 24.46 54.98 35.76 36.93 176.16
343 24.59 70.51 46.77 71.60 115.20
344 24.77 25.74 26.34 20.37 144.08
345 24.68 57.82 34.82 39.85 166.76
346 24.75 17.55 23.20 17.48 122.60
347 24.96 37.08 30.41 25.24 173.46
348 24.97 43.14 32.30 30.55 177.15
349 25.05 60.22 41.56 44.97 155.02
350 25.08 20.44 26.90 18.94 127.47
351 25.24 23.33 26.76 21.43 138.74
352 25.02 64.50 40.86 52.99 132.07
353 25.18 28.26 26.37 22.39 157.60
354 25.23 72.11 52.56 57.29 114.65
355 25.25 34.70 30.34 25.15 163.92
356 25.21 47.42 32.99 31.07 185.77
357 25.28 30.82 27.18 22.57 163.25
358 25.39 77.93 50.18 47.66 93.70
359 25.41 68.82 56.07 55.27 126.60
360 25.48 41.01 32.15 30.39 177.84
361 25.50 56.01 37.51 36.58 181.67
362 25.46 74.81 54.69 50.42 111.89
363 25.52 51.80 38.16 33.36 183.68
364 25.46 53.85 38.18 34.86 178.63
365 25.60 14.69 22.20 14.53 106.11
366 25.62 62.18 46.80 43.18 159.10
367 25.63 81.19 48.70 36.86 73.56
368 25.64 66.58 55.37 55.63 137.12
369 25.75 49.60 39.03 33.87 184.07
370 25.90 45.28 36.47 32.64 181.95
371 26.02 38.83 31.93 29.80 174.03
372 25.91 58.12 42.02 39.70 178.02
373 25.85 18.29 27.22 18.87 129.46
374 26.16 32.13 29.12 25.66 164.87
375 26.14 26.58 28.92 21.54 149.54
376 26.22 43.12 34.25 31.90 184.20
377 26.32 36.67 32.49 26.05 170.44
378 26.20 64.31 54.06 47.66 141.50
379 26.29 72.30 71.36 51.51 124.62
380 26.30 21.29 28.89 19.39 131.55
381 26.39 29.17 30.02 22.10 160.30
382 26.42 60.24 48.53 39.90 170.99
383 26.25 83.73 40.14 29.69 42.58
384 26.43 47.38 38.08 29.41 189.23
385 26.51 34.18 29.85 26.48 169.41
386 26.49 69.36 75.25 50.39 136.00
387 26.51 24.04 29.84 18.59 145.55
388 26.54 75.62 82.97 42.17 128.66
389 26.53 78.47 73.38 37.78 104.11
390 26.40 18.48 26.62 18.29 117.00
391 26.57 53.58 40.52 32.43 183.02
392 26.84 13.24 24.11 14.18 107.45
393 26.71 40.93 35.77 30.26 183.57
394 26.77 55.88 46.20 38.43 187.14
395 26.85 16.20 29.43 16.24 119.45
396 26.84 51.41 41.09 33.00 188.78
397 26.82 66.78 75.48 40.60 153.31
398 26.83 80.98 75.94 33.15 87.42
399 26.85 49.32 43.66 31.31 194.28
400 26.92 62.25 61.99 37.96 168.20
401 27.11 57.99 51.78 35.66 194.76
402 27.23 45.47 38.92 28.61 188.98
403 27.23 31.03 33.38 24.21 171.61
404 27.42 83.07 69.31 28.69 69.03
405 27.30 19.53 32.21 19.48 125.95
406 27.36 70.84 103.55 44.68 149.85
407 27.42 35.48 32.79 27.08 171.31
408 27.31 43.17 40.42 30.37 187.59
409 27.31 64.45 79.57 40.55 167.68
410 27.40 26.02 32.64 20.84 152.80
411 27.62 37.65 36.72 27.20 184.76
412 27.42 73.59 102.48 39.46 132.04
413 27.53 22.69 32.57 18.31 143.78
414 27.61 39.68 38.32 28.58 191.04
415 27.73 28.67 33.01 22.30 158.42
416 27.74 47.44 41.79 29.95 195.73
417 27.68 76.62 102.69 37.12 130.27
418 27.67 59.87 71.35 37.05 182.76
419 27.66 53.98 47.08 33.70 195.13
420 27.77 33.34 35.67 24.88 171.28
421 27.80 79.24 99.41 31.71 119.06
422 27.85 67.90 107.16 39.22 159.40
423 27.87 49.76 47.55 31.18 195.92
424 27.97 51.88 49.20 32.46 200.61
425 28.06 17.52 33.45 20.79 128.16
426 28.02 56.11 58.32 34.23 198.40
427 27.98 62.32 90.24 37.36 185.72
428 28.03 13.68 30.68 16.25 122.31
429 28.13 41.70 44.51 28.64 202.79
430 28.14 10.86 24.69 13.53 87.79
431 27.99 15.41 30.65 19.61 118.17
432 28.24 65.18 113.79 37.62 165.20
433 28.30 44.26 41.83 32.39 195.24
434 28.38 31.32 34.43 23.71 166.53
435 28.38 20.71 34.97 19.49 142.26
436 28.44 24.51 34.78 21.01 142.41
437 28.58 81.49 114.06 28.41 110.39
438 28.56 72.14 144.16 35.30 156.75
439 28.55 57.93 81.30 34.02 205.38
440 28.59 74.66 133.32 32.85 153.20
441 28.49 84.33 83.06 27.70 69.92
442 28.63 69.59 148.00 35.52 162.59
443 28.74 27.18 38.72 22.67 157.56
444 28.68 36.63 40.08 28.82 180.29
445 28.78 53.34 59.71 34.19 200.95
446 28.77 34.10 39.90 26.46 185.49
447 28.78 39.21 42.27 28.75 187.91
448 28.91 46.17 50.93 32.30 203.34
449 28.76 60.35 105.55 35.10 195.49
450 28.92 77.61 134.58 32.70 140.11
451 28.85 48.54 51.08 32.34 198.56
452 28.93 50.90 57.95 31.88 205.22
453 29.02 16.07 37.42 16.74 138.01
454 29.08 29.70 38.20 22.61 165.80
455 29.02 63.17 134.34 36.60 185.82
456 29.24 13.01 37.65 14.18 118.88
457 29.11 55.52 78.28 33.76 200.52
458 29.12 66.22 156.13 34.51 169.51
459 29.10 41.76 47.01 30.35 200.77
460 29.26 22.40 39.01 19.72 149.71
461 29.38 10.41 35.79 13.54 98.12
462 29.37 18.81 40.17 18.59 140.01
463 29.37 43.98 54.23 28.05 206.29
464 29.59 80.07 127.77 29.30 127.56
465 29.54 32.39 43.20 25.25 180.50
466 29.65 25.31 38.90 21.87 150.33
467 29.60 58.29 134.88 35.60 204.04
468 29.54 85.52 82.84 21.76 65.48
469 29.64 35.55 47.86 26.10 187.02
470 29.73 68.25 174.00 34.59 167.63
471 29.74 70.62 164.76 31.98 170.84
472 29.68 83.10 121.71 26.29 107.26
473 29.78 75.83 139.44 32.60 151.93
474 29.75 61.19 151.69 34.41 194.59
475 29.87 73.18 162.13 31.53 169.70
476 29.86 40.21 57.71 30.72 198.37
477 29.95 37.84 48.89 28.87 192.71
478 29.82 49.91 72.16 31.58 212.23
479 29.81 53.01 83.04 35.08 203.54
480 29.99 27.70 44.29 23.64 160.61
481 29.90 47.55 67.46 33.47 206.12
482 30.08 63.63 174.80 34.17 186.73
483 30.08 15.19 50.32 18.23 137.52
484 30.08 55.80 126.50 34.33 211.32
485 30.26 30.01 49.25 25.52 170.98
486 30.31 20.76 48.22 21.76 152.61
487 30.19 42.75 65.87 32.03 203.88
488 30.28 45.49 73.43 32.01 199.82
489 30.28 66.07 184.63 33.50 173.78
490 30.39 23.49 49.06 20.05 154.08
491 30.49 34.10 55.14 26.91 186.89
492 30.49 78.09 131.01 28.64 142.83
493 30.54 59.50 166.99 33.60 209.75
494 30.60 9.36 49.70 12.95 98.70
495 30.64 12.19 57.14 15.65 132.60
496 30.67 18.02 51.17 19.03 142.23
497 30.63 51.01 101.53 32.38 208.41
498 30.75 31.92 57.73 24.94 184.09
499 30.70 81.87 109.78 26.84 125.04
500 30.68 84.66 105.41 21.14 104.89
501 30.82 57.44 177.03 34.52 207.86
502 30.52 80.25 104.14 29.00 139.00
503 30.85 36.17 63.49 26.96 193.20
504 30.86 48.24 103.16 33.88 209.72
505 30.86 53.36 128.69 35.91 209.07
506 30.93 68.78 185.22 31.49 181.24
507 30.87 71.18 172.38 33.68 173.98
508 30.88 39.37 63.29 27.74 197.32
509 31.00 61.52 193.32 35.15 204.44
510 30.91 74.72 150.14 30.59 152.96
511 31.02 25.91 61.14 21.52 163.76
512 31.08 41.67 79.76 31.35 205.29
513 31.13 55.32 171.83 34.49 210.97
514 31.15 43.98 94.86 31.75 211.77
515 31.20 63.97 205.93 35.15 189.38
516 31.22 28.44 63.25 23.73 170.88
517 31.20 15.08 67.55 20.16 140.95
518 31.44 22.08 69.86 21.09 151.88
519 31.42 46.25 123.65 32.46 210.58
520 31.46 66.33 205.34 34.36 190.80
521 31.54 77.41 131.73 30.71 145.50
522 31.48 86.92 70.94 22.52 63.00
523 31.62 80.11 113.46 29.40 136.41
524 31.58 37.65 85.53 29.74 197.66
525 31.64 72.66 168.60 32.30 164.11
526 31.64 49.56 156.72 34.74 212.81
527 31.61 51.82 161.42 32.29 215.32
528 31.79 19.38 82.02 19.16 149.73
529 31.63 34.16 81.15 29.23 201.33
530 31.83 8.66 83.45 13.84 106.14
531 31.91 10.96 94.83 15.61 127.75
532 31.74 83.33 91.14 25.02 111.91
533 31.75 58.62 199.99 34.30 205.78
534 31.77 31.71 89.99 27.17 190.06
535 32.00 24.56 92.42 23.65 165.78
536 31.98 40.11 103.67 29.37 209.64
537 32.25 16.84 103.07 19.47 143.78
538 32.09 56.18 201.30 34.24 210.19
539 32.16 75.34 140.26 31.42 151.60
540 32.12 53.79 179.26 32.79 204.59
541 32.02 61.10 202.86 36.10 206.89
542 32.10 68.48 174.11 32.76 188.11
543 32.11 29.47 103.90 25.09 218.82
544 32.19 47.75 171.10 32.60 213.88
545 32.21 42.17 125.45 29.91 201.83
546 32.29 14.04 103.80 18.41 135.32
547 32.20 44.45 150.06 33.70 210.51
548 32.35 26.87 107.86 24.07 180.75
549 32.29 63.47 201.54 36.10 199.23
550 32.42 70.81 157.52 32.44 169.47
551 32.40 36.07 123.42 30.08 201.75
552 32.46 65.76 187.91 32.40 196.84
553 32.52 50.71 192.17 32.97 212.75
554 32.79 81.31 92.98 28.33 117.61
555 32.62 22.11 120.34 21.94 162.81
556 32.65 38.37 131.18 29.82 206.10
557 32.70 78.47 115.76 31.35 139.48
558 32.70 33.68 132.80 26.64 204.72
559 32.87 73.16 149.10 30.07 172.29
560 32.84 59.56 194.16 35.08 203.76
561 32.90 31.35 140.16 27.61 202.67
562 32.98 46.13 195.56 33.60 208.84
563 32.99 57.47 213.17 36.19 201.30
564 33.05 19.53 128.71 21.38 149.99
565 33.05 52.77 201.21 35.99 211.18
566 33.18 12.42 133.41 18.09 134.32
567 33.14 28.87 150.74 25.08 184.12
568 33.21 9.21 128.01 15.57 112.05
569 33.20 40.55 173.99 31.87 205.32
570 33.19 55.03 203.60 36.30 208.98
571 33.17 61.75 196.68 32.56 200.18
572 33.23 69.11 153.97 33.03 183.36
573 33.18 43.27 183.19 31.14 197.86
574 33.24 48.43 212.69 35.82 206.17
575 33.28 24.34 150.69 22.61 166.05
576 33.31 66.84 163.73 33.64 191.82
577 33.40 83.80 85.47 25.57 90.57
578 33.43 76.51 116.24 31.21 141.50
579 33.53 17.10 150.44 20.65 145.28
580 33.50 35.71 173.78 29.38 202.36
581 33.54 64.21 176.52 32.61 195.82
582 33.70 26.55 182.41 24.80 172.32
583 33.53 50.42 205.52 33.12 220.65
584 33.62 86.50 74.50 22.98 60.71
585 33.70 38.17 187.19 31.59 204.35
586 33.83 33.23 167.36 27.49 200.64
587 33.88 71.40 142.04 33.29 160.58
588 33.86 21.53 169.34 21.39 149.99
589 33.90 45.06 209.20 34.48 201.06
590 33.92 74.19 130.13 30.96 154.26
591 34.05 79.63 95.42 29.63 107.27
592 34.09 14.79 160.24 20.02 141.24
593 34.00 6.30 113.94 13.40 84.13
594 34.07 30.95 177.20 27.38 182.24
595 34.03 52.25 205.22 36.54 206.71
596 34.00 56.99 205.30 33.73 209.59
597 34.02 59.56 189.12 35.66 206.02
598 34.15 42.51 210.12 34.60 200.83
599 34.21 47.21 210.73 35.59 206.34
600 34.21 54.42 203.67 36.69 214.60
601 34.26 62.29 167.92 32.56 198.93
602 34.38 11.77 160.27 18.33 125.56
603 34.29 28.50 195.09 25.68 179.73
604 34.31 40.28 214.72 32.49 190.13
605 34.56 8.81 155.61 15.07 113.12
606 34.34 66.07 152.30 34.00 198.85
607 34.39 68.89 126.88 32.21 171.24
608 34.43 24.05 197.17 24.58 165.27
609 34.40 49.44 201.73 36.23 213.68
610 34.44 82.50 89.10 26.76 83.98
611 34.56 36.67 200.36 29.89 200.08
612 34.60 18.45 178.22 21.53 142.18
613 34.70 34.75 195.55 31.88 197.39
614 34.72 77.23 93.43 32.15 113.98
615 34.61 85.44 82.38 24.57 64.41
616 34.89 44.78 209.94 36.59 196.20
617 35.01 21.15 187.58 22.06 148.38
618 35.01 55.91 189.70 32.79 209.14
619 35.08 64.41 132.50 32.32 195.92
620 35.02 51.46 183.22 35.91 217.80
621 35.07 58.02 181.62 33.81 201.49
622 35.02 60.26 152.81 36.67 200.72
623 35.17 25.75 206.14 25.58 156.33
624 35.10 32.70 193.83 29.35 193.99
625 35.12 38.34 210.05 31.57 194.66
626 35.03 74.11 103.61 33.38 134.96
627 35.07 71.46 108.09 31.00 150.14
628 35.03 80.10 89.05 28.90 95.41
629 35.30 30.34 193.64 29.24 179.66
630 35.26 53.65 185.33 36.35 213.38
631 35.30 15.46 174.28 18.86 141.69
632 35.25 42.75 213.42 35.07 202.47
633 35.18 46.96 206.03 32.98 212.03
634 35.29 67.04 115.84 32.55 188.01
635 35.36 27.95 207.06 26.93 164.76
636 35.39 40.59 212.26 34.31 191.97
637 35.19 83.52 96.97 28.43 69.95
638 35.45 6.18 117.85 12.45 82.40
639 35.40 49.05 193.04 34.34 206.38
640 35.48 62.33 133.56 33.70 198.77
641 35.50 12.49 160.42 17.20 130.14
642 35.68 23.37 197.96 25.71 154.38
643 35.68 69.37 104.14 33.51 162.24
644 35.56 81.00 94.46 31.11 72.49
645 35.73 82.65 97.43 31.29 74.91
646 35.69 86.28 89.80 24.04 48.51
647 35.77 9.32 141.78 15.15 117.44
648 35.82 17.88 176.17 20.31 140.19
649 35.88 76.39 92.86 32.01 103.85
650 35.89 78.89 90.97 30.10 93.88
651 35.88 34.79 197.28 31.02 189.41
652 35.69 84.36 100.76 27.97 54.76
653 36.13 37.07 198.02 30.83 192.35
654 36.00 46.05 194.21 32.61 202.24
655 36.06 50.92 166.35 34.60 207.46
656 36.15 43.96 198.27 35.30 194.04
657 36.08 55.40 150.53 35.18 206.65
658 36.10 57.97 147.81 34.89 204.89
659 36.21 60.29 130.14 34.93 195.99
660 36.13 65.06 116.15 32.54 175.21
661 36.23 20.42 183.95 22.24 147.82
662 36.32 73.89 87.78 31.92 103.34
663 36.22 32.17 185.35 30.04 185.14
664 36.31 71.56 93.58 33.18 127.43
665 36.35 39.31 199.08 31.37 190.19
666 36.37 52.96 156.60 35.97 204.99
667 36.43 26.19 190.64 24.54 157.00
668 36.34 28.91 190.93 27.05 174.17
669 36.40 41.61 192.73 32.62 197.59
670 36.41 48.44 164.88 34.02 212.63
671 36.48 67.35 91.11 32.99 153.14
672 36.40 12.99 125.32 19.03 149.78
673 36.57 62.83 116.71 34.27 181.85
674 36.69 81.35 102.97 31.43 63.14
675 36.68 14.06 143.95 17.39 110.24
676 36.75 5.14 71.95 13.77 59.66
677 36.48 84.30 104.79 27.21 57.95
678 36.70 87.53 101.29 21.52 37.46
679 36.82 7.67 115.32 14.89 108.95
680 36.77 23.57 183.62 24.31 147.00
681 36.91 10.96 119.56 16.59 118.21
682 36.92 16.31 149.08 19.65 129.46
683 37.00 35.36 173.78 31.89 188.52
684 37.07 69.40 89.49 31.61 131.88
685 36.88 85.32 105.00 26.50 44.17
686 36.99 56.72 117.93 34.31 185.20
687 36.96 76.55 103.45 31.77 84.50
688 37.14 30.54 168.51 27.58 180.84
689 37.00 46.09 162.71 35.62 197.56
690 37.11 50.61 141.64 34.56 192.41
691 37.19 54.40 121.54 36.04 177.28
692 37.12 43.03 161.50 34.27 193.39
693 37.45 18.60 147.17 20.16 142.20
694 37.31 32.92 168.24 29.98 185.87
695 37.39 58.94 113.18 34.56 174.26
696 37.29 64.75 102.16 31.95 156.40
697 37.33 21.24 166.75 22.79 143.66
698 37.49 89.76 83.49 20.08 23.38
699 37.33 37.95 172.47 30.18 190.72
700 37.43 27.90 159.97 26.54 177.05
701 37.38 61.20 105.62 35.67 170.01
702 37.42 40.35 163.74 34.07 196.80
703 37.51 48.39 134.77 34.85 197.68
704 37.58 71.77 101.22 32.79 101.52
705 37.62 25.40 166.60 25.31 171.78
706 37.68 66.96 96.82 32.57 134.90
707 37.59 74.42 108.88 32.36 81.39
708 37.61 78.04 108.23 31.80 61.72
709 37.71 52.34 127.32 33.80 188.48
710 37.73 79.90 121.39 33.65 57.68
711 37.79 44.52 135.33 34.89 195.81
712 37.81 8.88 88.06 15.14 111.70
713 37.80 13.81 114.53 19.50 132.40
714 37.94 82.05 122.62 29.16 52.90
715 37.95 84.39 118.75 28.10 42.33
716 37.88 87.13 110.74 23.84 35.60
717 38.14 5.87 73.21 13.61 82.57
718 38.10 63.13 96.40 35.16 140.66
719 38.11 23.04 144.40 24.03 152.63
720 38.20 34.41 136.21 29.90 178.31
721 38.09 56.41 95.50 35.97 160.65
722 38.22 36.61 132.18 30.25 183.82
723 38.15 41.96 129.22 34.00 184.46
724 38.21 46.55 121.28 34.94 190.46
725 38.25 29.88 144.83 29.05 164.80
726 38.29 50.19 107.86 32.14 174.63
727 38.27 69.25 114.60 33.61 103.00
728 38.50 11.14 82.50 17.95 113.73
729 38.39 16.44 113.08 19.20 120.16
730 38.34 54.06 103.99 34.00 157.65
731 38.49 32.16 129.53 28.73 172.43
732 38.49 38.80 119.69 31.68 195.05
733 38.49 20.23 137.71 21.31 134.31
734 38.56 60.84 100.28 39.05 144.42
735 38.54 27.09 130.79 25.06 148.13
736 38.60 76.87 131.49 32.41 54.00
737 38.53 58.63 95.88 35.05 136.99
738 38.57 65.35 105.34 33.23 112.73
739 38.41 80.65 137.34 33.69 51.93
740 38.76 91.60 60.93 19.71 14.95
741 38.68 74.27 137.54 33.36 67.07
742 38.77 89.17 108.04 22.39 23.64
743 38.78 71.52 124.86 34.18 82.76
744 38.95 24.52 114.81 24.08 152.80
745 38.87 43.70 95.71 33.10 172.22
746 38.92 48.36 93.96 35.35 173.23
747 38.93 52.20 97.59 35.46 154.22
748 38.90 79.98 128.77 32.33 41.44
749 39.06 8.24 68.44 14.80 88.96
750 39.05 40.52 112.48 32.32 166.04
751 39.00 86.16 114.40 27.58 31.01
752 39.09 13.45 81.10 21.56 116.59
753 39.11 67.53 120.68 33.78 92.82
754 39.19 83.70 123.44 30.12 35.40
755 39.11 55.70 93.51 37.14 134.75
756 39.44 4.93 49.60 12.27 61.53
757 39.31 18.56 102.29 20.15 125.56
758 39.41 21.80 105.25 21.30 119.20
759 39.26 35.89 100.44 31.63 165.60
760 39.27 46.00 95.81 35.62 170.84
761 39.24 62.83 107.02 36.65 113.44
762 39.34 29.21 117.94 25.77 144.25
763 39.52 33.60 100.59 29.76 156.61
764 39.55 50.54 91.15 33.31 136.58
765 39.64 31.37 102.15 27.41 135.31
766 39.50 58.03 115.50 36.41 134.60
767 39.60 15.62 74.71 20.11 106.41
768 39.72 38.18 90.61 31.60 158.34
769 39.68 26.72 108.67 24.91 136.19
770 39.68 65.20 123.28 34.56 86.72
771 39.82 69.58 133.78 34.67 67.71
772 39.67 75.19 145.49 32.35 51.39
773 39.79 42.35 88.73 31.47 143.99
774 39.81 53.60 101.23 35.98 129.32
775 39.78 60.27 116.86 35.28 105.96
776 39.75 78.84 139.71 30.77 40.40
777 39.76 72.45 145.58 33.06 60.34
778 39.97 11.38 62.44 17.43 96.48
779 39.85 88.14 108.23 24.85 24.35
780 40.06 90.72 81.01 22.65 17.06
781 40.02 47.84 90.13 34.37 146.65
782 40.13 81.89 115.76 30.30 35.25
783 40.17 24.53 91.38 23.46 118.64
784 40.14 44.63 83.96 33.90 140.54
785 40.13 56.10 106.23 35.30 103.81
786 40.30 85.46 110.99 27.38 28.27
787 40.22 7.86 55.80 14.77 80.35
788 40.34 40.16 85.19 33.19 139.26
789 40.24 62.42 132.63 34.08 78.66
790 40.37 67.18 142.98 34.38 65.41
791 40.48 19.72 80.71 19.95 104.29
792 40.48 17.12 70.53 20.87 102.64
793 40.43 28.52 95.89 27.06 111.51
794 40.46 76.73 143.27 31.96 41.54
795 40.40 36.10 86.21 30.41 137.98
796 40.59 22.13 85.12 22.36 106.42
797 40.49 50.29 90.63 34.42 115.66
798 40.70 14.02 67.38 19.89 85.63
799 40.60 33.62 90.85 29.11 128.65
800 40.63 58.34 121.37 36.00 81.51
801 40.69 64.29 137.00 35.06 64.35
802 40.75 30.93 92.55 27.22 107.18
803 40.83 53.31 112.57 34.66 98.08
804 40.79 73.69 144.05 32.53 45.31
805 40.86 71.11 149.38 33.78 51.90
806 40.96 46.51 96.80 33.86 119.00
807 41.04 5.43 47.19 14.19 58.44
808 40.99 88.34 91.57 25.39 21.43
809 41.00 42.10 97.58 30.75 117.13
810 40.97 60.77 140.08 35.61 69.77
811 41.12 26.69 91.42 24.69 99.48
812 41.09 38.37 90.96 32.53 116.86
813 41.10 79.28 121.39 32.89 34.27
814 40.97 10.59 62.14 17.35 56.82
815 41.05 83.63 104.62 30.35 30.83
816 41.21 8.97 58.16 15.96 67.31
817 41.15 55.97 128.71 36.08 84.27
818 41.27 68.86 155.04 33.93 49.96
819 41.26 48.81 108.71 35.75 101.00
820 41.30 44.26 104.18 34.06 110.12
821 41.29 92.58 45.13 21.08 11.56
822 41.40 23.94 79.81 24.33 85.01
823 41.40 51.44 119.73 37.32 91.08
824 41.44 65.76 156.34 35.74 53.06
825 41.52 36.02 89.25 29.33 103.98
826 41.52 18.06 80.24 21.06 74.95
827 41.59 62.91 154.85 35.28 55.82
828 41.55 76.86 129.29 34.38 35.06
829 41.72 12.52 62.40 18.02 66.40
830 41.82 81.96 107.76 31.54 28.71
831 41.71 90.38 70.34 23.19 15.62
832 41.69 20.91 79.36 22.23 73.63
833 41.70 29.11 97.62 27.43 79.57
834 41.70 33.83 96.07 32.53 92.13
835 41.64 59.00 150.48 35.66 66.77
836 41.73 40.52 102.25 32.22 93.17
837 41.79 31.45 91.70 27.98 81.32
838 41.95 15.33 64.99 19.75 65.98
839 41.85 74.11 132.08 33.16 38.07
840 41.95 7.45 57.09 14.16 47.77
841 42.08 55.04 160.65 37.11 64.44
842 42.04 71.31 133.24 34.97 40.81
843 42.12 52.90 139.03 37.35 65.65
844 42.15 47.55 133.72 36.47 81.02
845 42.10 67.33 156.67 36.39 45.29
846 42.15 25.90 91.75 24.89 62.62
847 42.25 57.32 153.54 36.13 60.57
848 42.23 38.08 112.31 33.14 77.14
849 42.23 50.10 141.13 36.03 72.79
850 42.21 61.07 152.96 35.96 50.42
851 42.35 45.14 129.56 35.65 73.02
852 42.34 79.32 108.85 33.85 30.24
853 42.29 9.90 67.54 16.69 48.13
854 42.39 42.85 129.40 33.01 73.85
855 42.32 84.96 84.14 28.99 25.71
856 42.37 87.95 62.02 23.85 20.49
857 42.47 23.31 87.64 23.90 65.18
858 42.54 64.34 147.02 35.33 44.85
859 42.69 18.07 74.84 21.54 51.09
860 42.72 28.13 106.08 27.07 54.40
861 42.61 76.11 110.07 34.27 34.23
862 42.70 35.58 112.30 30.23 67.24
863 42.70 69.13 134.86 37.51 36.80
864 42.67 32.76 111.43 29.94 59.78
865 42.67 92.10 45.78 20.43 13.30
866 42.63 83.58 84.27 31.09 29.45
867 42.77 89.02 58.49 24.99 19.88
868 42.81 40.54 127.59 33.56 64.87
869 42.94 20.84 88.36 22.05 50.77
870 43.02 30.44 116.82 28.53 52.04
871 42.94 59.28 161.80 36.23 44.17
872 43.01 12.29 70.17 17.30 39.94
873 43.02 74.05 110.82 32.81 31.74
874 43.06 51.43 155.99 35.80 54.55
875 43.06 62.05 148.75 37.39 41.69
876 43.07 66.33 144.67 34.29 36.69
877 43.18 7.74 77.40 13.99 38.02
878 43.11 53.89 152.90 36.65 52.71
879 43.23 5.50 64.33 14.31 31.31
880 43.17 15.26 81.02 19.96 43.94
881 43.22 46.45 150.91 34.62 58.36
882 43.27 48.65 157.30 38.76 53.58
883 43.21 56.25 160.50 37.29 47.36
884 43.20 71.78 118.85 34.60 31.87
885 43.34 81.39 81.74 30.23 27.85
886 43.30 25.85 103.66 26.16 46.76
887 43.32 38.27 131.98 34.94 55.48
888 43.33 9.47 79.61 15.47 32.39
889 43.50 43.31 150.78 34.78 52.92
890 43.47 84.23 69.12 29.54 27.06
891 43.58 33.72 128.10 31.72 51.98
892 43.64 23.38 98.87 23.24 44.03
893 43.69 69.56 112.14 32.68 32.18
894 43.67 76.62 90.41 33.94 27.03
895 43.81 88.59 60.17 24.31 19.57
896 43.72 91.21 51.02 21.60 15.38
897 43.88 93.39 34.06 17.63 11.18
898 43.82 18.75 82.88 21.55 37.12
899 43.85 36.14 138.35 32.48 51.10
900 43.79 86.11 55.30 27.05 22.25
901 43.90 28.66 128.91 28.10 41.58
902 43.90 40.77 152.89 34.29 46.51
903 43.87 58.08 150.62 36.41 41.23
904 43.92 63.05 137.87 34.69 36.89
905 43.94 67.37 123.70 35.07 32.04
906 44.01 50.19 155.96 38.32 43.43
907 44.00 60.51 139.08 39.69 38.45
908 44.08 65.02 129.66 37.05 33.91
909 44.07 52.67 157.85 41.08 43.09
910 44.15 31.35 142.41 30.34 42.42
911 44.30 10.12 88.22 17.12 29.83
912 44.10 54.93 154.75 38.44 42.49
913 44.22 78.74 68.54 32.26 27.19
914 44.24 13.16 87.73 19.86 30.41
915 44.28 15.89 90.33 20.69 30.64
916 44.13 45.41 152.37 36.99 46.14
917 44.21 74.06 84.67 36.56 28.73
918 44.32 21.18 104.94 23.53 34.89
919 44.37 6.58 75.35 15.24 24.32
920 44.43 26.04 112.83 25.47 36.54
921 44.41 71.61 87.88 32.73 27.73
922 44.47 38.48 140.32 33.18 42.37
923 44.62 81.51 59.83 32.59 26.09
924 44.62 43.06 153.11 35.23 40.21
925 44.63 33.62 142.64 29.86 37.75
926 44.83 47.25 143.97 36.75 40.12
927 44.65 84.95 54.68 29.55 23.62
928 44.79 56.37 128.51 38.09 37.02
929 44.70 69.09 94.45 34.70 29.63
930 44.72 83.05 56.52 31.76 24.21
931 44.69 76.46 68.04 35.39 25.99
932 44.92 23.66 116.90 25.63 32.50
933 44.92 49.22 145.12 37.36 38.92
934 44.82 58.77 119.43 35.75 33.88
935 44.85 89.96 51.22 20.28 13.80
936 44.86 61.95 115.37 36.05 34.06
937 44.90 87.76 53.05 26.74 20.14
938 44.99 18.05 96.30 20.48 28.77
939 44.94 36.03 133.84 32.16 35.57
940 44.96 91.30 47.28 21.78 14.09
941 44.97 66.57 96.96 36.29 31.29
942 45.04 28.30 123.70 27.57 34.54
943 45.04 51.52 137.99 39.84 39.11
944 45.07 40.90 136.20 36.05 38.91
945 45.36 3.47 49.37 11.13 13.40
946 45.16 53.70 125.16 38.34 34.76
947 45.26 30.60 130.34 30.25 34.37
948 45.21 64.34 92.67 37.37 29.05
949 45.31 45.07 136.02 36.55 36.70
950 45.42 12.35 92.67 20.42 25.52
951 45.41 73.05 69.30 34.54 26.62
952 45.48 6.22 79.44 13.69 17.86
953 45.51 9.46 91.49 17.39 23.99
954 45.51 20.38 107.23 24.23 28.94
955 45.34 80.09 61.58 31.23 27.67
956 45.58 15.11 90.06 20.61 25.86
957 45.52 70.77 71.47 33.68 27.75
958 45.47 78.86 58.97 34.54 25.11
959 45.41 92.83 40.00 21.34 12.59
960 45.51 39.00 118.15 33.52 34.27
961 45.54 77.45 55.62 31.70 25.32
962 45.66 25.97 117.86 25.71 30.93
963 45.71 32.65 128.26 29.78 33.19
964 45.68 59.67 96.52 36.78 32.32
965 45.69 75.22 60.72 32.49 26.07
966 45.70 68.45 73.80 35.33 26.51
967 45.71 85.66 57.95 31.26 22.12
968 45.90 34.66 123.55 30.51 30.62
969 45.80 42.69 118.96 36.17 34.17
970 45.80 57.40 95.03 35.51 33.09
971 45.63 81.43 57.41 34.07 24.03
972 45.87 83.40 60.51 30.92 23.11
973 45.87 55.23 103.08 37.18 31.51
974 45.95 37.05 121.43 31.24 31.89
975 45.84 61.84 87.91 34.17 30.30
976 45.99 22.55 105.90 25.74 28.52
977 45.98 49.13 116.34 39.92 33.90
978 46.00 90.96 49.43 22.63 13.53
979 46.06 88.48 57.08 26.11 17.30
980 46.06 47.03 108.46 37.58 31.83
981 46.17 17.86 85.92 21.63 24.14
982 46.06 51.43 118.28 38.99 33.59
983 46.15 28.67 120.00 29.17 27.80
984 46.17 66.66 72.01 35.09 27.87
985 46.20 63.91 75.11 36.06 29.06
986 46.45 53.63 95.86 36.01 31.75
987 46.51 31.01 109.33 29.62 26.47
988 46.48 40.02 94.71 34.09 31.70
989 46.34 80.78 53.69 31.44 24.56
990 46.21 82.14 57.09 32.64 27.00
991 46.57 24.44 105.78 26.79 26.43
992 46.50 44.91 101.60 36.72 31.67
993 46.45 70.01 62.72 36.35 27.33
994 46.49 79.22 57.70 33.34 23.81
995 46.61 8.48 76.48 18.15 18.68
996 46.60 73.41 62.70 34.22 26.41
997 46.55 76.90 58.30 33.80 24.63
998 46.64 12.28 75.82 17.81 21.39
999 46.87 5.41 69.71 14.21 13.62
1000 46.74 15.49 72.46 19.41 22.45
1001 46.76 20.17 81.94 24.96 24.55
1002 46.72 58.74 73.22 38.81 32.19
1003 46.83 86.55 59.56 28.07 22.09
1004 46.90 26.92 102.00 27.80 26.41
1005 46.79 60.92 69.47 38.18 28.35
1006 46.82 42.31 91.35 34.35 31.15
1007 46.83 56.46 73.71 37.03 29.30
1008 46.94 37.63 92.95 34.17 27.50
1009 46.94 35.15 97.73 31.33 28.10
1010 46.96 65.24 62.80 40.09 27.46
1011 47.01 84.41 61.34 29.74 21.73
1012 47.19 32.80 80.00 30.16 25.56
1013 47.01 49.64 86.09 34.62 30.38
1014 47.10 82.55 63.93 34.05 23.77
1015 47.13 47.26 78.87 33.10 30.91
1016 47.13 91.68 60.77 22.43 13.69
1017 47.08 51.92 94.75 37.78 29.35
1018 47.21 62.83 63.35 35.43 30.21
1019 47.23 71.67 64.99 36.04 25.42
1020 47.27 89.09 68.11 25.45 16.56
1021 47.36 22.38 77.67 23.78 24.29
1022 47.35 29.30 83.61 28.13 25.18
1023 47.40 67.04 60.87 34.50 25.42
1024 47.40 69.13 64.32 37.24 26.22
1025 47.44 75.08 67.11 33.93 25.35
1026 47.63 17.69 64.16 21.94 21.73
1027 47.50 54.11 72.69 38.69 29.10
1028 47.55 39.57 73.11 32.13 28.75
1029 47.55 44.99 74.49 36.25 28.19
1030 47.62 78.01 64.85 33.29 25.32
1031 47.69 8.36 55.96 16.14 17.33
1032 47.65 24.99 79.19 28.00 23.99
1033 47.70 12.05 54.16 15.85 20.02
1034 47.67 59.90 65.64 40.11 27.45
1035 47.77 14.49 54.12 19.52 20.25
1036 47.81 42.96 76.22 32.90 29.26
1037 47.77 56.51 67.80 37.08 27.95
1038 47.92 93.92 55.00 21.61 10.99
1039 48.00 20.14 63.54 21.42 20.85
1040 47.95 36.75 70.41 31.34 27.45
1041 47.86 64.48 56.84 38.10 27.33
1042 47.99 34.48 68.33 32.70 25.30
1043 47.93 51.46 71.44 35.92 28.86
1044 48.04 31.12 67.43 29.09 24.10
1045 48.08 27.22 72.13 27.37 22.86
1046 48.01 49.06 68.71 36.66 29.25
1047 48.15 72.99 76.46 37.03 24.05
1048 48.14 58.27 62.79 35.64 27.17
1049 48.26 84.82 88.14 33.40 20.63
1050 48.27 5.82 44.67 13.61 13.89
1051 48.31 41.06 60.59 34.99 26.81
1052 48.20 61.90 60.38 35.23 25.41
1053 48.24 70.66 77.32 36.98 25.19
1054 48.23 82.12 83.94 32.53 22.47
1055 48.28 91.43 78.09 22.99 15.10
1056 48.28 46.90 67.14 35.92 28.17
1057 48.08 11.04 51.08 20.00 18.42
1058 48.42 23.42 61.64 26.30 22.09
1059 48.36 67.90 71.54 38.06 25.13
1060 48.61 89.24 78.04 29.42 16.58
1061 48.53 54.80 71.84 40.12 30.03
1062 48.59 38.61 64.92 33.41 24.78
1063 48.63 75.13 86.62 34.86 23.95
1064 48.62 29.13 68.74 30.39 22.27
1065 48.62 65.94 70.82 37.93 26.55
1066 48.61 52.82 72.58 37.80 27.83
1067 48.74 15.87 48.06 20.61 20.04
1068 48.65 44.94 63.53 34.96 29.49
1069 48.70 77.35 97.44 32.06 22.83
1070 48.73 32.77 59.01 32.16 24.57
1071 48.66 9.70 44.16 16.64 17.96
1072 48.80 60.03 72.11 38.39 27.76
1073 48.83 63.68 68.34 35.39 26.08
1074 48.81 50.24 74.16 39.24 26.44
1075 48.84 12.27 46.74 19.03 20.17
1076 49.02 18.26 49.58 21.50 20.19
1077 48.93 25.80 58.57 27.11 21.96
1078 48.85 56.79 68.48 35.56 27.55
1079 48.92 13.63 45.58 20.71 20.42
1080 48.96 35.77 60.48 33.60 24.55
1081 48.98 80.27 99.78 33.64 23.38
1082 49.01 21.33 55.14 24.38 21.87
1083 49.09 42.82 66.81 36.58 26.63
1084 49.09 93.78 62.73 20.10 11.21
1085 49.07 69.47 96.96 36.30 24.05
1086 49.32 6.87 40.47 16.78 13.39
1087 49.19 47.73 78.56 36.61 27.97
1088 49.26 86.90 87.27 31.14 20.58
1089 49.34 30.71 62.70 30.23 22.77
1090 49.29 72.38 100.82 36.13 24.67
1091 49.38 61.85 79.04 38.38 25.36
1092 49.43 82.93 92.35 33.19 22.00
1093 49.53 91.36 81.73 26.99 14.27
1094 49.43 40.43 67.09 34.28 25.82
1095 49.56 27.87 63.74 28.29 22.32
1096 49.50 58.66 84.54 37.38 26.35
1097 49.58 23.69 55.53 26.53 20.94
1098 49.50 51.93 96.79 38.12 26.27
1099 49.36 84.72 90.37 33.78 21.48
1100 49.61 38.00 66.11 32.80 24.31
1101 49.64 54.06 95.77 38.60 27.57
1102 49.61 33.61 63.90 30.23 24.53
1103 49.70 67.62 100.21 39.51 24.60
1104 49.56 10.95 43.17 17.20 16.64
1105 49.61 45.02 81.22 35.86 27.04
1106 49.58 4.81 31.49 15.85 12.00
1107 49.71 65.26 86.63 38.16 26.53
1108 49.61 15.53 42.56 20.24 16.47
1109 49.72 75.28 112.80 37.22 24.68
1110 49.72 49.59 101.98 35.57 27.65
1111 49.89 19.64 51.78 24.15 18.66
1112 49.77 14.23 42.83 19.27 18.92
1113 49.81 56.33 89.28 41.07 26.16
1114 49.91 77.65 113.79 35.06 25.36
1115 50.59 9.67 41.02 19.90 15.56
1116 50.04 89.20 79.58 27.05 16.95
1117 49.98 70.37 123.24 35.85 23.45
1118 50.08 35.71 76.79 31.69 24.60
1119 50.02 80.14 106.31 35.43 24.04
1120 50.14 26.02 61.99 29.13 21.12
1121 50.20 63.06 97.99 38.80 24.73
1122 49.93 85.98 89.68 32.11 22.58
1123 50.19 42.49 88.88 36.55 25.19
1124 50.15 46.84 100.07 38.55 25.30
1125 50.33 31.84 74.28 31.46 21.45
1126 50.25 60.63 102.16 38.23 24.61
1127 50.23 16.96 48.06 20.25 19.54
1128 50.38 12.25 39.55 19.87 15.72
1129 50.34 29.47 74.19 29.60 22.24
1130 50.30 7.43 37.16 16.27 16.11
1131 50.33 73.41 120.81 37.04 21.23
1132 50.51 21.70 57.95 25.82 19.25
1133 50.43 93.31 57.02 23.76 11.07
1134 50.42 85.25 85.53 32.49 22.31
1135 50.42 40.09 91.25 36.35 25.10
1136 50.45 51.35 135.38 38.90 27.24
1137 50.65 5.58 35.28 14.45 13.24
1138 50.52 57.92 115.96 40.85 26.24
1139 50.39 83.54 94.45 32.00 22.64
1140 50.49 13.63 46.17 21.08 17.44
1141 50.61 81.91 96.46 34.79 22.32
1142 50.70 23.85 61.03 25.76 20.13
1143 50.67 48.84 135.77 38.06 26.24
1144 50.61 55.26 116.73 37.72 26.06
1145 50.51 15.54 45.88 22.82 18.00
1146 50.74 37.66 94.93 33.73 25.27
1147 50.69 44.76 103.19 37.16 24.67
1148 50.74 67.05 121.43 39.25 24.32
1149 50.78 33.82 82.09 32.39 22.41
1150 50.79 64.90 114.57 38.89 24.00
1151 50.86 53.26 136.97 41.22 26.96
1152 50.87 71.64 129.80 36.81 22.60
1153 50.90 69.19 131.53 38.66 23.84
1154 50.61 10.99 41.00 24.75 17.25
1155 50.92 75.58 115.03 36.44 23.20
1156 50.94 90.98 62.60 25.58 14.70
1157 51.01 18.82 57.20 26.09 19.39
1158 51.04 3.74 28.73 14.61 11.24
1159 50.82 16.39 45.60 22.90 18.70
1160 50.99 78.73 97.01 36.08 23.90
1161 51.11 88.32 73.70 30.77 18.59
1162 51.18 26.00 78.11 28.80 21.70
1163 51.22 28.26 81.32 30.26 21.51
1164 51.12 59.76 129.99 40.38 26.59
1165 51.24 62.83 124.04 37.85 25.77
1166 51.41 14.08 50.39 20.78 17.94
1167 51.28 42.55 117.03 36.22 24.74
1168 51.37 30.63 88.37 30.89 20.96
1169 51.37 46.91 127.06 37.71 24.97
1170 51.42 35.56 97.95 33.08 22.91
1171 51.40 56.79 125.74 38.20 26.38
1172 51.48 8.34 42.57 18.06 15.41
1173 51.46 40.25 104.44 37.07 24.34
1174 51.29 84.53 73.32 36.64 21.08
1175 51.40 85.96 70.05 33.91 21.60
1176 51.45 50.88 142.27 39.14 25.12
1177 51.62 20.91 74.05 25.51 17.76
1178 51.65 83.10 76.57 36.67 22.67
1179 51.67 93.38 40.17 24.87 11.66
1180 51.63 6.82 39.20 16.98 11.63
1181 51.74 16.65 58.97 23.46 17.79
1182 51.65 73.45 102.35 39.93 23.76
1183 51.75 54.77 122.73 38.66 26.13
1184 51.69 81.23 77.82 37.18 22.68
1185 51.46 9.51 42.17 16.67 16.17
1186 51.75 32.82 100.62 32.38 22.53
1187 51.83 23.41 71.27 26.49 20.44
1188 51.75 44.77 119.48 40.20 25.25
1189 51.84 48.96 147.56 42.88 25.71
1190 51.75 65.57 114.71 37.56 24.12
1191 51.84 38.06 111.44 37.99 21.85
1192 51.79 70.68 105.20 38.96 23.48
1193 51.98 4.57 39.36 14.71 11.26
1194 51.86 68.00 109.08 40.67 25.71
1195 51.82 77.09 87.10 39.27 23.42
1196 51.90 52.78 129.65 40.40 23.31
1197 51.92 61.33 137.68 43.20 24.47
1198 51.98 11.61 51.80 20.72 17.25
1199 52.07 79.51 70.33 40.57 23.63
1200 52.00 58.92 137.90 40.60 26.04
1201 52.09 90.84 52.12 29.28 13.85
1202 52.23 88.28 54.33 32.27 18.55
1203 52.29 25.70 75.27 29.87 20.74
1204 52.38 19.06 73.00 24.91 17.23
1205 52.30 27.99 76.98 28.95 20.83
1206 52.38 42.28 115.86 40.38 25.56
1207 52.44 63.49 117.11 42.32 27.25
1208 52.39 86.03 55.56 35.97 19.36
1209 52.50 8.62 47.25 18.40 14.92
1210 52.51 75.05 68.82 40.06 21.63
1211 52.49 30.22 94.30 33.51 23.04
1212 52.47 36.28 113.02 34.97 25.05
1213 52.42 56.94 113.74 43.73 26.24
1214 52.66 94.44 25.44 24.04 9.91
1215 52.63 34.26 107.92 35.55 21.31
1216 52.61 39.76 101.72 36.22 23.93
1217 52.63 47.31 115.22 41.38 26.09
1218 52.65 14.27 63.20 23.25 17.50
1219 52.59 72.31 73.17 39.56 22.21
1220 52.67 83.92 62.72 40.63 20.72
1221 52.64 45.05 108.28 43.48 25.55
1222 52.69 51.66 105.51 39.97 27.06
1223 52.49 10.15 54.22 17.78 15.33
1224 52.76 5.90 42.71 16.53 12.31
1225 52.81 21.81 73.75 27.26 19.41
1226 52.77 54.89 103.46 41.31 27.48
1227 52.73 70.02 75.61 42.35 22.96
1228 52.85 49.59 111.08 41.21 26.30
1229 52.84 65.55 95.58 41.41 25.00
1230 52.91 32.19 93.25 34.64 21.71
1231 52.81 77.55 64.33 39.28 21.98
1232 52.91 82.01 54.35 40.70 23.55
1233 52.88 67.72 82.21 39.61 23.64
1234 53.03 16.86 64.80 24.12 17.32
1235 52.86 61.02 100.49 43.45 26.52
1236 53.15 24.09 65.71 28.54 20.13
1237 53.14 58.99 87.54 40.70 23.47
1238 53.10 92.18 36.50 29.79 12.76
1239 53.17 11.60 56.67 21.65 16.18
1240 53.07 80.33 57.53 42.24 22.55
1241 53.25 37.59 85.34 37.40 22.86
1242 53.26 89.89 39.70 33.52 14.94
1243 53.28 26.55 61.92 31.15 19.89
1244 53.33 43.18 92.03 40.78 23.94
1245 53.37 53.39 87.23 41.97 26.62
1246 53.39 28.88 67.20 33.00 20.86
1247 53.49 40.97 88.52 40.73 24.73
1248 53.45 56.83 76.03 45.84 26.13
1249 53.46 73.80 55.11 46.33 23.25
1250 53.56 19.59 64.26 27.18 18.55
1251 53.47 62.61 80.62 44.57 25.03
1252 53.59 76.13 50.16 44.36 22.20
1253 53.35 9.21 45.00 19.33 16.21
1254 53.54 71.31 57.75 46.37 21.84
1255 53.64 45.11 92.41 42.63 23.66
1256 53.77 7.59 49.44 17.69 14.70
1257 53.71 47.06 87.22 42.04 25.75
1258 53.71 35.00 79.06 36.77 22.68
1259 53.73 69.15 58.78 46.09 22.61
1260 53.83 51.33 84.57 44.60 25.00
1261 53.77 64.61 73.26 45.03 24.68
1262 53.88 15.10 55.55 24.44 16.41
1263 53.84 49.17 78.72 42.06 24.35
1264 53.75 78.62 50.95 43.77 21.70
1265 53.82 31.84 61.62 36.76 22.39
1266 53.90 66.64 63.69 47.36 25.18
1267 53.97 38.77 67.62 38.70 24.62
1268 53.71 93.77 22.73 30.70 11.70
1269 53.72 8.77 52.64 20.82 15.18
1270 53.95 22.24 56.87 31.11 19.71
1271 54.05 12.76 51.78 23.83 16.80
1272 53.93 55.08 65.21 43.19 26.88
1273 54.16 25.08 52.48 32.02 20.07
1274 54.06 87.39 43.07 44.30 16.88
1275 54.17 60.93 61.17 45.00 24.69
1276 54.04 81.58 43.65 47.13 21.37
1277 54.06 89.31 40.97 39.21 15.19
1278 54.28 5.23 39.65 16.54 12.15
1279 54.10 58.84 64.79 46.94 26.02
1280 54.16 92.07 33.16 34.14 13.51
1281 54.31 10.05 43.97 22.40 15.29
1282 54.37 17.36 50.36 26.65 17.68
1283 54.28 27.22 52.99 34.89 20.32
1284 54.28 29.71 54.45 33.00 19.03
1285 54.16 93.96 18.62 33.92 12.00
1286 54.42 36.46 61.51 41.05 22.06
1287 54.39 42.68 66.75 45.91 22.59
1288 54.31 72.62 51.37 50.46 21.67
1289 54.38 53.12 67.20 46.62 26.02
1290 54.51 74.49 47.17 53.97 22.37
1291 54.57 77.55 47.42 52.68 22.43
1292 54.55 40.48 62.87 45.43 23.69
1293 54.46 56.88 62.56 49.73 24.19
1294 54.47 62.98 61.39 49.67 24.88
1295 54.50 68.05 58.17 52.25 24.26
1296 54.42 3.13 33.62 16.11 9.05
1297 54.43 71.39 45.35 57.05 20.10
1298 54.40 90.72 32.40 37.75 13.85
1299 54.61 33.59 56.82 42.92 21.73
1300 54.54 84.16 43.88 50.54 22.05
1301 54.55 45.08 69.60 45.60 25.19
1302 54.65 47.76 65.11 44.06 24.39
1303 54.72 79.66 46.30 54.14 23.38
1304 54.72 19.62 49.96 28.18 17.61
1305 54.76 50.12 68.15 51.61 25.97
1306 54.78 70.11 55.06 53.20 23.58
1307 54.82 64.77 59.12 54.06 23.68
1308 55.07 6.99 37.01 19.61 13.20
1309 54.68 93.72 16.00 36.33 11.62
1310 54.87 21.82 46.73 33.79 17.87
1311 54.90 31.25 51.20 41.57 21.51
1312 54.92 54.77 61.99 49.07 25.34
1313 55.09 89.40 42.73 45.31 16.75
1314 54.96 38.30 57.85 45.20 22.58
1315 55.01 59.08 60.97 52.58 27.27
1316 54.92 95.11 13.35 29.14 8.00
1317 55.00 82.51 47.46 54.50 21.63
1318 55.24 9.19 35.78 22.21 15.10
1319 55.17 15.37 39.88 26.27 16.67
1320 55.19 28.56 48.38 39.46 20.32
1321 55.29 66.54 60.50 57.71 23.12
1322 55.29 92.71 27.26 38.70 13.16
1323 55.15 61.23 64.36 56.75 25.15
1324 55.23 51.98 62.87 55.59 27.46
1325 55.34 26.16 49.97 38.09 19.25
1326 55.20 81.04 48.89 57.57 23.80
1327 55.24 11.60 34.19 24.94 16.86
1328 55.32 42.54 61.64 52.22 25.31
1329 55.27 72.74 58.72 60.87 21.97
1330 55.50 86.35 51.03 55.05 19.19
1331 55.43 36.47 53.48 51.83 22.53
1332 55.38 75.40 52.68 64.89 22.21
1333 55.47 34.50 55.23 47.58 21.86
1334 55.44 44.76 67.33 54.34 23.55
1335 55.54 46.97 67.30 52.00 25.21
1336 55.52 56.55 66.44 54.41 26.53
1337 55.51 62.98 69.36 62.27 26.91
1338 55.57 68.61 65.31 61.25 24.40
1339 55.51 84.37 50.80 58.25 22.20
1340 55.33 91.55 43.88 36.71 14.71
1341 55.56 18.15 42.18 33.37 17.78
1342 55.69 5.02 32.89 19.20 10.46
1343 55.48 40.07 56.64 50.36 24.33
1344 55.66 78.14 57.10 64.79 23.38
1345 55.65 49.06 69.57 56.49 23.85
1346 55.73 20.73 42.02 39.07 18.27
1347 55.72 32.35 58.90 48.89 19.39
1348 55.78 53.46 69.44 59.53 24.91
1349 55.90 22.99 46.82 40.24 18.26
1350 55.88 71.01 73.82 65.85 23.58
1351 55.61 83.00 49.79 58.50 23.71
1352 55.89 30.33 57.28 46.81 20.82
1353 56.06 50.98 77.71 61.83 25.95
1354 55.94 58.73 77.64 61.43 25.72
1355 55.87 80.74 58.06 67.70 24.15
1356 56.02 14.06 40.46 27.17 16.69
1357 56.07 64.80 89.16 66.41 24.71
1358 56.07 38.13 63.11 57.70 22.96
1359 56.03 94.67 20.55 34.79 8.69
1360 56.24 10.48 32.94 30.19 15.00
1361 56.20 60.92 78.82 62.71 24.47
1362 56.00 8.48 33.36 23.23 15.68
1363 56.16 41.30 61.87 60.04 25.04
1364 56.22 88.60 63.74 59.93 16.66
1365 56.32 16.67 40.43 34.63 18.61
1366 56.27 25.04 52.25 49.38 19.26
1367 56.22 27.49 57.97 46.44 20.25
1368 56.34 7.50 31.50 24.14 15.09
1369 56.32 45.66 81.25 62.62 25.18
1370 56.24 81.93 66.91 67.60 24.49
1371 56.39 35.70 72.33 57.52 20.19
1372 56.50 76.03 80.43 77.68 22.49
1373 56.47 43.63 79.39 65.11 23.86
1374 56.49 66.81 94.10 73.54 25.10
1375 56.43 54.81 85.05 67.02 24.26
1376 56.51 33.45 82.19 58.58 21.41
1377 56.48 56.75 80.16 62.13 23.25
1378 56.39 92.92 37.60 50.11 11.74
1379 56.51 79.70 85.57 70.61 22.77
1380 56.62 19.35 51.68 39.52 18.09
1381 56.66 62.90 97.84 75.99 24.42
1382 56.60 69.51 95.22 72.25 23.82
1383 56.60 91.71 47.76 51.73 13.73
1384 56.68 47.57 102.17 63.44 26.53
1385 56.70 49.53 96.36 67.22 24.35
1386 56.72 84.97 71.54 69.84 22.57
1387 56.87 4.80 28.42 20.65 9.84
1388 56.83 22.08 62.25 47.89 17.65
1389 56.97 87.18 74.94 66.69 19.30
1390 56.86 29.10 79.46 54.45 20.69
1391 56.87 52.43 101.76 72.44 27.28
1392 56.89 82.90 85.10 75.03 22.30
1393 57.00 31.46 94.27 61.01 21.37
1394 56.83 39.16 81.73 67.11 25.14
1395 56.97 94.35 31.33 41.18 8.58
1396 56.95 58.60 101.15 75.48 26.52
1397 57.06 13.21 44.26 35.34 16.31
1398 57.02 71.98 116.82 87.11 24.99
1399 57.01 78.08 95.34 76.79 22.66
1400 57.23 15.87 47.22 39.01 16.81
1401 57.17 41.49 90.18 70.27 24.82
1402 57.23 26.97 72.56 55.60 20.26
1403 57.20 64.81 111.77 79.83 25.60
1404 57.35 36.61 100.15 65.96 23.81
1405 57.27 10.18 36.99 32.29 15.07
1406 57.32 24.68 80.61 55.72 19.56
1407 57.30 60.63 116.03 83.22 26.33
1408 57.44 46.16 133.61 84.81 24.57
1409 57.36 68.20 105.86 83.91 22.73
1410 57.42 74.57 113.94 79.55 23.06
1411 57.44 89.99 70.77 59.88 14.48
1412 57.40 34.34 110.92 70.21 23.57
1413 57.43 54.19 126.23 75.96 25.04
1414 57.49 7.40 37.22 28.66 12.84
1415 57.59 18.17 60.43 48.34 17.91
1416 57.48 43.69 111.07 78.91 25.50
1417 57.51 56.39 121.46 84.33 26.14
1418 57.61 50.54 133.43 83.15 25.16
1419 57.55 82.54 104.16 80.78 21.38
1420 57.80 20.61 75.84 50.44 18.14
1421 57.77 70.36 124.57 90.52 24.52
1422 57.79 48.32 142.92 89.32 26.06
1423 57.74 62.58 130.80 85.44 26.27
1424 57.83 84.69 102.48 91.01 22.33
1425 57.78 38.63 104.73 81.08 24.09
1426 57.81 29.66 103.19 71.01 20.09
1427 57.92 66.36 125.99 94.65 24.53
1428 57.70 92.12 54.60 62.09 12.60
1429 57.90 80.11 115.49 88.42 24.71
1430 57.98 22.91 91.49 61.36 18.74
1431 58.11 4.86 37.33 27.53 10.51
1432 57.97 58.50 140.70 92.36 26.68
1433 58.03 93.62 56.93 53.36 9.84
1434 58.04 32.57 112.55 78.15 21.71
1435 57.89 87.03 94.41 79.94 19.07
1436 58.13 40.57 106.60 86.57 24.10
1437 58.09 52.42 139.28 90.26 25.35
1438 58.24 12.33 59.08 44.58 16.15
1439 58.17 14.80 65.60 48.14 17.43
1440 58.15 76.99 119.24 88.85 23.43
1441 58.16 72.88 126.02 96.67 24.41
1442 58.38 8.76 48.43 38.66 13.31
1443 58.21 26.39 91.97 71.70 20.67
1444 58.25 45.13 140.12 100.98 23.46
1445 58.32 64.37 142.36 98.81 24.96
1446 58.43 42.65 121.71 109.22 25.24
1447 58.36 54.74 144.98 105.24 25.38
1448 58.38 60.58 144.43 102.29 24.79
1449 58.34 68.37 121.41 100.88 24.61
1450 58.44 34.76 108.85 90.43 23.15
1451 58.56 36.91 113.37 98.83 23.40
1452 58.60 56.70 149.36 108.36 26.50
1453 58.70 83.57 113.62 100.68 22.62
1454 58.53 89.81 88.19 76.39 14.33
1455 58.62 17.25 77.33 53.64 17.93
1456 58.72 28.25 101.49 78.58 20.00
1457 58.68 30.79 113.13 85.63 21.48
1458 58.80 92.26 72.32 69.02 12.09
1459 58.69 50.86 131.74 110.68 24.89
1460 58.76 74.91 136.07 114.65 24.53
1461 58.75 24.45 100.89 77.70 19.41
1462 58.85 19.66 90.53 65.34 17.21
1463 58.75 48.85 137.70 115.51 25.05
1464 58.81 46.70 152.88 126.25 26.86
1465 58.80 71.01 122.23 113.04 25.42
1466 58.91 39.11 118.99 114.14 25.15
1467 59.00 7.14 51.58 37.10 12.68
1468 58.90 62.31 149.92 116.48 26.11
1469 58.96 22.03 92.12 76.95 18.88
1470 58.90 80.91 120.69 103.94 23.50
1471 58.91 86.07 93.30 96.75 20.50
1472 59.02 58.62 140.34 118.58 26.33
1473 59.04 66.53 123.70 122.00 26.31
1474 58.97 87.41 99.00 80.76 19.08
1475 59.18 32.90 100.64 100.89 22.16
1476 59.09 52.91 141.15 118.88 25.32
1477 59.09 78.09 129.79 106.69 23.88
1478 59.24 15.33 86.31 61.47 17.93
1479 59.11 44.06 119.84 125.59 25.41
1480 59.40 10.69 65.54 45.68 16.25
1481 59.23 41.22 106.64 126.44 23.41
1482 59.22 68.70 112.18 128.33 23.95
1483 59.42 94.57 37.61 44.95 7.32
1484 59.33 54.75 126.40 132.89 25.56
1485 59.27 64.43 126.82 129.90 25.56
1486 59.38 35.20 95.10 110.76 23.35
1487 59.45 25.72 90.27 101.36 20.67
1488 59.50 73.12 105.70 127.95 26.06
1489 59.63 4.36 43.63 37.97 9.58
1490 59.55 28.97 90.91 103.02 19.82
1491 59.54 56.62 135.62 139.46 25.89
1492 59.64 60.23 120.11 137.36 25.69
1493 59.76 13.05 74.80 59.28 16.62
1494 59.59 48.19 118.14 141.16 28.02
1495 59.63 90.33 86.80 86.21 14.66
1496 59.77 18.29 77.68 80.51 17.65
1497 59.62 37.36 104.71 128.63 25.93
1498 59.65 45.89 113.72 154.90 26.72
1499 59.64 50.47 103.42 148.21 26.17
1500 59.71 31.06 84.04 122.61 23.13
1501 59.72 75.66 117.29 134.20 24.82
1502 59.78 22.93 81.48 97.08 19.95
1503 59.76 62.30 104.62 145.95 26.54
1504 59.74 70.44 99.20 130.59 23.76
1505 59.82 82.54 113.28 123.07 23.26
1506 59.88 87.87 91.26 97.70 18.63
1507 59.97 92.60 64.64 77.72 11.28
1508 59.91 85.46 95.13 105.75 23.48
1509 60.02 20.58 83.05 91.54 17.96
1510 60.04 39.38 80.96 150.58 27.01
1511 60.03 43.91 89.89 162.78 25.98
1512 59.99 53.16 95.44 156.72 25.56
1513 60.02 67.51 106.36 155.04 25.36
1514 60.08 6.41 56.50 43.21 10.79
1515 60.08 41.89 82.03 150.56 26.23
1516 60.09 78.52 102.96 130.40 23.72
1517 60.17 8.97 61.16 54.51 13.55
1518 60.15 27.30 70.68 119.49 21.47
1519 60.12 65.35 103.56 156.59 24.98
1520 60.13 57.90 101.07 148.07 25.39
1521 60.23 34.75 72.99 135.51 23.26
1522 60.18 15.93 68.16 82.58 18.06
1523 60.44 24.78 62.65 120.95 19.23
1524 60.43 47.29 80.28 172.32 25.87
1525 60.38 55.31 84.94 159.24 27.83
1526 60.49 51.48 73.56 167.27 25.80
1527 60.56 32.77 64.54 147.61 24.10
1528 60.52 63.45 82.51 171.80 24.77
1529 60.61 49.51 74.34 173.25 28.49
1530 60.49 94.57 31.26 52.50 7.03
1531 60.54 37.03 65.05 150.05 25.41
1532 60.57 71.22 80.15 158.35 24.15
1533 60.58 73.78 86.84 151.89 25.59
1534 60.71 30.66 59.68 139.55 22.91
1535 60.63 59.74 81.23 168.48 26.58
1536 60.61 76.50 90.27 143.72 23.43
1537 60.74 90.43 74.84 99.33 14.02
1538 60.80 11.87 50.77 71.45 17.07
1539 60.86 22.47 55.13 120.45 19.17
1540 60.80 45.27 73.63 181.16 27.60
1541 60.84 68.90 74.00 158.45 23.26
1542 60.84 4.05 40.86 44.19 9.06
1543 60.91 28.72 54.46 132.65 23.76
1544 60.81 83.66 92.60 138.82 22.98
1545 60.92 17.68 56.37 103.02 17.83
1546 61.01 86.11 88.48 126.56 19.84
1547 60.97 14.39 56.77 88.95 18.18
1548 60.97 40.81 70.04 173.23 24.82
1549 61.02 61.63 72.84 181.70 26.20
1550 60.96 81.02 85.59 145.46 22.91
1551 60.97 53.56 68.19 184.10 27.75
1552 60.97 66.57 75.02 175.60 24.89
1553 61.05 88.35 87.04 124.54 16.38
1554 60.99 96.18 11.00 26.10 2.67
1555 61.10 19.92 56.03 112.49 18.04
1556 61.16 43.23 65.69 179.01 27.27
1557 61.02 57.36 68.74 180.25 26.95
1558 61.39 93.35 43.32 79.22 9.18
1559 61.15 6.49 50.58 60.96 11.01
1560 61.20 9.16 51.06 69.70 14.25
1561 61.24 26.49 52.77 143.73 21.69
1562 61.27 38.76 60.32 165.34 25.59
1563 61.37 78.09 83.85 150.72 23.76
1564 61.34 36.00 58.54 164.35 25.99
1565 61.38 64.59 67.15 183.03 25.91
1566 61.48 33.73 57.24 166.24 24.14
1567 61.36 48.14 65.28 196.56 27.58
1568 61.49 52.07 62.85 198.75 28.84
1569 61.40 55.41 60.52 192.23 27.26
1570 61.48 75.49 75.78 162.62 24.48
1571 61.28 79.40 81.93 143.60 25.80
1572 61.55 24.44 49.60 135.69 21.61
1573 61.46 72.16 63.39 174.08 23.76
1574 61.62 59.17 55.85 189.32 27.58
1575 61.74 45.88 64.28 201.43 28.28
1576 61.77 50.17 59.88 201.22 28.85
1577 61.74 31.24 48.47 160.78 24.58
1578 61.85 16.45 43.41 110.30 19.09
1579 61.80 69.62 53.84 183.99 25.85
1580 61.92 21.25 44.49 130.83 18.06
1581 61.91 28.30 47.13 163.63 23.07
1582 61.87 62.47 63.52 202.20 26.58
1583 62.03 10.70 40.44 87.54 16.14
1584 61.90 66.98 54.80 187.77 26.96
1585 61.94 90.04 58.49 119.56 14.03
1586 61.94 4.46 30.52 57.32 9.39
1587 61.98 13.57 41.64 97.26 17.52
1588 61.98 41.85 57.16 186.07 27.87
1589 62.05 85.03 70.96 138.84 20.69
1590 62.02 96.50 6.63 23.49 2.01
1591 62.03 81.68 60.65 154.68 25.04
1592 62.19 7.83 38.15 82.43 13.46
1593 62.25 18.77 43.40 127.47 17.75
1594 62.17 37.51 54.20 176.88 26.84
1595 62.11 56.94 54.52 199.06 29.39
1596 62.38 87.91 64.62 132.40 18.15
1597 62.33 39.95 56.85 190.94 28.44
1598 62.27 43.86 56.33 202.88 27.59
1599 62.21 54.41 57.62 207.78 29.44
1600 62.29 73.91 53.28 179.91 25.02
1601 62.38 60.52 54.47 202.00 28.55
1602 62.41 23.18 40.40 143.89 20.90
1603 62.30 47.68 61.48 215.69 29.97
1604 62.42 64.44 57.71 202.10 29.07
1605 62.41 35.08 53.09 181.78 26.14
1606 62.50 79.16 63.70 168.18 25.40
1607 62.51 26.54 44.46 164.38 22.73
1608 62.59 92.52 37.98 107.70 11.69
1609 62.49 52.21 60.34 211.25 28.78
1610 62.48 76.23 60.41 176.71 24.47
1611 62.53 29.95 48.24 167.30 25.03
1612 62.58 32.89 48.51 171.13 25.65
1613 62.55 71.32 48.53 191.88 25.78
1614 62.54 98.40 1.18 8.29 0.64
1615 62.73 49.76 59.55 217.20 30.00
1616 62.78 68.73 45.82 197.01 25.99
1617 62.80 5.57 24.95 77.38 10.63
1618 62.81 15.28 39.52 120.05 18.14
1619 62.86 45.46 58.33 213.41 29.59
1620 62.81 58.50 55.73 207.93 29.81
1621 62.91 66.40 50.68 210.27 26.57
1622 62.90 62.54 52.21 209.44 27.68
1623 63.03 84.16 54.41 158.02 23.75
1624 63.03 90.39 45.34 123.18 13.26
1625 62.98 11.96 36.67 108.23 17.01
1626 63.24 95.06 10.60 45.43 4.44
1627 62.96 6.84 32.47 82.67 13.23
1628 63.11 24.83 41.83 157.27 22.42
1629 63.03 42.09 61.35 203.14 30.86
1630 63.11 20.34 37.71 141.05 21.33
1631 63.11 56.15 61.83 211.58 30.48
1632 63.10 38.46 57.23 194.58 27.95
1633 63.18 54.01 63.20 212.03 30.59
1634 63.24 81.72 50.84 164.03 25.40
1635 63.25 47.65 60.87 208.32 28.92
1636 63.45 9.45 32.85 103.03 15.53
1637 63.35 35.90 58.92 189.46 29.99
1638 63.13 98.08 1.53 9.78 0.76
1639 63.35 17.33 39.31 128.93 18.86
1640 63.43 31.34 49.56 179.76 26.48
1641 63.29 73.38 47.75 190.81 25.35
1642 63.48 29.09 44.82 173.74 24.34
1643 63.41 51.24 72.98 223.97 32.12
1644 63.49 86.65 48.70 157.33 20.08
1645 63.52 70.72 46.96 204.13 26.74
1646 63.61 22.89 40.42 158.42 21.78
1647 63.61 27.01 47.56 167.88 23.30
1648 63.46 60.74 60.13 214.83 28.80
1649 63.49 76.48 53.24 195.37 24.72
1650 63.72 4.23 22.41 73.63 9.93
1651 63.67 40.26 65.53 195.32 30.55
1652 63.56 64.13 49.05 212.08 30.22
1653 63.64 33.91 55.83 189.83 27.69
1654 63.66 79.32 56.06 186.89 25.32
1655 63.72 13.53 37.61 116.60 19.35
1656 63.82 7.28 31.17 86.00 12.67
1657 63.84 43.10 72.17 208.09 32.46
1658 63.77 58.41 65.09 212.56 30.88
1659 63.83 88.84 40.29 135.62 16.28
1660 63.83 68.42 53.48 210.08 27.70
1661 63.93 92.16 27.41 110.55 10.36
1662 63.80 45.50 67.94 210.37 31.90
1663 63.82 49.48 77.08 216.63 32.68
1664 63.92 52.71 75.25 224.14 33.84
1665 63.96 66.33 54.72 211.91 29.46
1666 64.02 37.21 62.74 192.86 29.78
1667 64.04 56.34 69.05 215.70 34.47
1668 64.14 74.52 48.70 203.06 27.35
1669 64.21 20.95 41.38 143.59 21.73
1670 64.43 93.97 14.11 69.28 6.99
1671 64.29 18.48 43.22 138.79 20.28
1672 64.24 25.24 49.40 171.31 25.12
1673 64.29 62.14 57.08 212.96 30.79
1674 64.40 95.73 4.94 30.25 1.78
1675 64.36 15.13 44.48 128.62 21.32
1676 64.35 32.66 57.83 185.93 29.72
1677 64.21 83.35 47.76 177.52 24.39
1678 64.41 11.26 35.77 107.65 19.29
1679 64.37 47.35 79.42 211.06 34.14
1680 64.39 54.36 79.45 223.14 35.52
1681 64.39 72.02 53.90 204.81 27.67
1682 64.38 59.93 74.31 215.03 32.24
1683 64.60 5.87 27.84 81.92 11.34
1684 64.57 28.86 53.56 178.51 27.67
1685 64.48 77.54 53.94 195.65 28.46
1686 64.47 86.42 42.24 153.31 19.92
1687 64.66 38.72 72.96 199.17 34.99
1688 64.60 40.99 80.12 202.02 35.69
1689 64.59 64.03 60.85 213.31 31.69
1690 64.63 69.79 53.75 212.66 29.52
1691 64.72 80.44 51.12 181.44 27.73
1692 64.76 90.14 34.32 145.27 14.68
1693 64.85 30.79 60.94 179.20 32.10
1694 64.77 34.66 68.45 195.26 33.91
1695 64.64 44.38 80.98 203.50 34.09
1696 64.77 51.63 88.48 219.13 34.44
1697 64.73 49.57 91.24 218.17 35.83
1698 64.87 23.60 57.38 164.89 25.24
1699 64.89 7.93 32.52 102.13 13.61
1700 64.76 9.20 38.73 101.61 14.70
1701 64.86 57.83 82.69 214.00 32.75
1702 64.93 26.92 52.08 175.03 28.99
1703 65.07 16.59 48.72 136.68 21.72
1704 64.99 65.92 60.58 210.57 29.97
1705 65.05 75.28 51.14 203.42 28.59
1706 65.08 36.56 71.59 202.97 36.25
1707 65.08 42.79 86.41 198.33 41.67
1708 65.13 67.93 64.09 210.89 29.96
1709 65.00 84.51 48.16 172.33 23.42
1710 65.24 45.90 89.94 207.03 39.33
1711 65.19 55.57 90.25 215.01 36.49
1712 65.57 93.02 17.37 85.38 8.37
1713 65.36 13.14 47.40 117.21 21.24
1714 65.22 60.89 74.84 212.03 34.38
1715 65.15 88.42 37.65 157.26 16.49
1716 65.20 95.13 5.50 33.37 2.17
1717 65.27 21.41 51.79 157.04 24.87
1718 65.40 53.37 99.00 219.94 40.17
1719 65.37 48.01 102.91 209.75 40.21
1720 65.44 18.98 51.79 142.39 24.81
1721 65.40 72.68 57.76 208.86 27.63
1722 65.47 4.41 23.38 81.08 10.06
1723 65.54 82.18 54.65 177.90 25.79
1724 65.53 10.36 43.83 103.14 17.13
1725 65.53 32.50 65.95 182.48 36.65
1726 65.47 77.29 57.23 191.31 27.83
1727 65.54 39.80 90.23 191.29 41.17
1728 65.58 63.22 65.90 209.67 35.18
1729 65.72 25.59 59.35 165.62 30.21
1730 65.63 70.14 63.59 211.99 30.92
1731 65.68 28.92 61.07 173.38 34.26
1732 65.68 50.21 91.01 208.64 38.37
1733 65.68 58.89 84.66 213.72 39.33
1734 65.69 86.86 44.82 165.06 20.14
1735 65.75 5.53 28.75 85.54 12.54
1736 65.94 7.47 43.54 97.38 14.92
1737 65.95 34.76 75.72 185.96 43.56
1738 65.91 42.25 84.98 189.45 50.32
1739 65.70 78.33 58.79 192.64 25.79
1740 65.87 96.19 2.09 19.17 1.00
1741 66.00 37.35 79.89 192.96 45.59
1742 65.95 65.15 70.84 213.97 37.72
1743 66.02 15.63 62.22 126.71 23.77
1744 66.05 23.20 64.71 154.35 28.85
1745 66.08 56.68 82.25 209.16 46.07
1746 66.09 79.71 62.49 178.55 27.81
1747 66.09 45.33 91.57 194.41 47.26
1748 66.13 67.24 74.76 209.68 37.35
1749 66.20 52.02 83.25 205.09 48.66
1750 66.16 61.46 78.13 212.86 43.08
1751 66.18 74.88 65.02 199.74 31.24
1752 66.47 91.50 26.42 120.01 11.08
1753 66.29 47.64 105.15 196.19 49.37
1754 66.34 54.58 106.20 215.93 52.07
1755 66.29 84.23 51.68 176.09 26.26
1756 66.45 20.95 60.77 145.02 28.86
1757 66.44 30.46 69.11 172.39 46.37
1758 66.40 71.94 68.13 202.38 32.15
1759 66.46 18.24 61.27 132.39 27.04
1760 66.31 86.41 41.02 164.30 20.41
1761 66.46 12.70 49.88 110.66 24.15
1762 66.55 27.46 62.62 155.94 40.35
1763 66.33 9.93 44.65 96.44 18.29
1764 66.54 39.64 80.57 185.26 57.10
1765 66.60 69.23 73.77 204.37 35.29
1766 66.34 82.66 47.67 172.72 26.72
1767 66.60 32.83 66.45 169.17 54.96
1768 66.55 58.59 80.23 203.50 49.12
1769 66.63 49.88 90.26 197.93 51.66
1770 66.64 77.45 66.67 190.14 30.18
1771 66.67 95.96 2.49 18.41 1.41
1772 66.74 43.80 91.36 190.11 64.01
1773 66.58 88.58 38.32 158.77 16.54
1774 66.67 4.66 23.48 80.51 10.56
1775 66.93 94.55 8.08 43.63 2.72
1776 66.76 25.11 63.69 148.62 38.45
1777 66.98 41.71 76.15 180.38 69.55
1778 66.94 62.91 78.07 203.16 45.35
1779 66.96 35.27 73.51 174.94 61.41
1780 67.02 53.19 97.39 211.34 71.45
1781 66.87 9.22 49.55 98.86 19.03
1782 66.93 65.00 72.89 205.66 41.93
1783 66.80 82.29 53.50 171.29 25.75
1784 67.01 60.67 78.17 205.37 53.81
1785 67.09 81.10 57.88 173.18 30.70
1786 67.18 6.67 43.50 92.38 15.86
1787 67.05 37.46 73.04 175.38 65.66
1788 67.07 15.11 55.31 114.93 29.23
1789 67.25 45.95 81.60 180.88 67.94
1790 67.18 56.41 80.09 208.59 64.72
1791 67.16 73.92 69.75 193.12 34.57
1792 67.20 67.10 77.49 203.99 39.21
1793 67.36 85.60 47.51 168.24 24.43
1794 67.34 48.28 80.52 173.44 65.73
1795 67.37 22.78 59.33 133.79 41.14
1796 67.35 28.87 64.67 148.75 56.26
1797 67.17 88.38 42.71 160.93 18.05
1798 67.34 71.43 74.41 197.34 38.60
1799 67.44 11.55 48.68 97.72 28.25
1800 67.50 20.31 60.34 121.71 40.39
1801 67.49 31.39 62.22 151.33 66.11
1802 67.44 50.88 81.71 189.14 63.75
1803 67.59 17.61 54.28 112.26 36.93
1804 67.47 58.48 75.25 194.92 59.72
1805 67.66 79.27 65.07 178.17 34.09
1806 67.70 33.48 62.15 147.57 69.88
1807 67.58 39.65 70.25 171.27 75.61
1808 67.59 76.45 66.66 188.82 37.06
1809 67.64 90.52 36.93 135.03 13.41
1810 67.71 69.29 77.61 194.99 43.93
1811 67.63 83.00 54.09 172.75 28.12
1812 67.70 25.16 60.70 126.74 51.70
1813 67.73 43.89 77.13 167.65 84.06
1814 67.78 54.99 72.85 192.10 79.04
1815 68.00 93.55 14.83 60.40 5.01
1816 67.96 8.77 49.74 92.23 22.21
1817 68.00 60.30 65.87 181.86 67.47
1818 67.97 35.56 61.59 149.26 83.85
1819 67.97 62.85 72.99 187.46 63.40
1820 67.96 64.92 74.15 196.58 59.33
1821 68.10 14.31 49.50 102.20 37.64
1822 68.09 27.33 57.84 125.18 60.25
1823 68.04 37.63 66.65 148.18 88.33
1824 68.05 41.62 66.68 162.26 93.50
1825 68.02 52.60 74.97 173.86 71.35
1826 68.01 87.74 47.42 163.99 19.85
1827 68.17 67.30 73.50 192.33 52.34
1828 68.26 47.33 68.32 160.55 90.28
1829 68.16 73.72 66.10 191.88 41.35
1830 68.31 50.10 68.15 167.19 80.24
1831 68.26 57.22 70.05 189.86 82.41
1832 68.24 81.36 66.79 175.19 32.23
1833 68.34 6.17 36.89 80.51 17.31
1834 68.40 29.95 57.24 127.32 78.38
1835 68.35 71.37 74.65 190.57 46.45
1836 68.27 83.27 58.26 170.86 28.91
1837 68.48 22.65 56.17 105.74 56.87
1838 68.52 44.92 65.78 155.36 107.47
1839 68.48 11.46 46.97 89.46 34.62
1840 68.52 19.79 56.06 97.69 55.40
1841 68.66 85.05 55.44 174.81 29.40
1842 68.57 75.33 70.04 180.06 43.02
1843 68.81 16.46 51.60 92.61 51.89
1844 68.69 32.24 61.89 127.31 91.49
1845 68.69 39.32 68.26 131.79 109.92
1846 68.73 54.19 69.08 159.69 88.51
1847 68.80 77.22 71.22 177.20 44.46
1848 68.74 61.73 61.24 176.40 85.97
1849 68.80 25.41 53.57 108.92 69.27
1850 68.84 34.46 57.88 120.46 102.82
1851 68.82 65.79 71.05 184.36 71.07
1852 68.89 79.24 70.34 184.10 42.93
1853 68.85 89.75 42.03 139.06 15.62
1854 68.91 42.84 65.48 146.40 121.45
1855 68.82 58.67 65.65 172.72 88.80
1856 68.86 69.20 66.48 188.54 58.61
1857 68.97 81.30 63.55 173.45 35.40
1858 68.98 36.92 60.15 126.48 120.73
1859 69.02 51.90 80.01 149.19 102.33
1860 69.07 56.15 67.41 163.56 99.89
1861 69.07 28.06 56.52 101.58 84.20
1862 69.06 87.42 53.37 168.78 24.63
1863 69.18 92.20 21.90 77.84 7.74
1864 69.10 48.86 74.01 147.46 113.36
1865 69.17 8.85 43.06 81.21 34.51
1866 69.24 13.94 55.44 82.51 51.65
1867 69.25 41.07 65.77 127.42 128.07
1868 69.27 64.00 56.34 165.93 73.98
1869 69.17 73.32 65.49 186.86 58.60
1870 69.30 46.29 66.99 132.85 124.19
1871 69.44 18.54 56.72 87.25 65.78
1872 69.57 83.41 60.75 167.88 36.59
1873 69.56 23.94 54.37 85.99 89.32
1874 69.44 67.23 63.96 174.92 70.77
1875 69.46 6.62 30.08 65.03 22.71
1876 69.51 11.26 44.09 73.13 46.97
1877 69.48 30.54 57.05 104.55 105.24
1878 69.67 59.85 60.56 153.51 100.96
1879 69.50 21.22 60.35 85.57 78.75
1880 69.68 61.94 62.86 155.09 98.94
1881 69.53 71.11 63.08 161.30 57.75
1882 69.74 44.18 73.92 127.16 149.55
1883 69.77 35.61 68.50 108.38 137.25
1884 69.82 38.24 66.06 113.19 146.28
1885 69.80 75.97 58.97 171.69 57.56
1886 69.84 32.96 57.12 96.34 125.40
1887 69.80 50.85 73.83 127.49 129.30
1888 69.81 57.78 62.56 147.97 118.42
1889 69.89 26.26 57.89 92.41 101.42
1890 69.76 53.56 72.20 126.48 108.85
1891 70.03 85.71 60.91 171.68 32.27
1892 69.92 55.54 67.74 135.54 114.96
1893 70.12 81.22 61.58 166.96 46.85
1894 70.00 47.98 72.47 117.36 138.03
1895 70.31 90.35 36.82 107.35 13.95
1896 70.17 28.37 60.71 87.09 118.21
1897 70.16 40.20 71.68 107.92 155.94
1898 70.18 68.80 60.19 156.62 80.41
1899 70.01 78.68 60.25 164.63 54.84
1900 70.27 88.04 57.74 162.09 25.19
1901 70.22 42.41 76.15 104.80 158.32
1902 70.21 65.67 54.03 151.39 90.33
1903 70.31 17.13 51.16 68.90 85.13
1904 70.14 92.73 13.47 43.84 3.47
1905 70.34 14.53 51.90 66.96 78.65
1906 70.43 9.11 41.92 60.40 55.64
1907 70.41 22.45 61.72 71.12 96.72
1908 70.33 73.47 58.93 158.68 72.68
1909 70.40 63.56 57.51 147.12 102.67
1910 70.46 45.78 87.65 106.16 163.04
1911 70.59 30.70 60.90 81.46 132.07
1912 70.58 49.69 77.71 110.20 147.74
1913 70.60 52.85 78.22 111.45 137.91
1914 70.69 61.18 70.42 129.59 129.33
1915 70.62 11.84 42.87 58.03 69.60
1916 70.67 19.61 59.24 64.68 98.41
1917 70.61 71.08 65.26 153.52 80.54
1918 70.63 34.89 68.95 86.35 145.06
1919 70.77 25.32 58.30 68.65 109.84
1920 70.78 37.11 76.09 85.71 154.50
1921 70.75 57.11 75.06 120.24 142.15
1922 70.81 59.19 64.48 116.54 124.83
1923 70.92 83.87 67.26 166.44 45.74
1924 70.96 54.86 82.01 105.90 146.98
1925 70.96 67.28 59.01 142.25 104.04
1926 71.00 32.61 61.79 73.80 153.22
1927 70.95 76.36 60.60 160.07 73.70
1928 71.00 79.48 59.09 159.65 61.66
1929 71.09 39.19 72.74 87.45 160.24
1930 71.10 43.68 79.36 87.55 174.55
1931 71.14 47.76 88.36 95.39 168.64
1932 71.21 51.21 85.09 98.25 164.37
1933 71.17 28.64 65.49 69.74 140.71
1934 71.22 41.34 75.48 84.42 162.45
1935 71.33 64.96 65.58 119.95 122.98
1936 71.25 7.30 39.56 47.41 46.36
1937 71.30 15.86 48.52 54.52 93.50
1938 71.33 86.21 54.98 148.77 36.25
1939 71.36 62.69 62.63 113.29 137.48
1940 71.36 89.20 40.93 120.35 18.81
1941 71.48 69.39 62.62 137.55 101.74
1942 71.37 73.16 65.14 138.38 90.87
1943 71.53 20.85 59.23 59.13 111.24
1944 71.49 23.34 65.36 59.25 122.31
1945 71.49 45.87 95.54 82.30 188.44
1946 71.64 12.86 46.04 46.74 84.92
1947 71.59 34.84 76.22 71.93 163.70
1948 71.73 53.08 92.05 86.23 154.49
1949 71.70 9.70 44.32 43.70 69.61
1950 71.64 56.35 87.24 92.96 156.49
1951 71.83 17.96 52.59 53.34 107.17
1952 71.84 25.57 65.31 60.61 135.86
1953 71.80 60.52 78.00 106.30 152.06
1954 71.77 82.00 60.95 155.40 59.27
1955 71.85 49.28 90.72 83.04 176.19
1956 71.88 37.25 80.93 76.75 169.88
1957 71.96 58.43 85.14 94.89 165.25
1958 71.94 30.41 64.32 65.44 152.89
1959 72.05 27.63 64.09 61.14 139.75
1960 71.99 32.68 71.23 66.73 164.03
1961 72.02 66.79 72.40 102.13 126.83
1962 72.05 75.39 67.98 131.97 90.60
1963 72.15 44.33 79.21 70.81 162.25
1964 72.10 39.36 82.03 69.19 164.82
1965 72.12 42.05 75.88 74.67 172.36
1966 72.21 84.09 53.50 145.80 54.61
1967 72.22 71.88 67.84 119.39 101.12
1968 72.21 78.58 67.76 152.29 78.41
1969 72.23 87.62 44.91 129.56 31.84
1970 72.32 51.33 101.90 76.97 176.66
1971 72.31 54.71 101.19 84.27 173.90
1972 72.29 63.11 77.27 104.30 153.90
1973 72.31 15.01 50.52 44.24 104.89
1974 72.39 90.02 21.80 74.59 12.89
1975 72.45 46.80 92.29 73.66 180.92
1976 72.59 19.82 60.62 49.48 114.96
1977 72.53 22.68 60.92 50.60 128.54
1978 72.54 69.57 64.29 104.12 117.39
1979 72.69 81.04 56.24 139.45 80.41
1980 72.60 35.83 72.03 63.19 172.44
1981 72.64 56.70 93.77 83.46 179.10
1982 72.65 64.99 74.43 96.70 151.75
1983 72.73 11.57 44.10 40.60 92.99
1984 72.72 61.08 94.58 91.72 164.55
1985 72.84 9.24 43.47 36.44 73.48
1986 72.90 29.27 63.35 52.97 146.81
1987 72.86 34.04 70.65 58.85 169.15
1988 72.86 49.15 91.89 67.42 179.93
1989 72.96 25.01 58.37 47.11 141.98
1990 72.99 17.01 53.17 40.95 108.69
1991 72.93 40.12 72.25 63.88 180.58
1992 72.99 86.00 51.89 129.79 50.51
1993 73.02 31.86 61.05 54.23 162.69
1994 73.01 58.74 90.33 77.22 181.64
1995 72.78 74.30 57.00 115.76 93.88
1996 73.04 42.46 73.68 61.96 180.43
1997 73.04 67.53 77.95 95.47 147.05
1998 73.20 27.10 57.49 51.32 140.82
1999 73.07 53.63 99.07 71.42 170.94
2000 73.21 78.05 64.67 118.24 93.91
2001 73.14 37.78 73.36 62.49 169.56
2002 73.18 44.73 76.15 67.05 180.91
2003 73.18 75.64 74.03 111.99 109.58
2004 73.27 51.40 105.27 69.83 186.65
2005 73.34 83.04 55.20 126.42 77.60
2006 73.32 72.52 72.37 100.87 116.99
2007 73.13 13.29 39.80 42.00 109.20
2008 73.46 14.31 46.48 34.65 101.10
2009 73.47 47.45 88.89 64.58 181.41
2010 73.31 63.07 84.25 84.43 165.30
2011 73.50 21.48 55.05 41.41 123.40
2012 73.54 56.19 93.18 69.58 182.19
2013 73.69 60.18 94.02 75.95 172.91
2014 73.51 70.12 73.84 91.15 141.29
2015 73.63 66.02 86.46 82.61 160.28
2016 73.76 80.57 60.33 107.08 93.11
2017 73.82 18.88 48.52 37.51 118.79
2018 73.81 30.59 49.69 45.44 148.40
2019 73.90 36.35 62.40 52.86 171.84
2020 73.84 33.95 58.28 50.25 162.66
2021 73.92 9.10 36.10 27.11 72.55
2022 74.01 11.64 41.11 33.81 97.35
2023 73.97 23.69 48.46 40.43 122.24
2024 73.81 40.23 71.45 56.64 176.05
2025 73.93 49.57 83.22 62.40 186.56
2026 74.02 84.75 58.08 119.46 76.62
2027 74.08 28.32 47.79 42.40 142.86
2028 74.03 42.55 64.57 55.53 178.01
2029 74.07 45.86 78.29 58.06 192.76
2030 74.03 54.31 88.60 64.20 178.51
2031 74.06 58.18 87.17 65.92 183.46
2032 74.15 61.93 82.05 69.52 157.74
2033 74.31 38.60 57.99 53.82 165.42
2034 74.25 64.25 83.10 72.38 160.91
2035 74.24 68.75 82.27 82.58 159.01
2036 74.33 25.84 39.09 39.28 124.66
2037 74.30 74.02 83.01 90.98 126.11
2038 74.39 76.59 78.39 102.09 122.02
2039 74.26 51.90 84.34 58.26 188.24
2040 74.43 86.79 41.39 88.18 42.40
2041 74.52 32.17 46.49 43.96 143.75
2042 74.61 78.81 67.22 106.32 111.50
2043 74.66 13.80 36.19 29.07 97.46
2044 74.47 16.33 42.57 32.71 105.10
2045 74.60 44.12 60.16 48.84 179.19
2046 74.55 71.54 80.59 82.74 149.62
2047 74.72 47.87 68.86 57.18 175.54
2048 74.62 56.25 85.72 61.94 189.91
2049 74.74 83.28 54.77 97.59 87.21
2050 74.64 21.25 36.94 35.61 111.49
2051 74.73 66.76 85.72 71.83 161.68
2052 74.99 81.06 66.68 94.98 97.01
2053 74.87 35.01 47.92 45.79 152.97
2054 74.78 41.01 52.04 51.25 171.07
2055 74.84 60.40 78.92 61.25 176.97
2056 75.03 18.72 37.40 30.91 105.07
2057 74.94 29.92 40.97 39.88 140.01
2058 74.93 53.47 69.12 54.34 189.72
2059 74.96 49.93 66.15 54.98 182.50
2060 75.04 37.00 50.85 45.76 159.79
2061 75.09 10.54 32.45 26.13 85.57
2062 75.08 58.49 78.79 57.68 179.64
2063 75.24 27.67 36.00 40.32 127.08
2064 75.21 45.77 57.09 50.66 161.34
2065 75.13 62.65 75.27 62.82 173.73
2066 75.34 23.22 33.36 35.51 107.14
2067 75.42 33.27 39.24 44.39 143.15
2068 75.35 51.63 67.14 52.64 178.30
2069 75.38 69.66 77.23 68.93 152.71
2070 75.44 25.42 34.90 35.59 109.40
2071 75.44 39.02 46.15 46.95 161.65
2072 75.42 64.92 85.07 62.94 177.22
2073 75.53 85.44 46.18 81.59 60.12
2074 75.38 75.21 81.20 72.76 127.53
2075 75.49 55.09 67.65 55.30 183.65
2076 75.44 16.94 34.48 27.55 99.07
2077 75.73 12.66 30.77 26.90 90.14
2078 75.65 43.55 44.90 45.18 149.11
2079 75.74 72.40 78.55 71.24 146.60
2080 75.64 15.62 33.57 29.79 97.59
2081 75.70 41.08 46.63 47.60 164.36
2082 75.71 57.00 70.07 52.74 191.05
2083 75.73 78.41 69.48 77.13 114.53
2084 75.86 31.03 35.09 37.70 118.19
2085 75.80 67.53 74.99 62.21 159.98
2086 75.74 82.59 54.77 87.40 85.56
2087 75.90 21.09 29.36 31.23 103.41
2088 75.86 49.01 54.86 47.66 161.47
2089 75.92 46.92 49.27 49.54 157.79
2090 76.10 35.30 38.21 38.45 130.70
2091 75.91 61.04 67.16 55.29 180.78
2092 76.14 28.75 33.70 35.21 109.87
2093 76.09 37.40 40.80 41.80 146.82
2094 76.15 53.63 56.07 49.54 168.04
2095 76.20 58.93 56.59 53.41 175.89
2096 76.30 18.42 29.47 29.20 89.68
2097 76.14 83.33 57.64 75.29 83.10
2098 76.20 63.26 66.52 56.40 169.36
2099 76.29 51.66 50.25 47.49 170.08
2100 76.40 80.68 61.59 71.66 105.86
2101 76.45 33.08 39.23 39.05 122.34
2102 76.49 77.15 73.02 74.17 131.12
2103 76.51 26.36 32.51 32.64 97.60
2104 76.42 65.64 68.62 54.71 168.10
2105 76.49 74.81 76.00 66.01 143.47
2106 76.60 41.71 40.12 42.98 142.62
2107 76.62 23.99 29.47 30.91 87.39
2108 76.67 39.49 39.61 36.88 130.41
2109 76.54 55.96 47.39 50.42 173.14
2110 76.62 70.43 71.44 60.34 150.12
2111 76.53 14.96 29.05 25.63 84.00
2112 76.80 45.57 40.72 41.49 130.86
2113 76.72 43.62 38.77 43.18 131.47
2114 76.87 47.78 45.75 41.85 132.40
2115 76.85 50.06 41.84 45.06 152.35
2116 76.55 83.84 48.89 80.00 61.67
2117 76.88 12.39 25.36 22.46 72.11
2118 77.00 84.68 51.89 65.81 64.89
2119 76.89 60.96 51.45 45.91 168.55
2120 76.92 68.14 61.11 54.51 162.64
2121 76.98 30.87 36.81 33.56 101.48
2122 77.03 21.76 30.79 27.31 81.07
2123 77.01 72.81 71.86 57.43 140.53
2124 77.14 57.80 45.37 43.36 160.68
2125 77.10 37.39 42.16 38.37 119.90
2126 77.12 54.24 40.68 44.14 163.30
2127 77.26 28.49 39.15 32.21 85.38
2128 77.24 16.52 26.49 25.93 78.86
2129 77.30 35.01 42.00 37.35 100.17
2130 77.25 63.90 50.20 48.34 171.42
2131 77.38 79.05 64.50 59.55 118.94
2132 77.32 52.29 40.42 41.52 143.71
2133 77.34 82.09 64.90 65.40 98.39
2134 77.46 19.04 29.28 28.30 82.65
2135 77.53 32.74 45.42 32.28 92.32
2136 77.45 66.29 57.12 49.47 177.61
2137 77.56 41.44 44.79 37.28 103.15
2138 77.62 76.25 71.10 58.56 138.80
2139 77.67 26.23 39.04 28.83 76.05
2140 77.78 13.85 25.48 22.75 65.81
2141 77.79 44.04 51.09 39.90 105.78
2142 77.73 49.04 44.19 39.19 121.17
2143 77.74 55.84 39.62 42.34 144.88
2144 77.77 60.17 37.56 43.35 152.68
2145 77.94 24.21 39.04 28.76 72.27
2146 77.86 39.22 48.63 40.51 98.62
2147 77.78 46.49 51.43 42.77 112.92
2148 77.81 70.79 59.90 53.41 150.99
2149 77.99 62.35 40.93 46.20 164.75
2150 77.90 74.59 70.85 54.06 154.12
2151 77.99 36.85 53.86 37.45 93.54
2152 78.13 30.16 44.78 31.18 78.13
2153 78.04 50.98 41.08 43.11 126.19
2154 77.96 73.32 61.23 48.46 145.74
2155 77.98 15.05 24.48 23.67 62.57
2156 78.21 21.84 37.35 26.29 67.10
2157 78.22 68.70 52.10 48.69 154.64
2158 78.21 58.51 36.28 43.77 146.29
2159 78.21 17.03 30.15 24.41 69.54
2160 78.24 53.86 40.20 41.45 127.69
2161 78.30 83.51 54.98 51.89 77.26
2162 78.47 81.24 58.10 50.10 108.81
2163 78.50 42.14 59.81 36.25 87.28
2164 78.44 66.21 44.19 44.67 155.72
2165 78.51 33.07 60.11 34.23 75.54
2166 78.56 27.88 51.49 29.29 65.96
2167 78.58 35.06 57.40 33.09 80.27
2168 78.51 19.58 36.43 26.33 68.17
2169 78.56 48.02 56.80 41.17 100.34
2170 78.67 45.92 58.43 40.21 85.36
2171 78.74 76.85 63.16 52.41 138.44
2172 78.77 79.31 56.08 50.20 128.56
2173 78.72 64.15 37.20 44.08 160.34
2174 78.77 40.30 65.09 35.35 82.59
2175 78.77 72.33 53.29 50.83 150.96
2176 78.76 56.71 38.46 38.82 125.83
2177 78.90 51.90 44.69 39.28 106.99
2178 78.85 14.93 30.38 20.89 57.72
2179 78.92 37.93 69.25 32.31 79.18
2180 78.90 44.00 71.40 37.30 86.58
2181 78.86 60.81 36.06 41.92 147.46
2182 78.83 25.77 51.64 29.02 63.68
2183 79.04 49.79 54.53 39.47 92.68
2184 79.06 12.65 25.78 17.76 46.72
2185 79.02 31.27 58.36 29.78 69.64
2186 79.16 23.29 47.31 25.75 60.64
2187 78.98 18.18 36.25 22.12 60.88
2188 79.21 53.69 46.92 40.22 112.39
2189 79.41 62.63 33.52 39.51 144.57
2190 79.35 69.87 42.35 46.72 153.04
2191 79.35 17.09 36.46 23.23 57.53
2192 79.48 29.36 67.01 27.55 60.76
2193 79.34 59.12 38.37 39.74 128.53
2194 79.51 74.81 50.63 43.35 141.20
2195 79.46 67.32 37.07 42.89 153.48
2196 79.28 20.62 49.74 24.89 58.85
2197 79.53 36.27 84.75 32.11 64.53
2198 79.59 55.50 45.76 38.54 105.30
2199 79.63 33.91 76.68 32.07 63.06
2200 79.54 47.69 74.47 37.81 83.39
2201 79.65 19.31 43.70 23.83 59.00
2202 79.78 41.82 87.40 37.62 66.57
2203 79.89 45.99 86.00 39.32 69.60
2204 79.72 26.03 67.34 29.46 65.30
2205 79.72 39.63 88.18 33.82 65.65
2206 79.86 80.48 50.58 41.51 108.74
2207 79.80 65.06 33.67 39.86 141.13
2208 79.78 44.05 86.98 36.67 66.65
2209 79.88 77.78 58.59 43.24 138.03
2210 79.93 51.06 66.97 37.10 84.31
2211 79.94 72.41 40.35 42.73 138.99
2212 79.94 14.86 35.78 17.26 48.91
2213 80.05 31.87 70.27 30.84 53.19
2214 80.14 57.86 41.48 37.00 98.01
2215 80.09 21.92 58.06 23.98 53.10
2216 80.14 53.17 64.77 37.55 93.12
2217 80.13 60.92 37.66 38.33 115.91
2218 80.15 49.33 81.06 37.15 75.80
2219 80.27 27.79 67.97 28.88 53.33
2220 80.33 37.60 101.56 32.50 60.49
2221 80.49 17.02 46.63 20.73 45.14
2222 80.48 63.32 33.96 39.49 122.58
2223 80.50 56.30 51.35 33.56 92.85
2224 80.59 69.99 35.52 42.80 144.05
2225 80.59 67.29 32.18 39.84 134.82
2226 80.56 24.90 60.35 27.93 49.52
2227 80.64 43.24 102.28 34.58 63.47
2228 80.70 34.83 88.20 32.86 55.20
2229 80.73 39.65 108.93 32.05 59.36
2230 80.74 75.66 42.69 39.30 131.73
2231 80.60 19.27 55.32 22.76 45.37
2232 80.77 30.03 74.85 30.22 49.74
2233 80.80 47.86 101.15 34.93 64.35
2234 80.85 54.69 66.08 37.94 82.88
2235 80.98 14.04 42.85 17.86 34.53
2236 80.67 23.67 61.50 24.70 46.00
2237 80.94 45.76 97.03 36.32 63.00
2238 80.89 51.84 82.49 35.05 77.29
2239 81.15 32.48 79.71 30.48 50.41
2240 81.17 41.49 110.68 35.89 54.19
2241 81.11 73.13 35.41 40.29 143.65
2242 81.14 78.64 41.25 38.32 120.26
2243 81.24 49.84 100.32 35.61 63.24
2244 81.40 22.33 62.12 25.43 43.36
2245 81.32 37.16 104.36 31.49 53.48
2246 81.44 25.57 63.20 26.53 45.00
2247 81.43 27.75 65.97 28.11 44.55
2248 81.33 57.93 55.01 35.01 80.33
2249 81.34 19.39 58.61 21.90 41.11
2250 81.48 64.56 38.31 37.36 114.06
2251 81.54 17.12 52.63 19.91 39.49
2252 81.53 44.28 109.94 36.88 59.21
2253 81.60 61.99 44.62 35.97 101.67
2254 81.61 66.65 35.82 35.06 113.54
2255 81.64 53.70 87.99 34.84 73.22
2256 81.73 68.75 31.24 37.19 121.67
2257 81.81 38.85 99.03 33.99 48.44
2258 81.80 46.90 106.23 35.95 57.25
2259 81.78 56.09 68.87 36.14 76.07
2260 81.85 35.51 89.11 32.18 48.86
2261 81.95 71.60 29.37 36.05 121.90
2262 81.94 30.57 70.81 29.85 42.81
2263 81.86 15.08 46.52 18.02 33.02
2264 81.96 74.65 32.96 33.47 127.83
2265 81.88 29.07 71.33 27.51 49.46
2266 82.05 33.13 75.41 31.83 48.28
2267 82.00 60.11 55.65 34.37 89.83
2268 81.95 51.88 98.95 35.16 69.28
2269 82.21 77.27 32.29 33.08 111.09
2270 82.19 40.64 95.61 32.66 48.30
2271 82.23 42.75 91.96 32.82 48.89
2272 82.21 48.92 106.04 33.57 61.70
2273 82.26 20.64 59.71 21.81 41.55
2274 82.41 24.38 59.59 26.38 37.91
2275 82.69 18.96 56.08 22.18 35.69
2276 82.50 22.27 62.30 23.78 42.48
2277 82.51 44.83 97.00 32.97 50.76
2278 82.55 58.27 63.66 32.85 71.93
2279 82.66 26.85 59.48 27.53 40.47
2280 82.64 50.86 102.36 35.87 58.19
2281 82.63 65.06 38.50 35.96 97.78
2282 82.79 67.49 34.05 36.23 105.40
2283 82.78 16.16 48.27 17.44 30.69
2284 82.90 36.79 79.83 30.44 41.90
2285 82.62 54.09 85.04 37.88 61.74
2286 82.80 34.57 71.48 30.28 46.12
2287 82.78 46.71 100.28 32.69 48.94
2288 82.74 62.84 47.47 32.71 84.39
2289 82.93 38.84 77.82 29.65 45.29
2290 82.78 56.53 72.64 35.83 67.20
2291 83.02 70.08 30.87 33.98 111.27
2292 83.02 29.12 55.75 28.89 40.08
2293 83.17 72.71 26.78 31.85 109.59
2294 83.10 75.32 23.68 29.62 105.69
2295 83.05 41.43 77.98 32.67 46.10
2296 83.12 60.82 58.44 35.30 69.37
2297 83.27 49.27 96.57 32.90 53.58
2298 83.36 52.31 91.33 33.98 55.45
2299 83.42 43.95 73.00 32.52 45.06
2300 83.51 23.99 48.73 24.82 37.28
2301 83.51 32.91 57.03 29.54 40.97
2302 83.54 21.15 49.47 21.87 34.47
2303 83.47 55.54 81.92 36.25 58.44
2304 83.70 47.02 83.51 35.90 47.74
2305 83.66 59.00 71.89 36.74 63.87
2306 83.89 39.70 57.51 32.33 41.41
2307 83.50 63.66 41.09 36.55 70.91
2308 83.83 17.99 46.92 18.79 29.94
2309 83.91 64.90 51.89 33.69 78.49
2310 83.86 30.62 49.39 29.42 36.89
2311 83.95 66.90 45.74 31.10 83.40
2312 83.91 27.98 44.05 26.40 37.49
2313 83.99 35.14 53.76 30.03 35.32
2314 83.93 41.77 59.98 28.72 40.09
2315 84.15 57.38 85.04 32.47 53.76
2316 84.14 53.88 86.97 33.39 53.07
2317 84.21 68.96 38.58 33.04 86.15
2318 84.26 76.45 19.20 25.52 88.77
2319 83.81 19.84 51.38 19.12 29.12
2320 84.12 37.23 51.20 30.24 38.87
2321 84.31 61.20 69.29 34.24 61.05
2322 84.29 73.61 27.44 28.00 90.35
2323 84.23 63.02 60.58 35.51 64.91
2324 84.29 51.33 82.74 31.86 50.62
2325 84.29 71.30 33.40 31.32 97.58
2326 84.43 49.36 74.20 31.29 44.82
2327 84.53 21.78 40.38 21.31 33.68
2328 84.44 43.24 57.56 30.76 42.33
2329 84.58 45.13 60.19 31.47 40.03
2330 84.51 31.71 40.23 28.75 35.09
2331 84.74 19.53 39.82 19.47 29.19
2332 84.77 24.11 36.42 23.61 35.48
2333 84.76 46.94 71.44 32.32 42.19
2334 84.66 33.07 40.90 25.64 36.36
2335 84.78 55.71 80.98 33.33 52.21
2336 84.81 34.55 37.13 26.33 31.53
2337 84.79 59.06 79.22 32.64 58.34
2338 84.89 29.63 33.31 26.80 34.55
2339 84.98 38.76 38.46 29.31 36.05
2340 85.02 26.46 28.10 24.10 34.67
2341 85.04 40.85 40.83 31.32 36.42
2342 85.16 74.90 22.37 24.63 69.48
2343 85.04 66.46 50.42 31.08 65.51
2344 85.18 36.44 34.76 27.35 34.27
2345 85.19 52.91 80.51 34.08 49.29
2346 85.22 63.91 66.49 33.34 63.31
2347 85.33 33.23 29.62 27.74 31.77
2348 85.36 43.03 43.20 30.48 35.80
2349 85.50 50.63 56.57 31.76 42.63
2350 85.46 69.07 46.30 32.73 63.93
2351 85.46 48.07 52.67 30.54 40.97
2352 85.40 71.97 36.17 26.11 82.39
2353 85.51 27.25 24.39 22.05 34.07
2354 85.62 57.33 72.15 32.32 47.33
2355 85.73 21.52 23.48 19.04 29.62
2356 85.70 31.23 27.09 28.10 33.27
2357 85.61 61.68 72.86 32.71 51.16
2358 85.67 55.20 65.02 34.20 45.18
2359 85.68 45.39 39.44 30.50 37.58
2360 85.78 28.76 24.79 26.97 32.68
2361 85.92 19.18 21.76 18.46 25.99
2362 86.02 23.58 21.48 21.72 27.53
2363 85.93 39.20 28.29 30.85 35.46
2364 85.99 41.60 26.98 34.56 32.19
2365 86.00 59.52 74.90 36.12 48.62
2366 86.12 65.58 65.92 31.69 52.72
2367 86.33 67.69 58.83 28.49 55.66
2368 86.07 25.25 23.04 22.46 31.93
2369 86.14 37.07 24.69 30.06 33.00
2370 86.01 53.96 56.56 31.85 42.97
2371 86.14 44.14 24.88 37.88 30.31
2372 86.44 71.28 42.35 25.95 56.24
2373 86.61 73.52 29.23 23.68 45.39
2374 86.51 47.02 31.87 32.64 34.90
2375 86.44 53.10 44.83 29.54 38.98
2376 86.64 34.06 22.87 31.36 29.71
2377 86.37 26.46 22.34 23.38 29.91
2378 86.30 63.84 67.66 32.34 46.20
2379 86.52 40.40 24.60 31.75 31.11
2380 86.71 43.14 26.06 29.30 31.34
2381 86.66 51.13 39.11 31.68 38.02
2382 86.48 45.12 24.20 27.80 36.00
2383 86.73 28.67 21.64 26.20 31.83
2384 86.58 57.81 59.84 30.76 42.42
2385 86.97 21.66 16.38 18.83 23.49
2386 86.75 56.01 49.82 33.64 42.18
2387 86.92 63.13 67.11 30.94 45.92
2388 86.75 30.66 17.65 24.74 29.24
2389 86.71 36.44 21.87 33.52 25.81
2390 86.96 19.78 15.08 16.75 22.08
2391 86.96 54.66 41.97 33.34 38.37
2392 87.31 59.38 64.33 33.62 41.92
2393 87.23 26.36 18.14 21.94 28.34
2394 87.22 37.89 23.06 29.06 28.58
2395 87.33 49.25 26.14 32.52 35.81
2396 87.40 65.76 64.68 30.32 47.49
2397 87.12 32.34 19.25 28.58 28.33
2398 87.09 35.88 19.71 31.57 25.57
2399 87.30 41.29 21.32 30.85 32.00
2400 87.33 31.36 20.12 26.76 29.06
2401 87.74 53.15 27.99 32.78 34.50
2402 87.66 67.81 59.32 26.41 41.81
2403 87.58 33.26 19.90 25.07 28.26
2404 87.75 57.33 48.76 32.25 37.56
2405 87.48 61.52 63.21 32.21 36.85
2406 87.62 39.89 21.54 30.23 27.54
2407 87.45 42.91 19.73 32.27 30.36
2408 87.70 71.75 39.55 22.32 35.26
2409 87.63 25.13 20.62 27.92 23.62
2410 87.82 50.89 24.33 31.53 34.79
2411 87.98 28.58 18.66 25.46 27.47
2412 87.75 69.50 54.60 24.96 40.04
2413 88.03 55.53 38.30 33.61 36.61
2414 87.82 24.09 16.27 24.09 22.68
2415 87.86 42.09 21.46 33.24 24.70
2416 88.13 22.55 13.22 16.88 21.84
2417 88.16 63.97 59.57 31.73 36.28
2418 87.93 32.01 18.19 28.38 26.12
2419 87.99 38.29 20.27 30.88 27.58
2420 88.05 30.42 16.85 26.30 27.94
2421 88.14 62.05 57.32 30.60 40.72
2422 88.06 48.27 21.69 27.12 35.38
2423 88.47 45.29 19.51 32.56 28.21
2424 88.36 25.41 17.31 20.80 24.39
2425 88.42 69.89 53.56 22.90 35.92
2426 88.57 60.06 50.02 30.15 36.19
2427 88.59 37.35 18.35 32.22 27.21
2428 88.73 41.66 19.85 30.08 28.10
2429 88.55 27.51 19.15 27.07 23.89
2430 88.51 66.14 58.55 28.69 35.04
2431 88.58 48.48 21.84 30.66 30.61
2432 88.84 30.63 18.59 24.61 26.46
2433 88.49 46.85 18.10 34.50 23.20
2434 88.74 52.50 21.65 32.23 32.72
2435 88.88 23.92 14.24 20.47 19.40
2436 88.77 33.65 17.85 28.58 25.79
2437 88.96 50.90 20.23 31.09 29.64
2438 88.97 58.11 35.22 31.25 35.78
2439 88.92 54.52 22.27 33.33 31.69
2440 89.20 62.29 44.44 29.90 29.14
2441 89.21 68.62 51.03 22.99 29.26
2442 89.18 56.55 27.06 31.71 33.67
2443 89.10 26.07 14.00 22.66 21.28
2444 89.37 64.45 52.91 27.79 32.15
2445 89.32 35.59 18.89 30.73 24.84
2446 89.21 66.79 59.03 23.85 35.24
2447 89.49 48.38 21.06 31.54 27.99
2448 89.32 27.99 17.17 24.54 25.35
2449 89.41 44.70 18.47 31.04 26.31
2450 89.64 22.86 11.58 20.49 15.14
2451 89.59 40.26 19.52 30.00 24.25
2452 89.67 32.15 18.22 26.11 23.90
2453 89.61 37.21 17.58 29.05 25.15
2454 89.76 55.70 21.00 26.85 32.92
2455 89.72 60.40 32.11 28.63 34.49
2456 90.11 27.51 15.34 23.52 21.01
2457 89.97 54.30 20.89 34.60 26.43
2458 89.81 57.22 25.00 34.62 32.25
2459 90.00 34.93 19.89 29.42 21.68
2460 90.20 57.82 21.50 29.70 32.76
2461 90.12 36.13 18.36 28.57 26.79
2462 90.22 37.64 19.71 31.00 24.48
2463 90.40 43.76 17.29 30.22 25.46
2464 90.30 47.96 16.86 31.54 27.82
2465 90.60 49.91 18.17 30.88 26.03
2466 90.55 59.53 22.17 27.45 30.58
2467 90.75 64.84 39.65 24.63 27.25
2468 90.39 66.92 44.10 22.06 24.96
2469 90.51 33.27 16.95 26.85 23.82
2470 90.66 41.29 16.56 27.95 26.64
2471 90.61 35.10 19.00 28.88 23.73
2472 90.75 28.00 12.28 26.06 18.06
2473 91.11 37.38 16.61 28.97 22.96
2474 90.99 45.53 19.34 30.32 26.45
2475 90.94 54.05 17.69 31.59 27.13
2476 90.86 29.22 15.89 25.61 21.06
2477 91.02 47.75 17.86 31.95 26.88
2478 90.99 51.87 19.84 30.61 28.26
2479 91.09 39.22 18.61 29.98 24.05
2480 91.16 55.91 18.76 31.95 22.92
2481 91.05 31.53 15.00 25.48 20.56
2482 91.21 27.10 13.45 22.42 17.82
2483 91.43 57.79 18.97 28.09 28.48
2484 91.42 61.35 20.76 24.81 26.73
2485 91.31 35.25 19.60 30.20 21.49
2486 91.44 30.67 15.70 25.31 22.31
2487 91.42 43.88 19.15 29.44 25.63
2488 91.44 33.76 16.88 27.43 21.24
2489 91.37 46.58 15.78 34.11 20.78
2490 91.73 63.26 20.55 24.58 23.16
2491 91.49 40.28 18.22 29.94 24.72
2492 91.62 53.94 19.00 31.45 26.19
2493 91.86 26.26 13.54 19.80 16.91
2494 91.95 32.92 17.04 23.76 23.00
2495 92.16 35.93 17.63 27.39 23.00
2496 92.15 37.90 15.59 28.52 24.70
2497 92.08 44.29 18.03 30.79 24.28
2498 92.48 52.88 16.90 30.40 24.69
2499 92.24 54.94 17.53 29.35 26.02
2500 92.34 59.75 17.26 26.24 23.67
2501 92.38 42.47 17.90 31.08 23.20
2502 92.51 65.18 17.39 20.57 18.05
2503 92.47 62.38 15.12 22.46 24.73
2504 92.70 32.42 16.13 25.06 20.18
2505 92.65 49.21 17.80 31.92 23.40
2506 92.63 61.17 14.55 26.36 21.09
2507 92.78 34.61 16.11 25.28 22.76
2508 92.71 27.55 10.92 20.35 16.81
2509 92.99 63.69 13.85 20.30 17.44
2510 93.03 36.91 17.28 27.47 21.67
2511 92.86 44.11 18.30 29.20 25.42
2512 92.98 58.23 14.88 25.96 20.85
2513 92.93 45.68 18.41 30.62 22.97
2514 93.20 55.68 15.79 27.41 25.59
2515 93.26 48.02 16.43 29.29 24.70
2516 93.76 60.23 12.29 24.28 18.05
2517 93.23 27.90 10.46 21.32 13.78
2518 93.43 29.56 11.97 21.79 16.00
2519 93.28 53.25 16.57 27.75 23.96
2520 93.39 44.29 16.71 31.24 23.00
2521 93.68 54.20 15.22 29.13 20.20
2522 93.64 37.30 19.78 25.00 23.89
2523 93.78 58.18 13.79 24.93 20.95
2524 93.99 44.63 16.61 28.89 22.42
2525 94.09 55.63 14.06 28.67 18.33
2526 94.02 37.82 14.12 25.81 21.12
2527 94.25 39.11 16.13 26.21 22.68
2528 94.21 48.39 16.10 26.28 23.46
2529 94.38 46.08 16.70 28.37 24.04
2530 94.32 40.69 15.83 28.83 21.00
2531 94.36 52.01 14.48 25.20 20.68
2532 94.37 31.98 14.14 21.10 18.31
2533 94.46 42.21 16.35 26.42 18.65
2534 94.79 56.99 13.04 25.46 18.15
2535 94.97 43.42 15.08 26.24 19.76
2536 94.81 32.95 11.45 21.60 16.22
2537 95.24 34.00 11.15 19.38 18.28
2538 95.10 40.60 12.71 27.27 20.57
2539 95.10 51.20 13.92 26.30 19.26
2540 95.08 47.46 13.52 25.65 18.78
2541 95.22 46.18 15.82 25.16 22.11
2542 95.19 53.79 13.56 24.67 17.51
2543 95.62 39.22 12.53 24.14 18.74
2544 95.47 41.76 13.48 25.22 18.26
2545 95.57 56.37 11.39 21.56 16.28
2546 95.67 44.77 13.14 23.53 20.00
2547 95.96 48.37 13.22 22.69 17.39
2548 95.95 42.11 12.50 22.58 19.46
2549 96.01 51.96 13.42 23.46 15.58
2550 96.18 40.85 11.07 24.36 15.64
2551 96.55 46.47 11.97 23.80 16.07
2552 96.47 43.20 12.15 22.50 15.80
2553 96.69 39.51 10.71 20.37 14.27
2554 96.61 52.94 10.37 20.88 13.14
2555 96.86 42.09 10.72 22.32 15.44
2556 97.08 51.10 8.94 20.52 13.54
2557 97.03 49.04 9.90 20.76 14.10
2558 96.89 54.39 8.72 19.79 13.47
2559 97.29 47.73 9.92 21.12 13.38
2560 97.53 44.16 9.72 20.97 13.89
2561 98.24 42.10 8.14 17.16 9.72
2562 98.25 47.88 9.00 18.67 13.10
2563 98.05 43.88 10.15 20.31 12.46
2564 98.58 44.48 9.42 17.48 11.94

