#<Embryo name> <Cleavage cycle> <Temporal class> <Genes>
kw10 14A 5 even-skipped knirps giant

#Quantitative data
#<Nucleus number> <A-P coordinate> <D-V coordinate> <Fluorescence intensity: channel 1 - eve, channel 2 - kni, channel 3 - gt>
0 2.62 53.83 10.85 83.90 6.38
1 2.94 49.01 12.48 96.68 8.52
2 3.23 46.30 14.86 104.27 8.86
3 3.64 52.05 13.69 99.96 8.47
4 3.77 43.75 13.90 98.98 9.43
5 3.94 55.31 14.48 99.67 7.79
6 4.37 49.20 17.24 100.37 10.82
7 4.49 41.22 15.62 97.91 10.87
8 4.57 46.41 16.57 105.48 10.12
9 5.00 54.05 16.23 100.10 10.32
10 5.29 56.74 14.54 92.89 9.04
11 5.07 51.19 16.42 99.77 9.93
12 5.36 43.21 16.13 99.84 10.49
13 5.54 52.09 15.96 101.41 10.91
14 6.02 38.95 14.48 75.01 11.26
15 5.74 48.40 19.47 96.97 12.90
16 5.80 61.29 10.11 74.51 7.49
17 5.75 41.10 16.63 91.48 11.69
18 5.79 59.22 15.12 93.46 8.49
19 5.91 45.55 18.60 90.69 13.06
20 6.38 54.12 18.08 96.66 12.18
21 6.58 50.90 18.43 102.05 13.40
22 6.68 36.80 15.68 71.87 11.06
23 6.59 57.78 15.76 103.43 10.24
24 6.73 41.97 18.24 84.05 12.89
25 6.96 61.05 14.24 90.03 8.11
26 7.06 44.77 21.84 85.80 14.17
27 7.20 63.40 10.44 78.24 6.57
28 7.31 34.79 14.05 50.89 11.23
29 7.61 55.91 18.34 103.89 14.62
30 7.45 53.10 19.37 100.21 13.66
31 7.51 47.85 21.21 92.02 13.60
32 7.26 39.03 18.80 54.73 13.20
33 7.77 59.10 17.26 104.19 9.83
34 7.93 38.11 18.37 57.88 12.30
35 8.06 40.00 20.51 62.89 14.64
36 8.05 50.60 19.72 98.25 13.68
37 8.12 53.82 18.59 99.21 13.26
38 8.28 45.77 21.08 82.09 14.98
39 8.51 62.23 14.16 89.88 8.72
40 8.21 36.24 15.71 47.22 12.96
41 8.32 43.12 21.39 70.92 15.12
42 8.62 33.72 14.42 36.35 9.36
43 8.81 64.72 12.53 79.56 8.13
44 8.55 41.08 19.56 58.87 13.69
45 8.70 48.32 21.80 96.49 16.38
46 8.90 57.10 20.44 105.38 13.03
47 8.80 35.72 14.33 37.33 12.41
48 9.05 59.86 16.95 103.07 12.18
49 8.95 52.28 22.33 102.26 15.04
50 9.01 37.71 18.77 51.67 13.19
51 9.00 54.35 22.72 98.53 15.47
52 9.52 42.79 20.25 59.02 14.66
53 9.55 46.13 21.48 71.84 16.05
54 9.34 35.04 15.38 37.52 12.07
55 9.68 39.89 19.47 47.30 14.38
56 9.49 51.52 21.31 92.39 15.26
57 9.67 54.79 20.29 95.37 13.39
58 9.89 66.84 11.25 66.09 7.82
59 9.94 35.94 17.18 33.82 12.32
60 9.98 61.89 18.61 95.50 10.87
61 10.26 57.66 21.77 106.69 14.11
62 10.23 64.12 16.57 79.61 10.08
63 10.12 33.23 15.58 30.61 11.80
64 10.39 50.23 22.29 81.60 15.24
65 10.31 47.65 24.07 69.78 18.22
66 10.47 30.43 13.58 21.93 10.16
67 10.62 44.58 22.72 57.44 16.64
68 10.48 37.79 18.88 37.95 14.73
69 10.78 52.59 21.89 84.86 14.86
70 10.73 59.84 21.33 106.22 12.95
71 11.03 41.95 22.19 47.90 15.09
72 11.05 55.40 21.72 99.10 14.74
73 11.04 39.62 20.42 36.97 16.61
74 11.31 35.65 19.02 30.74 15.10
75 11.10 48.19 21.80 61.59 16.54
76 11.07 66.64 15.25 82.49 9.55
77 11.46 62.15 19.59 100.97 13.82
78 11.66 46.14 23.05 56.55 16.66
79 11.35 60.49 23.30 95.91 12.70
80 11.80 64.48 18.63 98.52 12.65
81 11.61 68.79 12.59 73.34 10.16
82 11.87 57.79 21.36 99.48 15.16
83 11.76 29.88 14.31 23.53 11.56
84 11.69 49.78 25.12 63.16 16.40
85 12.10 43.75 22.30 42.66 16.76
86 12.05 53.22 21.60 74.51 15.61
87 11.86 37.43 21.14 31.08 16.22
88 11.97 39.54 19.33 34.20 16.17
89 12.16 50.65 20.81 57.93 15.60
90 12.20 31.72 17.85 22.15 13.64
91 12.72 60.12 23.27 91.47 16.34
92 12.71 48.18 23.42 50.80 16.81
93 12.91 55.11 22.90 70.81 16.95
94 12.41 32.94 18.46 26.23 16.08
95 12.77 70.68 12.17 68.99 9.84
96 12.63 28.41 13.50 18.87 12.09
97 12.62 30.57 17.19 24.67 13.00
98 12.93 26.42 13.76 19.60 10.97
99 12.80 40.42 22.63 33.08 17.58
100 13.15 45.58 22.90 40.02 17.53
101 12.97 33.70 20.62 27.49 16.54
102 13.18 65.12 18.67 92.00 15.81
103 13.30 62.21 21.73 104.35 16.41
104 13.21 58.13 22.70 82.69 16.54
105 13.64 35.36 20.95 27.48 16.96
106 13.24 67.87 15.08 78.82 11.54
107 13.22 32.07 17.58 25.28 14.49
108 13.52 52.36 21.44 50.98 15.72
109 13.47 39.56 21.52 30.99 17.99
110 13.83 49.37 22.70 42.60 17.74
111 13.46 29.77 17.12 22.71 15.31
112 13.54 37.69 18.88 28.55 17.55
113 13.26 27.19 13.00 22.50 12.25
114 13.59 57.01 21.86 75.63 17.79
115 13.52 27.90 12.85 20.08 14.81
116 13.70 25.53 13.21 19.76 10.93
117 13.96 69.93 16.42 78.23 13.71
118 14.06 72.59 12.83 63.49 9.92
119 13.88 41.76 22.57 34.12 18.78
120 14.02 33.29 21.68 28.09 20.94
121 14.17 43.92 22.11 35.83 17.52
122 14.16 28.30 15.52 22.45 14.00
123 14.07 59.90 20.98 75.98 19.53
124 14.46 65.92 20.38 91.14 19.04
125 14.51 63.68 21.97 88.19 19.36
126 14.45 46.61 23.32 34.61 20.56
127 14.26 55.99 24.19 62.51 21.96
128 14.22 67.56 17.80 81.41 15.66
129 14.41 37.01 22.60 29.11 18.44
130 14.29 39.44 21.71 28.38 19.68
131 14.29 53.92 24.34 50.48 22.61
132 14.31 26.17 12.84 19.94 14.44
133 14.48 30.38 20.39 24.80 16.10
134 14.50 32.20 19.62 27.62 18.50
135 14.61 58.69 23.83 73.63 19.09
136 14.75 51.46 23.20 41.80 20.17
137 14.51 42.35 25.52 32.52 20.06
138 14.42 40.50 24.00 32.00 25.00
139 14.79 61.84 21.94 89.95 21.52
140 14.89 34.04 19.56 26.94 19.31
141 14.95 56.55 22.83 57.02 18.85
142 14.81 70.96 15.86 76.38 18.72
143 14.92 40.19 22.48 29.33 19.88
144 15.10 53.88 24.54 48.43 19.59
145 15.01 24.86 11.73 19.73 13.00
146 15.86 34.61 22.50 28.30 22.56
147 15.33 68.46 19.21 83.45 18.96
148 15.23 29.08 18.80 22.04 21.90
149 15.29 44.95 23.45 31.68 23.67
150 15.30 73.61 13.50 61.83 13.56
151 15.14 38.54 25.47 27.78 20.59
152 15.39 60.67 22.87 78.87 21.77
153 15.38 42.49 24.74 31.71 20.98
154 15.52 27.20 15.79 21.84 19.64
155 15.53 71.05 15.17 77.07 16.04
156 15.54 40.76 21.52 29.81 19.19
157 15.87 58.39 25.30 57.66 31.07
158 15.73 49.68 23.11 34.49 22.94
159 15.78 47.37 27.03 32.55 25.52
160 15.98 65.42 21.83 87.84 24.36
161 15.92 38.02 26.16 28.88 23.66
162 15.97 24.05 13.56 18.61 22.17
163 15.80 55.51 22.96 44.53 30.32
164 16.11 62.88 22.16 82.38 29.47
165 15.88 52.45 24.03 38.06 28.10
166 15.84 39.62 22.93 30.67 22.33
167 16.35 75.41 12.80 60.48 14.17
168 16.16 30.62 19.54 24.87 25.37
169 16.32 25.88 17.41 21.60 26.67
170 16.18 36.14 20.18 27.53 23.82
171 16.41 43.91 22.30 30.25 26.23
172 16.22 28.24 18.57 22.19 30.00
173 16.17 42.30 20.67 31.20 19.47
174 16.52 39.70 23.62 28.75 27.31
175 16.57 72.16 18.60 78.22 20.15
176 16.49 53.46 23.51 37.64 25.43
177 16.62 60.20 23.43 60.42 36.54
178 16.67 69.76 20.59 78.36 23.96
179 16.48 55.36 24.18 40.56 26.51
180 16.90 50.80 24.89 31.91 36.06
181 16.88 28.44 19.00 23.48 29.29
182 17.08 48.49 25.39 29.22 33.98
183 17.10 26.55 18.79 21.09 29.36
184 17.40 32.69 21.92 25.12 31.15
185 17.33 45.64 24.64 28.61 32.33
186 17.44 67.08 21.33 79.69 32.27
187 17.44 30.52 19.78 24.88 35.03
188 17.29 64.48 23.10 73.07 38.18
189 17.39 57.49 24.69 43.31 53.20
190 17.58 22.92 14.32 16.97 41.30
191 17.43 37.41 23.88 26.98 31.81
192 17.52 55.05 24.73 37.40 52.26
193 17.29 43.17 24.00 26.23 31.73
194 17.69 52.77 24.59 33.92 54.83
195 17.84 73.15 18.11 76.22 24.81
196 17.78 76.36 13.78 65.11 17.34
197 17.59 41.30 23.77 25.99 36.91
198 17.82 61.99 23.75 58.83 59.68
199 17.84 34.93 21.78 25.26 32.94
200 17.81 69.82 23.03 82.00 31.83
201 18.27 39.47 23.82 27.00 40.03
202 17.98 25.25 17.30 18.05 42.63
203 18.08 28.65 19.45 24.67 46.55
204 18.05 71.24 19.95 75.00 25.20
205 18.41 47.54 25.66 29.58 52.51
206 18.34 50.44 25.01 29.90 62.50
207 18.36 43.21 24.53 28.10 42.72
208 18.52 59.27 23.31 41.57 85.87
209 18.53 78.47 11.38 56.79 15.53
210 18.66 64.46 23.88 61.27 53.98
211 18.88 56.31 23.99 34.68 96.27
212 19.03 26.67 20.11 23.28 62.85
213 18.98 21.62 14.22 17.29 71.19
214 18.89 33.69 23.86 25.71 50.62
215 18.92 36.28 24.00 27.50 51.40
216 18.99 31.19 20.35 24.23 56.61
217 19.10 45.46 23.77 27.92 62.92
218 18.95 67.18 24.74 71.69 43.39
219 19.00 53.47 26.38 32.03 100.54
220 19.06 71.12 20.66 76.08 33.40
221 19.13 74.76 17.46 75.77 27.03
222 18.85 28.87 20.00 21.11 50.68
223 19.23 24.29 18.26 20.95 75.89
224 19.40 62.06 24.06 42.26 93.56
225 19.18 72.77 20.92 73.82 27.69
226 19.51 38.30 23.84 26.70 60.74
227 19.74 40.71 26.23 28.81 73.29
228 19.50 49.31 26.09 28.82 92.34
229 19.79 77.58 16.20 65.87 24.72
230 19.64 79.49 11.50 54.40 16.29
231 19.63 69.51 20.91 76.88 46.86
232 19.71 43.09 24.69 26.78 77.55
233 20.02 51.64 28.84 28.41 133.47
234 19.98 28.74 21.03 23.45 93.98
235 19.92 59.54 24.45 35.38 123.21
236 20.21 47.32 26.43 29.33 112.45
237 20.06 65.26 23.40 50.29 65.30
238 20.31 54.37 27.05 28.50 150.86
239 20.31 56.88 26.19 33.09 151.46
240 20.25 33.31 23.01 25.08 92.25
241 20.44 20.41 13.32 18.35 98.93
242 20.42 35.82 22.56 25.91 80.69
243 20.42 72.44 20.59 73.26 39.73
244 20.43 22.75 18.29 19.26 112.92
245 20.53 31.00 21.48 24.89 111.16
246 20.64 45.17 26.40 27.52 127.10
247 20.72 67.60 23.87 57.40 59.50
248 20.25 80.18 11.38 55.62 19.38
249 20.64 75.37 17.17 72.51 37.73
250 20.85 24.98 20.03 21.57 123.33
251 20.70 63.31 23.11 41.77 88.37
252 21.02 27.06 20.64 22.81 130.14
253 20.98 49.69 26.30 29.37 148.58
254 20.94 38.07 22.73 27.82 104.49
255 20.74 80.98 12.44 51.59 15.64
256 21.09 42.86 25.91 28.29 129.56
257 21.30 70.02 23.37 66.61 56.73
258 21.20 58.61 25.51 29.14 145.95
259 21.30 61.11 23.57 33.64 127.60
260 21.29 40.13 22.92 26.36 128.63
261 21.24 77.89 18.86 67.31 36.92
262 21.52 52.11 28.42 29.39 180.43
263 21.26 82.41 9.97 46.43 15.19
264 21.63 19.07 14.26 17.26 115.88
265 21.62 29.88 21.18 24.46 142.62
266 21.62 33.20 22.35 24.29 136.97
267 21.69 47.33 26.55 29.02 173.86
268 21.70 54.76 26.61 27.91 186.80
269 21.78 65.92 25.42 42.90 84.36
270 21.83 22.93 17.56 20.12 120.41
271 21.83 72.42 23.14 71.58 49.82
272 21.65 81.06 14.22 56.80 30.86
273 21.86 36.24 23.70 26.59 139.86
274 22.13 56.95 25.25 29.79 175.66
275 21.98 75.53 20.47 71.59 42.69
276 22.06 44.85 24.87 27.61 185.36
277 22.04 63.37 22.98 35.48 104.59
278 22.25 41.93 24.70 27.11 164.68
279 22.35 68.40 25.66 54.13 73.92
280 22.21 80.07 19.16 59.50 31.86
281 22.39 49.38 26.93 26.64 198.72
282 22.60 17.31 13.21 16.63 109.21
283 22.42 27.62 22.01 23.04 160.69
284 22.53 59.95 25.05 29.47 138.65
285 22.62 38.51 26.40 26.58 154.54
286 22.67 20.48 17.04 19.12 136.41
287 22.80 53.15 27.02 27.09 196.52
288 22.82 34.99 22.09 25.36 165.58
289 22.67 83.71 11.76 50.11 21.03
290 22.59 82.29 12.00 56.81 22.88
291 23.17 25.82 21.97 24.52 164.57
292 22.94 30.35 23.18 22.30 175.38
293 23.11 32.58 23.27 23.63 180.38
294 22.77 78.12 21.58 62.63 46.53
295 23.04 72.25 23.86 60.18 65.68
296 22.62 79.34 14.00 61.50 20.50
297 23.23 40.85 26.06 28.17 192.50
298 23.18 45.93 25.37 27.08 192.68
299 23.30 50.92 27.91 28.14 191.25
300 23.16 22.87 17.86 22.06 148.44
301 23.38 55.47 27.82 31.23 186.33
302 23.18 65.19 25.96 32.88 105.51
303 23.14 81.53 14.27 52.58 31.04
304 23.24 62.74 26.50 31.22 126.33
305 23.12 75.15 24.17 65.98 59.32
306 22.92 76.81 21.83 68.50 36.83
307 23.45 69.91 24.99 46.91 75.39
308 23.40 43.53 26.89 28.72 184.28
309 23.49 48.05 27.80 27.12 199.70
310 23.49 57.94 26.86 27.85 173.84
311 23.32 79.91 20.47 58.97 38.50
312 23.67 67.28 26.07 38.42 93.25
313 23.46 77.84 20.44 56.90 34.27
314 23.87 16.42 13.99 16.96 107.93
315 23.97 37.31 25.51 28.84 183.83
316 23.76 19.43 17.21 19.65 133.71
317 23.84 60.66 25.99 28.55 143.25
318 23.90 28.33 22.32 26.11 164.66
319 24.20 39.48 27.26 26.73 196.86
320 24.16 24.61 21.14 23.37 152.75
321 24.04 34.76 24.25 24.59 185.06
322 24.16 53.51 28.02 27.91 188.81
323 24.17 73.66 25.69 59.11 74.93
324 24.13 76.18 28.77 66.40 71.20
325 24.30 30.90 22.88 23.50 182.91
326 24.28 82.07 23.55 55.55 47.58
327 24.18 84.89 12.33 41.50 20.98
328 24.55 22.18 20.68 21.93 139.46
329 24.61 49.17 28.22 28.41 202.47
330 24.41 63.73 25.69 30.74 125.32
331 24.65 41.74 27.16 28.13 208.10
332 24.52 46.23 27.59 27.24 187.72
333 24.51 79.39 30.88 59.01 59.39
334 24.65 71.34 26.25 51.67 94.34
335 24.67 51.49 26.61 28.11 196.54
336 24.71 56.74 28.48 29.39 174.33
337 24.74 43.90 26.20 26.92 200.41
338 24.96 33.00 23.51 24.82 187.44
339 24.82 59.10 30.36 29.71 171.00
340 24.75 68.82 28.75 42.53 101.72
341 24.96 66.01 28.64 35.16 113.29
342 25.16 18.11 18.02 17.24 136.99
343 25.08 61.47 29.42 30.45 152.22
344 25.11 76.98 35.94 57.02 81.40
345 25.25 25.82 21.79 23.38 162.95
346 25.10 28.32 22.34 24.24 173.70
347 25.16 35.84 25.19 26.45 190.34
348 25.15 84.20 29.19 41.60 53.12
349 25.29 54.88 30.70 29.24 179.24
350 25.28 15.45 16.77 17.74 112.10
351 25.46 20.62 21.02 19.19 155.23
352 25.68 37.74 26.57 25.30 185.14
353 25.53 81.25 46.63 44.49 73.51
354 25.67 47.58 28.89 27.67 183.96
355 25.52 73.32 34.73 46.13 103.11
356 25.68 30.83 23.68 24.28 174.75
357 25.66 40.20 27.35 27.15 195.39
358 25.79 52.85 29.58 27.76 182.28
359 25.65 63.49 30.57 32.76 135.16
360 25.85 50.11 29.71 27.96 186.08
361 25.85 23.67 22.21 21.00 152.16
362 25.99 45.47 29.22 29.59 198.95
363 25.83 68.16 31.53 40.43 118.11
364 25.98 43.03 27.95 27.45 195.63
365 26.00 57.88 29.22 28.11 168.79
366 26.08 78.10 68.01 45.00 101.12
367 26.06 70.79 38.72 42.66 114.47
368 26.08 34.45 27.29 25.76 181.96
369 26.15 60.11 31.72 29.34 157.01
370 26.09 85.63 60.28 30.18 66.26
371 26.26 75.28 52.83 46.17 105.33
372 26.37 55.79 30.66 29.77 183.77
373 26.35 66.13 32.07 39.01 136.21
374 26.36 14.21 16.69 17.85 97.06
375 26.38 29.04 24.57 23.10 184.20
376 26.56 26.55 23.83 23.18 169.87
377 26.66 32.53 25.49 24.60 179.36
378 26.68 16.59 20.41 18.02 127.10
379 26.63 19.18 21.97 19.97 147.20
380 26.74 82.89 101.53 27.71 94.69
381 26.74 39.09 27.40 24.36 180.64
382 26.74 63.97 37.56 41.27 159.59
383 26.73 21.83 24.86 21.68 160.47
384 26.90 61.68 32.80 39.49 164.98
385 26.84 79.73 116.11 32.47 113.14
386 26.92 36.37 28.84 25.86 188.62
387 26.82 51.67 28.68 29.06 194.13
388 26.88 48.75 30.39 27.86 184.99
389 26.98 73.27 63.98 40.90 127.30
390 26.99 41.38 26.70 28.39 179.07
391 26.75 85.88 62.96 25.69 72.15
392 26.99 68.47 46.56 44.47 140.23
393 27.27 54.08 31.83 30.93 179.46
394 27.24 43.66 28.80 27.11 183.20
395 27.18 24.22 24.45 24.32 168.13
396 27.16 58.87 35.79 35.66 177.54
397 27.27 46.22 29.58 29.74 174.16
398 27.44 30.83 23.93 25.99 178.19
399 27.48 34.24 26.68 26.44 174.33
400 27.44 56.57 30.81 30.70 179.14
401 27.43 70.64 62.10 43.60 144.38
402 27.40 76.32 124.53 28.32 132.83
403 27.48 14.04 24.70 17.58 119.32
404 27.60 28.46 27.61 23.98 170.79
405 27.62 65.80 45.28 45.65 156.49
406 27.83 86.63 98.84 17.57 87.80
407 27.90 37.82 27.52 26.92 180.15
408 27.82 51.51 32.19 31.26 198.16
409 27.90 84.06 140.72 21.47 129.64
410 27.88 18.69 30.17 21.25 157.37
411 28.00 21.57 29.61 23.97 161.47
412 28.01 40.21 29.72 26.35 190.22
413 27.98 63.30 42.40 46.67 181.43
414 28.04 26.27 28.50 24.16 181.70
415 27.94 48.61 30.87 30.08 183.44
416 28.10 61.08 39.64 52.16 181.70
417 28.21 81.56 174.78 21.62 144.90
418 28.06 78.61 176.68 24.38 150.58
419 28.32 16.23 37.91 19.09 142.24
420 28.15 67.94 103.51 42.01 176.17
421 28.29 32.52 29.40 27.16 181.99
422 28.23 44.98 32.83 32.15 191.73
423 28.25 59.10 37.28 42.87 173.97
424 28.30 72.24 129.77 31.94 175.99
425 28.54 74.39 168.43 24.94 163.32
426 28.40 35.59 29.32 28.98 185.01
427 28.44 42.50 32.63 30.58 179.60
428 28.51 24.23 36.20 24.72 183.83
429 28.51 53.18 34.78 36.02 185.74
430 28.61 55.07 36.19 39.36 192.45
431 28.55 57.04 36.13 39.51 184.35
432 28.64 13.33 48.40 16.90 146.40
433 28.70 50.51 33.32 34.40 193.71
434 28.81 69.85 158.34 29.94 179.15
435 28.76 29.19 29.93 26.52 181.90
436 28.79 65.07 87.28 42.40 195.57
437 29.03 76.90 188.41 22.16 172.07
438 28.99 48.23 36.61 34.65 193.29
439 29.08 19.73 50.64 22.82 177.88
440 29.14 46.22 34.39 34.76 189.05
441 29.20 88.24 68.50 13.40 114.40
442 29.11 40.41 34.62 29.26 191.09
443 29.20 84.21 128.24 16.99 144.32
444 29.22 31.33 36.71 29.68 194.71
445 29.10 38.11 34.55 32.00 188.04
446 29.17 26.80 37.89 25.82 185.67
447 29.27 33.83 38.77 28.81 189.07
448 29.22 62.81 72.00 42.23 200.46
449 29.35 22.40 50.10 25.86 191.39
450 29.35 43.90 37.07 31.89 192.79
451 29.28 60.68 64.10 48.70 203.64
452 29.34 66.92 174.80 30.51 198.31
453 29.41 86.86 108.75 14.61 119.75
454 29.32 79.88 169.50 19.43 177.79
455 29.39 58.52 53.16 49.29 197.96
456 29.60 17.27 78.02 20.61 178.59
457 29.55 36.02 37.68 32.61 196.29
458 29.66 52.32 42.59 39.96 204.49
459 29.64 11.53 73.28 16.98 130.31
460 29.64 71.92 192.77 25.93 200.24
461 29.73 54.25 46.10 56.82 202.72
462 29.80 14.63 90.07 19.76 167.68
463 29.71 56.43 52.26 46.47 191.98
464 29.74 50.39 43.03 45.53 204.20
465 29.91 24.46 67.31 29.47 193.76
466 29.97 41.79 40.48 33.36 198.33
467 29.97 74.90 200.68 21.91 200.08
468 29.90 29.61 48.30 30.00 205.64
469 29.91 64.46 167.96 34.16 214.71
470 29.95 68.93 204.55 28.07 206.75
471 30.12 48.63 47.25 40.48 207.14
472 30.18 82.09 130.40 17.85 163.25
473 30.15 39.17 43.68 37.50 198.88
474 30.27 32.43 50.71 27.45 190.26
475 30.30 20.73 102.50 22.43 198.21
476 30.28 46.60 46.03 36.22 208.59
477 30.25 26.71 74.76 27.21 202.47
478 30.36 61.72 150.55 39.23 222.90
479 30.39 78.04 159.17 20.74 182.10
480 30.36 59.67 113.31 38.84 218.65
481 30.57 85.50 81.66 15.69 142.07
482 30.56 36.94 55.32 41.99 202.98
483 30.50 44.55 47.33 31.55 198.39
484 30.61 34.72 62.06 31.87 205.21
485 30.60 66.19 205.33 27.63 221.08
486 30.82 88.32 46.43 12.55 116.30
487 30.70 57.62 108.70 41.08 222.51
488 30.84 18.56 122.59 22.78 201.97
489 30.68 55.38 87.45 47.18 221.60
490 30.72 72.98 203.38 23.41 220.05
491 30.99 13.01 118.21 18.43 181.30
492 30.90 22.74 140.10 24.04 213.22
493 30.83 53.23 92.83 48.81 219.78
494 30.86 28.91 93.30 29.28 217.92
495 31.00 70.71 201.37 23.21 226.23
496 30.84 50.99 70.41 46.72 214.10
497 30.85 63.47 211.88 31.55 234.60
498 31.15 15.90 130.01 20.90 196.56
499 31.02 42.34 58.72 35.98 205.62
500 31.03 68.34 222.14 24.77 221.33
501 31.27 80.63 89.20 17.59 171.67
502 31.19 30.96 101.67 25.34 220.87
503 31.15 40.24 65.18 37.72 204.03
504 31.32 75.56 140.38 21.21 205.45
505 31.45 24.61 154.29 26.78 214.42
506 31.19 48.65 77.16 40.19 222.30
507 31.44 83.38 80.46 16.07 159.76
508 31.45 38.24 95.45 33.38 218.19
509 31.40 26.83 144.92 26.94 225.06
510 31.56 32.86 125.01 27.15 219.51
511 31.51 46.55 85.03 34.48 217.52
512 31.47 59.20 195.47 30.65 230.24
513 31.64 64.90 205.48 27.65 238.21
514 31.68 10.68 99.75 16.96 160.52
515 31.61 62.01 208.40 31.84 235.57
516 31.70 44.44 91.31 30.15 218.05
517 31.66 56.64 177.42 32.07 237.54
518 31.78 77.98 92.90 18.29 188.86
519 31.84 21.08 142.26 21.37 213.13
520 31.86 34.89 134.74 29.60 225.94
521 31.90 52.67 169.72 31.82 236.97
522 31.85 54.71 179.82 32.97 235.43
523 31.86 73.08 145.86 21.66 213.74
524 31.93 66.93 203.30 26.63 236.44
525 32.01 50.65 169.82 34.73 234.30
526 32.23 87.38 39.00 13.54 110.81
527 32.18 18.49 151.70 22.71 206.00
528 32.06 29.08 168.19 25.38 228.46
529 32.15 69.05 181.87 24.67 234.19
530 32.20 36.73 167.33 31.83 225.89
531 32.16 42.33 125.07 28.64 232.42
532 32.37 90.35 32.27 11.21 67.90
533 32.26 60.41 219.54 28.26 236.91
534 32.37 48.53 188.86 31.93 231.73
535 32.36 84.59 48.92 16.24 152.67
536 32.37 40.18 166.14 30.72 230.73
537 32.57 13.10 105.81 19.83 182.52
538 32.52 15.80 130.54 21.23 200.94
539 32.62 23.39 169.58 24.13 223.35
540 32.72 30.88 187.83 26.07 224.74
541 32.59 63.83 200.66 27.41 239.84
542 32.68 70.91 123.59 22.46 225.55
543 32.67 80.47 54.52 17.75 157.48
544 32.53 26.46 171.97 24.49 231.44
545 32.55 57.82 204.36 28.38 242.67
546 32.62 46.07 194.87 31.14 233.95
547 32.77 75.39 73.55 20.38 185.11
548 32.95 32.83 187.80 25.48 228.18
549 32.92 38.40 195.01 29.44 236.69
550 32.93 55.75 219.22 30.59 243.02
551 32.96 66.39 150.35 26.12 233.29
552 33.02 43.74 193.55 30.50 234.28
553 33.02 53.75 212.84 28.67 247.02
554 33.03 61.82 196.18 26.25 241.40
555 33.08 51.67 213.14 28.76 238.11
556 33.15 77.81 56.12 19.53 163.17
557 33.34 82.69 44.58 16.26 134.74
558 33.05 35.09 194.73 27.49 231.68
559 33.15 73.10 76.14 21.98 212.55
560 33.14 20.81 137.06 22.49 216.74
561 33.38 10.63 78.90 18.21 166.33
562 33.30 28.45 186.40 26.49 236.66
563 33.25 59.54 205.11 28.59 245.38
564 33.40 49.54 218.19 29.47 240.94
565 33.47 85.86 41.93 15.70 108.96
566 33.37 41.55 214.95 28.48 238.16
567 33.41 68.77 106.38 24.14 226.38
568 33.57 18.54 124.23 25.03 218.56
569 33.49 25.26 166.97 23.84 230.22
570 33.52 47.30 219.89 29.71 244.12
571 33.49 89.00 43.55 13.13 75.17
572 33.72 57.75 189.99 28.66 234.84
573 33.71 64.82 117.95 24.46 240.96
574 33.82 16.18 89.64 20.60 197.02
575 33.84 36.81 203.69 28.10 237.25
576 33.87 45.10 219.52 28.32 246.47
577 34.10 22.44 119.40 21.97 212.60
578 34.03 39.33 194.76 29.31 243.15
579 34.12 30.09 180.22 24.08 230.26
580 34.13 62.77 119.98 24.33 240.82
581 33.96 71.23 71.04 22.54 213.46
582 34.20 13.60 62.54 20.87 169.06
583 34.09 55.63 192.88 28.43 245.04
584 34.17 32.16 182.47 26.81 232.91
585 34.15 53.41 216.96 28.86 245.25
586 34.23 34.64 188.97 26.11 234.66
587 34.39 66.88 73.75 23.86 221.36
588 34.20 74.52 53.04 20.18 175.05
589 34.28 91.14 60.20 11.66 37.59
590 34.22 60.43 157.94 26.38 236.60
591 34.40 80.66 44.12 17.14 124.40
592 34.35 27.31 166.74 24.60 228.48
593 34.29 51.15 216.92 29.06 244.03
594 34.09 88.14 49.61 12.53 66.08
595 34.50 8.58 42.38 16.86 127.30
596 34.32 77.94 44.80 19.24 149.47
597 34.47 41.41 203.91 29.11 237.46
598 34.64 43.51 198.51 30.13 244.12
599 34.64 83.58 49.19 17.43 91.69
600 34.65 19.91 87.32 21.95 205.45
601 34.57 24.68 140.71 23.88 228.13
602 34.66 49.21 211.31 30.18 242.30
603 34.70 69.06 60.42 22.18 209.21
604 34.68 47.01 207.03 28.23 242.33
605 34.83 57.32 113.22 26.75 241.29
606 34.91 86.27 61.63 16.36 69.35
607 34.91 11.31 47.70 19.37 162.49
608 34.85 64.94 77.69 22.99 230.48
609 34.96 37.51 175.11 27.68 240.25
610 34.98 71.99 50.67 23.10 191.12
611 35.07 16.43 59.22 22.12 180.02
612 35.19 75.98 41.80 19.31 145.15
613 35.39 89.02 93.23 14.50 40.39
614 35.13 54.64 167.47 28.21 244.38
615 35.24 59.26 95.62 23.97 241.09
616 35.18 33.19 158.84 24.76 240.84
617 35.21 61.40 82.42 24.49 231.99
618 35.29 28.87 122.48 24.67 229.57
619 35.32 52.26 166.18 28.08 243.42
620 35.44 45.24 175.39 28.57 238.26
621 35.47 39.81 150.43 27.98 237.03
622 35.68 30.88 113.90 25.37 223.55
623 35.60 35.34 133.67 26.00 232.82
624 35.60 63.51 58.57 23.95 227.08
625 35.61 78.65 48.11 18.84 107.98
626 35.59 26.45 93.00 22.44 217.19
627 35.60 23.79 82.52 23.23 204.13
628 35.78 42.15 138.42 28.51 239.45
629 35.85 21.21 61.27 23.30 191.83
630 35.88 67.82 52.46 23.55 200.65
631 35.90 18.69 51.52 20.71 179.68
632 35.77 50.24 156.94 28.94 243.94
633 35.86 73.66 42.40 21.52 145.33
634 35.89 81.33 64.96 18.89 81.76
635 35.93 13.19 39.76 19.71 152.68
636 35.89 56.25 93.03 25.19 237.48
637 35.82 70.15 47.22 22.83 187.59
638 35.85 9.26 34.00 17.05 120.98
639 35.84 47.78 141.15 27.77 241.50
640 36.10 83.66 84.80 17.61 53.38
641 35.98 65.65 51.49 24.28 207.61
642 36.11 53.69 100.88 24.60 242.34
643 36.24 58.20 64.46 26.06 232.53
644 36.25 37.66 103.67 27.56 229.26
645 36.13 10.76 31.08 16.30 124.05
646 36.33 15.95 42.32 21.71 163.34
647 36.30 86.47 116.47 17.00 45.21
648 36.39 32.76 88.01 23.61 233.28
649 36.40 60.23 54.88 25.85 227.15
650 36.38 62.18 53.85 26.25 222.94
651 36.45 44.12 103.32 27.52 237.22
652 36.50 76.36 56.74 18.82 110.44
653 36.60 28.70 71.02 24.51 210.38
654 36.57 91.63 115.61 12.83 23.01
655 36.75 23.02 54.24 22.91 184.06
656 36.74 40.23 79.52 27.43 229.62
657 36.88 7.59 24.41 18.23 80.20
658 36.69 25.67 60.24 24.47 200.91
659 36.84 46.26 97.43 27.26 239.00
660 36.70 71.45 50.90 22.17 144.33
661 36.92 50.70 78.75 26.73 228.64
662 36.84 79.01 86.41 18.83 73.18
663 36.76 35.09 82.57 25.08 226.00
664 36.99 54.89 60.25 26.78 231.35
665 37.13 88.25 145.85 15.01 29.23
666 37.00 48.47 87.19 27.74 233.12
667 37.01 64.12 48.13 25.13 198.45
668 36.99 90.69 125.15 13.20 20.89
669 37.12 52.77 70.26 27.06 233.99
670 37.17 30.82 64.00 23.46 215.68
671 37.01 66.64 47.72 22.56 184.18
672 37.16 69.04 45.93 21.78 154.09
673 37.12 11.25 32.56 20.26 116.53
674 37.12 57.22 55.95 26.63 219.45
675 37.10 74.10 56.35 20.40 106.37
676 37.09 19.09 41.27 22.53 148.65
677 37.26 42.29 75.98 27.91 232.40
678 37.41 14.03 42.20 22.01 150.41
679 37.49 81.45 131.06 18.89 43.53
680 37.44 84.39 151.60 18.04 34.63
681 37.56 21.41 45.87 22.62 152.78
682 37.44 38.11 67.19 27.73 225.33
683 37.44 59.81 50.06 26.34 206.15
684 37.39 92.95 79.60 12.29 12.07
685 37.53 16.77 40.30 20.30 132.76
686 37.62 27.11 55.27 21.63 189.83
687 37.53 62.07 54.01 26.39 202.10
688 37.68 33.11 56.16 24.67 199.34
689 37.79 35.71 56.58 25.62 207.61
690 37.81 76.37 104.39 20.63 66.19
691 37.77 71.88 67.49 23.21 101.47
692 37.80 24.61 44.95 22.26 155.08
693 37.82 44.41 64.34 28.83 228.68
694 38.00 9.31 36.45 19.42 83.68
695 37.90 65.35 53.28 25.18 162.81
696 37.72 19.17 36.71 19.00 105.18
697 38.06 28.98 55.91 24.92 182.74
698 38.07 40.32 63.68 28.31 218.06
699 37.96 55.93 53.18 28.64 210.93
700 38.00 46.94 61.63 25.42 218.26
701 38.14 49.36 55.88 26.24 218.96
702 38.13 78.79 159.88 19.83 44.67
703 38.18 90.40 127.13 13.34 17.14
704 38.23 51.53 51.24 27.81 207.51
705 38.26 67.39 59.77 22.42 118.80
706 38.23 58.27 51.43 24.49 190.94
707 38.30 69.58 78.90 22.32 107.48
708 38.32 53.76 53.21 26.78 204.90
709 38.39 74.25 127.08 21.57 61.69
710 38.36 86.53 172.08 17.32 25.21
711 38.53 11.96 41.42 19.28 81.79
712 38.62 6.92 41.57 15.08 52.29
713 38.54 31.07 51.76 25.22 163.19
714 38.57 62.40 58.00 24.79 145.56
715 38.68 93.34 90.51 12.23 10.44
716 38.53 15.56 46.33 21.53 94.97
717 38.65 20.59 53.72 22.81 102.21
718 38.64 23.35 48.34 21.68 106.59
719 38.67 42.59 57.69 26.07 197.53
720 38.66 38.22 55.59 27.64 202.55
721 38.77 64.15 66.76 24.99 133.10
722 38.69 60.26 63.04 25.38 162.01
723 38.82 83.04 164.62 17.58 27.14
724 38.89 18.20 51.82 22.64 90.16
725 38.83 33.51 53.99 23.31 167.60
726 38.87 26.24 52.07 23.98 124.37
727 38.92 45.10 56.92 28.58 195.48
728 38.96 35.81 58.43 26.17 177.99
729 38.94 72.08 149.21 23.15 58.68
730 39.09 80.37 172.64 18.82 31.98
731 38.99 56.08 64.03 28.42 176.17
732 39.17 77.04 174.26 20.38 38.62
733 39.21 47.33 59.89 27.72 191.38
734 39.24 65.82 115.22 25.33 96.25
735 39.42 88.61 139.49 14.59 16.44
736 39.40 28.40 63.60 24.49 121.11
737 39.37 40.62 62.24 27.26 168.64
738 39.34 49.79 64.37 25.59 166.69
739 39.30 52.02 68.67 25.50 169.81
740 39.41 69.91 165.90 23.25 58.34
741 39.30 84.96 167.56 19.67 18.54
742 39.48 9.41 59.83 18.36 46.36
743 39.47 13.61 71.58 21.75 64.40
744 39.61 67.70 174.39 25.12 66.01
745 39.53 54.08 83.40 26.38 149.49
746 39.40 58.19 88.27 25.21 138.76
747 39.45 91.49 96.88 12.95 11.07
748 39.62 86.07 158.32 18.27 20.86
749 39.63 61.64 136.90 26.00 101.55
750 39.69 74.59 182.88 22.34 37.46
751 39.73 23.37 87.79 23.11 76.13
752 39.67 30.74 77.05 24.41 116.47
753 40.04 6.25 57.25 16.56 26.60
754 39.71 16.11 82.93 23.56 53.36
755 39.78 20.62 90.73 22.30 63.00
756 39.73 37.87 74.75 26.47 145.19
757 39.84 43.51 74.76 28.44 153.12
758 39.96 32.96 100.45 25.65 106.22
759 39.97 59.85 148.67 24.27 89.15
760 40.15 94.27 59.64 11.64 8.91
761 39.96 63.70 146.80 25.26 80.70
762 40.07 25.63 98.24 23.85 76.59
763 40.06 35.24 94.58 24.73 109.04
764 40.18 78.74 162.60 18.96 25.81
765 40.14 56.19 159.03 27.08 100.09
766 40.15 72.10 195.35 23.64 35.33
767 40.35 81.28 141.11 18.68 21.08
768 40.18 45.66 105.25 29.79 137.60
769 40.26 91.11 95.24 13.23 11.54
770 40.40 11.40 96.42 20.22 36.87
771 40.30 18.21 102.53 22.62 49.10
772 40.24 48.12 106.01 25.96 127.00
773 40.46 83.81 138.96 19.48 18.00
774 40.44 52.18 149.28 27.13 101.82
775 40.41 65.71 194.22 23.34 56.76
776 40.45 41.44 106.88 28.96 121.54
777 40.56 69.56 196.03 25.04 41.06
778 40.56 39.10 110.86 25.16 103.47
779 40.60 76.37 172.54 22.13 26.31
780 40.67 58.10 194.05 28.56 68.27
781 40.68 86.26 124.22 16.51 15.08
782 40.77 27.30 123.72 24.16 59.35
783 40.71 29.52 120.88 25.13 64.47
784 40.72 50.14 160.67 27.87 90.58
785 40.65 54.22 175.17 27.85 83.35
786 40.87 8.83 92.79 19.07 27.03
787 40.80 22.15 130.28 24.03 42.34
788 40.60 87.64 114.60 16.20 15.70
789 40.84 14.04 99.00 20.76 31.62
790 40.78 62.32 189.83 24.94 57.52
791 40.94 67.67 213.76 25.42 41.45
792 41.05 31.81 143.00 27.16 56.43
793 41.12 4.95 67.30 16.79 15.00
794 41.02 36.80 154.72 27.48 72.18
795 41.02 60.29 207.41 25.94 53.20
796 41.24 24.55 158.89 23.51 42.43
797 41.14 74.09 172.24 21.42 26.55
798 41.35 89.07 81.48 15.44 11.94
799 41.31 19.70 130.58 22.48 33.30
800 41.19 34.21 145.48 25.62 57.77
801 41.25 44.57 176.44 27.98 74.33
802 41.22 46.80 165.50 27.49 72.66
803 41.28 64.39 205.22 25.26 43.36
804 41.41 16.93 118.51 22.85 31.32
805 41.37 42.34 173.93 27.64 66.35
806 41.32 71.40 188.37 22.47 27.45
807 41.52 92.36 56.33 13.07 9.22
808 41.43 55.86 199.78 26.72 50.22
809 41.65 94.91 31.68 10.73 7.73
810 41.59 79.42 137.33 19.35 19.29
811 41.71 82.33 115.32 19.68 17.93
812 41.69 39.64 169.47 28.33 58.11
813 41.78 48.89 195.74 27.46 54.00
814 41.77 85.57 99.80 17.23 14.14
815 41.77 11.41 105.12 21.79 23.88
816 41.86 51.40 207.69 27.14 46.45
817 41.73 53.58 202.17 27.05 51.81
818 41.88 66.56 206.88 27.23 32.89
819 41.78 76.56 152.31 20.85 20.23
820 41.95 7.32 91.82 17.38 18.03
821 41.85 29.33 163.25 25.35 40.26
822 41.75 58.00 209.14 27.40 49.65
823 41.97 26.72 169.21 24.46 33.15
824 41.89 62.50 200.47 24.50 34.39
825 41.89 69.09 186.33 24.78 28.97
826 42.14 13.89 121.91 21.93 23.20
827 42.02 60.14 212.06 27.49 38.33
828 42.14 22.01 142.59 23.47 29.53
829 42.09 36.98 176.54 27.47 49.24
830 42.23 73.18 161.68 21.93 21.84
831 42.29 31.59 163.79 25.37 36.66
832 42.29 34.30 171.26 27.47 40.48
833 42.38 43.78 197.61 29.38 41.32
834 42.35 64.79 201.14 24.86 29.05
835 42.55 24.34 158.10 23.14 26.36
836 42.54 41.27 192.85 29.13 42.46
837 42.39 46.58 197.52 28.85 45.70
838 42.50 90.07 48.39 16.14 10.48
839 42.68 5.19 64.41 17.24 10.62
840 42.46 9.41 92.62 18.52 16.05
841 42.58 16.39 112.29 23.87 20.83
842 42.59 71.01 160.40 22.78 21.39
843 42.53 56.41 215.12 27.86 34.92
844 42.64 19.54 127.67 22.92 24.02
845 42.83 75.05 118.09 22.64 18.85
846 42.86 77.87 93.87 19.65 16.88
847 42.95 87.40 55.88 16.55 12.51
848 42.83 80.76 73.46 18.89 14.64
849 42.84 83.85 64.02 17.29 13.56
850 42.84 93.79 31.51 12.40 7.51
851 42.82 53.94 205.45 27.65 34.34
852 42.82 58.67 197.31 27.32 30.77
853 42.86 28.55 162.98 24.33 29.11
854 42.88 61.39 196.12 25.10 27.66
855 42.86 68.09 169.83 23.23 23.63
856 42.99 39.05 189.11 29.00 34.88
857 42.97 49.25 200.32 29.06 33.42
858 43.19 11.46 90.14 21.39 17.35
859 43.09 51.58 205.90 27.30 33.89
860 43.16 36.55 165.24 27.21 30.74
861 43.08 63.49 183.10 26.26 23.46
862 43.36 26.07 147.24 25.32 23.78
863 43.31 66.06 156.00 24.14 22.67
864 43.17 9.14 89.06 20.62 14.67
865 43.38 44.85 196.80 27.24 31.65
866 43.24 12.66 84.80 20.23 17.03
867 43.34 31.97 172.62 26.25 28.61
868 43.40 21.94 124.27 22.93 19.85
869 43.40 34.23 159.47 27.23 31.28
870 43.63 7.05 53.56 17.02 11.33
871 43.61 14.58 81.02 22.98 17.85
872 43.53 42.51 186.71 26.53 31.44
873 43.59 46.97 180.43 28.15 28.83
874 43.63 73.05 85.91 22.26 18.01
875 43.63 17.92 94.39 22.73 18.76
876 43.62 55.46 177.20 27.49 27.47
877 43.71 60.27 169.34 23.86 24.21
878 43.54 70.42 106.65 23.05 19.99
879 43.66 91.32 36.82 13.48 10.03
880 43.91 30.08 144.66 25.03 23.18
881 43.72 57.74 177.59 27.91 24.81
882 43.84 78.58 57.83 19.96 15.46
883 43.93 82.39 50.92 17.58 13.91
884 43.92 85.21 49.85 17.52 13.04
885 43.97 24.06 121.15 23.39 20.80
886 43.95 67.85 106.29 24.54 18.43
887 43.91 75.92 67.27 21.10 16.23
888 44.01 53.17 173.94 27.74 25.42
889 43.98 62.52 149.84 25.25 20.59
890 43.84 94.59 27.51 11.64 6.42
891 44.11 28.02 118.43 24.79 20.41
892 44.12 40.43 161.27 30.07 26.80
893 44.13 38.06 156.24 26.85 24.38
894 44.27 20.45 94.92 23.73 19.28
895 44.13 65.07 115.93 25.43 20.67
896 44.18 50.78 158.08 29.72 25.57
897 44.07 88.03 46.84 14.14 10.53
898 44.32 9.81 53.37 19.51 13.32
899 44.32 48.44 149.97 28.03 25.51
900 44.28 35.55 138.07 24.45 23.50
901 44.49 32.75 118.00 25.96 21.28
902 44.62 12.50 53.83 22.14 14.85
903 44.48 69.78 61.88 20.26 18.23
904 44.47 89.12 45.44 16.49 9.53
905 44.59 45.28 127.36 28.32 25.38
906 44.62 59.09 113.65 26.15 21.51
907 44.64 72.01 54.49 21.94 16.62
908 44.48 94.85 25.88 11.86 6.88
909 44.66 15.64 63.04 21.03 16.21
910 44.64 56.88 115.20 26.57 21.14
911 44.70 42.89 128.19 29.18 24.27
912 44.74 80.42 48.67 18.11 13.91
913 44.78 25.91 95.74 25.76 17.81
914 44.78 77.55 46.44 19.35 14.62
915 44.90 18.39 63.33 24.23 16.48
916 44.85 74.57 49.44 21.52 15.59
917 44.86 22.73 78.06 23.84 17.30
918 44.93 54.65 118.30 28.73 21.99
919 44.76 91.84 44.17 14.21 8.27
920 44.85 4.87 28.65 17.94 9.00
921 44.93 63.71 83.93 26.19 18.84
922 44.84 61.56 92.34 25.88 20.97
923 45.05 7.35 32.66 17.52 11.16
924 44.97 86.17 56.40 17.79 11.71
925 44.99 67.73 65.57 23.63 17.71
926 45.11 65.74 64.60 26.52 19.95
927 45.17 30.59 97.94 24.59 19.49
928 45.17 82.96 51.75 19.90 12.87
929 45.14 51.89 99.30 27.17 21.24
930 45.34 3.54 19.28 16.88 8.64
931 45.22 38.20 100.65 29.43 22.24
932 45.34 28.30 82.77 25.74 18.03
933 45.20 40.57 114.93 27.11 22.41
934 45.29 35.89 92.92 28.70 19.56
935 45.32 49.15 92.03 28.90 22.38
936 45.61 89.58 60.98 17.60 9.92
937 45.42 46.61 84.28 27.08 20.69
938 45.24 92.51 46.74 12.48 6.61
939 45.51 33.41 80.48 25.26 20.14
940 45.45 70.34 46.40 20.75 16.18
941 45.40 88.31 64.22 16.92 10.95
942 45.64 95.07 45.24 11.66 6.51
943 45.46 59.97 70.80 24.16 18.26
944 45.58 10.55 31.09 19.11 13.18
945 45.52 13.71 36.96 22.45 13.58
946 45.67 72.65 48.01 20.72 14.21
947 45.78 16.41 40.58 22.77 13.77
948 45.81 21.58 49.23 24.71 14.88
949 45.81 24.13 57.02 23.04 14.96
950 45.60 56.48 69.56 26.30 20.04
951 45.80 44.20 77.74 28.44 19.58
952 45.78 76.96 48.28 20.78 14.59
953 45.80 79.71 58.45 20.79 14.02
954 45.81 62.24 62.80 26.36 18.11
955 45.98 19.35 42.94 23.31 14.12
956 45.93 26.55 64.08 23.11 17.78
957 46.01 11.44 29.73 20.78 12.64
958 45.93 42.10 78.97 28.51 18.81
959 45.94 74.84 50.88 24.30 14.89
960 45.98 53.17 68.23 27.08 20.60
961 45.97 68.58 51.02 23.39 15.98
962 46.09 86.14 86.06 17.19 11.21
963 46.29 5.92 23.65 18.35 8.37
964 46.04 14.43 32.91 24.53 14.24
965 46.06 58.47 59.47 26.76 18.42
966 46.11 66.41 58.18 24.36 15.59
967 46.04 64.42 58.57 23.59 18.83
968 46.21 8.47 28.20 19.61 9.95
969 46.12 31.58 60.40 26.22 17.85
970 46.33 91.77 88.61 14.14 7.59
971 46.13 50.61 63.99 29.27 18.95
972 46.36 83.72 73.28 19.37 11.80
973 46.22 39.90 70.08 28.16 19.14
974 46.32 3.17 15.03 18.12 8.05
975 46.36 29.53 61.18 25.35 17.79
976 46.06 4.42 18.78 18.67 9.44
977 46.25 34.99 61.02 27.06 19.05
978 46.25 37.33 60.79 27.99 18.37
979 46.37 47.87 61.21 29.49 18.69
980 46.41 54.91 56.34 29.19 19.38
981 46.59 81.43 74.89 19.06 13.53
982 46.57 60.62 62.85 26.21 17.78
983 46.50 70.90 57.56 21.93 14.69
984 46.73 45.30 63.00 29.42 17.38
985 46.79 78.20 85.90 19.81 13.53
986 46.78 56.98 53.83 27.39 17.37
987 46.78 73.29 86.81 21.39 13.91
988 46.87 12.50 32.00 21.22 11.72
989 46.81 25.25 54.45 24.13 14.92
990 46.75 62.78 63.31 27.57 16.33
991 46.80 18.11 40.05 21.44 13.54
992 46.90 23.14 44.85 23.72 14.13
993 46.87 33.42 55.34 26.00 15.80
994 46.83 67.67 81.29 24.05 16.41
995 46.97 88.64 110.53 17.14 10.80
996 46.96 27.95 58.45 25.51 15.65
997 46.90 42.98 60.54 28.07 18.20
998 47.06 75.76 97.73 20.42 13.21
999 46.90 96.74 48.51 11.40 5.48
1000 47.01 21.22 41.57 23.61 13.30
1001 47.01 38.45 55.98 25.51 17.70
1002 47.12 64.77 92.72 25.51 16.37
1003 47.06 15.05 34.64 24.19 13.19
1004 47.02 52.17 62.07 28.17 18.32
1005 47.21 94.13 98.19 12.90 7.93
1006 47.11 49.60 61.78 29.03 17.78
1007 47.22 40.59 65.31 27.72 16.57
1008 47.18 58.94 73.45 26.18 16.25
1009 47.15 31.39 57.06 25.68 14.58
1010 47.20 69.64 87.50 21.56 13.45
1011 47.18 35.91 59.51 25.85 16.51
1012 47.20 2.49 15.22 17.73 7.34
1013 47.46 85.91 138.48 19.38 11.35
1014 47.63 10.13 33.51 20.52 10.56
1015 47.39 46.80 65.48 26.45 18.68
1016 47.34 7.49 30.25 18.65 10.63
1017 47.38 54.61 68.86 24.25 17.73
1018 47.62 26.35 67.94 25.73 13.35
1019 47.61 66.41 132.15 25.63 15.70
1020 47.60 80.12 123.12 20.91 11.97
1021 47.64 83.13 138.62 19.61 11.71
1022 47.63 3.97 26.82 16.07 8.68
1023 47.75 29.91 69.01 26.81 14.69
1024 47.65 62.46 115.66 26.46 16.41
1025 47.74 71.61 134.22 21.62 14.09
1026 47.80 91.27 147.02 16.12 8.52
1027 47.73 60.46 112.33 25.67 15.63
1028 47.79 17.85 54.29 25.98 13.46
1029 47.78 56.61 99.56 28.14 17.36
1030 47.89 42.16 75.15 28.78 16.42
1031 47.95 44.42 81.16 29.57 17.92
1032 47.86 73.83 162.49 23.46 13.70
1033 47.89 22.61 59.12 24.46 13.16
1034 48.01 5.24 34.24 18.77 7.79
1035 47.88 32.95 85.73 27.24 14.84
1036 47.94 37.85 79.04 27.42 16.22
1037 47.95 68.46 143.55 22.25 13.51
1038 48.00 77.29 154.94 22.12 12.85
1039 48.10 96.07 81.69 12.65 6.18
1040 48.07 50.81 96.11 29.61 17.05
1041 48.10 12.63 54.23 24.10 12.27
1042 48.21 24.68 95.62 26.29 13.88
1043 48.01 48.44 85.88 28.36 16.96
1044 47.98 1.82 18.68 17.12 6.93
1045 48.15 20.24 67.37 25.30 12.75
1046 48.10 35.42 92.43 27.42 16.34
1047 48.14 52.88 109.67 28.84 17.16
1048 48.24 28.05 94.89 25.65 13.59
1049 48.32 88.33 159.85 16.90 10.30
1050 48.28 58.42 143.97 29.55 16.51
1051 48.28 15.19 60.35 25.33 11.71
1052 48.39 40.17 106.18 29.76 17.23
1053 48.37 63.75 167.75 26.85 15.45
1054 48.49 7.56 46.72 19.44 8.91
1055 48.61 46.52 132.48 31.03 17.02
1056 48.64 54.88 152.30 28.22 16.74
1057 48.53 65.64 178.00 21.62 14.95
1058 48.77 93.67 128.97 13.69 7.75
1059 48.72 70.19 194.26 24.01 14.06
1060 48.76 74.96 188.38 21.79 13.00
1061 48.73 85.12 177.46 20.78 10.98
1062 48.71 61.41 187.05 28.36 14.77
1063 48.75 79.58 164.33 20.89 12.34
1064 48.74 82.22 155.27 20.57 11.10
1065 48.85 31.71 131.84 30.23 14.43
1066 48.78 1.38 21.44 13.12 5.59
1067 49.00 3.11 42.17 16.83 7.14
1068 48.84 33.98 126.81 25.87 14.60
1069 48.93 36.95 144.87 30.57 14.65
1070 48.97 72.52 179.60 23.14 13.47
1071 48.94 29.80 135.07 29.18 15.65
1072 48.93 67.88 196.96 25.80 14.98
1073 49.13 10.66 72.89 22.51 11.14
1074 48.95 17.26 90.93 24.69 11.94
1075 48.96 42.50 146.88 28.53 16.68
1076 49.06 22.15 111.65 25.09 12.42
1077 49.00 49.40 151.72 30.97 16.94
1078 49.19 26.83 137.06 26.95 13.95
1079 49.24 38.77 152.90 26.45 14.84
1080 49.22 44.44 182.83 31.95 15.22
1081 49.17 56.96 182.77 29.01 16.19
1082 49.27 77.19 185.91 23.55 13.44
1083 49.31 91.06 112.81 17.11 8.47
1084 49.28 52.42 172.53 28.79 16.99
1085 49.31 59.31 206.15 27.89 16.27
1086 49.36 13.75 102.18 23.65 11.93
1087 49.31 19.53 115.86 25.72 12.35
1088 49.37 24.61 151.30 25.02 12.12
1089 49.63 4.98 55.08 18.94 7.83
1090 49.46 64.71 217.00 27.16 16.52
1091 49.61 62.86 210.42 27.58 15.65
1092 49.59 40.68 178.22 29.12 15.69
1093 49.59 88.15 129.43 18.44 9.65
1094 49.58 35.37 173.19 29.42 15.87
1095 49.70 7.82 77.40 20.96 9.74
1096 49.84 28.78 157.00 31.08 14.69
1097 49.82 46.47 195.87 29.80 17.08
1098 49.82 66.52 202.14 24.97 14.82
1099 50.15 1.59 34.75 16.86 5.19
1100 49.86 70.84 189.26 25.88 14.33
1101 49.90 32.73 161.94 29.48 14.08
1102 49.84 55.04 210.17 30.14 15.69
1103 49.89 74.55 179.89 23.42 11.92
1104 49.90 79.39 145.19 22.08 12.29
1105 49.84 82.36 136.28 21.40 11.60
1106 49.95 48.55 190.52 30.10 15.46
1107 50.03 16.15 107.14 25.83 11.95
1108 49.99 61.00 201.21 28.08 15.43
1109 50.00 68.82 178.05 26.74 15.30
1110 49.95 85.09 142.81 21.07 10.55
1111 50.11 95.46 45.47 12.67 4.95
1112 50.10 50.62 191.19 29.57 16.84
1113 50.11 93.45 57.88 15.34 6.74
1114 50.20 21.26 117.54 27.27 12.54
1115 50.35 30.61 144.15 31.36 14.84
1116 50.35 42.19 177.51 30.07 16.40
1117 50.35 37.20 184.13 31.16 15.41
1118 50.32 57.01 191.56 30.24 16.23
1119 50.32 72.66 142.21 24.82 13.35
1120 50.41 23.75 133.71 28.51 12.73
1121 50.39 12.33 100.89 25.30 11.77
1122 50.39 18.63 101.73 26.77 12.30
1123 50.38 44.47 194.44 29.97 15.53
1124 50.34 52.80 194.24 30.77 15.14
1125 50.45 26.26 134.97 28.60 12.95
1126 50.45 76.61 146.77 23.92 13.02
1127 50.67 9.62 78.37 21.70 10.15
1128 50.48 39.30 175.71 30.92 14.24
1129 50.56 34.71 169.32 32.02 14.38
1130 50.50 59.12 184.63 28.56 14.68
1131 50.56 90.90 75.64 17.11 8.52
1132 50.82 3.66 44.66 19.60 7.21
1133 50.69 64.58 167.20 29.60 14.63
1134 50.75 87.49 88.79 18.35 10.81
1135 50.78 81.14 106.71 21.51 11.60
1136 50.80 62.56 154.96 27.61 15.49
1137 50.93 6.83 53.79 21.53 7.97
1138 50.92 28.35 112.43 30.59 13.42
1139 50.82 67.06 141.27 26.39 14.09
1140 50.93 47.72 169.93 34.18 16.22
1141 50.97 32.75 116.46 31.39 13.77
1142 51.01 54.90 173.09 30.42 15.95
1143 51.01 83.89 91.19 21.83 11.07
1144 51.17 14.37 82.12 25.85 11.53
1145 51.16 69.21 103.14 25.69 13.82
1146 51.17 78.71 88.41 22.98 13.51
1147 51.22 50.12 148.95 31.95 16.33
1148 51.20 71.35 93.22 24.99 13.52
1149 51.22 96.23 28.37 13.44 5.74
1150 51.28 16.97 77.20 27.00 11.34
1151 51.31 45.42 139.12 33.55 14.93
1152 51.34 19.92 83.17 28.38 12.72
1153 51.35 40.86 138.01 33.14 16.06
1154 51.28 73.97 94.04 24.64 13.26
1155 51.50 93.34 42.19 16.30 6.83
1156 51.40 22.40 83.36 29.45 12.35
1157 51.36 60.82 134.36 30.19 14.91
1158 51.39 35.65 133.99 29.89 14.84
1159 51.50 43.10 115.22 29.33 15.18
1160 51.48 30.82 91.68 30.83 13.16
1161 51.55 24.84 81.88 28.57 12.53
1162 51.44 38.44 136.83 32.56 14.13
1163 51.41 52.64 140.97 30.27 15.82
1164 51.48 57.00 150.89 31.71 16.03
1165 51.85 2.01 26.29 18.18 5.86
1166 51.59 76.16 86.51 25.22 13.30
1167 51.61 11.47 63.79 24.83 10.64
1168 51.63 58.86 136.46 29.85 15.22
1169 51.64 65.31 94.91 28.63 14.79
1170 51.74 89.87 45.99 19.77 9.47
1171 51.79 27.10 81.28 33.36 13.70
1172 51.63 86.18 54.46 22.00 9.79
1173 52.00 5.29 36.08 21.46 7.26
1174 51.89 67.33 74.54 28.71 14.45
1175 51.96 87.34 52.36 20.20 9.60
1176 51.91 62.70 92.01 30.57 15.18
1177 52.10 8.90 45.31 23.35 9.32
1178 51.98 32.88 71.52 33.27 13.73
1179 52.01 47.08 106.48 33.98 14.69
1180 51.92 80.79 59.40 24.57 11.61
1181 52.03 84.20 56.50 23.37 11.19
1182 52.18 29.21 73.75 32.88 12.74
1183 52.10 55.35 113.16 33.10 16.12
1184 52.18 36.96 97.14 34.07 13.87
1185 52.18 49.15 102.63 33.51 15.96
1186 52.21 69.97 60.76 35.71 13.91
1187 52.27 18.04 49.39 31.28 12.61
1188 52.22 72.69 58.25 26.43 12.90
1189 52.25 14.74 51.94 28.14 12.06
1190 52.32 51.59 95.41 32.63 15.37
1191 52.31 77.99 54.29 28.00 12.64
1192 52.37 20.42 49.06 28.23 11.90
1193 52.33 39.87 83.50 32.93 14.96
1194 52.50 34.73 80.07 36.82 13.97
1195 52.38 44.93 88.41 34.69 16.09
1196 52.57 95.66 23.75 17.36 4.59
1197 52.44 60.31 81.44 32.16 15.45
1198 52.52 63.97 64.93 33.17 16.13
1199 52.53 22.81 54.00 32.02 13.31
1200 52.58 42.52 66.06 34.43 15.25
1201 52.56 12.69 39.64 28.71 9.89
1202 52.63 53.62 77.71 35.60 15.66
1203 52.65 25.47 53.66 33.34 12.05
1204 52.67 57.81 83.88 32.27 15.27
1205 52.64 75.35 53.97 28.57 13.71
1206 52.52 92.16 35.77 20.00 6.40
1207 52.74 30.83 54.80 35.98 13.98
1208 52.77 82.14 42.21 30.78 11.29
1209 52.58 91.00 30.52 22.59 9.21
1210 52.78 67.95 53.48 32.54 15.26
1211 52.85 87.98 39.34 26.08 10.48
1212 52.82 93.48 29.68 19.99 6.57
1213 53.40 1.46 11.83 20.47 5.32
1214 52.86 65.75 59.22 34.28 14.48
1215 52.98 85.48 35.60 27.79 11.37
1216 52.88 27.65 52.28 34.01 13.00
1217 52.94 38.25 61.89 36.81 13.26
1218 53.04 62.04 58.54 33.02 13.61
1219 52.93 32.71 56.81 37.43 13.13
1220 53.05 79.68 42.11 27.36 11.33
1221 53.10 89.41 37.09 23.80 9.44
1222 52.97 2.76 17.83 24.83 6.41
1223 52.93 4.89 21.32 27.19 6.87
1224 53.02 47.43 74.05 35.20 15.01
1225 53.07 70.89 44.92 32.81 13.43
1226 53.22 9.86 29.56 29.20 9.02
1227 53.09 50.36 65.24 36.42 15.64
1228 53.11 16.21 40.05 30.89 11.63
1229 53.23 35.88 55.04 40.43 13.26
1230 53.19 40.95 55.84 41.45 14.45
1231 53.18 55.57 65.01 37.52 16.06
1232 53.17 86.56 36.76 24.88 9.24
1233 53.24 18.75 37.18 35.78 12.14
1234 53.27 73.28 46.19 32.49 13.19
1235 53.38 3.63 23.29 22.45 6.73
1236 53.31 44.89 62.95 41.16 14.86
1237 53.49 77.53 43.84 31.83 12.33
1238 53.50 83.94 35.52 35.43 11.03
1239 53.49 12.58 32.71 37.03 11.74
1240 53.41 52.36 61.43 44.47 16.50
1241 53.39 59.70 62.88 36.77 15.25
1242 53.57 29.58 47.48 43.79 14.20
1243 53.56 64.07 56.18 40.38 14.38
1244 53.67 69.06 49.74 36.94 13.41
1245 53.70 14.75 36.00 36.56 11.65
1246 53.70 33.88 52.68 48.86 13.66
1247 53.74 66.62 56.77 40.18 15.03
1248 53.81 39.57 55.09 49.15 15.14
1249 53.71 42.92 52.24 44.74 14.67
1250 53.71 57.60 59.09 40.68 14.82
1251 53.78 31.58 51.83 48.08 13.71
1252 53.81 90.46 39.35 23.24 8.31
1253 53.84 37.37 56.35 49.15 13.12
1254 53.82 75.06 42.69 35.30 12.02
1255 53.81 93.92 30.25 24.56 7.00
1256 53.83 7.05 24.12 33.63 7.77
1257 53.88 25.90 43.14 49.05 13.52
1258 53.89 81.29 40.04 35.08 11.57
1259 53.83 28.03 50.21 44.72 12.79
1260 53.89 49.54 64.48 42.75 14.49
1261 53.97 91.88 34.26 27.06 7.54
1262 53.96 47.51 71.48 44.91 16.09
1263 54.04 53.88 62.52 52.70 14.59
1264 54.12 72.06 54.35 41.10 13.55
1265 54.00 86.50 42.75 34.42 10.00
1266 54.14 88.02 42.81 32.69 10.00
1267 54.08 9.08 24.67 40.40 10.56
1268 54.02 61.44 73.29 44.35 14.76
1269 54.23 19.74 40.52 43.78 11.78
1270 54.28 17.98 33.28 42.96 11.40
1271 54.18 22.98 45.51 45.55 13.00
1272 54.17 45.21 69.28 48.88 15.76
1273 54.21 55.84 65.34 48.29 14.41
1274 54.37 4.53 19.95 32.62 7.32
1275 54.24 11.49 28.67 39.03 10.36
1276 54.36 35.40 66.58 60.30 15.91
1277 54.36 2.74 16.05 27.44 7.95
1278 54.35 41.38 68.75 55.21 15.30
1279 54.47 58.92 74.15 48.95 15.89
1280 54.19 94.91 26.70 23.30 6.00
1281 54.48 51.80 76.82 51.03 16.11
1282 54.57 79.12 55.72 39.65 11.90
1283 54.59 83.47 51.06 40.69 11.47
1284 54.50 64.07 90.17 49.35 15.17
1285 54.58 70.13 65.31 44.75 13.37
1286 54.69 13.21 37.50 42.45 11.33
1287 54.71 76.62 60.35 44.45 13.31
1288 54.73 29.37 75.66 62.46 14.59
1289 54.72 33.44 74.51 63.33 13.31
1290 54.71 67.98 82.45 47.81 15.00
1291 54.75 27.06 65.15 55.03 12.56
1292 54.77 31.43 77.47 64.17 12.59
1293 54.92 15.72 45.31 50.80 11.80
1294 54.88 49.08 116.09 54.37 16.14
1295 54.87 66.13 93.96 49.24 14.78
1296 54.87 74.05 75.32 48.44 14.06
1297 54.90 85.86 60.77 40.04 10.52
1298 54.89 38.99 99.73 61.81 14.67
1299 54.87 89.84 53.87 33.63 9.05
1300 54.79 92.46 41.76 29.56 6.35
1301 54.99 96.47 24.73 24.75 5.41
1302 55.01 62.54 135.10 55.19 15.39
1303 54.92 24.72 56.50 54.61 13.00
1304 54.89 36.96 99.73 62.64 13.41
1305 55.07 57.00 95.57 55.97 15.53
1306 54.88 3.68 24.89 30.57 6.37
1307 54.84 10.60 34.57 38.27 9.16
1308 55.27 20.09 62.81 55.41 12.67
1309 55.03 42.82 105.30 62.88 14.79
1310 55.02 46.89 115.37 60.79 15.66
1311 55.12 93.94 36.89 28.93 6.76
1312 55.04 60.41 123.88 52.08 14.87
1313 55.17 44.80 112.98 64.23 15.00
1314 55.14 54.66 111.84 58.21 15.59
1315 55.17 6.70 31.86 41.40 8.01
1316 55.15 22.10 69.49 55.05 11.95
1317 55.28 81.61 79.81 47.73 12.05
1318 55.51 17.95 64.65 56.71 13.04
1319 55.45 71.94 108.72 57.10 14.74
1320 55.44 9.24 40.70 51.88 10.09
1321 55.51 40.92 132.83 73.04 14.50
1322 55.42 50.88 131.51 66.39 15.72
1323 55.58 69.48 135.02 56.25 13.45
1324 55.71 28.09 107.67 72.46 12.14
1325 55.76 35.75 138.95 78.93 14.89
1326 55.74 52.85 145.59 68.26 16.31
1327 55.62 64.94 156.91 62.14 16.06
1328 55.70 33.66 142.87 79.07 13.61
1329 55.77 77.58 120.60 51.80 12.28
1330 55.80 87.74 113.42 47.06 10.56
1331 55.84 58.96 160.28 67.65 16.38
1332 55.86 10.98 58.49 52.30 10.10
1333 55.74 30.86 130.88 73.77 13.35
1334 55.88 25.88 107.17 69.38 12.63
1335 55.91 13.43 62.58 54.27 11.11
1336 55.87 4.18 32.63 43.40 7.26
1337 55.93 23.46 94.43 67.99 12.11
1338 55.85 37.85 139.43 77.80 13.74
1339 56.02 84.58 115.67 55.30 10.96
1340 55.96 75.03 130.14 58.28 12.75
1341 56.05 79.87 121.51 53.97 11.52
1342 56.01 91.06 94.67 40.56 8.44
1343 56.03 48.24 162.35 81.02 16.33
1344 55.99 61.42 175.79 67.65 15.58
1345 55.95 8.43 53.26 47.81 8.89
1346 56.14 56.24 170.61 74.79 16.28
1347 56.26 15.98 73.60 56.97 11.45
1348 56.35 94.44 66.65 35.69 6.20
1349 56.19 43.62 158.50 83.31 15.62
1350 56.28 46.03 150.90 81.35 15.34
1351 56.29 68.03 182.29 66.24 15.37
1352 56.21 63.32 182.89 73.69 15.66
1353 56.31 6.50 58.26 51.44 8.59
1354 56.33 20.65 112.21 72.11 12.05
1355 56.35 39.68 170.45 92.92 15.37
1356 56.44 66.26 190.47 68.48 16.00
1357 56.55 32.60 168.14 95.06 14.38
1358 56.49 50.34 163.03 89.04 15.49
1359 56.56 54.25 169.51 85.09 15.78
1360 56.57 72.70 156.62 68.22 12.86
1361 56.66 28.89 145.22 88.99 13.84
1362 56.62 82.01 124.04 53.55 11.24
1363 56.64 70.58 174.52 71.62 14.14
1364 56.75 41.74 172.71 99.64 14.78
1365 56.82 18.36 109.81 75.82 11.88
1366 56.72 34.77 158.17 93.81 14.53
1367 56.79 57.88 181.69 79.97 15.90
1368 56.75 30.74 155.53 98.63 13.94
1369 56.82 37.80 161.06 105.06 15.48
1370 56.85 60.37 177.83 84.30 14.83
1371 56.98 24.60 139.95 90.46 12.60
1372 57.05 9.04 80.46 58.76 9.35
1373 56.94 26.84 136.33 98.09 12.83
1374 57.02 52.16 158.15 98.67 16.63
1375 57.05 11.46 87.51 66.24 10.64
1376 56.97 78.31 134.78 60.48 12.74
1377 57.00 88.90 151.22 48.86 9.78
1378 57.03 22.42 137.84 85.15 13.34
1379 57.03 64.60 195.52 80.49 16.16
1380 57.01 74.76 159.78 69.73 13.58
1381 57.13 13.98 88.70 75.92 11.62
1382 57.17 85.94 147.14 55.80 11.29
1383 57.19 91.94 122.21 48.41 8.14
1384 57.16 48.66 160.40 109.41 17.13
1385 57.14 44.45 135.40 111.90 15.12
1386 57.32 62.34 169.80 89.05 16.00
1387 57.36 36.45 129.86 132.14 15.22
1388 57.48 6.50 70.14 67.37 7.72
1389 57.33 39.94 148.68 132.83 15.78
1390 57.45 46.66 125.33 123.30 15.47
1391 57.41 55.38 147.26 105.83 16.71
1392 57.48 69.05 176.91 78.38 15.04
1393 57.64 83.52 132.11 64.96 11.32
1394 57.55 16.62 93.69 94.51 12.11
1395 57.56 20.17 107.94 97.30 11.69
1396 57.52 66.47 183.64 87.83 13.79
1397 57.43 98.24 25.52 20.06 2.76
1398 57.55 31.70 107.37 126.13 13.50
1399 57.50 34.01 108.66 133.55 14.45
1400 57.71 42.88 109.77 135.36 16.54
1401 57.74 76.27 152.42 73.91 13.42
1402 57.79 81.10 127.42 62.77 12.45
1403 57.66 29.15 98.92 137.73 13.63
1404 57.71 59.34 140.43 101.07 15.20
1405 57.72 71.44 157.36 91.18 14.31
1406 57.91 94.05 94.77 44.13 6.59
1407 57.83 57.47 133.79 124.91 16.86
1408 57.93 96.62 50.03 31.09 4.85
1409 57.89 53.53 96.50 135.98 16.09
1410 57.93 26.79 108.24 126.79 13.39
1411 58.00 51.49 87.37 133.98 17.32
1412 58.02 73.63 143.68 89.49 13.86
1413 57.94 38.72 90.88 161.68 15.66
1414 58.01 64.07 142.74 111.34 16.54
1415 58.05 22.47 87.29 123.18 12.26
1416 58.01 24.57 99.40 133.93 12.79
1417 58.11 44.86 82.06 158.54 18.58
1418 58.02 49.34 80.37 138.29 16.37
1419 58.08 78.69 123.94 76.54 12.57
1420 58.14 14.73 70.60 92.86 10.91
1421 58.23 35.30 64.73 171.98 16.15
1422 58.18 41.02 79.65 156.95 15.42
1423 58.19 90.25 134.47 59.11 9.41
1424 58.19 4.35 60.30 64.70 6.23
1425 58.13 10.55 86.75 72.33 10.00
1426 58.11 12.12 73.29 88.75 11.77
1427 58.22 61.13 108.28 134.81 14.76
1428 58.25 87.63 133.60 66.67 9.89
1429 58.36 8.27 57.88 82.45 8.92
1430 58.35 18.16 63.78 117.54 13.13
1431 58.32 67.78 136.60 108.30 15.46
1432 58.40 37.30 67.25 163.34 14.34
1433 58.68 98.11 18.62 20.25 1.87
1434 58.45 30.50 59.69 153.74 13.85
1435 58.34 32.90 66.74 157.55 15.28
1436 58.47 47.52 60.49 159.96 18.04
1437 58.37 55.93 79.78 148.41 16.98
1438 58.59 62.84 81.40 145.17 15.52
1439 58.52 66.01 113.19 123.24 15.32
1440 58.63 85.15 109.92 75.92 10.85
1441 58.65 28.47 61.35 162.05 14.87
1442 58.66 69.88 102.47 122.02 15.52
1443 58.69 20.81 56.55 145.79 13.63
1444 58.67 59.09 67.47 138.68 15.14
1445 58.74 42.71 57.63 172.78 17.78
1446 58.83 71.88 104.72 116.24 14.11
1447 58.74 75.86 95.05 101.27 14.14
1448 58.91 25.57 53.14 156.05 14.48
1449 58.92 50.09 54.25 171.74 17.60
1450 58.89 54.25 60.14 166.48 18.57
1451 58.98 81.01 87.70 83.94 12.27
1452 59.01 39.21 52.50 179.93 14.97
1453 59.03 92.18 97.91 60.76 7.88
1454 59.04 23.24 52.14 153.76 14.07
1455 59.10 95.18 60.83 49.57 5.68
1456 59.18 15.37 41.46 115.92 11.55
1457 59.01 46.00 54.12 178.92 18.11
1458 59.20 52.29 53.67 172.06 16.19
1459 59.04 78.56 76.48 96.49 12.23
1460 59.19 10.42 47.50 102.07 10.51
1461 59.26 57.28 50.99 161.04 17.52
1462 59.12 64.45 64.78 152.02 16.49
1463 59.31 83.72 70.47 88.89 11.39
1464 59.26 5.11 43.17 78.45 6.79
1465 59.23 34.26 46.36 186.21 15.85
1466 59.23 74.00 66.65 125.81 13.96
1467 59.21 32.01 45.69 182.28 16.17
1468 59.23 12.70 48.37 104.79 11.01
1469 59.31 19.21 37.37 153.17 12.96
1470 59.26 36.50 44.61 191.98 16.22
1471 59.30 61.50 55.65 163.88 17.78
1472 59.30 68.39 70.28 146.09 16.19
1473 59.39 41.08 47.49 194.18 17.90
1474 59.40 44.22 47.43 189.11 17.96
1475 59.36 89.08 99.28 71.06 9.19
1476 59.54 8.18 40.00 99.08 9.14
1477 59.41 27.31 45.14 186.02 15.75
1478 59.51 66.30 61.69 151.74 15.27
1479 59.54 30.15 42.92 179.39 15.41
1480 59.62 48.47 57.22 179.00 17.24
1481 59.74 55.39 51.63 184.63 17.60
1482 59.72 86.50 85.00 84.92 10.06
1483 59.69 76.71 53.49 120.34 13.91
1484 59.83 17.08 33.85 156.28 13.29
1485 59.74 59.46 50.38 179.22 17.43
1486 59.87 70.47 54.45 141.68 15.36
1487 59.77 98.27 11.74 23.11 1.35
1488 59.90 21.52 37.81 166.82 13.37
1489 59.92 37.96 47.40 203.23 17.67
1490 60.03 63.68 43.65 178.05 17.67
1491 59.84 96.78 23.20 39.10 3.66
1492 60.04 50.76 55.35 188.42 18.01
1493 60.01 24.11 41.18 180.87 13.82
1494 60.05 72.57 48.23 144.05 14.47
1495 60.10 42.52 57.74 199.70 19.23
1496 60.09 46.74 56.54 193.21 19.24
1497 60.13 79.64 45.22 108.42 13.46
1498 60.11 82.56 55.29 97.34 12.19
1499 60.16 32.60 42.15 193.73 16.08
1500 60.16 35.46 46.77 200.38 18.09
1501 60.23 26.21 42.34 189.85 14.16
1502 60.24 28.67 51.76 201.26 17.12
1503 60.18 93.35 56.35 67.94 6.74
1504 60.39 12.84 30.50 132.21 11.58
1505 60.26 40.00 56.35 204.75 18.73
1506 60.29 53.38 67.00 190.66 19.45
1507 60.26 68.24 44.30 167.12 14.48
1508 60.17 95.81 26.50 49.00 6.27
1509 60.38 6.15 26.74 109.39 7.42
1510 60.39 10.37 29.51 130.04 10.29
1511 60.41 74.72 43.26 135.68 15.70
1512 60.36 61.58 48.10 196.19 17.53
1513 60.38 89.64 60.70 84.93 8.94
1514 60.44 18.95 31.43 168.13 13.69
1515 60.45 57.54 48.90 189.31 19.23
1516 60.57 15.14 31.82 151.52 13.31
1517 60.43 65.91 47.26 177.85 17.07
1518 60.55 44.79 66.83 202.32 19.65
1519 60.63 30.56 48.04 199.78 16.76
1520 60.68 86.45 43.92 99.33 10.78
1521 60.77 77.17 37.75 133.59 13.69
1522 60.83 37.35 64.63 212.96 18.65
1523 60.84 49.08 86.71 196.70 20.77
1524 60.86 59.48 48.06 194.16 19.24
1525 60.89 22.95 39.17 182.93 15.00
1526 60.84 33.97 61.34 209.36 18.36
1527 60.84 55.57 69.78 195.72 18.36
1528 61.05 69.85 43.81 167.32 17.05
1529 61.06 20.97 38.31 182.76 14.78
1530 61.19 83.89 38.91 113.70 11.52
1531 61.01 95.30 25.33 60.29 5.19
1532 61.18 8.56 25.15 143.73 9.74
1533 61.11 72.26 38.25 164.09 15.70
1534 61.07 81.04 37.76 128.19 12.99
1535 61.18 27.52 54.45 203.84 18.00
1536 61.13 43.16 81.68 210.66 20.86
1537 61.09 51.24 95.15 194.60 20.18
1538 61.07 63.34 48.64 195.32 17.98
1539 61.13 39.21 81.07 213.34 19.83
1540 61.16 47.04 95.46 201.06 22.37
1541 61.29 16.83 35.62 168.11 13.53
1542 61.21 67.43 48.41 179.50 16.40
1543 61.28 25.35 55.26 194.26 15.23
1544 61.37 41.28 86.79 205.49 21.99
1545 61.36 35.86 69.67 214.10 20.28
1546 61.39 53.18 109.68 200.19 21.06
1547 61.18 92.04 32.08 82.78 8.51
1548 61.40 65.28 54.37 197.14 18.36
1549 61.39 61.31 60.87 192.67 19.75
1550 61.46 89.52 39.72 104.25 9.28
1551 61.49 32.07 76.45 207.68 18.37
1552 61.48 75.19 37.30 155.02 14.83
1553 61.58 78.56 41.57 154.34 14.77
1554 61.54 5.82 18.95 131.86 8.41
1555 61.56 29.54 62.55 202.90 16.48
1556 61.62 92.96 29.13 81.87 7.46
1557 61.65 11.33 26.79 152.32 12.11
1558 61.67 19.10 43.48 178.09 14.28
1559 61.71 45.24 112.59 206.73 22.81
1560 61.64 57.20 88.52 196.23 21.33
1561 61.78 13.92 29.53 158.67 13.19
1562 61.84 34.22 92.16 214.45 19.50
1563 61.86 55.14 127.85 204.20 21.98
1564 61.92 86.61 34.31 119.19 11.81
1565 61.90 59.08 80.20 198.94 20.93
1566 61.97 23.36 69.29 194.62 16.25
1567 61.96 37.51 114.82 207.39 23.75
1568 62.02 49.20 134.17 202.96 23.84
1569 62.06 71.24 49.62 186.67 17.78
1570 62.15 63.37 79.51 196.54 19.91
1571 62.19 51.30 129.75 199.09 25.63
1572 62.22 69.35 55.60 179.44 17.37
1573 62.17 39.67 122.85 213.26 27.22
1574 62.20 43.38 120.15 210.79 25.55
1575 62.21 73.37 43.72 170.75 17.04
1576 61.95 93.92 19.67 86.56 7.33
1577 62.30 94.96 16.18 74.00 5.83
1578 62.20 67.39 69.62 186.80 18.30
1579 62.27 81.35 33.65 135.39 15.38
1580 62.38 21.19 62.91 177.78 17.02
1581 62.25 47.24 135.59 213.64 25.17
1582 62.39 25.82 108.62 207.07 19.57
1583 62.36 28.03 93.93 212.96 19.70
1584 62.33 60.97 89.30 194.42 21.82
1585 62.41 8.72 26.35 142.70 10.23
1586 62.43 30.58 103.92 209.31 21.25
1587 62.42 65.49 85.44 198.22 20.11
1588 62.52 15.58 54.69 175.47 13.89
1589 62.52 53.72 137.79 200.38 25.86
1590 62.55 84.19 36.41 131.68 13.39
1591 62.57 75.59 44.88 169.39 15.48
1592 62.57 77.95 43.38 162.45 15.54
1593 62.68 92.13 24.60 97.66 8.43
1594 62.65 17.85 59.53 186.63 14.85
1595 62.62 89.16 30.78 115.67 10.29
1596 62.69 32.77 113.99 214.54 25.48
1597 62.64 56.77 135.14 200.53 25.79
1598 62.77 41.80 117.93 211.01 29.93
1599 62.79 34.91 99.99 207.00 25.33
1600 62.87 12.06 36.37 160.52 12.85
1601 63.00 45.60 138.47 203.84 30.37
1602 62.96 59.47 140.36 190.86 23.95
1603 62.89 37.08 120.02 215.83 32.39
1604 62.97 23.75 89.21 187.40 19.01
1605 63.20 50.02 126.40 199.85 34.53
1606 63.08 62.23 121.10 200.48 21.80
1607 63.14 39.93 139.26 208.79 34.76
1608 63.19 52.11 148.64 201.18 31.84
1609 63.15 68.08 106.55 193.20 20.03
1610 63.13 71.82 73.91 181.65 17.62
1611 63.25 86.64 39.51 125.66 12.86
1612 63.28 19.66 70.12 179.45 18.77
1613 63.25 47.90 130.76 200.20 35.41
1614 63.25 64.14 123.67 192.98 22.33
1615 63.28 79.97 49.69 157.66 16.99
1616 63.27 29.15 111.78 202.78 25.10
1617 63.41 7.09 31.38 154.66 9.75
1618 63.42 26.73 105.00 194.58 23.96
1619 63.41 43.77 116.24 208.74 37.95
1620 63.37 55.19 146.82 198.28 30.70
1621 63.44 74.10 70.84 172.60 17.63
1622 63.48 69.96 108.67 189.72 20.58
1623 63.43 94.93 13.34 71.21 5.78
1624 63.47 31.28 96.64 204.88 30.02
1625 63.51 82.55 46.90 144.42 14.43
1626 63.55 9.38 39.73 159.51 11.88
1627 63.52 57.72 143.86 199.21 31.17
1628 63.48 66.27 132.13 193.07 21.92
1629 63.70 14.00 66.55 174.08 15.27
1630 63.67 77.22 70.26 164.46 17.25
1631 63.68 16.42 71.29 178.72 16.61
1632 63.80 38.00 109.16 195.78 45.49
1633 63.85 22.49 97.43 184.92 21.94
1634 63.76 35.60 85.71 199.85 39.06
1635 63.78 90.77 28.58 119.53 8.60
1636 63.81 33.29 95.56 197.50 37.65
1637 63.89 61.27 157.88 200.19 31.46
1638 64.13 93.36 23.36 96.88 7.61
1639 64.07 24.78 92.58 184.87 25.86
1640 64.10 42.09 93.20 189.22 52.28
1641 64.04 53.50 128.66 195.46 38.51
1642 64.19 11.23 56.44 157.74 14.00
1643 64.14 59.50 135.66 194.23 35.44
1644 64.09 85.00 46.10 139.71 14.77
1645 64.13 39.98 105.37 194.74 53.12
1646 64.13 46.80 105.08 191.99 46.41
1647 64.19 28.39 82.01 191.90 32.96
1648 64.21 63.49 152.25 192.39 26.73
1649 64.22 72.26 119.60 184.38 20.37
1650 64.37 20.39 84.56 172.09 22.24
1651 64.29 49.29 99.87 191.08 53.91
1652 64.49 18.12 70.91 170.27 19.93
1653 64.37 51.58 98.12 191.80 52.75
1654 64.30 56.05 120.18 187.07 46.12
1655 64.30 65.41 167.70 194.52 28.32
1656 64.31 67.94 143.26 189.94 23.86
1657 64.42 88.34 44.00 133.99 12.07
1658 64.40 75.49 107.30 172.74 18.07
1659 64.34 79.41 71.04 147.84 16.40
1660 64.44 44.37 76.27 175.41 57.84
1661 64.47 30.54 61.81 186.51 43.28
1662 64.57 70.33 135.35 177.86 22.15
1663 64.59 7.59 49.17 153.78 10.57
1664 64.77 36.55 65.76 178.81 63.47
1665 64.73 57.72 120.83 191.68 48.23
1666 64.75 83.00 70.73 142.64 15.27
1667 64.80 32.58 64.97 176.79 56.97
1668 64.82 26.62 73.77 170.96 35.66
1669 64.89 34.55 58.17 171.25 62.61
1670 64.85 15.57 67.47 167.47 19.45
1671 64.80 62.07 134.89 183.06 38.91
1672 65.04 13.13 65.65 161.50 16.77
1673 65.02 73.49 138.38 173.83 23.61
1674 65.09 38.49 62.49 163.89 81.65
1675 65.02 54.56 74.47 177.24 62.50
1676 65.20 86.13 72.86 134.59 13.35
1677 65.36 9.38 48.35 149.19 14.51
1678 65.16 21.99 66.56 162.92 30.89
1679 65.11 40.59 57.60 162.26 75.11
1680 65.15 46.11 61.68 167.75 80.89
1681 65.05 91.10 43.84 125.44 9.49
1682 65.22 24.27 60.62 163.94 37.11
1683 65.28 48.10 63.23 169.34 81.30
1684 65.17 60.34 105.63 180.05 50.08
1685 65.18 66.37 138.02 187.19 35.03
1686 65.19 77.54 120.35 164.76 19.31
1687 65.34 28.83 46.04 158.70 55.79
1688 65.28 42.73 60.07 161.65 85.51
1689 65.34 50.34 65.70 172.11 76.03
1690 65.24 64.28 122.76 191.63 43.39
1691 65.26 68.76 139.85 184.80 31.55
1692 65.34 80.60 109.84 147.13 17.86
1693 65.43 93.46 39.37 104.70 7.48
1694 65.43 52.60 62.82 165.42 69.48
1695 65.60 31.17 48.00 149.26 73.24
1696 65.74 19.64 48.05 147.46 33.54
1697 65.57 58.63 83.09 173.83 66.83
1698 65.65 71.14 125.57 173.05 29.07
1699 65.74 56.49 62.00 160.28 72.27
1700 65.76 89.08 71.83 132.41 12.27
1701 65.72 17.09 52.97 150.81 28.73
1702 65.87 75.74 124.28 165.79 24.87
1703 65.86 26.34 48.29 141.20 61.35
1704 65.92 44.45 53.25 147.37 103.20
1705 65.76 62.48 83.39 172.92 56.30
1706 66.02 11.79 42.56 130.50 19.41
1707 65.94 35.55 52.52 140.96 93.23
1708 66.22 84.42 100.97 131.45 16.59
1709 66.13 37.75 61.30 137.60 100.78
1710 66.15 14.70 45.90 137.15 27.84
1711 66.11 40.00 53.33 131.75 105.24
1712 66.04 67.33 109.10 180.34 43.88
1713 66.03 54.62 60.50 158.54 96.56
1714 66.10 73.56 115.40 176.24 28.44
1715 66.29 92.40 63.49 104.75 8.68
1716 66.14 64.87 77.44 166.88 57.13
1717 66.25 49.27 54.60 141.59 118.92
1718 66.24 60.52 62.05 152.70 77.65
1719 66.33 42.26 53.54 133.87 116.68
1720 66.28 21.96 43.12 136.27 48.29
1721 66.38 24.57 41.35 125.97 54.40
1722 66.34 46.29 49.90 131.17 114.32
1723 66.32 69.24 92.05 167.67 41.65
1724 66.26 78.68 104.11 161.77 22.72
1725 66.40 7.29 32.79 116.62 14.74
1726 66.35 51.64 54.94 137.15 104.88
1727 66.37 81.59 97.17 145.04 22.62
1728 66.39 29.92 45.94 131.11 82.94
1729 66.68 87.72 94.81 131.56 14.66
1730 66.60 27.68 46.81 121.33 83.34
1731 66.47 58.24 60.16 150.93 98.36
1732 66.73 9.48 34.79 127.82 20.86
1733 66.75 17.75 36.75 117.97 38.48
1734 66.66 62.91 57.14 154.68 78.39
1735 66.72 72.01 87.09 162.50 41.77
1736 66.78 53.61 53.88 132.71 121.27
1737 67.04 31.64 62.33 107.69 106.36
1738 66.86 56.32 55.89 142.09 116.47
1739 66.98 34.03 67.56 104.87 115.19
1740 66.99 48.00 59.97 115.38 133.22
1741 66.98 66.72 71.23 164.70 66.54
1742 67.00 76.78 91.81 158.09 34.07
1743 67.05 36.19 66.37 106.10 125.06
1744 67.09 13.18 34.97 117.24 36.41
1745 67.24 20.48 38.23 107.73 56.23
1746 67.11 65.00 63.84 147.29 79.86
1747 67.23 43.58 82.84 99.39 140.87
1748 67.20 74.42 80.45 147.21 35.71
1749 67.23 40.83 80.32 98.12 129.60
1750 67.07 90.00 102.79 122.61 12.21
1751 67.28 23.36 50.45 104.63 79.57
1752 67.26 38.46 74.30 103.76 130.99
1753 67.25 59.46 69.60 124.81 113.73
1754 67.25 70.37 76.68 160.25 55.24
1755 67.26 50.80 67.57 108.13 141.79
1756 67.31 61.40 64.27 132.84 107.13
1757 67.39 79.58 80.23 142.21 28.68
1758 67.45 45.49 71.30 104.14 157.41
1759 67.43 68.38 59.60 140.42 68.03
1760 67.38 92.73 63.72 98.65 9.34
1761 67.54 15.53 40.62 101.92 45.00
1762 67.41 82.93 100.02 138.08 27.29
1763 67.56 25.70 59.91 97.84 93.40
1764 67.44 29.23 64.54 98.96 105.23
1765 67.64 85.92 99.38 127.11 20.34
1766 67.74 10.98 30.20 100.93 32.68
1767 67.63 55.09 74.07 118.25 145.52
1768 67.68 63.42 64.26 121.59 106.36
1769 67.80 8.51 24.70 91.48 20.61
1770 67.78 57.70 76.45 111.19 141.06
1771 67.78 52.88 95.97 103.21 157.24
1772 67.88 18.26 40.06 90.88 59.56
1773 67.88 72.63 62.46 144.53 55.38
1774 67.97 32.84 86.62 89.26 137.31
1775 68.06 34.94 100.65 80.54 139.53
1776 68.03 47.27 101.28 88.39 167.07
1777 68.05 49.36 99.37 94.18 154.90
1778 68.06 88.90 100.97 123.97 18.61
1779 68.08 65.89 56.03 123.03 94.97
1780 68.17 27.20 78.50 84.38 115.91
1781 68.17 37.13 109.12 81.69 161.04
1782 68.23 42.16 113.85 81.21 170.32
1783 68.10 77.35 66.59 142.29 43.00
1784 68.30 39.80 114.02 81.71 158.30
1785 68.11 13.00 33.11 82.26 41.77
1786 68.29 59.85 100.10 102.10 140.79
1787 68.45 82.00 65.64 133.12 36.58
1788 68.13 7.43 23.31 81.25 23.81
1789 68.35 31.02 99.16 80.17 135.67
1790 68.41 61.62 92.64 104.62 143.02
1791 68.26 70.57 50.56 132.25 69.35
1792 68.36 75.19 58.33 136.01 46.43
1793 68.42 20.72 57.81 80.94 86.27
1794 68.32 23.03 69.41 79.22 98.52
1795 68.43 51.12 113.15 87.88 167.73
1796 68.49 56.27 106.70 98.40 174.46
1797 68.39 68.04 47.44 117.73 88.56
1798 68.55 91.75 70.08 104.02 12.21
1799 68.61 28.97 97.63 73.61 124.76
1800 68.51 44.47 120.37 78.66 176.14
1801 68.66 54.28 119.54 79.13 169.15
1802 68.71 63.55 77.21 101.37 133.88
1803 68.69 79.49 57.95 133.53 44.05
1804 68.91 14.48 53.39 70.97 62.95
1805 68.88 84.63 78.79 131.08 33.74
1806 68.93 16.66 56.78 72.96 76.91
1807 68.80 25.23 81.17 73.08 124.16
1808 68.83 87.09 80.64 116.48 28.45
1809 68.96 10.11 34.53 73.94 45.30
1810 68.77 12.18 40.62 82.42 51.70
1811 69.04 33.47 111.13 70.43 150.56
1812 68.88 58.09 116.94 87.80 175.20
1813 68.98 46.64 154.71 71.02 181.50
1814 69.14 18.80 64.51 68.00 91.13
1815 69.07 72.15 46.12 118.06 82.41
1816 69.13 38.26 125.34 69.15 176.34
1817 69.14 65.41 80.68 96.09 133.62
1818 69.16 52.50 139.21 70.18 172.84
1819 69.15 35.93 114.37 66.79 159.54
1820 69.15 48.85 150.84 69.88 183.00
1821 69.19 69.78 52.10 111.54 96.90
1822 69.26 67.52 68.92 101.68 131.44
1823 69.37 40.69 113.80 64.24 167.23
1824 69.35 59.86 138.06 77.88 157.66
1825 69.44 31.28 113.60 62.38 142.24
1826 69.43 42.91 134.41 63.46 173.67
1827 69.34 74.25 54.56 118.86 78.82
1828 69.49 90.00 69.65 111.11 21.40
1829 69.48 23.38 81.06 58.80 111.43
1830 69.47 76.66 48.68 114.84 64.97
1831 69.58 21.24 73.03 57.86 99.62
1832 69.45 26.81 89.51 64.84 128.07
1833 69.51 56.05 161.89 75.62 192.95
1834 69.52 61.84 131.83 80.92 165.39
1835 69.65 50.55 135.68 65.43 194.03
1836 69.68 45.07 137.21 62.08 179.15
1837 69.70 29.12 91.88 55.48 134.61
1838 69.69 82.14 45.93 117.98 49.04
1839 69.82 79.37 45.34 117.97 56.13
1840 69.93 11.78 54.17 59.14 64.19
1841 69.89 54.28 157.39 61.23 186.44
1842 69.89 63.69 125.34 82.61 160.10
1843 69.91 87.63 57.08 115.56 37.65
1844 70.05 92.20 32.11 81.71 11.03
1845 69.92 57.91 157.11 69.19 180.56
1846 70.05 34.73 94.25 51.84 158.95
1847 70.10 47.18 120.46 56.55 184.02
1848 70.05 85.23 44.24 114.04 42.39
1849 70.19 37.54 109.10 55.65 163.09
1850 70.16 70.30 66.41 85.13 113.12
1851 70.25 72.66 62.52 89.32 98.71
1852 70.23 14.51 65.83 56.00 83.71
1853 70.24 39.59 113.59 54.11 167.15
1854 70.22 65.67 119.89 77.49 149.50
1855 70.26 16.83 70.59 56.41 94.69
1856 70.30 24.65 76.24 50.49 130.78
1857 70.24 67.91 87.66 85.41 135.15
1858 70.26 19.29 71.51 52.46 102.84
1859 70.34 32.50 89.62 52.31 162.05
1860 70.26 52.09 136.51 57.63 187.25
1861 70.37 60.43 145.73 65.17 180.78
1862 70.50 75.18 58.52 90.82 92.57
1863 70.58 26.86 70.64 51.35 133.00
1864 70.56 41.85 112.30 57.93 171.74
1865 70.57 49.39 119.25 57.50 190.85
1866 70.56 43.90 111.14 54.84 192.77
1867 70.62 62.47 136.24 67.05 176.83
1868 70.75 78.10 51.88 94.00 84.30
1869 70.79 21.66 66.31 47.60 108.21
1870 70.83 28.99 71.19 45.93 136.64
1871 70.81 83.80 38.18 100.64 68.16
1872 70.70 56.18 134.00 59.44 170.84
1873 70.82 58.69 148.12 56.20 182.64
1874 70.92 30.91 74.98 45.91 158.24
1875 70.98 36.17 72.96 47.81 173.63
1876 70.92 81.18 43.46 97.07 78.41
1877 71.03 88.40 32.36 105.68 43.28
1878 70.90 53.85 121.21 52.43 186.96
1879 71.19 90.83 22.52 78.16 25.06
1880 71.14 12.70 59.69 46.24 79.23
1881 71.24 45.52 81.00 48.09 171.17
1882 71.15 47.64 103.12 50.70 191.76
1883 71.20 69.05 102.10 70.64 138.46
1884 71.14 34.14 64.06 46.78 157.79
1885 71.22 51.32 97.32 51.38 188.64
1886 71.19 66.62 130.90 65.23 161.87
1887 71.23 40.15 79.99 49.51 173.78
1888 71.26 64.39 156.43 65.22 172.39
1889 71.33 71.29 99.04 69.77 135.25
1890 71.36 61.06 153.47 57.28 194.53
1891 71.35 16.76 57.68 43.68 108.45
1892 71.39 19.25 54.54 42.85 114.10
1893 71.51 25.14 58.51 41.77 125.51
1894 71.65 22.89 51.45 38.74 110.29
1895 71.48 38.03 62.87 46.96 158.83
1896 71.47 73.78 90.71 75.85 127.50
1897 71.57 57.34 115.31 52.03 187.31
1898 71.60 43.13 68.96 45.03 161.38
1899 71.77 14.65 53.03 41.95 98.22
1900 71.59 76.48 75.57 76.08 118.38
1901 71.84 86.18 32.01 89.15 66.33
1902 71.70 27.47 53.68 41.68 121.92
1903 71.77 49.50 68.04 46.80 179.50
1904 71.78 32.39 50.09 41.26 152.79
1905 71.74 55.48 103.85 53.50 192.80
1906 71.85 52.97 76.70 45.21 179.76
1907 71.79 59.55 124.43 50.73 191.33
1908 71.94 79.45 71.57 77.25 100.71
1909 71.85 62.58 154.59 58.02 184.07
1910 72.06 83.18 41.18 80.34 86.62
1911 71.96 29.93 49.44 39.98 136.62
1912 72.11 35.01 41.09 39.14 146.13
1913 72.14 41.24 50.56 40.11 161.79
1914 72.22 20.58 46.68 36.69 117.72
1915 72.18 47.27 62.92 44.48 175.23
1916 72.31 88.64 28.25 83.93 53.80
1917 72.29 65.65 122.71 57.81 171.25
1918 72.31 67.75 119.61 55.76 171.24
1919 72.38 17.31 39.44 34.74 102.82
1920 72.38 44.98 54.72 41.34 158.96
1921 72.47 69.78 116.57 59.20 164.27
1922 72.44 39.13 45.25 38.65 141.45
1923 72.47 72.04 121.47 57.72 144.02
1924 72.51 12.25 38.90 34.72 79.99
1925 72.63 36.98 40.92 40.10 129.03
1926 72.47 51.06 61.38 41.94 179.29
1927 72.61 54.63 69.71 43.53 183.06
1928 72.54 58.42 85.73 45.65 195.38
1929 72.76 25.98 40.07 37.04 111.49
1930 72.64 63.87 126.92 50.67 178.26
1931 72.64 74.45 113.54 61.95 139.05
1932 72.77 23.85 35.24 33.32 107.13
1933 72.80 28.18 43.16 34.40 117.29
1934 72.73 60.75 104.85 44.95 184.78
1935 72.77 77.03 111.24 58.71 119.62
1936 72.83 33.01 37.83 37.77 133.21
1937 72.83 56.61 70.10 42.19 188.64
1938 73.00 81.91 71.64 70.19 120.24
1939 72.90 30.70 40.04 37.24 114.93
1940 72.93 42.80 39.01 36.69 144.84
1941 73.00 48.87 47.28 40.04 158.35
1942 72.97 14.66 32.40 30.24 87.64
1943 73.10 86.18 36.98 76.03 77.26
1944 73.21 18.90 33.70 32.49 109.06
1945 73.11 52.75 47.84 38.08 168.20
1946 73.26 21.57 30.37 34.11 107.52
1947 73.26 62.35 99.39 42.71 183.42
1948 73.25 79.53 102.34 56.48 119.08
1949 73.26 35.18 37.87 34.97 118.32
1950 73.24 46.89 43.71 37.48 153.48
1951 73.30 40.79 40.29 36.59 130.03
1952 73.35 66.65 112.34 47.59 173.26
1953 73.71 84.18 61.71 58.45 107.28
1954 73.50 44.71 43.42 34.78 143.16
1955 73.55 59.13 64.49 38.37 176.56
1956 73.58 38.45 42.16 32.99 118.84
1957 73.68 68.81 105.55 44.68 151.61
1958 73.61 71.57 125.18 46.65 145.32
1959 73.62 88.44 25.53 66.69 49.55
1960 73.62 50.74 42.13 37.64 157.24
1961 73.77 29.22 40.69 32.40 94.47
1962 73.81 16.32 25.08 26.91 92.90
1963 73.71 54.81 48.00 38.15 179.51
1964 73.80 74.13 110.71 47.63 153.47
1965 73.82 32.15 43.17 34.17 102.45
1966 73.69 64.58 94.66 40.80 178.25
1967 73.87 57.16 50.79 38.90 164.08
1968 73.86 76.36 133.23 47.52 145.53
1969 73.91 24.07 29.44 31.15 87.64
1970 73.97 26.68 36.73 32.99 83.85
1971 74.11 60.74 61.66 40.59 168.48
1972 74.19 13.48 19.48 24.92 75.13
1973 74.20 36.61 55.30 32.73 103.57
1974 74.15 43.11 53.28 34.00 121.89
1975 74.19 48.87 47.90 36.89 138.93
1976 74.16 52.69 44.90 35.48 156.27
1977 74.26 34.43 53.58 33.38 95.74
1978 74.32 40.63 59.32 34.32 103.56
1979 74.29 46.06 49.92 35.92 117.77
1980 74.15 89.93 16.06 42.94 23.24
1981 74.36 62.83 64.11 37.33 158.26
1982 74.54 18.33 24.69 26.83 81.62
1983 74.37 21.04 30.56 30.38 92.36
1984 74.38 79.76 117.78 50.86 142.83
1985 74.54 82.37 88.29 50.24 122.48
1986 74.51 66.84 82.53 42.40 166.82
1987 74.58 86.09 60.09 53.09 91.33
1988 74.56 55.59 44.51 32.80 156.78
1989 74.73 30.95 53.22 29.94 75.87
1990 74.70 38.53 74.31 32.54 91.91
1991 74.65 58.71 48.88 36.48 150.34
1992 74.63 70.92 94.37 40.42 171.00
1993 74.72 50.64 58.38 33.83 134.43
1994 74.73 64.86 60.09 35.82 162.21
1995 74.90 88.22 40.19 44.36 54.43
1996 74.88 28.63 61.25 29.21 72.43
1997 74.86 73.32 102.32 39.77 164.86
1998 74.93 47.79 60.92 33.28 109.03
1999 75.05 68.73 77.60 37.81 158.01
2000 74.89 77.66 122.43 40.14 140.35
2001 75.04 15.72 21.27 25.51 73.70
2002 75.12 24.24 42.33 28.97 73.55
2003 75.05 33.01 68.20 30.80 76.60
2004 75.25 22.12 39.83 27.84 71.69
2005 75.05 42.11 83.17 35.29 89.92
2006 75.08 53.37 53.09 36.34 135.43
2007 75.15 26.33 53.52 29.73 69.94
2008 75.22 61.67 40.43 32.71 146.29
2009 75.33 44.03 92.09 34.01 89.17
2010 75.33 57.00 49.00 35.52 142.68
2011 75.54 75.37 81.97 35.90 144.13
2012 75.51 36.92 93.64 30.03 69.13
2013 75.37 12.88 17.61 24.30 53.85
2014 75.42 34.95 76.63 32.49 70.99
2015 75.53 39.96 105.64 33.03 77.24
2016 75.48 59.73 41.60 33.40 151.02
2017 75.56 45.81 109.74 31.67 86.16
2018 75.68 19.44 33.47 24.75 67.92
2019 75.65 84.09 87.03 43.30 115.27
2020 75.55 55.01 56.90 34.92 124.17
2021 75.59 80.79 113.26 43.38 146.06
2022 75.56 51.39 81.16 30.70 110.28
2023 75.74 64.17 40.13 33.72 146.93
2024 75.71 66.40 43.73 33.56 150.48
2025 75.71 70.97 58.46 34.94 153.74
2026 75.90 29.80 77.46 29.78 58.30
2027 75.97 86.98 54.96 37.81 69.72
2028 75.94 49.59 96.00 33.72 90.28
2029 76.07 77.72 98.99 35.50 152.06
2030 76.11 47.78 122.68 31.85 82.74
2031 76.06 58.17 52.79 30.76 133.21
2032 76.09 31.85 78.50 29.88 58.34
2033 76.15 14.67 22.86 22.93 58.49
2034 76.30 17.32 32.16 22.19 53.39
2035 76.23 27.64 76.90 27.65 52.96
2036 76.22 73.39 58.87 30.92 151.26
2037 76.23 41.70 115.20 33.02 66.07
2038 76.25 38.48 124.14 32.20 63.22
2039 76.24 52.95 94.20 32.15 98.34
2040 76.47 25.39 67.14 28.01 50.29
2041 76.38 68.79 44.09 34.78 146.75
2042 76.37 62.47 39.04 31.10 129.45
2043 76.46 23.36 62.06 25.72 56.06
2044 76.53 60.55 46.03 30.78 113.90
2045 76.51 21.15 51.71 26.20 54.84
2046 76.54 43.66 134.77 31.85 61.91
2047 76.49 55.23 90.31 30.92 96.15
2048 76.53 33.86 98.36 30.48 49.23
2049 76.61 36.12 105.08 32.39 54.01
2050 76.66 45.98 146.88 33.14 64.83
2051 76.72 80.17 96.79 32.85 137.12
2052 76.81 82.94 93.12 38.49 120.11
2053 76.79 50.91 135.23 30.05 75.53
2054 76.90 66.76 35.37 29.87 136.59
2055 76.85 56.99 91.05 31.92 100.54
2056 76.87 70.94 41.30 27.76 139.17
2057 77.02 85.58 62.68 32.83 86.39
2058 77.03 64.53 36.29 30.68 124.86
2059 77.13 77.03 60.59 28.86 149.90
2060 77.09 40.05 131.90 31.66 50.31
2061 76.91 19.31 50.48 22.74 43.30
2062 77.19 29.56 98.69 29.19 41.36
2063 77.15 48.95 141.85 32.33 64.61
2064 77.23 58.85 85.31 31.03 99.31
2065 77.26 14.98 36.91 21.87 41.79
2066 77.31 31.75 107.46 28.06 43.68
2067 77.35 74.93 48.23 28.38 146.30
2068 77.41 38.00 129.41 30.88 48.36
2069 77.25 53.14 127.81 31.13 72.21
2070 77.41 27.12 81.14 26.86 43.66
2071 77.68 17.43 52.86 23.03 38.21
2072 77.45 42.04 141.37 28.19 48.32
2073 77.58 44.73 157.16 32.84 51.94
2074 77.49 62.48 53.16 29.00 96.59
2075 77.56 46.97 155.34 32.57 53.67
2076 77.59 55.04 140.43 28.72 72.66
2077 77.47 19.62 50.69 23.64 49.64
2078 77.66 21.86 73.27 25.17 39.26
2079 77.67 24.28 70.56 25.27 41.86
2080 77.71 33.85 125.71 30.95 43.92
2081 77.84 72.82 34.41 26.54 124.87
2082 77.76 36.11 121.37 30.69 42.13
2083 77.88 79.47 63.51 28.07 146.51
2084 77.82 51.05 161.00 33.48 58.30
2085 77.78 60.53 79.48 28.78 83.14
2086 78.01 68.33 35.33 28.59 106.76
2087 77.98 81.86 57.81 27.62 115.47
2088 77.92 57.03 128.49 31.13 67.48
2089 78.04 70.51 32.12 28.05 123.14
2090 78.17 84.47 57.93 26.84 98.12
2091 78.18 66.11 43.15 28.10 111.88
2092 78.22 39.48 131.18 31.88 39.01
2093 78.36 43.35 148.15 29.76 43.14
2094 78.23 48.62 163.03 31.46 47.81
2095 78.27 64.01 59.32 29.65 94.22
2096 78.41 30.20 109.46 27.28 37.89
2097 78.41 52.88 158.69 30.96 57.27
2098 78.56 28.22 103.26 26.20 33.71
2099 78.54 26.04 89.00 28.38 37.51
2100 78.55 77.52 36.75 24.85 123.05
2101 78.36 19.45 68.11 22.31 32.89
2102 78.61 41.34 141.92 31.73 41.24
2103 78.67 32.27 125.05 27.83 39.10
2104 78.73 59.29 133.22 28.57 56.39
2105 78.62 46.09 155.71 30.20 43.74
2106 78.67 54.83 154.27 29.61 53.77
2107 78.83 18.19 69.60 19.87 29.19
2108 78.79 37.37 124.91 29.05 39.65
2109 78.78 61.55 107.18 29.13 65.95
2110 78.76 75.18 35.52 25.93 127.72
2111 78.86 15.59 50.16 20.02 24.84
2112 78.77 34.81 115.50 30.22 33.38
2113 78.85 21.30 83.60 23.45 31.87
2114 78.90 50.83 153.84 32.49 45.52
2115 78.90 57.26 163.69 29.11 56.43
2116 79.02 23.50 86.32 24.64 34.32
2117 79.25 72.68 29.22 24.31 104.83
2118 79.23 80.13 34.83 23.69 114.25
2119 79.22 48.74 157.54 29.65 40.33
2120 79.27 83.20 37.67 23.37 95.20
2121 79.39 68.21 51.06 26.64 86.17
2122 79.35 39.68 113.38 28.83 34.22
2123 79.43 44.48 143.61 31.36 39.88
2124 79.37 63.49 104.51 27.57 62.62
2125 79.41 70.45 36.83 24.87 97.09
2126 79.42 65.87 74.54 25.49 72.10
2127 79.57 30.44 91.23 26.14 31.98
2128 79.74 16.92 60.83 17.51 23.24
2129 79.58 42.47 127.78 31.10 40.27
2130 79.61 46.85 152.70 30.61 37.12
2131 79.58 53.51 166.49 29.32 45.06
2132 79.63 35.99 112.56 28.30 36.04
2133 79.67 55.79 167.49 27.49 44.35
2134 79.83 33.61 100.53 26.42 35.32
2135 79.73 25.43 94.76 25.97 36.94
2136 79.92 19.54 76.69 20.78 29.75
2137 79.88 60.42 145.51 28.04 48.75
2138 79.81 27.95 92.38 28.44 32.33
2139 79.97 51.81 161.73 27.15 38.75
2140 79.94 77.51 28.47 20.65 106.04
2141 80.03 58.47 169.31 27.96 44.42
2142 80.16 37.56 96.49 27.86 33.62
2143 80.06 49.93 153.57 29.00 36.32
2144 80.01 74.86 30.59 23.40 104.08
2145 80.24 21.75 81.22 22.36 26.37
2146 80.41 62.28 123.19 26.19 47.44
2147 80.32 81.25 23.04 20.62 95.53
2148 80.60 31.49 79.89 26.89 31.79
2149 80.50 39.24 96.51 28.47 34.90
2150 80.56 41.65 99.54 30.09 32.65
2151 80.49 45.53 132.12 27.87 36.16
2152 80.53 48.16 128.01 27.32 38.54
2153 80.52 64.56 111.59 28.78 50.48
2154 80.52 72.23 45.36 24.39 83.80
2155 80.61 23.60 76.03 24.10 30.35
2156 80.67 43.50 110.03 27.47 35.66
2157 80.59 67.79 86.26 24.35 60.42
2158 80.69 54.66 159.17 27.79 39.17
2159 80.65 56.89 171.20 28.35 40.01
2160 80.69 29.11 74.19 27.24 29.90
2161 80.80 26.47 72.77 25.64 29.24
2162 80.76 35.26 88.26 27.67 31.64
2163 80.96 79.25 24.73 18.62 94.03
2164 81.07 70.04 77.84 23.69 61.11
2165 80.99 52.84 137.18 27.49 35.64
2166 81.08 50.61 129.51 27.98 33.32
2167 81.21 60.74 140.00 24.78 41.34
2168 81.23 74.69 47.53 21.84 86.88
2169 81.39 19.45 63.34 20.69 23.90
2170 81.41 77.03 27.77 18.14 88.40
2171 81.35 32.89 66.47 26.67 28.73
2172 81.34 66.33 109.53 24.61 49.66
2173 81.43 46.93 108.01 29.56 31.08
2174 81.43 58.58 140.38 27.66 37.00
2175 81.40 40.49 88.81 27.86 34.44
2176 81.58 36.69 75.12 29.54 30.79
2177 81.41 17.14 49.02 18.36 16.92
2178 81.62 21.98 62.29 20.98 26.08
2179 81.59 45.08 90.26 29.70 32.31
2180 81.65 48.85 106.23 28.27 32.68
2181 81.66 56.16 135.68 27.25 35.49
2182 81.68 63.40 120.47 23.86 37.35
2183 81.87 24.25 57.46 23.54 27.16
2184 81.72 38.60 76.08 28.45 30.65
2185 81.93 72.33 81.77 23.48 59.70
2186 81.97 28.59 62.90 27.95 27.17
2187 82.00 30.76 65.10 26.02 29.31
2188 81.98 26.36 64.74 25.37 28.72
2189 81.88 34.48 68.43 25.43 28.85
2190 81.96 43.34 76.85 28.35 30.75
2191 81.96 54.17 115.47 28.76 36.53
2192 82.03 51.69 102.61 27.16 31.39
2193 82.12 68.40 112.48 23.58 45.70
2194 82.17 41.46 72.78 28.56 31.46
2195 82.30 78.98 23.79 18.55 74.14
2196 82.40 60.56 115.72 25.30 35.10
2197 82.47 65.62 116.67 24.27 40.74
2198 82.52 45.99 77.10 27.14 30.54
2199 82.63 49.81 89.00 26.55 29.16
2200 82.83 32.74 54.04 26.28 26.10
2201 82.63 58.12 106.17 24.09 30.86
2202 82.75 70.99 116.25 22.37 45.09
2203 82.61 75.70 55.78 17.22 66.95
2204 82.71 20.18 49.54 19.22 19.85
2205 82.84 35.52 56.19 26.43 28.09
2206 82.88 22.48 52.31 20.77 23.56
2207 82.85 48.05 82.99 25.80 29.50
2208 82.74 56.00 106.90 27.00 33.38
2209 82.80 63.04 112.52 26.99 34.18
2210 82.88 37.70 55.90 27.40 27.01
2211 82.96 53.15 104.51 26.57 29.57
2212 82.97 39.95 54.21 28.60 29.24
2213 83.16 26.91 49.30 23.32 26.41
2214 83.17 44.42 60.58 29.04 28.23
2215 83.17 42.33 54.68 26.09 28.83
2216 83.34 73.89 85.85 19.68 46.64
2217 83.26 51.32 85.90 25.03 27.53
2218 83.32 30.79 46.38 26.91 27.07
2219 83.34 28.89 47.22 24.76 26.49
2220 83.33 68.91 130.03 22.61 36.77
2221 83.44 77.87 48.33 15.55 59.95
2222 83.45 60.32 100.50 23.00 32.21
2223 83.62 66.65 125.80 21.38 32.50
2224 83.65 54.64 79.41 24.74 28.29
2225 83.66 46.41 62.10 26.46 26.72
2226 83.62 24.76 46.14 21.52 24.18
2227 83.88 64.61 102.89 23.76 32.20
2228 83.97 56.67 76.55 22.90 26.82
2229 83.93 58.57 79.14 25.03 29.96
2230 83.92 62.46 97.08 24.42 30.77
2231 84.02 19.92 33.99 18.70 16.59
2232 84.08 22.68 39.57 21.26 19.68
2233 84.08 34.67 43.99 24.83 25.25
2234 83.99 40.66 41.10 26.25 24.31
2235 84.12 48.44 57.02 25.95 27.26
2236 83.86 71.80 111.90 18.15 36.80
2237 84.22 36.59 40.59 24.78 26.33
2238 84.19 43.50 43.15 26.09 26.32
2239 84.37 76.45 67.79 16.13 38.19
2240 84.19 38.36 39.03 26.10 26.29
2241 84.28 50.70 57.55 24.39 27.65
2242 84.35 52.67 67.10 24.23 25.30
2243 84.27 70.15 123.20 21.27 31.51
2244 84.34 26.96 33.05 24.88 22.26
2245 84.32 72.91 100.64 19.29 36.73
2246 84.44 32.83 38.24 25.26 23.84
2247 84.63 30.78 34.93 25.52 24.54
2248 84.83 25.37 33.60 22.55 21.21
2249 84.45 28.78 33.51 24.78 24.00
2250 84.87 68.09 127.87 20.66 28.52
2251 84.71 46.11 41.96 28.34 25.75
2252 84.72 60.59 70.56 25.07 28.08
2253 84.84 54.64 59.12 24.60 25.97
2254 85.20 74.76 92.59 17.00 31.04
2255 85.23 44.24 36.52 24.36 23.70
2256 85.01 21.26 24.52 18.28 15.38
2257 85.03 57.55 61.29 23.37 26.24
2258 85.05 63.69 84.47 23.43 26.42
2259 85.13 65.95 103.57 23.63 27.78
2260 85.29 23.50 30.16 19.11 19.43
2261 85.11 39.60 32.09 24.74 26.02
2262 85.26 41.98 31.61 25.76 23.89
2263 85.25 49.77 45.16 23.89 24.01
2264 85.05 28.60 33.87 23.37 22.27
2265 85.42 72.45 118.59 18.54 28.85
2266 85.48 47.72 40.64 25.18 24.14
2267 85.36 37.21 31.92 23.58 25.22
2268 85.53 51.90 46.00 24.56 25.49
2269 85.47 32.88 26.51 25.98 24.40
2270 85.59 59.45 55.90 25.11 25.59
2271 85.61 27.22 29.11 22.47 24.06
2272 85.77 77.04 74.34 13.84 23.14
2273 85.75 55.85 48.80 24.89 25.19
2274 85.45 29.49 33.19 24.44 20.19
2275 85.57 35.45 29.89 25.95 23.62
2276 85.73 31.36 23.90 26.26 20.43
2277 85.91 69.88 112.32 19.53 24.75
2278 85.98 53.77 44.87 25.27 23.99
2279 85.82 45.14 32.86 29.00 20.64
2280 85.89 21.52 22.20 17.53 11.70
2281 86.20 29.61 24.95 26.47 21.01
2282 86.34 38.45 23.79 25.72 22.81
2283 86.04 26.31 24.91 24.13 16.87
2284 86.17 40.25 25.12 25.32 23.49
2285 86.01 46.20 30.89 25.53 25.47
2286 86.31 57.68 46.54 22.84 24.02
2287 86.44 64.55 66.28 21.66 24.41
2288 86.35 66.91 78.89 21.11 23.11
2289 86.23 33.15 22.61 28.23 20.48
2290 86.37 22.32 21.56 18.47 15.22
2291 86.44 50.20 32.42 25.93 22.16
2292 86.52 25.13 19.49 20.41 17.05
2293 86.37 36.65 23.82 25.64 18.82
2294 86.40 43.15 26.33 25.33 21.54
2295 86.62 74.54 94.78 14.21 21.18
2296 86.63 47.89 28.62 25.73 20.66
2297 86.55 34.25 21.73 27.39 23.61
2298 86.53 45.23 25.77 25.43 18.64
2299 86.74 62.01 50.62 22.26 21.80
2300 86.80 71.77 98.53 16.78 20.57
2301 86.79 59.90 44.37 22.96 22.08
2302 86.90 52.42 31.86 24.45 21.38
2303 86.98 68.66 87.40 20.35 21.88
2304 86.90 31.99 22.48 23.37 22.26
2305 86.76 35.36 20.00 28.54 17.04
2306 87.32 26.95 17.46 21.66 18.44
2307 87.08 55.10 33.09 24.40 19.83
2308 87.05 23.00 17.58 17.11 14.79
2309 87.06 36.73 20.85 26.41 20.53
2310 87.24 41.54 21.58 24.34 19.87
2311 87.47 30.34 18.86 24.42 21.05
2312 87.30 57.91 41.06 22.74 21.50
2313 87.45 44.18 21.29 25.59 18.80
2314 87.44 24.64 18.03 17.35 17.53
2315 87.68 33.38 18.12 26.49 18.94
2316 87.89 35.77 20.37 24.87 19.92
2317 87.66 63.86 46.47 20.03 21.70
2318 87.76 66.55 57.03 18.55 19.42
2319 87.85 70.23 77.22 17.51 19.05
2320 87.80 61.26 40.69 21.69 19.59
2321 87.90 72.93 69.87 14.45 17.87
2322 87.84 38.99 18.49 25.38 18.10
2323 87.87 28.78 14.23 23.19 15.45
2324 88.11 53.06 24.08 24.57 19.09
2325 88.38 55.93 25.30 22.49 19.57
2326 88.17 59.26 33.63 22.94 20.83
2327 87.95 23.53 14.71 18.56 10.82
2328 88.45 40.49 19.10 25.94 18.46
2329 87.81 43.15 22.60 25.40 17.20
2330 88.31 48.05 18.57 26.17 18.58
2331 88.11 42.27 21.93 23.79 21.07
2332 88.08 25.58 14.92 18.00 13.17
2333 88.24 45.19 21.42 24.17 17.79
2334 88.20 68.27 58.14 17.50 22.07
2335 88.46 27.64 16.24 22.24 16.61
2336 88.73 50.66 19.96 22.99 20.31
2337 88.49 30.93 15.25 25.43 17.82
2338 88.62 37.72 19.89 25.44 18.34
2339 88.72 32.47 16.35 23.15 17.15
2340 88.82 64.95 43.02 20.51 18.67
2341 88.80 68.92 47.82 18.28 17.78
2342 88.81 24.69 11.09 19.12 12.45
2343 88.75 26.24 13.22 19.08 16.08
2344 88.91 71.71 52.20 14.15 16.49
2345 89.05 62.35 32.83 20.29 17.71
2346 89.30 67.28 41.74 17.55 16.90
2347 88.99 45.63 17.15 24.76 17.03
2348 89.05 53.86 20.22 23.44 18.67
2349 89.17 30.60 15.12 22.40 15.92
2350 89.12 28.55 14.00 21.80 13.50
2351 89.52 44.32 19.21 24.77 17.64
2352 89.36 27.29 11.57 23.32 12.57
2353 89.27 39.04 19.06 25.85 18.67
2354 89.56 58.88 22.68 22.77 17.41
2355 89.50 33.27 14.31 24.17 15.54
2356 89.32 41.74 19.30 25.16 18.40
2357 89.47 47.81 19.67 24.73 16.77
2358 89.46 60.37 23.18 18.79 19.26
2359 89.80 70.16 42.88 14.48 14.47
2360 89.38 53.07 20.75 27.75 22.00
2361 89.70 25.97 11.31 19.51 10.53
2362 89.77 29.42 15.03 20.47 15.86
2363 89.77 46.47 20.08 24.18 17.37
2364 89.87 37.44 19.37 25.54 16.73
2365 89.99 55.58 18.97 21.92 17.44
2366 89.71 31.58 14.96 24.17 16.13
2367 89.91 49.85 19.20 25.76 15.36
2368 89.69 52.68 20.00 23.40 14.40
2369 90.29 66.37 28.24 16.22 14.57
2370 90.40 53.50 16.69 21.50 14.39
2371 90.43 40.54 16.83 23.98 16.14
2372 90.39 51.66 18.96 22.35 16.21
2373 90.31 31.84 15.48 22.89 13.43
2374 90.45 60.03 18.53 19.55 18.27
2375 90.79 33.83 15.49 24.09 14.51
2376 90.48 38.68 16.73 25.56 16.33
2377 90.53 47.57 17.59 23.61 15.15
2378 90.63 68.56 30.82 16.56 12.84
2379 90.78 43.19 18.30 24.45 16.65
2380 91.11 45.89 17.89 23.85 16.29
2381 90.79 57.46 19.67 25.50 15.50
2382 91.11 41.02 18.03 23.67 15.87
2383 90.95 59.30 16.08 20.75 14.33
2384 91.29 50.89 17.88 21.05 14.63
2385 91.30 31.28 14.18 21.02 13.50
2386 91.28 58.02 21.34 19.91 16.72
2387 91.30 61.14 16.71 18.77 14.16
2388 91.23 29.92 11.16 20.00 10.63
2389 91.70 67.78 16.52 14.22 11.28
2390 91.45 52.85 17.84 22.27 14.49
2391 91.28 55.46 14.78 22.89 14.11
2392 91.80 28.89 11.11 18.90 10.68
2393 91.61 37.79 15.19 23.75 15.10
2394 91.75 54.57 16.60 21.46 14.99
2395 91.56 59.40 15.30 20.24 14.64
2396 91.85 33.65 15.48 23.22 13.54
2397 91.83 42.27 16.45 24.61 16.72
2398 91.80 32.63 15.70 24.90 13.00
2399 91.95 31.61 12.81 21.05 10.95
2400 92.04 44.56 18.13 23.61 15.53
2401 92.07 56.40 15.24 21.35 11.85
2402 92.23 63.95 14.18 17.61 11.45
2403 92.34 30.55 11.98 19.41 11.22
2404 92.29 58.71 14.61 18.96 12.02
2405 92.57 40.47 15.14 21.25 13.95
2406 92.62 36.44 14.58 23.26 12.49
2407 92.40 41.99 18.22 21.67 13.33
2408 92.69 49.10 16.89 22.51 13.77
2409 92.84 32.54 13.43 20.07 11.83
2410 92.88 38.78 17.92 22.94 12.45
2411 92.85 53.83 15.68 21.03 13.44
2412 93.01 42.51 16.91 23.09 13.25
2413 92.87 55.83 16.48 18.20 13.32
2414 93.09 58.43 13.32 19.96 11.55
2415 93.04 34.60 12.15 20.88 11.08
2416 93.06 51.24 17.08 20.21 13.23
2417 93.17 30.63 11.14 19.33 10.50
2418 93.22 45.41 15.31 23.32 13.35
2419 93.68 46.74 14.41 20.95 13.21
2420 93.40 40.10 13.82 23.12 12.41
2421 93.50 56.75 14.53 21.68 12.16
2422 93.59 36.52 12.31 21.23 12.52
2423 93.44 43.84 14.00 22.33 13.00
2424 93.64 52.27 15.32 21.90 13.42
2425 93.74 49.59 12.93 20.67 15.07
2426 93.85 32.50 10.96 16.54 9.83
2427 93.79 42.85 15.43 22.20 11.96
2428 93.85 59.44 10.97 18.39 10.69
2429 93.72 39.47 15.75 21.25 15.50
2430 94.01 40.56 14.22 21.89 12.33
2431 93.92 50.91 13.47 22.63 12.42
2432 94.11 56.96 16.67 17.97 10.06
2433 94.84 44.83 13.01 20.46 12.26
2434 94.21 51.96 15.38 22.12 13.50
2435 94.78 49.70 14.02 19.05 12.06
2436 94.44 53.27 14.03 19.41 11.69
2437 94.37 58.90 14.47 15.59 12.18
2438 94.52 42.66 14.00 20.98 12.17
2439 94.78 57.75 12.17 17.17 10.22
2440 94.76 36.23 10.63 18.68 10.03
2441 94.94 40.71 13.30 20.24 11.21
2442 94.57 51.35 13.91 20.91 12.45
2443 94.78 62.70 10.49 14.72 7.98
2444 94.98 60.38 10.22 16.54 8.73
2445 94.82 46.58 14.98 20.71 12.07
2446 94.92 34.29 11.24 17.08 9.45
2447 95.16 51.68 14.67 17.59 10.87
2448 94.99 54.36 14.27 19.45 11.00
2449 95.26 47.41 12.83 19.59 11.69
2450 95.54 42.70 11.90 18.61 11.45
2451 95.30 39.38 11.47 20.31 10.72
2452 95.52 36.40 10.58 16.21 8.83
2453 95.53 55.42 12.02 17.35 10.46
2454 95.50 56.98 11.03 16.20 9.83
2455 95.51 59.12 12.19 15.57 9.45
2456 95.83 38.89 11.39 16.61 9.29
2457 95.76 45.57 13.50 17.00 11.12
2458 96.10 52.80 12.06 17.38 9.77
2459 96.24 46.80 12.58 17.53 9.61
2460 96.06 36.01 9.67 16.00 8.50
2461 96.34 44.51 12.14 17.44 10.75
2462 96.24 56.06 11.75 15.69 8.12
2463 96.43 41.36 10.08 16.62 10.00
2464 96.54 54.93 11.45 16.23 7.98
2465 96.66 38.49 8.84 15.88 7.93
2466 96.62 56.67 9.05 13.82 7.91
2467 97.20 53.74 10.74 13.71 7.99
2468 96.93 48.07 11.20 15.54 9.00
2469 97.16 40.05 8.29 16.58 8.20
2470 96.92 46.81 10.78 15.67 7.67
2471 97.80 46.36 8.79 14.42 7.50
2472 97.15 56.13 9.43 14.00 6.33
2473 97.41 47.23 9.50 16.10 9.25
2474 97.84 51.53 9.78 13.85 7.63
2475 97.64 42.09 8.27 13.84 7.91
2476 97.84 48.96 8.23 14.42 7.90
2477 97.91 44.24 7.31 13.09 6.89

