#<Embryo name> <Cleavage cycle> <Temporal class> <Genes>
kf6 14A 6 even-skipped knirps giant

#Quantitative data
#<Nucleus number> <A-P coordinate> <D-V coordinate> <Fluorescence intensity: channel 1 - eve, channel 2 - kni, channel 3 - gt>
0 1.88 48.59 11.91 85.50 5.86
1 2.22 46.28 11.48 84.63 5.29
2 2.52 49.22 12.52 93.48 5.33
3 3.04 43.63 14.27 91.94 7.96
4 3.15 51.50 12.58 97.00 5.94
5 3.41 48.11 16.74 105.54 7.80
6 3.59 45.91 15.70 86.15 7.28
7 3.65 39.31 12.13 89.87 9.34
8 4.36 41.74 15.68 100.55 12.74
9 4.49 44.33 17.97 91.29 11.65
10 4.40 52.26 14.56 82.68 5.77
11 4.67 49.84 17.24 92.83 8.21
12 4.40 54.50 13.13 93.24 4.98
13 4.90 47.67 16.41 89.55 9.14
14 4.88 39.39 15.90 90.16 13.03
15 5.01 54.50 12.92 86.67 7.08
16 5.40 37.19 15.05 82.88 11.88
17 5.61 43.16 18.78 90.50 11.14
18 5.36 53.55 14.21 89.59 7.72
19 5.69 59.55 7.00 70.31 3.75
20 5.87 40.93 16.98 93.78 14.73
21 5.89 45.61 18.72 93.97 11.23
22 5.86 52.28 16.20 92.72 7.23
23 5.78 55.79 14.61 100.67 6.43
24 5.85 34.41 13.32 64.25 9.86
25 6.05 49.75 17.68 91.03 9.44
26 6.64 39.02 18.36 73.48 13.44
27 6.32 54.51 15.75 95.56 7.48
28 6.52 57.48 14.04 90.56 6.21
29 6.50 36.80 16.87 65.92 13.65
30 6.80 47.62 17.41 93.89 12.70
31 6.38 59.42 8.80 71.34 5.69
32 6.44 32.61 11.44 48.28 10.50
33 6.82 42.76 18.14 93.64 17.29
34 6.87 52.33 18.81 95.63 10.01
35 7.15 33.03 12.84 44.29 10.09
36 7.14 34.88 14.48 51.38 11.16
37 7.13 45.18 19.23 99.07 21.17
38 7.21 54.82 17.97 93.46 8.47
39 7.38 51.16 16.17 100.76 11.51
40 7.54 59.81 11.50 76.13 5.61
41 7.24 40.73 19.14 68.53 18.81
42 7.54 49.49 20.64 94.49 11.70
43 7.70 36.65 18.25 53.01 12.11
44 7.84 41.25 16.36 68.08 15.98
45 8.05 58.25 13.45 88.01 7.43
46 7.83 32.24 14.19 35.31 5.75
47 8.17 39.02 17.17 56.94 14.44
48 8.25 43.17 18.86 71.82 14.76
49 8.18 53.37 18.58 99.78 9.68
50 8.53 56.11 16.65 101.01 8.63
51 8.28 45.56 19.12 84.89 14.84
52 8.57 47.79 18.98 91.33 13.37
53 8.60 63.38 12.15 70.59 5.57
54 8.45 32.94 13.47 34.27 7.92
55 8.53 51.67 18.64 104.00 10.64
56 8.84 50.23 18.42 92.11 11.07
57 8.65 61.19 13.91 77.28 5.67
58 8.87 37.16 17.01 44.35 10.08
59 9.06 40.81 18.29 52.02 13.66
60 9.34 33.29 15.25 30.03 8.46
61 9.39 58.60 17.43 87.68 8.80
62 9.44 54.16 21.38 98.51 11.15
63 9.60 45.35 18.41 69.98 10.76
64 9.80 42.97 19.60 55.93 11.69
65 9.76 38.83 18.54 41.36 10.10
66 9.87 48.35 18.94 79.35 10.62
67 9.96 51.51 19.31 95.04 10.96
68 9.84 65.23 11.41 69.53 6.34
69 9.82 63.01 15.97 77.19 7.16
70 9.99 36.31 16.75 33.36 10.52
71 9.84 56.55 16.77 91.84 9.52
72 10.09 33.87 15.71 26.70 10.34
73 10.35 60.95 18.63 86.36 8.78
74 10.51 55.87 22.05 97.64 9.02
75 10.46 41.32 18.14 40.72 9.14
76 10.17 53.65 15.75 90.25 11.25
77 10.65 30.09 13.89 22.89 8.70
78 10.78 58.80 19.75 102.08 9.70
79 11.01 46.03 19.09 61.27 11.87
80 10.80 68.28 8.43 63.94 4.87
81 10.99 39.25 19.35 34.82 12.09
82 11.07 53.49 21.43 98.14 10.83
83 11.20 43.63 20.61 53.45 12.86
84 11.26 48.43 19.05 74.07 10.62
85 11.25 63.13 17.36 80.79 9.16
86 11.40 50.96 20.82 95.41 11.63
87 11.14 30.82 14.25 24.17 8.67
88 11.30 29.49 14.47 20.89 7.95
89 11.37 57.49 18.17 93.80 9.48
90 11.82 61.13 20.13 89.69 10.83
91 11.82 30.96 14.57 24.77 9.60
92 11.95 55.31 20.92 98.80 11.36
93 11.96 33.40 17.69 27.22 10.29
94 11.74 28.54 13.19 23.12 8.31
95 12.01 70.04 9.18 66.40 7.47
96 11.94 41.87 18.49 36.08 11.56
97 12.07 68.05 13.31 69.67 8.68
98 12.14 65.76 15.75 78.11 11.49
99 12.39 47.11 21.15 61.25 12.35
100 12.17 39.74 18.62 31.83 10.98
101 12.42 44.31 20.41 42.04 12.88
102 12.45 58.63 20.92 102.88 12.13
103 12.26 29.15 13.85 23.48 8.85
104 12.61 52.49 22.16 91.55 12.59
105 12.75 63.49 20.54 86.93 12.78
106 12.38 37.50 14.79 29.64 11.98
107 12.85 49.59 22.05 67.58 13.17
108 12.75 24.76 10.85 18.26 7.57
109 12.70 26.45 13.29 20.09 7.84
110 13.21 69.56 14.45 69.66 12.32
111 12.74 29.15 13.08 24.00 8.92
112 12.90 31.00 17.50 23.11 11.27
113 13.28 34.90 17.16 27.55 12.66
114 12.91 41.82 19.33 30.87 14.54
115 12.87 38.22 19.00 29.71 12.79
116 13.03 39.48 18.62 29.72 13.95
117 13.20 56.20 22.22 101.00 14.77
118 13.29 72.14 10.24 63.15 9.40
119 13.22 65.81 17.56 75.17 12.71
120 13.37 29.53 17.36 23.52 12.56
121 13.40 61.47 21.44 87.08 14.99
122 13.51 43.29 21.59 35.88 17.22
123 13.38 45.68 20.72 48.67 16.54
124 13.55 67.21 17.57 75.84 11.10
125 13.79 53.52 22.32 95.55 16.28
126 14.00 59.41 20.93 99.28 14.67
127 13.62 41.15 18.67 32.40 15.19
128 13.54 37.56 18.50 31.90 13.00
129 13.69 38.61 20.50 29.53 13.56
130 14.16 47.47 21.37 46.93 18.73
131 14.15 50.35 21.64 66.33 18.77
132 13.87 30.60 17.91 23.55 14.70
133 14.13 64.40 19.77 74.03 14.49
134 14.12 70.60 16.82 67.31 15.33
135 13.99 35.34 21.89 30.22 17.22
136 14.21 40.04 18.07 30.89 15.37
137 14.30 37.67 16.85 32.35 15.20
138 14.39 73.68 9.93 74.47 9.12
139 14.23 27.94 17.00 24.92 13.50
140 14.51 56.24 22.00 96.49 16.63
141 14.32 35.96 17.12 28.53 16.12
142 14.57 22.79 10.60 18.89 9.27
143 14.62 62.55 19.73 79.27 15.16
144 14.75 68.86 18.36 76.08 14.69
145 15.05 23.84 13.21 19.05 15.39
146 14.81 45.22 20.64 35.18 29.72
147 14.67 36.77 19.58 31.08 19.00
148 15.06 52.15 23.40 79.25 23.05
149 15.10 66.33 20.96 79.86 18.42
150 15.09 60.75 24.04 100.63 18.35
151 15.17 35.04 19.50 26.66 24.97
152 15.10 40.13 19.61 30.28 22.14
153 15.19 48.39 22.01 45.12 41.29
154 15.19 37.59 19.20 26.73 20.49
155 15.18 72.75 14.66 71.23 14.32
156 15.64 54.25 22.53 88.07 26.11
157 15.73 26.51 14.24 20.23 27.29
158 15.47 29.45 15.71 22.03 25.09
159 15.56 64.21 23.15 88.44 19.93
160 15.52 71.33 17.88 75.33 14.21
161 15.74 22.18 10.87 18.95 17.16
162 15.92 56.60 23.42 99.21 21.88
163 15.85 44.32 21.55 30.82 52.52
164 15.99 50.55 22.01 59.80 51.69
165 15.65 38.66 19.75 30.00 19.25
166 15.92 68.37 20.76 77.24 17.76
167 15.92 46.98 21.70 35.37 66.40
168 16.04 62.23 22.27 94.77 20.50
169 15.80 74.92 12.18 77.68 10.68
170 16.23 70.26 17.64 72.96 16.27
171 16.36 41.79 20.70 29.71 59.31
172 16.07 73.68 13.35 81.08 10.92
173 16.22 31.65 18.70 23.23 38.36
174 16.61 24.63 15.18 19.68 36.09
175 16.36 36.93 17.81 25.98 46.40
176 16.38 39.43 19.23 26.78 44.12
177 16.66 34.31 18.34 26.15 45.72
178 16.60 65.96 22.80 82.92 18.69
179 16.56 29.13 18.50 22.37 43.50
180 16.66 60.82 24.86 104.76 25.23
181 16.39 75.68 12.17 79.67 8.67
182 16.58 46.89 21.41 34.39 77.76
183 16.78 52.73 22.45 71.14 41.82
184 16.51 74.79 14.19 83.08 11.81
185 16.86 22.03 12.83 17.58 40.92
186 17.02 49.35 21.94 40.41 83.47
187 17.04 55.63 24.10 93.03 31.80
188 17.14 58.26 24.53 102.39 28.56
189 17.10 44.44 20.59 31.02 98.31
190 17.02 73.30 15.37 81.15 15.46
191 17.36 26.84 14.68 22.07 58.71
192 17.38 62.89 24.36 97.22 23.16
193 17.74 38.12 19.77 26.09 102.69
194 17.60 31.92 19.26 23.85 72.82
195 17.77 40.42 22.91 26.77 107.02
196 17.42 68.07 22.28 78.80 19.52
197 17.50 72.20 17.15 75.67 14.75
198 17.65 46.50 23.17 30.58 125.80
199 17.82 35.88 19.20 25.19 99.49
200 18.05 20.00 11.37 15.34 54.72
201 17.95 42.77 21.93 29.69 137.02
202 17.95 51.66 24.68 47.61 88.79
203 17.70 66.52 25.60 84.76 21.05
204 17.89 54.01 23.14 72.38 57.99
205 17.88 75.42 15.03 80.50 14.98
206 18.05 29.23 17.81 23.75 87.98
207 18.01 23.25 16.36 19.40 69.69
208 18.26 59.26 26.00 101.62 35.70
209 18.26 48.48 22.36 33.49 126.85
210 18.38 64.54 24.08 90.83 23.93
211 18.46 56.58 25.94 89.46 46.95
212 18.48 33.95 20.69 25.37 107.11
213 18.34 71.46 19.80 70.54 22.80
214 18.85 25.42 15.71 22.88 93.68
215 18.80 73.44 21.83 86.82 23.02
216 18.64 69.03 22.32 83.27 20.20
217 18.83 45.23 22.30 29.91 144.27
218 18.79 61.53 25.97 102.34 28.40
219 18.92 77.76 13.82 80.25 14.42
220 18.54 75.47 14.85 79.92 16.62
221 19.03 50.24 23.54 37.11 122.68
222 19.14 30.85 20.52 25.48 123.68
223 19.12 39.32 22.27 27.47 143.96
224 19.23 27.98 17.25 22.46 110.47
225 19.15 42.18 22.34 29.61 149.44
226 19.00 53.86 26.56 55.38 85.10
227 19.20 36.73 20.24 25.34 144.83
228 19.07 76.45 14.09 84.46 15.02
229 19.22 22.43 15.74 19.79 95.76
230 19.04 66.58 21.71 85.73 28.10
231 19.45 18.83 11.91 15.91 82.34
232 19.60 33.05 19.52 26.19 141.33
233 19.57 47.56 23.01 32.80 141.93
234 19.64 58.68 25.94 91.55 48.72
235 19.46 69.22 23.33 82.47 23.07
236 19.62 72.21 20.44 81.24 24.94
237 19.62 63.41 30.23 99.74 32.64
238 19.40 64.52 24.38 100.62 31.75
239 19.79 56.23 25.49 71.49 74.04
240 19.58 75.66 19.11 81.86 22.09
241 20.04 51.74 23.45 36.51 111.78
242 19.74 65.30 26.46 90.21 25.36
243 19.83 68.07 24.80 88.66 26.41
244 20.31 35.18 20.19 26.78 150.81
245 20.20 45.35 21.62 31.13 155.22
246 20.11 60.72 27.43 101.49 38.33
247 20.14 62.43 23.97 91.48 31.28
248 20.05 74.48 20.65 75.68 23.85
249 20.36 40.84 22.91 27.97 159.21
250 20.26 70.47 23.44 86.24 27.76
251 20.48 43.29 22.57 28.34 168.84
252 20.00 66.70 22.62 84.46 21.83
253 20.12 78.56 14.92 82.44 19.51
254 20.38 20.72 13.93 19.75 109.42
255 20.30 24.28 17.78 22.39 113.93
256 20.31 53.96 23.30 47.91 102.87
257 20.48 27.06 17.37 23.85 129.60
258 20.41 49.55 23.15 32.97 137.50
259 20.38 38.02 21.74 26.94 165.73
260 20.49 30.09 19.67 26.22 135.78
261 20.20 72.01 22.20 86.60 22.07
262 20.60 77.03 18.21 79.81 26.00
263 20.79 32.56 21.16 28.73 155.64
264 20.83 57.60 25.44 68.17 80.88
265 20.95 17.96 12.97 17.96 100.44
266 20.75 79.66 12.56 69.89 17.13
267 20.97 64.51 27.80 99.07 39.99
268 20.95 66.83 26.73 95.50 34.21
269 21.04 47.37 24.29 29.44 150.44
270 20.74 68.02 22.35 88.65 30.26
271 21.07 75.19 20.43 85.90 30.41
272 21.20 55.55 25.85 50.56 104.59
273 21.16 59.64 25.85 88.85 52.91
274 21.01 62.87 25.42 103.95 46.74
275 21.23 72.15 25.19 81.46 33.43
276 21.43 22.46 15.34 23.54 124.55
277 21.58 28.92 18.92 25.47 152.91
278 21.55 36.56 21.30 26.22 162.83
279 21.43 52.83 24.73 39.74 116.96
280 21.56 39.43 23.33 29.12 172.91
281 21.62 61.86 26.17 93.28 40.09
282 21.57 78.18 19.95 75.14 33.25
283 21.65 24.96 18.84 23.51 130.04
284 21.69 45.04 24.24 30.29 158.11
285 21.60 49.93 24.61 35.42 131.52
286 21.40 80.65 13.32 69.25 19.11
287 21.71 42.43 24.43 28.35 167.57
288 21.64 69.90 25.82 88.23 33.29
289 21.87 33.98 20.72 28.91 153.95
290 21.80 68.33 29.15 95.50 35.59
291 22.06 15.13 12.01 16.99 100.60
292 22.04 31.41 20.03 25.36 136.24
293 22.09 20.35 16.42 20.75 121.36
294 22.15 65.58 26.52 100.27 43.39
295 22.00 81.70 11.37 71.63 19.30
296 22.35 27.22 18.22 25.36 135.92
297 22.11 57.62 25.62 59.53 79.15
298 22.11 67.26 26.04 101.56 39.18
299 22.27 17.74 14.95 18.32 103.62
300 22.29 47.18 26.92 32.12 156.44
301 22.22 80.13 16.47 78.30 32.61
302 22.30 60.03 26.38 84.26 60.82
303 22.39 51.76 27.19 35.30 119.60
304 22.38 54.90 26.73 41.75 97.82
305 22.49 74.85 25.73 78.83 44.46
306 22.50 63.65 28.47 96.97 49.60
307 22.52 72.63 24.47 82.49 42.79
308 22.60 40.97 23.92 29.20 162.52
309 22.72 38.22 22.78 29.69 165.40
310 22.87 77.40 22.55 79.92 40.65
311 22.79 69.88 26.63 87.99 40.85
312 23.00 35.55 21.74 27.42 156.19
313 22.84 44.16 24.23 32.13 154.47
314 22.92 49.20 26.92 35.85 127.27
315 23.13 22.49 16.09 22.47 118.38
316 23.02 24.88 19.69 25.57 133.78
317 23.06 29.81 18.92 26.64 146.85
318 23.16 61.73 28.36 89.15 62.99
319 22.87 82.26 15.60 69.80 36.08
320 23.15 33.05 20.10 24.81 138.64
321 23.15 83.97 12.97 64.28 21.70
322 23.28 53.36 28.03 45.59 107.00
323 23.24 56.44 27.44 56.24 91.46
324 23.23 58.70 29.66 66.02 77.16
325 23.31 66.17 26.77 93.32 51.34
326 23.15 81.00 23.19 79.47 50.30
327 23.43 19.83 16.17 22.40 107.52
328 23.52 13.91 10.98 16.59 71.82
329 23.50 16.81 13.52 18.61 103.20
330 23.46 46.50 25.42 33.09 144.88
331 23.28 59.87 25.97 72.81 67.31
332 23.61 51.17 25.77 38.44 116.86
333 23.62 42.38 24.82 31.81 154.68
334 23.71 26.88 19.68 23.88 134.19
335 23.84 39.95 24.31 30.58 133.06
336 23.63 74.54 33.20 75.51 58.88
337 23.86 37.46 22.50 27.00 144.00
338 23.90 79.53 28.27 71.28 59.70
339 23.90 63.53 31.65 91.22 59.06
340 23.91 68.30 32.56 90.80 58.90
341 23.88 72.84 26.66 83.06 48.34
342 24.12 76.84 29.63 71.64 64.91
343 24.22 31.38 20.86 27.35 141.97
344 24.27 44.68 27.01 34.61 145.34
345 24.30 29.00 21.75 26.45 140.69
346 24.22 49.25 25.89 38.99 122.85
347 24.24 57.52 30.04 69.10 89.07
348 24.27 54.50 28.73 59.91 110.22
349 24.30 60.24 27.51 81.39 79.61
350 24.38 24.28 20.62 24.06 118.35
351 24.44 33.52 22.38 28.84 141.73
352 24.53 35.61 22.23 27.66 153.34
353 24.23 83.57 20.36 56.36 39.79
354 24.61 19.12 17.14 21.35 100.74
355 24.22 74.07 25.60 74.30 36.60
356 24.83 21.96 18.31 22.44 107.56
357 24.63 15.65 14.46 19.31 86.17
358 24.62 47.08 26.02 40.77 132.72
359 24.58 66.61 33.98 87.95 72.07
360 24.69 51.86 29.71 52.95 112.35
361 24.70 81.46 31.71 55.84 58.56
362 24.79 69.91 39.35 85.55 66.19
363 24.83 42.57 24.53 31.25 141.98
364 24.77 62.23 34.02 87.23 75.74
365 24.93 72.75 44.12 66.92 71.55
366 25.05 26.76 20.60 25.62 118.20
367 25.06 75.33 48.35 61.81 77.88
368 25.28 13.00 11.76 16.48 71.60
369 25.03 40.14 23.13 31.82 144.71
370 25.02 78.55 41.69 57.75 74.20
371 25.09 37.81 24.60 32.21 148.29
372 24.83 84.05 19.97 51.06 31.77
373 25.12 55.88 30.30 69.62 111.49
374 25.28 58.45 33.45 81.28 93.84
375 25.32 64.24 42.84 80.11 85.46
376 25.42 48.90 28.90 51.73 120.67
377 25.49 29.43 21.04 28.86 120.87
378 25.58 46.03 27.41 41.58 144.11
379 25.58 53.46 32.49 68.52 119.56
380 25.51 60.69 39.55 80.43 93.90
381 25.60 17.76 17.04 22.50 103.97
382 25.56 67.95 52.97 82.30 79.92
383 25.64 31.86 22.61 29.60 129.01
384 25.63 34.27 24.80 31.39 137.80
385 25.71 24.62 21.84 26.83 112.56
386 25.69 83.17 46.17 37.25 67.33
387 25.78 71.01 64.12 68.51 84.80
388 25.85 44.00 28.57 39.88 142.57
389 25.79 50.92 30.51 68.78 123.84
390 25.89 79.72 76.31 43.35 91.51
391 25.94 20.45 18.46 25.41 104.78
392 25.99 66.10 71.64 72.22 99.07
393 25.75 85.60 36.98 32.24 52.90
394 26.15 36.53 25.57 34.18 133.65
395 26.06 41.53 28.21 38.28 142.32
396 26.12 15.60 16.45 22.82 95.02
397 26.11 73.65 100.23 46.39 99.14
398 26.03 76.78 76.77 45.06 91.59
399 26.07 62.70 65.43 69.39 112.65
400 26.14 39.03 26.39 38.48 145.24
401 26.12 56.07 35.67 70.10 114.47
402 26.33 27.05 21.41 30.39 112.23
403 26.50 22.77 19.40 26.92 110.77
404 26.44 47.73 30.09 61.89 136.06
405 26.44 58.48 46.36 71.87 112.44
406 26.45 85.09 60.50 25.55 64.79
407 26.70 13.42 16.77 20.57 89.82
408 26.69 29.68 23.40 32.23 121.12
409 26.70 52.09 34.57 72.15 121.65
410 26.81 54.17 39.38 85.55 126.91
411 26.71 60.90 75.47 69.61 117.82
412 26.68 64.28 123.49 65.60 111.24
413 26.82 45.69 32.39 60.95 140.59
414 26.90 67.46 151.03 49.33 103.36
415 26.92 69.53 163.12 44.43 108.01
416 26.89 81.02 90.29 28.31 100.10
417 26.86 18.53 21.45 29.16 101.48
418 26.85 32.10 25.53 38.54 130.87
419 26.83 34.50 25.48 45.70 132.69
420 26.93 49.82 34.43 77.52 128.27
421 26.96 43.18 29.05 51.61 129.01
422 27.17 77.98 122.30 30.66 116.31
423 27.14 25.14 24.02 32.83 122.88
424 27.16 71.87 183.68 37.56 114.25
425 27.30 83.20 77.91 23.76 93.66
426 27.23 75.12 153.22 33.98 113.13
427 27.20 38.49 29.16 43.74 141.92
428 27.24 40.55 25.94 51.48 137.01
429 27.30 56.15 58.04 74.08 143.09
430 27.39 21.04 22.08 29.20 109.22
431 27.40 86.62 52.16 19.26 71.99
432 27.50 16.31 21.10 28.46 95.95
433 27.62 11.76 20.29 24.29 89.12
434 27.57 36.59 29.84 52.50 137.43
435 27.59 65.36 204.33 42.89 124.35
436 27.51 27.58 24.11 37.65 115.57
437 27.63 62.76 188.65 45.39 131.10
438 27.49 58.76 94.79 62.59 139.08
439 27.66 48.24 38.35 70.03 145.24
440 27.90 30.25 25.59 48.23 130.15
441 27.70 51.98 41.25 76.73 136.91
442 28.01 14.26 27.02 27.28 107.12
443 27.96 23.44 26.75 38.43 115.21
444 27.96 44.44 32.32 69.90 129.20
445 27.99 46.48 37.60 76.08 144.14
446 28.07 32.48 30.60 50.81 125.40
447 27.99 60.54 188.23 40.90 133.65
448 27.99 42.19 32.05 60.09 145.49
449 28.09 54.02 67.78 69.46 156.46
450 28.12 34.66 30.07 53.67 127.74
451 28.15 73.26 184.10 30.57 121.08
452 28.11 79.65 109.08 24.14 118.34
453 28.25 18.70 29.51 33.71 116.21
454 28.15 69.56 204.64 34.07 146.53
455 28.33 84.73 72.46 20.05 104.24
456 28.27 57.01 148.04 56.32 148.56
457 28.39 67.05 213.15 34.75 144.56
458 28.31 49.98 50.67 72.69 153.75
459 28.34 38.46 36.14 63.44 134.56
460 28.52 25.74 28.04 44.31 114.14
461 28.45 76.46 127.65 25.42 124.50
462 28.61 40.51 33.25 67.83 140.48
463 28.53 28.19 32.39 57.53 127.42
464 28.68 21.24 34.32 39.11 116.58
465 28.73 82.05 83.01 21.67 115.44
466 28.70 64.35 217.51 35.93 145.14
467 28.78 10.09 32.70 27.89 92.02
468 28.92 59.05 216.71 40.09 151.97
469 28.93 16.53 39.62 32.93 116.72
470 28.84 51.86 106.73 56.69 166.38
471 28.99 61.60 218.27 34.29 155.24
472 28.93 12.91 39.66 29.35 105.43
473 28.99 36.47 42.51 57.60 141.34
474 28.94 55.11 174.33 49.43 152.24
475 28.97 71.29 198.41 31.75 135.74
476 29.04 47.45 81.81 69.20 159.94
477 29.02 45.16 58.03 66.05 146.97
478 29.00 42.65 49.38 77.97 164.49
479 29.22 31.80 42.05 62.71 131.13
480 29.18 23.54 48.51 51.23 130.11
481 29.28 34.15 43.53 58.18 134.19
482 29.35 29.62 42.88 52.16 140.12
483 29.22 74.29 144.00 26.06 139.47
484 29.28 78.26 94.97 26.40 130.38
485 29.34 68.28 202.68 32.93 163.86
486 29.33 49.59 98.96 57.62 167.24
487 29.41 38.95 48.00 62.76 155.63
488 29.52 57.13 220.73 39.41 174.31
489 29.55 19.23 71.69 34.71 124.40
490 29.63 52.92 207.86 41.80 176.20
491 29.75 65.95 194.99 30.84 154.97
492 29.80 27.64 53.22 45.64 151.73
493 29.63 84.65 45.26 21.20 92.21
494 29.75 63.51 214.08 34.70 171.99
495 29.84 25.39 68.28 40.66 143.19
496 29.96 14.38 93.34 24.21 123.91
497 29.77 43.58 99.47 70.81 175.44
498 30.07 75.86 99.34 27.03 132.09
499 30.00 81.20 55.01 25.49 108.43
500 30.02 41.21 75.64 73.93 177.82
501 30.04 70.23 168.06 28.43 164.10
502 30.01 88.17 28.44 17.97 58.72
503 30.03 11.20 100.02 22.75 112.96
504 30.07 21.73 118.61 35.03 135.38
505 30.03 59.59 230.67 37.03 183.32
506 30.19 45.83 203.05 48.21 167.58
507 30.12 55.14 217.80 38.41 169.45
508 30.23 72.76 138.06 27.67 142.54
509 30.11 36.39 77.56 54.66 151.44
510 30.18 48.09 188.94 44.44 169.56
511 30.35 17.15 142.77 27.42 139.50
512 30.28 50.61 215.95 39.48 186.68
513 30.30 30.87 86.79 51.16 162.52
514 30.28 33.42 90.02 50.48 157.50
515 30.38 61.68 201.56 34.07 191.07
516 30.52 78.15 76.05 24.17 128.21
517 30.39 38.77 109.78 51.75 158.43
518 30.51 23.49 158.50 31.52 141.70
519 30.58 68.33 147.66 29.46 160.83
520 30.74 85.71 43.82 19.21 82.08
521 30.65 57.48 222.25 34.83 185.60
522 30.73 53.32 230.79 37.46 181.43
523 30.68 43.72 205.22 43.78 172.63
524 30.80 64.25 158.20 32.58 170.23
525 30.86 87.04 34.75 19.76 65.41
526 30.95 19.72 156.52 27.28 143.62
527 31.14 9.19 127.37 19.57 108.71
528 30.91 83.95 45.42 20.92 90.00
529 31.04 26.56 162.91 32.67 151.24
530 31.13 29.21 179.08 33.38 164.40
531 31.14 39.99 196.00 43.31 169.06
532 31.15 66.43 95.89 30.63 170.95
533 31.20 12.15 152.08 22.73 123.81
534 31.00 24.33 168.80 31.63 141.52
535 31.17 34.87 183.61 38.60 166.89
536 31.14 59.81 205.28 34.73 216.68
537 31.30 15.00 163.61 24.09 144.51
538 31.27 37.27 184.23 40.33 164.83
539 31.26 46.65 221.59 37.98 182.79
540 31.22 49.11 228.54 39.05 193.98
541 31.39 42.26 226.16 41.77 188.15
542 31.37 51.43 229.50 38.43 194.01
543 31.32 71.07 86.51 28.37 153.47
544 31.29 74.31 71.56 25.66 127.85
545 31.32 32.08 182.15 36.28 169.26
546 31.32 55.86 186.79 31.84 199.29
547 31.37 80.28 53.95 24.35 104.91
548 31.49 22.24 215.39 27.83 192.45
549 31.32 89.02 26.02 15.46 40.07
550 31.53 62.05 147.79 32.81 189.74
551 31.73 44.42 229.35 38.26 192.51
552 31.82 17.57 177.99 24.84 151.02
553 31.65 77.46 54.68 25.43 105.50
554 31.73 68.69 71.80 28.66 154.44
555 31.78 53.72 192.81 33.40 183.27
556 31.86 58.03 152.90 34.30 203.94
557 31.96 64.44 91.20 28.25 178.41
558 31.95 85.09 56.13 22.06 61.57
559 32.07 24.65 191.09 27.20 167.52
560 31.97 86.74 43.67 19.21 53.53
561 32.06 27.96 208.64 32.54 175.92
562 31.96 88.78 35.32 16.28 41.72
563 32.27 20.17 187.68 27.44 166.94
564 32.28 38.66 224.57 37.07 189.37
565 32.13 47.86 216.26 38.21 200.56
566 32.15 82.78 53.64 24.00 73.13
567 32.25 33.85 215.02 34.16 183.63
568 32.24 40.96 227.70 36.24 196.68
569 32.42 36.22 216.00 35.41 180.09
570 32.32 50.09 200.14 35.10 204.52
571 32.37 60.03 94.71 33.19 199.30
572 32.35 72.39 56.59 26.94 129.56
573 32.18 10.23 129.85 19.09 121.96
574 32.35 30.85 211.55 31.06 169.19
575 32.48 66.72 64.67 30.80 157.81
576 32.47 75.31 56.85 26.56 111.47
577 32.40 12.93 147.17 21.10 141.42
578 32.41 55.90 133.40 33.52 202.66
579 32.61 45.82 212.70 36.05 201.24
580 32.61 52.39 161.21 33.00 207.56
581 32.62 79.84 56.93 26.00 81.28
582 32.80 15.67 150.42 22.39 156.68
583 32.76 62.15 70.67 34.27 174.97
584 32.78 69.49 54.18 29.20 145.72
585 32.74 42.90 219.09 38.00 187.89
586 32.82 22.54 184.42 27.84 163.19
587 32.88 26.52 213.33 28.27 192.49
588 32.92 90.35 44.47 15.65 20.91
589 32.85 86.63 80.65 22.22 39.65
590 32.91 88.14 72.63 18.00 32.55
591 33.07 57.95 74.23 33.81 194.39
592 33.12 8.04 95.43 17.67 115.91
593 33.19 54.37 90.28 31.51 214.37
594 33.25 18.11 139.58 23.02 164.03
595 33.23 28.94 209.95 30.65 189.24
596 33.19 64.49 55.13 31.58 156.16
597 33.13 48.21 156.20 33.34 210.46
598 33.33 84.41 94.94 21.64 43.40
599 33.27 33.22 203.13 33.28 185.20
600 33.34 77.32 60.39 26.42 84.28
601 33.31 40.24 213.98 38.84 196.04
602 33.35 37.96 207.40 36.58 207.46
603 33.43 73.89 56.31 25.20 103.32
604 33.28 82.46 78.82 23.64 62.04
605 33.52 24.70 170.82 27.94 196.41
606 33.44 50.31 127.99 40.60 216.73
607 33.48 44.41 183.09 35.32 206.42
608 33.51 71.59 48.64 26.98 120.94
609 33.60 20.42 144.62 24.83 171.93
610 33.50 81.30 77.38 25.72 57.50
611 33.54 13.66 106.39 20.59 145.68
612 33.65 31.22 184.08 30.54 196.32
613 33.42 89.16 70.40 18.63 22.17
614 33.63 35.66 191.27 34.95 183.23
615 33.65 59.88 57.81 34.15 181.88
616 33.67 67.09 51.09 28.48 142.65
617 33.84 56.21 63.76 32.72 193.40
618 33.72 52.44 84.61 32.88 202.43
619 33.81 10.38 93.35 20.05 133.08
620 33.88 46.41 133.51 36.31 215.70
621 33.95 42.38 185.92 35.27 213.00
622 33.98 62.27 49.67 32.90 147.57
623 34.08 79.30 98.85 26.50 52.11
624 34.17 69.60 48.47 28.61 103.47
625 34.08 27.22 165.66 28.75 197.35
626 34.09 22.71 124.52 26.47 177.78
627 34.23 16.06 84.00 24.54 147.83
628 34.32 48.30 85.73 37.00 206.09
629 34.46 88.58 110.18 20.18 20.33
630 34.35 7.62 65.91 17.26 102.88
631 34.31 75.53 84.26 26.72 76.84
632 34.49 57.92 49.43 33.46 169.82
633 34.38 64.77 51.38 32.03 132.46
634 34.42 85.83 143.44 20.97 29.10
635 34.56 29.34 155.17 28.02 187.08
636 34.39 33.62 153.64 32.38 192.56
637 34.50 54.40 55.40 33.07 200.82
638 34.40 37.90 156.32 36.52 187.50
639 34.37 40.32 139.08 35.17 210.55
640 34.63 50.40 70.55 33.78 208.56
641 34.64 81.70 157.26 24.92 32.55
642 34.69 18.95 89.19 24.72 156.81
643 34.67 12.57 57.21 20.26 137.84
644 34.65 44.58 112.07 33.06 205.42
645 34.64 72.34 58.73 26.91 89.74
646 34.73 25.64 112.16 26.51 200.09
647 34.62 83.66 169.56 26.02 36.09
648 34.90 35.74 124.98 34.84 203.54
649 34.84 52.34 55.13 32.11 189.66
650 34.90 59.89 51.39 34.10 151.37
651 34.85 67.20 54.21 29.86 99.91
652 35.06 21.19 73.41 24.31 163.77
653 35.01 31.57 102.11 31.26 193.52
654 35.22 78.01 148.28 26.33 43.18
655 35.09 62.41 53.98 33.34 129.10
656 35.25 42.69 82.23 36.65 199.76
657 35.30 46.78 65.72 35.44 201.58
658 35.34 9.69 40.35 17.71 105.17
659 35.23 23.65 78.67 27.61 182.37
660 35.28 55.95 50.63 33.12 178.49
661 35.56 14.95 46.41 23.00 129.73
662 35.56 17.48 58.37 22.35 141.40
663 35.61 27.48 70.28 27.93 185.83
664 35.45 75.11 141.46 27.61 51.11
665 35.47 40.42 79.82 35.79 190.99
666 35.52 48.97 57.99 36.54 192.91
667 35.48 69.63 74.42 26.64 75.10
668 35.60 37.99 76.16 33.02 187.33
669 35.64 86.92 157.67 22.82 18.52
670 35.68 64.84 64.61 33.39 109.65
671 35.74 33.54 67.81 32.56 181.26
672 35.80 84.15 187.81 26.68 24.09
673 35.69 72.66 108.00 27.78 61.08
674 35.85 81.39 187.73 25.35 25.44
675 35.75 53.32 54.31 33.14 175.02
676 35.89 57.83 52.77 31.93 150.27
677 35.73 11.67 44.85 21.50 122.46
678 36.04 89.54 122.78 21.85 14.42
679 35.86 29.48 68.30 31.01 190.64
680 35.91 45.14 57.88 37.15 192.70
681 36.17 92.16 84.07 16.80 8.45
682 36.07 50.91 52.51 37.44 175.37
683 36.09 25.33 55.64 26.24 176.77
684 36.04 60.26 56.90 30.57 122.27
685 36.17 35.74 66.80 33.39 187.83
686 36.06 67.05 90.62 30.92 75.87
687 36.09 12.97 40.20 21.92 123.00
688 36.35 19.84 43.35 23.21 122.97
689 36.17 62.61 74.60 34.55 112.60
690 36.27 22.41 52.45 24.10 163.72
691 36.44 41.62 59.42 33.79 190.22
692 36.48 31.44 53.92 29.71 160.57
693 36.50 76.54 189.74 28.42 32.00
694 36.61 79.31 190.78 27.08 27.07
695 36.36 55.15 49.96 34.84 142.30
696 36.56 71.14 150.88 28.81 48.97
697 36.68 8.56 30.01 18.10 95.05
698 36.61 39.18 58.05 34.45 179.64
699 36.53 47.97 60.01 34.09 183.10
700 36.71 43.67 60.02 32.48 195.19
701 36.87 73.65 185.06 29.92 33.66
702 36.92 68.70 184.00 31.81 47.08
703 36.85 17.29 38.82 21.80 119.91
704 36.73 86.07 155.88 23.39 15.26
705 36.87 10.57 36.60 20.22 97.76
706 37.02 14.62 36.04 22.80 102.33
707 36.93 52.41 61.13 34.05 139.64
708 36.79 12.01 30.26 19.13 98.23
709 37.09 26.97 45.14 27.07 156.62
710 37.00 58.64 86.82 30.61 100.80
711 37.09 65.94 164.94 33.18 54.11
712 37.09 29.23 47.87 29.61 166.09
713 37.05 33.65 49.58 33.49 141.28
714 37.19 36.76 55.06 33.14 162.86
715 37.15 46.00 51.96 35.65 171.28
716 37.12 49.95 66.61 32.04 159.07
717 37.17 63.40 148.78 30.88 71.87
718 37.20 24.38 43.62 25.80 132.63
719 37.19 56.57 77.08 34.67 111.65
720 37.16 61.05 113.78 33.98 80.10
721 37.28 82.79 176.90 26.10 15.92
722 37.40 21.82 39.60 23.82 118.33
723 37.68 88.74 127.33 20.22 10.84
724 37.42 54.19 75.35 35.69 111.93
725 37.23 90.26 102.66 20.16 8.84
726 37.35 11.95 32.38 20.00 80.25
727 37.67 41.56 56.53 32.60 160.70
728 37.71 91.50 76.84 17.99 7.73
729 37.63 78.08 182.17 28.07 21.11
730 37.54 19.24 37.96 27.00 101.96
731 37.81 31.11 47.04 30.79 139.40
732 37.89 75.54 191.91 29.84 23.55
733 37.86 7.68 29.61 18.15 71.73
734 37.85 48.31 82.25 33.81 121.19
735 37.84 70.54 195.74 31.63 31.83
736 38.11 80.64 169.49 28.72 16.03
737 37.80 39.18 49.80 35.86 151.84
738 37.83 43.85 57.94 37.38 149.67
739 38.08 60.03 174.32 37.54 64.91
740 37.97 86.06 143.27 25.11 12.74
741 38.20 13.82 42.10 22.15 72.47
742 38.04 34.46 49.86 34.73 144.84
743 37.96 9.62 36.66 19.78 64.09
744 38.19 16.43 45.53 23.48 81.78
745 38.13 64.89 200.25 32.46 42.61
746 37.97 6.26 27.76 18.68 67.32
747 38.06 10.82 37.24 20.24 67.18
748 38.13 50.92 140.04 36.31 98.50
749 38.26 57.82 161.02 35.01 61.87
750 38.19 26.14 46.68 26.37 120.30
751 38.15 67.77 200.09 31.68 36.53
752 38.24 73.19 194.22 28.49 24.79
753 38.37 28.41 52.45 26.23 118.62
754 38.40 55.62 154.54 35.47 66.96
755 38.19 18.78 46.00 24.36 93.66
756 38.32 46.24 77.13 34.88 118.72
757 38.43 62.26 186.40 34.89 50.16
758 38.44 23.86 49.92 26.36 98.10
759 38.45 21.11 50.34 26.34 94.45
760 38.52 53.40 159.02 35.80 74.35
761 38.43 36.72 55.62 32.24 138.97
762 38.63 83.62 156.01 27.61 13.85
763 38.68 32.23 62.75 31.81 114.15
764 38.58 11.35 36.38 20.79 57.04
765 38.84 77.79 168.37 27.11 15.41
766 39.05 90.87 66.92 19.55 7.77
767 38.89 41.01 68.06 33.19 113.66
768 38.82 44.08 77.17 35.92 106.90
769 38.94 38.55 74.56 33.56 128.35
770 38.99 71.55 193.16 31.63 23.15
771 39.06 9.12 65.23 19.35 49.89
772 39.00 47.87 133.71 37.53 86.42
773 39.04 88.14 102.00 20.95 9.99
774 39.14 29.98 81.76 29.55 91.06
775 39.19 66.45 202.50 31.74 26.58
776 39.19 69.09 207.23 33.34 22.54
777 39.35 49.67 206.73 39.21 67.51
778 39.24 51.74 195.03 38.19 62.79
779 39.24 59.83 206.12 37.55 42.80
780 39.35 64.20 199.20 33.92 30.05
781 39.26 74.99 166.04 28.75 17.37
782 39.15 86.25 103.34 25.97 11.28
783 39.15 7.76 64.44 20.58 41.98
784 39.20 34.37 88.27 29.59 98.84
785 39.51 19.51 111.18 24.76 49.60
786 39.40 14.72 91.73 22.93 52.75
787 39.56 57.52 214.94 35.90 38.98
788 39.31 26.17 80.43 27.05 75.58
789 39.60 81.90 125.75 26.76 13.05
790 39.47 11.04 85.44 18.53 35.74
791 39.45 22.47 94.42 26.24 61.11
792 39.76 79.34 125.28 28.65 13.01
793 39.56 42.53 112.45 35.88 103.64
794 39.54 54.94 213.10 37.96 48.11
795 39.42 12.63 90.90 22.94 34.52
796 39.59 46.11 155.74 36.26 75.62
797 39.83 62.06 207.25 35.89 30.49
798 39.95 28.06 130.00 29.75 55.19
799 39.74 36.46 135.00 35.04 83.67
800 40.07 73.08 154.53 32.45 16.21
801 39.99 92.52 42.82 19.18 6.42
802 39.87 31.87 130.14 31.94 65.23
803 39.95 39.30 128.74 35.11 81.15
804 40.07 76.66 132.96 29.83 14.46
805 40.11 24.34 124.43 26.64 54.47
806 40.22 53.09 221.68 37.30 38.25
807 40.22 70.55 154.86 31.80 18.30
808 40.47 83.56 81.31 26.73 12.37
809 40.25 44.15 193.28 35.17 66.95
810 40.24 67.81 169.31 32.96 18.56
811 40.38 8.16 101.22 18.34 23.46
812 40.14 10.68 102.10 20.87 28.63
813 40.17 88.92 50.38 23.26 8.50
814 40.37 48.25 218.93 39.99 47.66
815 40.52 50.85 215.73 36.92 37.76
816 40.41 34.34 170.15 34.52 54.26
817 40.44 86.70 66.61 24.12 10.66
818 40.41 90.47 47.56 19.26 7.31
819 40.52 13.34 132.99 22.32 28.07
820 40.51 41.44 187.62 36.95 64.10
821 40.45 60.07 217.95 37.15 28.56
822 40.55 16.47 137.82 24.77 29.31
823 40.47 29.85 155.21 29.02 42.46
824 40.62 21.69 144.36 25.91 36.94
825 40.56 64.04 180.94 36.10 22.79
826 40.70 37.59 183.05 35.72 54.84
827 40.62 55.60 219.60 37.62 28.51
828 40.87 66.20 157.46 36.01 19.69
829 40.83 26.15 168.90 27.28 36.49
830 40.86 46.18 220.41 38.93 49.23
831 40.88 19.11 157.91 24.93 27.07
832 40.97 58.06 206.73 35.57 25.67
833 41.01 80.77 68.86 27.74 11.72
834 41.05 74.84 89.19 30.08 13.22
835 41.03 93.38 31.23 17.23 5.22
836 40.99 32.12 171.99 32.43 44.13
837 41.06 77.93 78.69 27.24 12.11
838 40.83 89.26 43.52 24.39 7.91
839 41.26 62.19 184.66 35.35 21.46
840 41.27 39.59 205.86 35.09 45.35
841 40.93 11.65 128.08 21.50 19.83
842 41.34 35.71 210.14 34.98 37.54
843 41.27 72.06 105.03 30.93 15.30
844 41.03 30.26 155.35 30.76 37.06
845 41.28 69.17 131.32 32.74 16.14
846 41.11 87.76 46.18 21.94 9.12
847 41.45 23.82 171.92 29.16 26.44
848 41.39 28.33 168.90 29.71 29.97
849 41.30 43.94 236.42 37.26 49.03
850 41.23 91.38 41.49 20.38 6.27
851 41.48 10.99 123.83 19.71 15.21
852 41.51 49.41 217.26 39.55 28.72
853 41.32 53.19 205.83 39.73 27.16
854 41.54 7.05 113.62 18.23 14.48
855 41.55 84.78 53.40 25.46 10.72
856 41.48 9.13 119.22 18.42 13.36
857 41.62 14.70 143.37 22.87 17.16
858 41.70 41.70 212.82 37.86 32.54
859 41.82 47.28 207.54 38.78 30.74
860 41.76 55.72 196.51 40.73 22.61
861 41.97 60.34 167.18 34.98 20.42
862 41.75 64.48 151.73 32.54 19.48
863 41.77 88.36 44.66 23.25 8.27
864 41.93 33.31 199.74 31.13 28.65
865 41.82 17.28 165.03 23.13 18.80
866 41.79 20.40 148.04 26.72 19.09
867 42.05 51.46 202.83 40.41 25.34
868 41.84 21.84 152.46 25.93 21.43
869 42.04 30.75 185.28 31.87 22.85
870 42.03 37.88 199.79 35.16 28.49
871 41.96 90.60 38.34 21.37 6.78
872 41.96 79.36 56.72 28.37 10.52
873 42.16 82.09 52.62 27.26 10.74
874 42.00 67.13 107.15 32.38 14.83
875 42.10 94.32 26.99 15.81 4.99
876 41.81 76.81 66.50 30.17 10.17
877 42.13 58.25 179.83 36.12 22.39
878 42.20 76.18 58.96 29.99 12.25
879 42.12 26.21 152.53 31.00 19.77
880 42.20 44.82 203.66 39.63 26.95
881 41.97 73.86 61.62 26.35 13.04
882 42.16 70.55 83.73 33.41 13.26
883 42.42 12.93 125.44 21.12 12.98
884 42.42 35.27 202.26 36.24 28.89
885 42.35 5.22 92.69 15.33 8.28
886 42.47 72.86 66.78 33.68 13.57
887 42.45 9.41 115.22 20.29 12.12
888 42.65 28.49 167.43 30.48 19.24
889 42.61 53.59 171.22 36.27 21.36
890 42.56 62.65 117.45 34.85 18.48
891 42.73 18.72 137.56 25.90 14.69
892 42.74 39.86 186.98 36.23 25.52
893 42.72 42.18 203.42 39.68 24.53
894 42.74 23.99 139.71 27.37 16.38
895 42.68 7.52 109.73 18.04 9.51
896 42.80 49.59 182.98 38.66 21.73
897 42.75 84.02 57.38 24.82 10.30
898 42.65 85.65 51.65 24.71 11.00
899 42.86 91.84 40.51 22.92 6.30
900 42.89 21.22 138.24 27.26 16.46
901 42.84 56.40 168.06 39.20 20.72
902 42.83 65.46 85.76 34.09 15.94
903 42.93 68.33 67.45 33.11 15.02
904 43.02 15.52 114.61 23.91 12.53
905 43.11 32.32 159.68 33.66 18.87
906 43.00 47.27 169.77 39.32 22.14
907 43.21 75.04 56.42 30.65 12.12
908 43.14 37.06 183.20 36.84 22.27
909 43.18 77.63 53.81 28.89 10.91
910 43.05 5.25 87.62 17.80 7.48
911 43.31 11.30 103.06 20.15 10.76
912 43.24 59.08 105.11 39.45 17.49
913 43.33 26.48 123.78 30.43 15.14
914 43.34 30.16 149.25 33.63 17.29
915 43.49 45.14 146.97 34.87 20.08
916 43.30 70.64 59.63 33.90 13.06
917 43.37 80.08 54.27 28.45 11.29
918 43.47 34.54 172.83 35.47 18.42
919 43.55 51.42 141.15 38.99 19.09
920 43.47 61.61 89.19 35.93 16.20
921 43.38 89.42 50.68 23.82 9.25
922 43.54 42.96 161.45 38.99 20.28
923 43.52 72.74 59.91 30.91 13.03
924 43.61 82.36 66.81 27.19 10.54
925 43.26 88.05 48.60 22.90 7.70
926 43.64 9.48 90.29 20.21 9.23
927 43.46 86.52 66.61 26.73 10.12
928 43.71 64.07 69.39 34.52 15.16
929 43.81 22.51 107.72 28.71 14.08
930 43.86 38.92 145.30 35.43 17.53
931 43.78 53.81 124.49 38.60 18.03
932 43.95 17.81 90.69 24.56 10.90
933 43.88 66.42 59.16 31.40 14.06
934 44.02 7.28 78.74 17.51 7.41
935 43.83 56.44 113.07 36.81 16.73
936 44.15 13.02 75.23 21.36 10.34
937 43.93 84.99 92.13 26.83 10.21
938 43.81 90.82 57.95 23.02 8.05
939 43.90 92.83 74.26 18.95 5.56
940 44.12 20.16 83.58 25.36 11.31
941 44.04 49.06 132.41 37.48 19.81
942 44.24 24.55 84.42 28.26 12.77
943 44.50 4.69 51.05 17.30 5.94
944 44.19 28.73 102.23 32.86 15.67
945 44.31 41.17 140.11 36.18 17.44
946 44.12 68.82 52.31 33.74 13.30
947 44.28 15.53 83.65 23.91 10.91
948 44.49 87.22 123.07 26.62 9.07
949 44.26 46.78 107.93 37.44 18.35
950 44.34 31.52 105.18 32.25 15.80
951 44.34 36.48 120.93 36.18 15.99
952 44.34 60.45 71.08 37.79 15.17
953 44.35 76.03 65.90 29.50 10.88
954 44.47 58.07 84.36 37.87 16.45
955 44.51 26.67 85.68 27.96 14.03
956 44.52 34.05 115.73 33.52 16.44
957 44.58 78.29 84.71 28.69 10.87
958 44.70 80.78 124.94 28.53 9.64
959 44.56 71.03 58.80 33.52 12.49
960 44.51 73.46 63.80 30.96 12.55
961 44.56 43.61 110.21 37.84 18.42
962 44.70 10.61 64.30 19.39 8.28
963 44.72 62.57 61.24 36.48 14.72
964 44.60 93.92 73.28 21.70 4.48
965 44.78 50.70 97.04 36.30 17.15
966 44.75 90.06 121.63 22.81 7.89
967 44.94 52.69 80.53 39.19 17.64
968 44.85 64.76 59.49 35.07 14.20
969 44.82 55.16 79.46 35.90 17.51
970 44.86 67.25 59.25 32.07 13.10
971 45.00 83.49 130.19 29.61 10.62
972 45.04 22.21 55.48 27.99 10.50
973 45.00 38.48 82.47 36.73 16.49
974 44.94 9.00 55.29 18.49 7.64
975 45.26 30.16 62.09 32.17 12.77
976 45.32 17.14 46.99 23.93 10.01
977 45.34 19.62 49.63 24.13 9.45
978 45.25 45.37 81.30 36.54 16.98
979 45.28 47.78 77.29 37.04 17.52
980 45.37 14.42 46.49 21.18 8.91
981 45.48 40.61 84.66 35.96 15.83
982 45.41 59.36 58.60 37.96 14.24
983 45.41 69.21 69.69 33.19 11.92
984 45.46 28.09 54.78 31.40 12.34
985 45.47 33.19 59.92 34.40 14.52
986 45.43 6.83 38.01 18.46 5.71
987 45.48 36.20 63.58 33.38 13.86
988 45.48 74.12 102.18 30.53 12.10
989 45.47 25.40 51.47 28.67 11.56
990 45.71 93.35 135.26 20.39 5.63
991 45.64 11.98 38.63 19.69 8.65
992 45.52 57.07 63.71 34.91 16.00
993 45.71 76.45 135.68 30.40 11.04
994 45.87 85.09 173.73 26.39 9.32
995 45.71 42.71 73.66 38.76 16.24
996 45.76 61.48 66.69 34.77 13.76
997 45.76 71.60 97.04 32.89 12.17
998 45.77 89.03 174.18 24.62 8.01
999 45.74 66.47 78.49 34.84 13.48
1000 45.87 79.15 179.32 31.44 10.43
1001 45.75 86.98 178.32 27.35 9.08
1002 45.80 49.71 66.38 38.75 17.03
1003 45.84 63.81 65.07 35.00 13.05
1004 46.15 9.55 30.17 18.01 7.49
1005 45.82 54.21 63.64 38.21 16.35
1006 46.06 3.92 23.33 18.54 4.95
1007 46.13 51.76 63.00 37.64 16.16
1008 46.14 31.46 47.70 32.40 12.64
1009 46.30 82.43 182.30 28.59 10.35
1010 46.15 38.81 61.45 34.26 14.90
1011 46.35 20.85 35.86 27.62 9.56
1012 46.28 34.93 48.90 28.73 13.31
1013 46.34 15.91 37.78 21.83 9.24
1014 46.25 45.17 61.87 38.87 15.69
1015 46.23 23.36 39.83 27.13 11.46
1016 46.33 26.73 43.68 28.60 11.45
1017 46.48 69.43 129.99 34.27 12.06
1018 46.66 90.73 173.92 23.97 7.72
1019 46.46 47.75 69.42 40.62 16.88
1020 46.47 55.71 65.58 40.25 14.98
1021 46.57 18.35 36.16 22.80 9.31
1022 46.45 29.41 43.62 32.16 14.88
1023 46.53 58.37 70.48 36.71 14.52
1024 46.39 56.80 60.52 32.10 14.33
1025 46.57 13.76 31.69 20.85 7.85
1026 46.68 60.51 100.56 34.81 14.28
1027 46.61 74.26 177.48 32.30 11.55
1028 46.75 36.93 56.33 36.27 13.27
1029 46.69 67.20 138.79 34.95 12.68
1030 46.81 64.83 151.21 38.01 12.25
1031 46.81 62.66 110.40 36.79 13.86
1032 46.81 40.84 62.78 37.39 13.84
1033 46.81 43.19 67.44 36.26 14.78
1034 46.98 80.33 210.99 29.97 10.57
1035 46.94 33.07 50.91 32.62 12.76
1036 46.85 50.02 72.81 39.90 16.25
1037 46.80 53.72 75.12 38.52 15.67
1038 46.95 71.37 198.01 34.24 12.21
1039 46.92 87.03 195.84 29.03 9.87
1040 47.02 77.22 211.48 32.66 10.18
1041 46.97 25.11 45.80 28.24 11.89
1042 47.11 85.54 202.04 29.35 9.65
1043 47.01 88.49 178.21 26.86 9.35
1044 47.24 93.27 154.20 20.66 5.62
1045 47.16 28.07 46.40 30.01 11.44
1046 47.42 84.14 197.55 29.25 9.79
1047 47.19 22.81 45.16 28.39 9.34
1048 47.23 45.69 83.18 37.40 15.43
1049 47.25 5.52 30.38 18.19 4.22
1050 47.34 8.05 35.96 18.89 5.52
1051 47.36 11.36 38.41 20.42 6.73
1052 47.42 31.04 54.84 30.80 12.44
1053 47.37 16.12 42.72 22.32 8.66
1054 47.44 38.66 76.51 36.01 13.34
1055 47.48 20.35 47.38 26.90 8.64
1056 47.57 35.33 71.09 34.68 11.99
1057 47.42 56.90 118.24 37.52 14.24
1058 47.51 48.17 101.54 37.55 16.13
1059 47.52 52.30 130.36 39.19 15.40
1060 47.59 59.27 167.88 37.96 14.51
1061 47.55 9.58 40.21 18.87 6.87
1062 47.67 68.72 189.37 35.08 13.47
1063 47.75 72.84 217.21 34.80 12.36
1064 47.72 66.50 213.71 35.67 13.18
1065 47.83 54.74 165.94 39.22 15.27
1066 47.90 18.24 56.32 24.29 8.39
1067 47.89 75.03 223.76 34.08 10.45
1068 47.83 41.48 93.91 37.45 13.36
1069 47.87 61.55 196.66 36.58 13.99
1070 47.93 43.83 110.33 38.68 14.40
1071 47.97 63.81 222.53 36.56 13.43
1072 47.98 13.20 47.38 23.48 8.15
1073 48.10 82.03 177.94 32.29 10.57
1074 48.04 89.61 155.00 26.63 8.66
1075 47.98 24.88 71.57 27.83 9.71
1076 47.96 50.39 146.34 38.25 15.78
1077 48.09 79.45 214.31 32.81 11.38
1078 48.12 27.33 72.49 29.65 10.82
1079 48.19 29.60 79.64 32.17 11.18
1080 48.15 3.33 34.34 14.66 4.29
1081 48.23 70.56 211.71 37.24 12.56
1082 48.23 95.83 79.28 18.45 4.83
1083 48.23 33.49 106.20 35.36 12.82
1084 48.37 6.73 68.55 18.30 5.06
1085 48.43 77.33 214.33 32.87 11.10
1086 48.15 86.97 167.95 27.22 9.58
1087 48.30 22.28 85.74 28.93 9.29
1088 48.34 37.11 153.55 34.67 12.98
1089 48.30 46.28 157.59 38.68 15.46
1090 48.48 10.65 60.56 20.23 6.70
1091 48.57 39.45 157.64 37.19 12.62
1092 48.50 57.18 207.92 38.81 14.46
1093 48.70 65.67 229.11 36.64 14.13
1094 48.65 16.06 102.52 23.30 8.30
1095 48.74 31.52 130.65 33.35 12.11
1096 48.71 52.84 218.23 43.23 15.50
1097 48.68 8.75 82.32 18.44 6.30
1098 48.81 19.70 101.02 26.55 8.93
1099 48.72 48.61 192.64 40.28 13.83
1100 48.73 59.59 227.78 37.89 13.33
1101 48.89 4.81 64.78 16.62 3.86
1102 48.95 67.82 212.64 37.35 12.99
1103 48.97 84.54 137.35 28.37 10.35
1104 48.91 41.86 182.38 36.37 13.95
1105 49.05 93.73 87.00 22.96 5.64
1106 49.03 26.11 147.33 29.68 11.19
1107 49.17 35.61 190.44 35.72 13.31
1108 49.00 62.04 221.86 37.91 13.25
1109 49.10 13.28 87.55 20.93 8.03
1110 49.02 72.90 199.33 35.90 12.31
1111 49.20 23.97 150.40 28.45 10.05
1112 49.16 44.43 199.43 40.40 14.95
1113 49.10 91.92 99.97 23.57 7.11
1114 49.06 50.84 223.70 38.45 15.18
1115 49.13 75.42 200.30 31.48 10.56
1116 49.02 54.98 224.00 39.81 14.92
1117 49.12 88.26 122.67 26.93 8.53
1118 49.22 79.86 160.68 34.04 10.86
1119 49.52 28.05 170.35 31.77 11.17
1120 49.40 64.20 221.94 39.59 14.17
1121 49.38 70.14 185.07 38.12 12.00
1122 49.57 30.07 180.67 31.44 10.92
1123 49.44 33.31 176.89 31.88 11.48
1124 49.60 37.71 192.20 38.29 13.35
1125 49.50 46.77 215.72 38.71 15.32
1126 49.56 21.75 164.01 26.82 10.22
1127 49.51 4.06 74.97 14.18 4.12
1128 49.92 15.34 134.34 24.48 7.56
1129 49.80 17.94 130.25 25.79 7.94
1130 49.65 57.02 224.25 43.31 13.63
1131 49.84 82.60 101.15 33.01 10.41
1132 49.80 6.84 94.76 20.08 5.49
1133 49.82 10.64 105.85 21.42 6.62
1134 49.66 59.77 213.03 39.09 13.75
1135 49.86 40.04 211.18 38.82 14.52
1136 50.01 77.22 119.08 32.71 10.47
1137 49.91 49.48 210.58 44.23 15.78
1138 49.94 42.53 214.09 38.06 13.36
1139 49.99 54.16 227.75 42.90 14.81
1140 50.10 89.92 90.01 27.19 8.05
1141 50.18 51.74 209.80 43.38 14.44
1142 50.21 66.46 151.09 39.60 12.42
1143 50.07 86.00 95.77 29.42 9.74
1144 50.35 95.27 36.68 22.90 4.83
1145 50.16 68.70 151.06 34.56 12.23
1146 50.11 72.06 140.04 36.96 11.97
1147 50.16 61.89 186.49 40.47 13.40
1148 50.21 74.47 138.77 34.42 12.45
1149 50.37 92.70 61.09 24.46 6.38
1150 50.24 25.81 179.16 32.07 10.05
1151 50.35 20.22 150.63 25.44 8.29
1152 50.36 31.65 185.47 37.22 11.58
1153 50.39 34.20 179.38 33.18 12.08
1154 50.30 79.86 109.57 35.02 10.52
1155 50.53 12.76 118.83 24.97 7.42
1156 50.72 4.12 83.68 18.56 4.36
1157 50.39 64.32 157.68 41.53 13.16
1158 50.51 23.51 156.84 30.21 8.57
1159 50.56 46.92 185.48 42.33 13.88
1160 50.54 58.69 196.51 41.03 13.85
1161 50.70 36.30 180.75 38.08 12.51
1162 50.56 44.60 198.22 42.62 14.21
1163 50.73 28.83 172.34 32.49 10.88
1164 50.86 38.42 190.42 37.41 12.99
1165 50.61 56.15 203.83 42.25 13.89
1166 50.94 70.39 87.63 39.84 11.79
1167 50.91 42.02 180.49 37.59 14.01
1168 50.94 49.05 162.22 45.42 14.64
1169 51.17 81.18 68.72 34.81 11.02
1170 51.00 84.20 67.51 33.50 9.97
1171 51.07 52.97 166.44 42.66 14.80
1172 51.02 60.89 134.68 38.81 13.30
1173 50.96 87.50 74.74 31.43 9.13
1174 51.27 10.27 95.03 22.34 6.66
1175 51.21 18.55 109.01 28.27 8.40
1176 51.23 75.42 83.35 37.33 10.40
1177 51.23 15.78 113.34 24.16 7.98
1178 51.23 72.80 77.13 39.01 11.76
1179 51.23 7.97 94.44 23.31 5.82
1180 51.23 26.57 144.16 32.57 9.72
1181 51.22 68.05 85.16 44.86 13.49
1182 51.25 78.18 74.79 35.27 10.64
1183 51.26 63.37 104.92 41.74 12.32
1184 51.36 21.58 126.45 28.27 8.48
1185 51.42 40.06 144.88 39.05 13.19
1186 51.18 89.10 56.29 28.61 7.94
1187 51.32 32.33 127.99 36.70 11.33
1188 51.37 90.93 48.70 31.13 7.31
1189 51.52 65.42 88.58 40.44 12.70
1190 51.57 93.69 38.09 28.27 5.63
1191 51.65 30.30 115.02 35.12 12.09
1192 51.65 50.65 109.48 44.39 14.55
1193 51.45 57.19 141.94 44.78 15.17
1194 51.65 34.29 103.82 38.82 12.59
1195 51.94 3.26 41.43 17.93 3.99
1196 51.66 24.05 123.62 32.81 9.18
1197 51.65 54.83 132.49 38.25 14.67
1198 51.59 44.12 110.73 41.08 14.24
1199 51.68 47.01 123.07 42.92 14.54
1200 51.76 13.12 85.85 24.70 7.94
1201 51.86 5.69 65.61 19.52 4.87
1202 51.93 59.69 96.22 44.99 13.49
1203 51.87 85.97 57.16 35.77 11.08
1204 51.88 36.24 99.47 38.16 12.21
1205 51.69 92.14 42.35 25.96 6.91
1206 52.01 28.26 122.46 35.58 11.94
1207 52.15 71.37 53.97 43.32 12.31
1208 51.98 41.82 91.49 42.39 13.75
1209 52.07 89.59 47.80 32.50 8.04
1210 52.14 61.85 77.61 44.37 12.42
1211 52.16 38.40 84.00 39.26 13.16
1212 52.14 66.89 66.87 44.96 11.89
1213 51.86 79.54 54.67 35.67 11.17
1214 52.19 52.67 92.39 45.39 15.12
1215 52.17 77.07 51.20 40.99 10.84
1216 52.23 82.69 47.12 39.52 10.32
1217 52.05 7.56 66.36 19.28 5.62
1218 52.33 17.58 72.75 28.98 8.31
1219 52.41 20.01 74.25 29.62 8.17
1220 52.33 48.61 79.34 49.41 15.48
1221 52.29 69.12 60.28 46.72 12.35
1222 52.28 73.83 51.39 44.95 12.36
1223 52.33 79.62 48.48 39.90 10.24
1224 52.31 25.88 79.05 33.05 9.99
1225 52.41 1.45 21.71 17.23 2.95
1226 52.44 9.46 55.27 26.00 6.65
1227 52.29 57.83 76.60 47.21 13.73
1228 52.45 14.98 68.50 29.13 7.79
1229 52.42 32.01 72.57 39.58 11.21
1230 52.44 45.44 71.75 47.71 14.92
1231 52.43 10.78 63.62 24.10 7.29
1232 52.55 22.54 67.11 30.70 9.10
1233 52.53 63.67 62.67 45.04 12.70
1234 52.54 55.93 79.02 51.68 14.76
1235 52.29 80.82 43.43 41.57 11.00
1236 52.48 88.45 48.91 34.43 8.72
1237 52.76 43.24 64.45 44.85 13.73
1238 52.66 11.98 53.82 24.67 7.77
1239 52.74 40.45 60.31 46.92 13.36
1240 52.77 91.99 34.97 34.45 7.35
1241 52.75 34.34 54.43 41.67 11.68
1242 52.82 85.56 41.68 40.34 9.98
1243 52.83 36.73 57.49 48.44 12.40
1244 52.95 29.07 51.54 40.62 10.76
1245 52.85 30.17 53.15 39.00 9.73
1246 52.91 50.38 65.82 51.13 14.97
1247 52.94 54.15 66.98 50.50 15.36
1248 52.93 65.76 56.26 51.26 12.81
1249 52.76 87.31 39.54 39.92 10.31
1250 53.22 1.89 14.36 20.46 2.88
1251 53.09 5.72 30.94 22.82 5.71
1252 53.03 59.06 64.06 53.24 13.85
1253 53.06 61.13 62.68 52.48 15.28
1254 52.93 84.29 41.33 47.47 11.07
1255 53.24 26.94 49.82 41.40 9.73
1256 53.16 73.10 48.73 56.81 10.67
1257 53.11 95.17 20.69 30.92 5.59
1258 53.28 24.33 40.79 36.76 9.06
1259 53.18 47.37 59.59 51.97 14.75
1260 53.20 70.21 54.23 52.92 12.05
1261 53.26 78.18 52.29 48.68 10.44
1262 53.34 81.07 43.32 46.53 9.99
1263 53.31 76.54 47.06 53.98 11.11
1264 53.31 52.10 63.21 50.02 14.70
1265 53.40 83.65 40.53 49.04 9.87
1266 53.29 16.36 42.12 33.64 7.64
1267 53.34 38.82 52.84 49.76 13.10
1268 53.36 13.87 38.59 26.82 7.55
1269 53.38 32.47 53.46 47.58 11.62
1270 53.14 4.41 30.17 22.50 3.50
1271 53.34 21.40 38.73 36.55 7.60
1272 53.43 56.96 57.25 61.88 14.60
1273 53.40 45.15 60.82 55.51 13.42
1274 53.47 79.25 45.74 53.89 11.51
1275 53.47 19.30 35.93 39.13 8.00
1276 53.61 10.69 38.53 25.28 6.91
1277 53.55 63.27 60.68 58.31 13.26
1278 53.58 41.83 58.08 56.34 12.66
1279 54.02 74.72 77.16 55.46 11.60
1280 53.86 48.85 65.03 64.88 15.44
1281 53.74 30.30 39.93 47.44 11.99
1282 53.78 86.23 53.01 44.00 9.50
1283 53.76 36.14 54.96 53.71 11.90
1284 53.54 18.26 42.75 35.00 8.25
1285 53.94 34.18 52.48 52.63 10.44
1286 53.85 59.57 66.18 61.80 14.22
1287 53.91 65.80 75.46 59.11 12.38
1288 53.82 90.12 41.75 38.64 7.27
1289 53.92 54.78 71.70 63.27 14.59
1290 54.01 7.23 33.61 28.72 4.89
1291 54.29 44.32 92.30 65.77 14.91
1292 54.11 50.69 84.97 63.39 16.42
1293 54.40 40.24 89.25 62.99 13.48
1294 53.89 94.02 26.06 40.03 6.00
1295 54.20 5.39 26.70 30.50 4.19
1296 54.33 61.61 90.34 69.56 14.11
1297 54.03 1.70 10.72 24.45 2.85
1298 54.11 25.61 48.63 41.80 9.43
1299 54.22 46.82 96.38 68.92 14.71
1300 54.21 23.18 44.61 43.61 9.05
1301 54.22 69.57 70.35 62.28 13.17
1302 54.51 82.47 70.50 51.76 9.97
1303 54.26 72.21 76.94 60.48 11.81
1304 54.39 20.85 43.27 43.86 8.88
1305 54.22 38.23 69.83 60.07 12.04
1306 54.40 79.80 84.29 56.41 10.31
1307 54.36 13.42 34.74 35.60 7.15
1308 54.37 16.26 41.25 40.45 8.62
1309 54.57 77.01 111.11 56.39 10.44
1310 54.39 56.99 93.75 67.88 14.16
1311 54.57 32.58 71.69 58.40 11.59
1312 54.58 52.89 122.97 72.60 16.26
1313 54.62 88.11 84.59 51.07 9.25
1314 54.27 19.31 34.55 50.27 10.27
1315 54.61 11.31 34.60 36.91 7.18
1316 54.60 42.36 118.85 64.26 14.09
1317 54.57 67.45 95.92 67.59 13.15
1318 54.78 84.63 89.08 47.32 9.35
1319 54.59 95.32 36.84 38.98 4.71
1320 54.71 18.56 46.29 46.24 8.71
1321 54.68 27.49 71.64 55.61 11.16
1322 54.63 64.12 112.29 68.14 14.17
1323 54.76 1.83 13.29 26.98 2.97
1324 54.76 30.20 74.71 57.00 10.82
1325 54.76 35.36 88.44 57.36 11.66
1326 54.70 90.16 76.99 46.88 8.48
1327 54.87 8.30 33.46 40.41 6.14
1328 54.61 9.67 43.00 42.43 7.00
1329 54.92 59.35 155.47 72.29 15.20
1330 54.88 86.46 96.49 50.80 11.60
1331 55.02 24.82 65.67 53.65 9.72
1332 55.22 37.60 134.12 62.17 13.28
1333 55.07 48.53 165.52 68.47 15.24
1334 55.03 9.98 36.08 43.28 7.08
1335 55.19 14.55 68.95 45.99 7.76
1336 55.27 54.84 173.56 79.80 15.16
1337 55.26 71.17 148.69 69.38 12.52
1338 55.24 73.74 150.85 71.34 11.35
1339 55.33 22.38 96.86 50.47 8.92
1340 55.50 92.88 97.84 43.70 6.27
1341 55.45 50.62 189.93 80.96 15.69
1342 55.45 46.17 170.84 73.78 15.73
1343 55.41 68.77 175.65 76.00 13.03
1344 55.27 90.98 99.60 49.47 7.38
1345 55.36 4.45 41.40 40.57 3.86
1346 55.50 81.00 122.11 60.13 9.72
1347 55.47 57.05 185.31 81.31 14.87
1348 55.53 66.11 164.93 74.53 13.72
1349 55.56 17.22 77.35 52.24 7.68
1350 55.69 43.90 167.69 72.47 14.98
1351 55.54 63.20 174.55 78.08 14.52
1352 55.64 12.27 70.33 46.86 7.76
1353 55.67 28.95 127.72 62.06 11.14
1354 55.74 39.48 176.28 75.60 13.89
1355 55.56 41.59 176.85 76.11 13.76
1356 55.70 60.95 199.92 81.03 14.55
1357 55.70 78.36 168.24 62.94 11.15
1358 55.82 33.20 167.25 72.28 12.36
1359 55.85 19.90 103.44 52.00 8.17
1360 55.83 31.28 157.52 67.93 11.15
1361 55.78 75.74 189.92 71.39 11.50
1362 55.83 95.41 71.34 45.94 5.64
1363 55.95 1.90 36.53 32.56 3.04
1364 55.93 26.38 144.50 62.11 10.66
1365 55.89 52.67 194.17 81.32 15.68
1366 55.82 35.30 170.89 68.57 12.13
1367 56.07 85.58 148.94 59.32 9.99
1368 56.01 8.04 77.41 52.28 5.89
1369 55.81 89.23 121.23 52.89 9.21
1370 56.05 83.30 147.79 56.98 10.40
1371 56.01 87.41 151.40 54.60 8.88
1372 56.15 24.14 149.97 65.65 10.11
1373 56.25 48.76 200.85 79.48 16.51
1374 56.17 10.40 73.93 46.93 6.74
1375 56.22 58.82 206.18 89.49 15.27
1376 56.35 70.71 190.60 78.54 12.93
1377 56.33 73.24 194.10 81.46 11.83
1378 56.43 36.97 165.17 82.71 13.29
1379 56.38 14.72 105.38 58.33 7.53
1380 56.43 64.75 210.78 85.35 14.80
1381 56.64 54.44 192.95 95.76 16.50
1382 56.67 56.42 205.03 92.48 15.67
1383 56.51 68.12 197.11 82.73 13.72
1384 56.35 89.49 140.13 54.52 8.61
1385 56.66 21.91 135.44 65.43 9.00
1386 56.57 41.67 190.15 86.94 15.55
1387 56.76 45.28 189.25 87.88 16.03
1388 56.61 80.72 199.84 70.78 10.30
1389 56.70 17.78 119.62 62.51 8.46
1390 56.70 27.98 165.42 72.29 10.69
1391 56.78 62.27 208.85 89.21 15.81
1392 56.85 51.02 188.44 88.29 16.56
1393 56.87 91.22 158.98 58.03 7.65
1394 56.89 30.26 166.16 78.33 11.20
1395 56.87 38.92 187.08 87.99 13.42
1396 56.92 77.98 209.45 72.78 10.61
1397 57.00 4.44 76.82 56.98 4.17
1398 56.98 34.62 162.93 87.46 11.70
1399 57.02 47.31 196.59 95.53 15.79
1400 56.93 93.89 129.39 53.71 5.56
1401 57.00 75.54 203.41 77.84 11.50
1402 57.11 11.74 105.02 59.30 7.25
1403 57.12 32.42 147.03 85.53 11.80
1404 56.85 9.25 91.36 58.03 6.48
1405 57.20 43.51 186.76 98.16 14.64
1406 56.89 1.46 33.64 33.64 2.29
1407 57.03 13.30 104.28 58.67 6.42
1408 57.16 60.49 217.37 100.79 15.70
1409 57.26 66.25 221.27 95.55 13.10
1410 57.15 88.15 155.56 60.17 8.82
1411 57.33 2.64 55.56 54.68 3.71
1412 57.27 24.43 155.92 78.86 10.43
1413 57.37 58.44 213.01 95.03 16.21
1414 57.28 71.86 204.09 92.77 13.93
1415 57.32 85.20 175.93 65.39 10.21
1416 57.38 19.85 133.36 75.68 8.98
1417 57.37 7.54 91.47 56.17 5.00
1418 57.47 26.51 150.15 85.88 11.15
1419 57.31 5.72 85.38 50.55 4.19
1420 57.62 52.60 176.50 103.86 16.61
1421 57.54 82.55 188.53 72.49 11.27
1422 57.49 15.70 121.88 68.38 7.86
1423 57.51 40.45 176.28 100.63 15.17
1424 57.51 69.34 199.46 91.65 14.29
1425 57.53 36.84 158.92 95.92 12.56
1426 57.63 63.94 195.70 96.61 14.71
1427 57.74 49.40 176.14 97.96 16.80
1428 57.78 73.97 205.67 87.45 12.86
1429 57.54 9.22 92.93 50.66 5.76
1430 57.73 28.69 134.89 100.49 11.06
1431 57.91 54.98 185.38 107.28 16.74
1432 57.88 79.92 198.87 79.92 10.35
1433 57.87 22.74 130.84 78.56 8.58
1434 57.86 10.27 97.65 64.68 6.78
1435 58.03 30.80 105.47 114.82 11.68
1436 57.95 34.28 117.20 115.07 13.09
1437 58.00 42.36 189.84 109.00 15.24
1438 58.06 92.94 134.29 58.59 6.19
1439 58.14 57.10 181.06 105.23 16.69
1440 58.12 90.12 165.14 63.63 7.66
1441 58.03 13.91 90.38 77.74 7.53
1442 58.02 46.98 156.41 123.94 15.77
1443 58.17 77.12 201.47 86.30 11.46
1444 58.22 38.66 95.84 124.25 12.95
1445 58.20 45.00 126.75 129.01 15.23
1446 58.19 18.37 90.54 87.42 7.97
1447 58.28 67.14 194.47 102.88 14.73
1448 58.45 3.74 38.74 73.56 4.07
1449 58.26 60.48 167.76 113.15 15.60
1450 58.33 5.90 59.36 79.54 4.59
1451 58.41 62.67 134.76 111.37 15.30
1452 58.43 87.22 157.63 72.12 9.99
1453 58.42 1.70 18.56 48.88 2.36
1454 58.37 21.17 85.06 98.75 8.65
1455 58.37 25.60 87.31 109.69 9.97
1456 58.48 32.84 76.47 124.36 13.09
1457 58.43 72.06 170.78 98.97 13.00
1458 58.34 7.59 50.65 65.29 4.35
1459 58.42 51.19 140.14 120.58 16.98
1460 58.35 9.01 62.73 80.08 7.04
1461 58.49 16.35 73.69 98.77 8.31
1462 58.44 36.08 84.86 124.49 13.17
1463 58.61 84.53 161.43 74.84 10.47
1464 58.57 12.31 72.16 92.47 7.90
1465 58.56 69.42 163.70 104.01 13.51
1466 58.61 40.76 99.97 129.91 13.22
1467 58.71 65.14 151.22 119.16 14.76
1468 58.65 28.39 74.84 119.67 11.27
1469 58.70 48.84 102.21 132.10 15.64
1470 58.81 53.35 109.90 130.18 17.18
1471 58.84 74.76 163.73 106.45 11.67
1472 58.91 81.88 149.66 81.71 11.58
1473 58.79 43.47 94.78 141.88 14.86
1474 58.88 23.54 66.39 116.77 10.88
1475 58.79 10.57 62.28 85.53 7.38
1476 59.01 79.36 134.93 94.01 10.83
1477 59.12 59.38 91.67 139.43 15.99
1478 59.06 46.82 72.17 145.01 15.33
1479 59.20 20.02 47.56 124.03 9.11
1480 59.12 30.59 51.38 135.58 12.68
1481 59.19 55.30 82.16 133.25 16.03
1482 59.23 92.25 116.80 73.20 6.85
1483 59.02 9.02 51.98 92.02 6.39
1484 59.18 14.52 47.98 106.45 8.52
1485 59.18 57.35 119.35 136.74 16.84
1486 59.20 37.26 47.79 146.11 14.46
1487 59.27 34.56 54.70 143.03 13.86
1488 59.31 61.65 88.72 137.45 15.40
1489 59.39 39.52 54.00 154.63 13.69
1490 59.38 77.33 135.47 101.27 10.80
1491 59.33 89.56 110.54 78.96 9.09
1492 59.36 7.07 36.62 105.94 5.83
1493 59.34 17.84 47.72 127.08 9.55
1494 59.30 26.57 47.52 140.99 11.28
1495 59.28 51.05 67.49 144.64 17.01
1496 59.29 70.62 120.38 126.11 13.55
1497 59.31 1.59 9.55 57.20 1.65
1498 59.56 44.83 54.80 153.93 16.15
1499 59.39 68.04 115.79 135.56 14.06
1500 59.49 5.13 27.47 97.94 4.98
1501 59.50 64.08 81.09 142.73 14.74
1502 59.58 94.60 74.25 69.78 4.97
1503 59.51 42.03 57.70 154.95 15.47
1504 59.58 73.00 99.67 130.99 12.71
1505 59.56 32.42 48.78 164.43 13.11
1506 59.62 3.72 19.81 92.44 4.50
1507 59.82 21.88 39.90 129.68 10.32
1508 59.73 86.72 90.69 92.76 10.59
1509 59.74 48.78 60.06 157.02 17.86
1510 59.75 12.62 35.55 122.84 8.39
1511 59.83 24.45 41.51 147.80 11.50
1512 59.85 28.88 39.11 151.66 11.72
1513 59.79 83.07 93.37 93.41 11.27
1514 59.69 84.81 86.66 97.71 10.40
1515 59.89 66.25 73.99 148.90 14.92
1516 59.90 75.61 86.16 128.98 11.26
1517 60.02 53.18 51.35 151.19 19.00
1518 59.99 1.95 7.72 69.53 1.82
1519 60.03 16.30 33.11 132.73 10.89
1520 60.11 35.74 39.01 162.45 13.67
1521 60.06 80.50 85.39 104.05 11.33
1522 60.13 46.85 48.69 165.90 16.64
1523 60.24 58.19 54.64 153.78 17.18
1524 60.30 38.50 38.98 174.21 14.50
1525 60.34 60.42 49.13 152.40 16.07
1526 60.31 62.60 53.57 148.00 15.70
1527 60.14 70.81 66.38 155.05 13.86
1528 60.47 43.24 41.33 174.35 16.33
1529 60.28 50.76 45.12 159.98 17.14
1530 60.36 9.26 26.24 121.09 6.56
1531 60.27 55.51 54.82 165.00 18.28
1532 60.44 19.06 30.07 133.54 10.15
1533 60.43 26.84 34.61 165.87 12.73
1534 60.47 33.23 39.19 171.43 14.37
1535 60.47 40.99 43.79 178.11 14.37
1536 60.45 68.49 52.57 150.71 14.18
1537 60.33 89.07 74.75 99.16 8.71
1538 60.48 90.67 79.91 83.51 7.82
1539 60.37 92.48 72.85 83.62 5.60
1540 60.47 14.02 25.70 131.78 9.57
1541 60.63 30.96 39.98 166.10 12.87
1542 60.57 77.74 63.39 127.95 11.19
1543 60.63 95.05 34.68 82.86 5.05
1544 60.57 5.94 20.73 123.95 5.30
1545 60.74 64.60 57.13 166.65 16.30
1546 60.60 73.69 71.60 149.42 12.85
1547 60.76 45.30 48.08 182.94 16.68
1548 60.71 85.31 55.69 107.88 10.55
1549 60.93 22.53 28.86 156.90 10.53
1550 61.01 82.75 54.71 117.51 11.13
1551 60.95 24.83 29.45 160.73 11.21
1552 61.01 49.32 43.83 177.70 16.79
1553 61.15 12.04 26.41 133.87 8.35
1554 61.04 37.07 44.71 186.82 16.12
1555 61.03 28.83 36.56 177.24 12.85
1556 61.12 56.94 45.56 171.73 17.09
1557 61.10 66.58 47.00 167.01 15.55
1558 60.94 15.07 28.61 147.64 9.58
1559 61.20 47.40 50.01 186.99 17.08
1560 61.25 54.26 44.25 177.34 19.08
1561 61.10 87.92 47.41 98.87 11.00
1562 61.10 71.23 45.49 150.58 13.47
1563 61.18 80.01 50.93 134.31 10.92
1564 61.24 16.52 27.47 147.82 9.94
1565 61.16 34.82 44.38 189.50 16.33
1566 61.33 75.72 50.72 143.61 12.27
1567 61.35 20.33 32.41 158.66 12.03
1568 61.12 92.40 47.16 98.00 5.95
1569 61.00 93.81 44.00 98.33 4.33
1570 61.12 10.54 23.47 132.87 7.00
1571 61.40 39.85 51.76 193.78 16.06
1572 61.35 51.64 47.23 175.65 18.83
1573 61.43 62.23 46.69 179.92 17.95
1574 61.41 9.54 19.75 131.86 6.98
1575 61.41 59.63 46.02 179.31 17.48
1576 61.49 42.34 62.37 191.98 16.67
1577 61.49 7.86 21.69 144.28 6.86
1578 61.64 68.51 44.39 177.28 15.15
1579 61.78 33.15 54.98 185.14 16.33
1580 61.77 26.92 46.65 174.65 13.90
1581 61.69 44.74 76.00 191.34 17.62
1582 61.66 87.13 51.00 107.80 9.74
1583 61.91 17.95 36.56 148.84 10.89
1584 61.93 31.19 66.11 191.34 15.34
1585 61.86 14.20 31.50 142.11 10.32
1586 61.91 73.34 43.81 167.07 12.52
1587 61.89 84.64 42.97 122.05 10.68
1588 61.98 78.07 46.58 152.79 12.21
1589 61.92 64.62 48.60 188.20 16.42
1590 61.97 93.93 26.86 109.60 5.17
1591 61.98 24.08 44.98 178.85 13.27
1592 62.08 29.29 54.73 192.00 14.45
1593 62.02 38.02 69.07 192.68 16.92
1594 62.21 49.00 64.70 191.71 18.53
1595 62.14 55.68 53.28 187.97 18.49
1596 62.14 70.79 42.79 183.81 14.41
1597 62.22 21.84 50.53 186.12 13.36
1598 62.16 35.59 80.39 194.80 16.98
1599 62.22 53.07 64.61 188.42 19.17
1600 62.21 58.01 50.53 192.30 19.08
1601 62.33 80.82 44.31 143.87 11.99
1602 62.22 11.45 32.39 142.10 8.94
1603 62.26 46.73 94.24 181.46 19.06
1604 62.15 95.91 13.47 79.29 4.29
1605 62.42 66.50 49.33 187.94 16.08
1606 62.28 89.54 42.91 121.94 8.00
1607 62.42 40.90 128.72 191.87 18.51
1608 62.49 60.66 56.40 186.04 17.35
1609 62.50 43.54 122.85 203.28 18.86
1610 62.60 51.03 82.89 191.82 18.66
1611 62.43 8.95 31.66 146.51 7.58
1612 62.65 19.83 67.27 173.84 13.36
1613 62.65 62.82 62.85 200.44 17.60
1614 62.64 75.84 44.69 169.25 13.20
1615 62.32 91.09 32.19 125.00 7.06
1616 62.68 15.93 57.96 164.99 11.98
1617 62.68 87.15 37.31 125.22 10.57
1618 62.57 92.17 29.20 124.48 6.98
1619 62.70 25.81 88.75 193.78 15.45
1620 62.73 7.37 40.60 156.05 6.47
1621 62.86 69.05 52.57 192.77 15.35
1622 63.00 28.12 87.44 195.95 17.44
1623 62.99 31.89 114.11 192.14 18.04
1624 63.03 34.05 125.88 193.92 19.01
1625 62.98 38.77 128.84 197.38 19.22
1626 62.86 85.26 39.69 140.57 11.00
1627 63.02 83.51 40.47 145.73 12.64
1628 63.14 13.39 64.31 161.78 12.04
1629 63.09 5.57 46.25 151.97 6.88
1630 63.09 23.38 89.12 175.33 15.25
1631 63.17 36.46 108.10 196.20 21.80
1632 63.23 45.40 133.77 190.97 18.82
1633 63.03 73.66 42.96 182.73 14.21
1634 63.13 56.62 91.46 195.01 19.27
1635 63.29 94.67 19.35 117.32 5.43
1636 63.26 54.56 106.92 199.83 20.46
1637 63.14 78.20 40.63 166.70 12.90
1638 63.22 64.63 77.99 200.24 18.34
1639 63.35 47.64 129.74 192.50 19.55
1640 63.32 58.93 90.09 186.38 19.44
1641 63.29 71.37 52.95 194.87 15.60
1642 63.42 18.11 76.78 160.91 13.86
1643 63.17 90.38 32.37 136.93 8.15
1644 63.37 42.45 166.01 195.89 20.95
1645 63.34 10.87 58.37 145.86 9.32
1646 63.52 30.01 116.75 190.59 18.50
1647 63.45 49.61 131.79 191.81 21.58
1648 63.41 67.22 76.54 194.31 16.60
1649 63.17 91.86 35.68 134.04 7.04
1650 63.58 52.47 143.18 192.66 20.92
1651 63.61 81.31 45.71 159.81 12.23
1652 63.68 21.24 94.08 172.99 19.34
1653 63.35 79.77 41.29 162.57 13.36
1654 63.70 40.34 168.13 189.45 22.34
1655 63.68 61.58 111.12 190.70 18.65
1656 63.69 26.10 103.69 180.58 19.81
1657 63.68 9.21 68.11 147.56 9.83
1658 63.77 7.83 55.89 141.17 8.11
1659 63.76 15.28 76.32 154.68 14.50
1660 63.87 86.86 35.79 136.36 10.50
1661 63.75 89.62 32.64 144.79 8.55
1662 63.96 74.42 61.19 187.48 13.95
1663 64.01 69.42 94.39 198.27 16.76
1664 64.09 32.53 133.08 190.48 26.70
1665 64.07 34.96 140.47 192.87 26.31
1666 64.15 37.89 138.89 186.16 22.60
1667 64.17 43.93 178.93 193.10 25.05
1668 64.19 76.65 53.13 181.09 15.02
1669 64.04 85.15 38.29 147.10 11.28
1670 64.27 65.68 121.78 200.11 19.31
1671 64.23 23.64 97.04 179.08 22.60
1672 64.28 63.59 122.09 190.49 19.20
1673 64.19 83.40 48.99 155.38 11.90
1674 64.23 91.81 28.64 142.17 6.48
1675 64.34 28.14 107.16 181.91 26.76
1676 64.14 88.29 33.45 141.90 10.07
1677 64.25 56.76 137.12 201.20 21.94
1678 64.37 46.81 163.91 194.84 27.46
1679 64.44 79.15 59.01 176.34 13.66
1680 64.47 13.00 69.39 148.27 15.11
1681 64.41 50.72 174.91 192.96 23.01
1682 64.43 54.33 162.99 196.82 22.70
1683 64.41 71.90 95.38 195.50 16.63
1684 64.36 59.15 167.90 188.41 20.61
1685 64.53 11.13 75.37 152.42 12.48
1686 64.49 17.59 79.07 162.92 23.59
1687 64.81 19.85 72.09 144.97 23.20
1688 64.65 41.75 166.80 184.69 27.64
1689 64.66 67.50 133.94 198.34 17.96
1690 64.70 48.84 167.30 196.14 25.73
1691 64.81 9.10 81.71 154.86 12.97
1692 64.69 30.58 130.38 184.43 36.11
1693 64.76 39.79 149.50 190.54 31.06
1694 64.89 14.86 69.81 142.35 19.45
1695 64.78 25.73 92.72 178.62 32.16
1696 64.78 6.93 69.47 149.29 11.20
1697 64.90 61.26 150.62 196.59 22.04
1698 64.83 81.01 65.02 170.00 13.58
1699 65.00 36.37 140.47 186.16 38.00
1700 65.11 90.03 41.83 157.04 8.80
1701 65.13 22.12 72.02 172.61 40.38
1702 65.07 34.22 115.28 187.06 38.09
1703 64.98 45.41 156.87 189.86 30.17
1704 65.02 52.43 170.25 194.04 25.49
1705 65.09 74.37 114.01 188.61 16.77
1706 65.15 69.71 125.40 194.24 20.06
1707 65.14 82.17 69.76 154.95 13.79
1708 65.16 86.67 46.79 152.55 11.52
1709 65.25 56.24 185.94 205.65 26.48
1710 65.39 32.37 94.39 178.72 43.15
1711 65.39 43.52 127.60 184.75 37.76
1712 65.42 83.85 70.51 159.94 13.14
1713 65.36 28.89 89.93 178.06 43.04
1714 65.36 58.93 157.20 199.61 25.82
1715 65.37 63.35 150.28 200.55 21.88
1716 65.41 77.30 92.35 174.26 15.91
1717 65.58 65.48 155.94 193.23 22.13
1718 65.59 93.06 32.51 144.28 6.39
1719 65.59 38.52 108.70 179.53 44.22
1720 65.61 24.21 70.47 160.82 42.07
1721 65.57 16.70 53.57 142.59 26.06
1722 65.65 47.61 161.58 192.29 38.20
1723 65.70 72.31 142.15 191.18 19.28
1724 65.68 50.00 139.49 198.50 34.44
1725 65.71 54.40 157.49 204.94 33.22
1726 65.75 26.83 62.06 156.58 47.69
1727 65.69 11.87 43.26 132.54 21.52
1728 65.73 41.24 110.26 178.40 46.25
1729 65.94 67.76 174.86 195.25 24.35
1730 66.00 30.85 76.11 166.37 54.45
1731 65.94 80.16 115.02 173.52 14.44
1732 65.90 7.88 49.93 137.94 19.42
1733 65.86 14.29 40.24 115.91 25.03
1734 66.02 20.98 45.11 142.45 43.94
1735 66.02 10.07 48.47 145.10 21.25
1736 66.04 61.52 162.95 197.85 27.43
1737 66.08 45.50 127.69 175.85 46.81
1738 65.99 52.20 134.09 195.75 37.35
1739 66.26 18.55 42.73 129.62 37.79
1740 66.06 36.59 81.30 162.75 54.48
1741 66.10 57.29 139.99 195.88 35.23
1742 66.18 34.36 70.50 166.44 59.74
1743 66.25 70.01 182.09 194.19 25.18
1744 66.29 87.85 83.81 161.62 10.86
1745 66.32 74.82 119.96 177.73 18.89
1746 66.37 59.48 132.24 203.33 38.53
1747 66.46 85.47 103.05 168.89 14.39
1748 66.30 13.43 46.38 121.43 32.06
1749 66.41 43.33 84.84 175.18 63.67
1750 66.46 28.93 50.16 155.14 68.87
1751 66.39 89.49 70.54 154.11 9.76
1752 66.48 77.94 131.87 179.13 19.34
1753 66.53 91.17 61.36 155.97 7.60
1754 66.56 63.54 175.96 185.80 28.51
1755 66.52 39.99 76.82 161.59 60.70
1756 66.60 25.03 48.96 138.23 72.39
1757 66.64 48.99 113.24 185.64 44.67
1758 66.66 15.96 38.85 116.06 45.67
1759 66.68 82.64 109.87 168.98 16.60
1760 66.89 22.87 36.02 117.84 62.58
1761 66.74 66.41 174.84 185.24 26.89
1762 66.82 32.66 53.02 143.92 60.60
1763 66.79 56.00 110.99 194.68 42.28
1764 66.87 46.90 89.96 171.75 53.28
1765 66.81 53.68 114.18 196.28 47.96
1766 66.82 93.10 40.27 141.27 6.35
1767 67.03 38.06 59.65 148.83 83.41
1768 66.88 51.31 104.24 184.86 54.75
1769 66.97 71.72 145.46 183.24 24.67
1770 66.85 8.46 26.73 121.75 33.36
1771 67.10 27.14 40.77 129.97 71.47
1772 66.87 11.08 30.61 106.59 37.43
1773 67.04 35.80 52.95 144.54 88.15
1774 67.13 12.88 29.75 96.32 40.84
1775 67.16 20.39 38.83 116.84 63.05
1776 67.23 42.28 61.74 160.84 85.30
1777 67.15 60.96 122.29 191.47 40.00
1778 67.25 30.27 51.33 135.14 88.98
1779 67.25 44.93 66.41 164.98 74.89
1780 67.30 68.99 158.89 185.34 32.43
1781 67.30 58.67 86.97 192.17 45.03
1782 67.37 76.58 127.89 176.09 21.44
1783 67.34 79.90 132.37 164.91 17.95
1784 67.19 9.47 29.50 110.97 34.06
1785 67.45 64.96 150.79 190.53 35.12
1786 67.59 73.94 145.15 175.67 26.18
1787 67.54 17.93 37.36 97.42 69.45
1788 67.59 87.07 115.05 149.10 11.92
1789 67.52 39.97 55.07 141.85 98.54
1790 67.69 62.80 102.28 185.17 41.39
1791 67.69 49.87 89.04 174.64 72.67
1792 67.89 34.35 52.36 119.50 96.71
1793 67.66 54.63 81.76 184.16 55.37
1794 67.59 84.78 115.47 149.00 14.51
1795 67.67 25.03 36.85 106.58 82.52
1796 67.72 90.25 101.46 160.45 9.70
1797 67.89 47.98 63.30 158.25 74.80
1798 67.73 56.83 79.48 185.53 65.02
1799 67.77 83.20 136.92 153.67 16.88
1800 67.72 15.82 32.65 88.32 55.19
1801 67.88 52.28 70.65 176.18 70.30
1802 68.01 92.59 71.78 146.92 7.71
1803 67.86 32.17 52.76 121.22 114.79
1804 67.97 67.02 140.22 185.95 43.47
1805 67.98 9.95 32.89 89.56 61.45
1806 68.06 28.29 53.38 105.62 110.53
1807 68.05 14.10 41.65 87.83 68.18
1808 68.05 36.56 58.07 119.59 115.79
1809 68.13 21.72 46.24 98.66 83.57
1810 68.31 46.14 57.84 144.08 85.44
1811 68.12 60.75 81.22 176.78 60.24
1812 68.18 71.31 132.86 181.06 37.82
1813 68.25 43.94 58.88 138.87 96.16
1814 68.22 12.13 47.03 82.09 69.09
1815 68.23 41.77 56.22 130.23 112.65
1816 68.40 78.47 133.36 172.63 23.38
1817 68.45 81.13 142.34 165.90 20.68
1818 68.39 38.98 61.41 117.84 118.35
1819 68.47 58.34 65.00 172.75 71.21
1820 68.48 30.36 67.95 103.90 122.91
1821 68.57 19.36 47.94 78.82 86.70
1822 68.56 23.83 58.08 95.95 103.97
1823 68.44 64.50 86.30 173.89 46.92
1824 68.61 69.13 96.36 175.66 40.84
1825 68.59 75.85 129.25 181.91 26.41
1826 68.75 26.14 72.39 91.03 112.19
1827 68.64 54.20 61.17 166.79 76.10
1828 68.69 56.09 60.83 174.54 74.11
1829 68.77 86.11 124.87 160.54 18.46
1830 68.62 17.24 51.52 76.69 84.82
1831 68.61 50.42 66.28 159.09 100.91
1832 68.84 88.64 106.67 150.27 15.30
1833 68.84 73.24 119.34 181.90 38.50
1834 68.91 8.64 36.35 68.31 65.59
1835 68.92 32.76 87.92 95.98 127.20
1836 68.99 83.49 127.65 157.41 19.80
1837 69.17 15.60 58.92 62.43 80.70
1838 69.13 62.15 58.20 158.55 60.63
1839 69.04 52.46 62.86 157.33 115.01
1840 69.00 60.19 58.91 162.71 77.43
1841 69.18 34.93 120.07 89.34 135.18
1842 69.14 48.64 60.67 131.24 123.15
1843 69.03 66.64 80.43 167.68 50.28
1844 69.14 37.06 93.10 101.03 138.24
1845 69.10 91.42 89.12 156.53 10.49
1846 69.17 28.31 107.41 81.52 129.99
1847 69.19 41.83 105.72 105.02 139.88
1848 69.21 44.36 98.12 120.22 140.64
1849 69.48 11.36 68.96 60.05 81.45
1850 69.25 20.89 76.55 70.29 97.57
1851 69.33 13.61 63.89 61.35 84.04
1852 69.45 46.54 84.05 122.06 130.63
1853 69.50 71.46 78.68 164.30 46.80
1854 69.43 39.60 105.01 89.76 149.85
1855 69.55 57.13 57.10 151.65 95.53
1856 69.43 64.22 72.53 165.40 75.49
1857 69.55 23.39 110.88 74.71 120.64
1858 69.61 30.56 129.98 76.85 126.79
1859 69.65 77.39 95.76 165.32 31.69
1860 69.68 50.74 66.84 128.99 138.48
1861 69.69 54.78 63.61 145.97 108.97
1862 69.64 79.83 106.02 161.72 27.44
1863 69.80 59.05 57.73 145.70 97.18
1864 69.73 74.72 96.58 170.55 41.48
1865 69.82 17.70 75.41 55.76 87.14
1866 69.95 69.75 72.72 163.86 69.80
1867 69.97 25.57 113.11 71.55 122.96
1868 69.98 67.49 67.42 160.12 68.97
1869 69.96 89.28 78.82 151.88 16.82
1870 70.05 9.33 67.74 49.55 75.49
1871 70.14 32.50 149.10 74.04 150.08
1872 70.11 38.16 156.80 80.82 163.17
1873 69.93 81.64 110.30 162.44 27.26
1874 69.98 86.72 93.53 148.92 23.82
1875 70.25 19.84 106.23 59.37 123.37
1876 70.22 52.66 87.62 120.20 125.20
1877 70.13 84.10 109.00 148.17 27.53
1878 70.20 44.08 140.51 92.82 163.03
1879 70.26 48.24 95.38 108.53 131.55
1880 70.20 28.17 138.50 71.96 150.91
1881 70.46 36.28 155.40 70.07 147.78
1882 70.17 41.74 156.92 89.22 153.63
1883 70.33 65.49 55.87 145.93 86.03
1884 70.30 6.83 45.88 45.57 49.11
1885 70.30 62.90 57.52 143.81 78.57
1886 70.39 34.41 143.27 68.23 150.09
1887 70.47 60.69 66.19 132.54 104.32
1888 70.48 14.44 82.89 45.56 87.72
1889 70.48 22.24 121.62 60.03 127.96
1890 70.49 56.19 73.93 125.07 136.21
1891 70.65 46.27 128.35 96.42 153.05
1892 70.72 72.46 62.82 153.75 65.11
1893 70.73 78.34 64.73 147.05 35.88
1894 70.65 50.35 96.82 108.37 142.31
1895 70.79 11.71 87.25 48.89 93.69
1896 70.76 30.19 129.88 66.87 159.89
1897 70.81 75.30 61.22 144.05 51.14
1898 70.63 86.76 91.00 153.54 24.57
1899 70.79 39.98 167.47 78.32 180.38
1900 70.89 58.18 86.96 118.20 140.82
1901 70.90 54.39 126.86 109.28 135.76
1902 70.92 26.45 134.93 61.97 155.76
1903 70.88 68.94 58.48 151.36 78.53
1904 70.91 80.36 65.23 137.58 36.27
1905 71.12 82.33 75.27 148.45 37.21
1906 71.20 24.17 93.67 49.51 121.31
1907 71.15 16.88 80.52 41.74 103.45
1908 71.01 9.31 71.79 41.84 79.00
1909 71.19 64.34 59.73 126.98 94.00
1910 71.16 42.77 173.66 77.07 168.90
1911 71.29 38.12 150.60 70.17 168.56
1912 71.41 44.79 167.60 73.71 159.79
1913 71.32 19.02 91.46 49.32 110.18
1914 71.38 32.21 118.32 58.81 174.25
1915 71.51 66.49 61.64 128.98 100.15
1916 71.39 48.73 160.07 92.92 173.88
1917 71.42 52.65 151.93 95.89 150.32
1918 71.58 87.50 60.66 150.39 29.64
1919 71.52 62.21 74.49 111.95 119.33
1920 71.46 85.04 67.17 145.04 32.59
1921 71.48 21.67 93.68 51.31 125.39
1922 71.46 28.43 121.80 59.31 164.66
1923 71.45 34.23 137.72 65.04 173.18
1924 71.55 59.93 114.62 108.29 137.31
1925 71.57 56.33 147.36 102.81 146.12
1926 71.74 50.64 175.60 90.59 165.04
1927 71.77 71.00 51.35 140.16 87.13
1928 71.83 36.31 131.72 60.40 150.84
1929 71.78 76.95 51.02 135.02 52.47
1930 71.75 40.90 154.53 66.33 164.69
1931 72.16 14.59 60.60 36.42 95.42
1932 71.92 74.14 51.16 130.89 68.98
1933 71.93 11.23 61.66 36.80 94.35
1934 71.76 13.06 64.74 36.48 83.48
1935 71.94 30.24 93.93 58.72 180.31
1936 71.90 46.81 178.68 79.48 167.39
1937 71.86 68.51 65.28 141.43 101.81
1938 71.96 26.54 78.33 53.49 154.52
1939 72.07 79.58 51.71 135.47 50.60
1940 72.09 9.06 46.24 35.01 69.18
1941 72.08 58.05 151.43 98.60 128.26
1942 72.16 54.42 184.90 83.00 150.47
1943 72.23 43.26 144.48 68.91 182.86
1944 72.34 82.26 52.34 137.58 48.39
1945 72.28 90.46 37.09 135.12 23.00
1946 72.44 22.86 64.59 43.69 119.68
1947 72.32 38.95 140.17 59.41 173.43
1948 72.29 64.25 87.49 107.16 127.03
1949 72.46 24.96 68.31 47.42 150.80
1950 72.42 20.56 55.04 37.27 98.00
1951 72.51 18.32 55.23 39.86 93.85
1952 72.43 34.18 88.63 56.14 166.94
1953 72.51 52.26 189.94 78.18 161.94
1954 72.57 61.32 146.96 93.52 124.68
1955 72.50 48.95 172.58 74.88 176.33
1956 72.49 84.85 47.95 129.04 46.21
1957 72.59 32.03 72.67 51.70 154.06
1958 72.71 45.14 148.46 62.70 169.39
1959 72.71 28.19 66.25 47.25 131.53
1960 72.83 71.87 58.98 118.65 94.18
1961 72.77 66.55 82.66 106.14 116.36
1962 72.83 41.72 109.33 58.17 164.78
1963 72.78 56.29 169.81 88.51 165.56
1964 73.01 86.81 39.48 129.42 40.48
1965 72.93 59.11 157.42 83.27 127.70
1966 72.91 69.33 72.52 113.29 115.21
1967 72.99 16.10 52.04 36.76 94.72
1968 73.02 76.90 46.21 115.30 71.12
1969 73.13 37.78 86.52 53.27 157.58
1970 73.01 47.28 144.37 62.44 167.22
1971 73.08 50.84 164.78 73.83 190.02
1972 72.92 12.40 39.60 29.00 90.92
1973 73.10 74.11 56.39 118.90 88.03
1974 73.23 35.44 62.63 51.53 147.97
1975 73.08 88.85 35.65 144.37 37.93
1976 73.29 10.43 27.88 27.94 67.14
1977 73.01 83.88 48.26 126.82 50.74
1978 73.36 30.54 46.73 43.77 116.73
1979 73.17 54.13 171.58 75.48 172.43
1980 73.22 80.45 45.48 121.72 70.60
1981 73.36 40.05 93.04 57.54 182.73
1982 73.17 78.60 47.31 117.35 72.38
1983 73.27 63.57 130.74 88.20 124.55
1984 73.49 43.39 99.58 55.77 154.15
1985 73.52 22.55 34.19 37.68 102.44
1986 73.50 25.20 39.89 40.83 110.69
1987 73.60 83.18 40.30 121.87 66.28
1988 73.68 19.49 35.54 36.16 93.62
1989 73.74 33.01 47.95 49.10 145.79
1990 73.70 49.43 130.53 65.51 182.60
1991 73.73 57.36 167.21 70.39 169.81
1992 73.74 61.08 162.81 81.76 145.01
1993 73.72 52.57 138.27 63.41 173.32
1994 73.79 27.49 42.85 42.96 118.94
1995 73.85 12.42 26.80 26.78 73.35
1996 73.81 45.50 110.68 60.12 168.92
1997 73.83 67.56 145.67 94.38 133.43
1998 73.89 55.47 148.51 68.70 176.09
1999 74.08 16.89 31.49 33.29 87.44
2000 73.99 65.18 140.51 90.63 148.19
2001 74.06 70.03 126.92 89.30 121.95
2002 74.11 72.39 94.99 100.30 111.92
2003 74.01 59.26 170.12 75.02 183.42
2004 74.20 85.49 36.28 113.12 63.72
2005 74.20 75.11 74.81 99.73 85.04
2006 74.16 37.00 55.05 49.68 143.28
2007 74.22 41.69 70.78 53.55 166.73
2008 74.11 47.58 105.75 59.96 180.54
2009 74.32 29.35 38.22 42.02 127.69
2010 74.10 76.48 49.57 92.94 72.17
2011 74.30 88.33 26.36 122.90 52.15
2012 74.20 77.98 50.93 101.12 84.34
2013 74.40 34.87 41.56 41.17 123.87
2014 74.30 39.43 62.96 48.03 148.31
2015 74.35 62.80 152.43 78.99 159.83
2016 74.27 79.62 42.20 102.78 72.39
2017 74.46 51.38 121.72 57.57 183.19
2018 74.37 81.91 42.44 104.30 74.24
2019 74.44 23.56 36.44 38.81 107.00
2020 74.64 31.40 42.72 41.76 116.71
2021 74.62 54.06 114.71 63.24 182.94
2022 74.66 43.63 62.49 50.65 158.67
2023 74.75 14.44 26.67 27.20 72.15
2024 74.79 21.40 34.31 33.34 94.74
2025 74.80 25.64 47.29 39.84 122.33
2026 74.85 45.65 72.78 52.41 166.31
2027 74.84 49.42 84.94 57.87 182.11
2028 74.94 56.09 108.45 54.95 166.60
2029 74.93 58.11 126.84 61.68 168.10
2030 74.98 66.11 171.68 73.71 136.20
2031 74.92 19.02 33.71 33.64 86.36
2032 74.90 60.27 152.15 64.67 153.47
2033 75.01 12.22 24.98 25.42 67.60
2034 75.00 68.23 152.79 78.19 116.23
2035 75.10 27.71 41.11 39.08 98.12
2036 75.14 33.27 45.68 44.92 131.83
2037 75.12 73.31 122.26 87.18 116.53
2038 75.10 83.79 43.65 100.94 74.89
2039 75.29 38.78 43.96 47.49 134.01
2040 75.27 47.48 69.59 53.36 169.10
2041 75.36 52.85 79.26 53.43 173.08
2042 75.32 64.10 167.36 69.00 167.96
2043 75.12 17.46 36.14 28.89 80.03
2044 75.30 36.71 44.44 44.88 115.85
2045 75.35 40.95 50.40 49.10 145.70
2046 75.37 70.82 145.39 76.21 102.82
2047 75.45 76.60 100.28 79.74 90.35
2048 75.23 75.00 102.12 87.84 99.08
2049 75.37 80.78 61.21 91.13 86.29
2050 75.44 62.06 138.43 66.84 155.51
2051 75.46 84.91 40.50 96.92 70.82
2052 75.53 16.03 34.16 27.28 70.70
2053 75.62 29.65 63.71 39.00 103.64
2054 75.64 51.18 68.36 48.72 164.79
2055 75.51 82.92 53.41 90.63 81.93
2056 75.60 23.56 57.31 33.00 101.78
2057 75.80 34.77 58.04 42.69 98.18
2058 75.68 43.10 46.96 49.27 132.69
2059 75.80 20.19 46.60 30.91 88.96
2060 75.90 54.72 71.78 52.93 162.26
2061 75.81 11.12 27.89 20.80 46.75
2062 75.90 31.56 72.25 40.93 103.28
2063 75.95 45.35 50.39 46.75 141.22
2064 75.91 49.20 59.25 56.45 164.08
2065 75.86 59.42 101.59 56.66 164.89
2066 75.98 14.01 35.44 25.80 55.06
2067 75.93 26.02 71.28 37.65 90.63
2068 75.96 56.88 78.85 53.19 160.69
2069 76.09 68.84 163.83 69.51 122.08
2070 76.05 78.19 105.34 77.44 104.68
2071 76.13 66.03 163.24 61.24 133.50
2072 76.13 73.12 135.36 72.13 107.27
2073 76.49 21.70 79.87 32.00 66.14
2074 76.36 39.03 57.46 43.99 114.99
2075 76.42 17.56 63.57 30.38 54.89
2076 76.44 36.47 86.30 43.88 90.83
2077 76.47 47.31 49.06 48.51 137.24
2078 76.50 61.19 95.64 56.96 161.81
2079 76.36 79.76 103.38 81.18 107.28
2080 76.53 81.44 91.67 75.64 100.57
2081 76.52 28.13 96.68 37.32 74.51
2082 76.47 63.62 122.04 58.38 146.85
2083 76.44 16.01 57.83 25.87 50.69
2084 76.50 41.39 65.45 47.92 130.55
2085 76.55 52.88 54.57 48.87 156.34
2086 76.59 33.07 106.88 41.58 87.77
2087 76.45 74.61 139.17 72.76 103.17
2088 76.59 86.91 46.46 90.63 71.36
2089 76.60 18.73 61.11 31.00 61.16
2090 76.77 23.63 93.58 34.10 62.58
2091 76.66 50.65 49.37 50.28 156.82
2092 76.78 43.43 55.72 46.18 113.32
2093 76.74 70.77 145.91 63.19 115.94
2094 76.81 75.91 139.39 65.44 102.52
2095 76.74 82.84 80.60 71.35 95.71
2096 76.85 58.85 62.52 52.49 156.21
2097 76.91 12.39 53.16 23.50 48.41
2098 76.96 30.64 120.22 39.05 63.86
2099 76.92 84.58 70.60 75.36 85.34
2100 77.15 54.70 44.37 53.10 156.10
2101 76.74 15.18 60.50 23.83 38.25
2102 76.96 56.55 53.49 49.38 159.54
2103 76.99 67.85 140.25 57.74 138.76
2104 76.88 25.04 98.87 35.65 57.74
2105 77.11 45.37 57.84 44.53 117.92
2106 77.15 48.93 54.27 48.47 139.02
2107 77.09 77.67 126.49 67.57 103.65
2108 77.22 26.02 115.31 38.36 62.43
2109 77.32 34.41 135.99 39.56 63.36
2110 77.32 65.43 124.29 55.91 152.67
2111 77.20 71.75 139.59 65.93 111.09
2112 77.39 20.17 87.04 29.98 42.01
2113 77.36 37.40 127.46 43.38 82.49
2114 77.34 39.72 102.29 43.67 91.73
2115 77.26 73.17 133.59 68.48 127.64
2116 77.35 62.16 100.58 55.41 198.22
2117 77.26 15.07 75.50 25.53 39.47
2118 77.49 79.52 110.97 64.56 104.92
2119 77.62 16.83 82.67 27.02 39.02
2120 77.47 51.64 51.12 47.24 156.07
2121 77.69 27.50 135.59 35.23 50.87
2122 77.61 47.13 72.66 50.05 114.03
2123 77.67 41.71 132.58 45.82 89.97
2124 77.85 82.21 107.64 62.93 92.02
2125 77.79 13.49 79.95 25.72 34.53
2126 77.91 53.34 49.06 47.33 138.21
2127 77.86 60.04 55.91 49.22 151.29
2128 77.86 57.81 43.65 45.64 144.00
2129 77.95 32.00 144.71 40.83 46.99
2130 77.88 43.72 117.22 44.10 104.21
2131 78.04 63.71 96.87 50.83 150.92
2132 77.84 69.90 122.46 57.57 123.85
2133 77.76 23.51 99.35 33.69 46.37
2134 77.98 29.40 136.90 36.62 47.21
2135 78.07 49.97 76.35 44.84 109.97
2136 78.04 67.72 110.21 53.48 145.16
2137 78.12 36.00 171.83 43.88 62.47
2138 78.25 84.84 88.81 62.03 83.51
2139 77.93 14.86 87.52 25.90 32.97
2140 78.29 18.83 98.87 28.32 35.35
2141 78.22 55.78 42.37 47.51 137.30
2142 78.22 75.76 118.82 57.67 119.97
2143 78.38 45.60 122.18 48.84 90.38
2144 78.38 77.55 122.37 59.03 112.55
2145 78.72 21.66 115.11 30.37 33.64
2146 78.41 25.50 119.30 34.61 38.16
2147 78.42 40.12 176.52 45.88 63.88
2148 78.24 71.33 115.31 54.57 106.03
2149 78.51 38.15 171.65 43.43 62.37
2150 78.61 47.73 121.52 44.76 79.67
2151 78.50 61.64 56.48 47.74 133.80
2152 78.58 51.84 72.57 45.81 115.48
2153 78.48 74.44 123.05 54.86 120.30
2154 78.68 79.65 116.59 53.20 105.34
2155 78.56 33.94 147.17 42.03 41.26
2156 78.67 65.56 83.17 52.68 135.90
2157 78.48 16.18 86.93 26.07 31.47
2158 78.41 73.20 118.30 60.10 124.60
2159 78.86 72.59 115.65 52.59 115.04
2160 78.91 42.17 158.36 46.60 63.38
2161 78.81 14.70 88.71 25.79 28.98
2162 78.95 30.17 151.95 38.14 39.41
2163 78.85 58.57 40.23 43.66 126.18
2164 79.11 27.95 136.13 36.65 33.22
2165 79.00 54.04 57.38 43.53 113.01
2166 79.02 44.23 168.69 47.46 70.90
2167 79.14 70.52 79.76 48.75 135.65
2168 78.95 13.37 80.62 22.08 19.29
2169 79.20 49.68 128.73 42.87 79.01
2170 79.10 68.06 76.18 48.37 133.27
2171 79.33 32.09 143.85 37.45 33.87
2172 79.26 36.28 171.91 40.05 38.61
2173 79.31 63.57 48.13 45.02 115.63
2174 79.27 56.11 59.26 43.48 113.40
2175 79.12 16.41 94.53 26.47 23.41
2176 79.55 83.24 87.55 49.19 92.26
2177 79.47 60.56 41.67 46.43 137.05
2178 79.46 74.79 94.78 46.69 110.86
2179 79.63 40.03 176.74 43.76 47.87
2180 79.63 19.09 107.44 26.48 23.98
2181 79.71 81.18 87.74 46.92 104.48
2182 79.50 22.74 113.40 33.24 26.16
2183 79.64 34.29 157.81 42.43 32.77
2184 79.71 45.89 163.45 41.99 67.85
2185 79.54 51.75 112.64 44.29 101.06
2186 79.72 25.97 129.12 36.40 30.10
2187 79.64 77.67 74.55 48.31 103.02
2188 79.61 76.41 70.97 47.61 102.92
2189 79.76 16.02 95.76 24.27 20.89
2190 79.81 38.07 166.26 44.38 40.18
2191 79.81 48.05 155.29 46.21 70.39
2192 79.71 79.25 83.02 45.98 106.56
2193 79.82 66.15 50.34 45.32 117.20
2194 79.88 58.13 45.92 44.98 110.56
2195 79.96 43.57 195.58 41.85 53.88
2196 80.09 14.03 82.61 21.34 16.76
2197 80.08 71.77 55.01 47.78 114.75
2198 80.19 21.87 106.42 30.75 24.25
2199 80.12 30.21 137.16 38.13 27.94
2200 80.14 53.73 95.08 43.77 80.03
2201 80.19 62.40 41.15 41.73 110.21
2202 80.12 69.12 50.12 44.91 119.34
2203 80.31 41.62 190.30 41.92 38.75
2204 80.49 27.54 124.45 34.40 26.24
2205 80.39 55.69 106.01 42.30 83.01
2206 80.47 49.79 169.33 41.12 64.90
2207 80.28 73.12 51.53 44.20 118.03
2208 80.51 33.00 142.01 40.24 29.35
2209 80.61 17.64 97.31 26.40 19.85
2210 80.59 35.56 154.70 41.73 29.08
2211 80.58 60.06 46.43 40.56 100.38
2212 80.46 74.39 55.10 44.06 110.81
2213 80.56 51.76 152.31 46.76 67.45
2214 80.70 64.69 38.85 38.90 97.95
2215 80.72 47.11 177.81 46.89 53.11
2216 80.73 44.78 176.25 43.40 42.68
2217 80.82 20.23 98.75 28.74 20.99
2218 80.88 79.66 60.33 41.10 115.50
2219 80.87 37.70 166.23 40.19 30.17
2220 80.98 39.81 170.52 41.24 33.88
2221 80.86 67.34 41.02 37.21 108.48
2222 80.82 77.28 59.03 39.53 108.94
2223 80.88 24.23 113.27 32.65 21.88
2224 80.97 57.74 81.00 37.99 92.93
2225 81.07 81.98 62.06 39.86 92.55
2226 80.96 75.27 49.92 42.21 96.12
2227 81.21 15.88 79.34 23.83 16.80
2228 81.21 29.44 120.55 38.18 24.58
2229 81.28 70.35 40.16 42.11 101.44
2230 81.32 31.62 118.57 36.61 24.26
2231 81.26 42.49 167.86 42.93 34.62
2232 81.29 53.23 134.37 42.91 57.56
2233 81.08 71.48 40.33 42.22 109.22
2234 81.30 72.56 40.57 41.48 105.59
2235 81.30 62.01 69.68 40.57 92.98
2236 81.24 69.06 42.17 43.94 103.64
2237 81.49 22.79 87.41 29.89 18.57
2238 81.49 48.88 175.60 46.42 46.72
2239 81.52 55.66 135.33 40.25 60.42
2240 81.33 19.42 92.79 29.42 20.37
2241 81.47 26.07 106.30 34.62 24.87
2242 81.56 33.82 118.91 41.99 26.91
2243 81.59 50.99 184.56 42.16 48.39
2244 81.58 46.11 176.37 39.65 40.53
2245 81.40 76.84 60.18 40.53 107.24
2246 81.71 59.66 104.90 39.48 73.94
2247 81.85 35.82 139.44 40.27 25.77
2248 81.77 43.98 158.74 43.68 32.74
2249 82.01 28.00 98.80 35.87 22.39
2250 81.82 64.30 59.36 38.94 94.93
2251 81.94 67.30 38.29 38.79 82.01
2252 81.72 73.73 42.53 39.11 103.79
2253 81.84 18.28 78.52 26.28 17.23
2254 82.06 37.93 129.20 41.53 25.59
2255 82.04 40.35 148.34 42.44 28.61
2256 81.78 77.91 45.26 33.95 94.63
2257 82.09 21.50 74.66 27.47 17.01
2258 82.01 75.22 37.80 36.21 93.78
2259 82.14 79.88 37.75 35.27 97.52
2260 82.17 57.82 124.74 39.82 61.73
2261 82.19 24.50 81.23 32.43 19.64
2262 82.21 47.47 181.14 41.80 33.21
2263 82.31 54.15 153.11 41.00 51.21
2264 82.24 69.62 33.71 37.29 74.94
2265 82.44 16.39 54.82 21.78 13.10
2266 82.35 30.79 95.48 38.26 22.14
2267 82.51 42.13 134.78 43.46 28.57
2268 82.54 52.27 167.07 41.93 36.72
2269 82.58 61.58 118.39 38.66 59.76
2270 82.49 71.27 32.49 37.02 80.76
2271 82.66 50.29 168.38 41.56 33.48
2272 82.54 33.38 94.87 38.96 22.07
2273 82.58 44.76 140.32 41.28 29.00
2274 82.48 76.47 32.67 31.91 85.51
2275 82.73 26.23 68.57 32.63 19.33
2276 82.79 56.02 147.90 41.16 46.00
2277 82.99 66.06 75.24 36.33 72.68
2278 82.82 73.19 33.03 38.13 89.49
2279 82.91 63.77 104.62 39.42 67.20
2280 82.97 20.71 66.73 29.94 16.02
2281 83.04 59.62 142.59 38.86 47.37
2282 83.02 35.50 89.69 41.47 20.48
2283 83.20 48.57 174.68 43.68 26.78
2284 83.15 39.68 106.15 40.75 22.42
2285 83.24 68.58 39.30 36.57 72.03
2286 83.20 77.56 28.15 30.07 90.79
2287 83.12 28.73 76.58 37.72 20.88
2288 83.24 37.59 96.35 41.50 21.91
2289 83.47 46.03 136.90 43.18 26.40
2290 83.31 31.56 70.65 37.99 22.15
2291 83.47 74.89 27.40 32.62 89.37
2292 83.20 18.29 55.24 24.71 13.40
2293 83.34 43.14 114.43 42.30 25.00
2294 83.49 57.67 165.05 40.35 44.58
2295 83.47 54.45 162.74 39.94 40.29
2296 83.54 22.84 57.19 31.48 15.60
2297 83.62 16.67 42.87 21.34 10.33
2298 83.72 52.48 151.47 39.92 29.80
2299 83.64 71.28 33.74 35.08 79.99
2300 83.72 33.72 73.44 39.60 21.60
2301 83.80 41.13 99.36 43.87 22.97
2302 83.60 19.87 57.43 26.29 14.00
2303 84.04 25.01 46.91 31.78 18.36
2304 83.93 50.51 146.71 36.51 27.04
2305 84.06 62.03 142.21 37.68 41.32
2306 83.98 64.61 135.43 39.37 50.83
2307 84.17 26.81 52.54 33.28 17.89
2308 84.02 44.08 100.58 41.61 21.79
2309 84.25 29.04 53.58 33.04 17.27
2310 84.08 38.62 84.25 39.98 21.15
2311 84.08 19.28 43.60 22.42 11.70
2312 84.19 36.10 79.42 37.47 21.93
2313 84.29 48.00 113.66 39.29 22.28
2314 84.31 56.14 145.58 38.38 31.53
2315 84.22 59.50 160.21 40.42 38.17
2316 84.11 72.49 35.27 32.39 80.29
2317 84.29 21.50 49.03 28.54 13.95
2318 84.27 66.52 99.55 36.78 55.90
2319 84.18 77.27 24.94 29.45 85.73
2320 84.44 79.53 22.64 26.09 68.96
2321 84.42 18.23 37.15 26.08 9.46
2322 84.15 67.62 87.83 31.50 61.83
2323 84.46 31.44 57.24 35.54 18.48
2324 84.38 68.92 66.37 35.69 65.22
2325 84.49 74.03 33.56 31.30 77.19
2326 84.56 54.14 126.59 36.67 27.58
2327 84.64 42.28 75.75 41.36 19.39
2328 84.64 39.76 73.53 38.49 20.42
2329 84.63 70.49 54.07 36.48 58.48
2330 84.83 33.80 55.64 38.06 19.15
2331 84.89 50.19 102.61 37.32 22.38
2332 85.06 52.52 111.82 38.93 24.26
2333 85.00 37.45 78.38 39.28 20.05
2334 85.01 23.12 43.12 29.28 14.86
2335 85.09 58.12 142.00 39.79 28.16
2336 85.04 46.65 77.94 37.63 21.17
2337 85.07 64.24 137.48 37.90 37.34
2338 85.09 71.76 51.20 30.42 60.78
2339 85.25 44.09 67.22 41.40 20.05
2340 85.11 67.08 101.79 36.05 40.44
2341 85.11 20.10 34.52 24.65 10.30
2342 85.05 25.01 43.67 31.89 16.07
2343 85.18 60.99 146.40 38.62 31.11
2344 85.33 29.76 47.84 36.05 17.21
2345 85.20 40.24 64.15 38.39 19.80
2346 85.72 35.34 54.50 40.73 18.88
2347 85.66 78.19 31.14 24.98 56.17
2348 85.56 55.27 102.03 38.64 21.98
2349 85.58 69.00 109.28 32.60 41.44
2350 85.54 26.28 38.51 35.27 16.17
2351 85.60 48.53 69.20 36.83 18.83
2352 85.77 75.77 42.04 28.54 58.40
2353 85.62 18.49 28.05 21.15 8.28
2354 85.72 31.64 45.12 35.59 18.94
2355 85.72 22.38 33.64 29.16 11.82
2356 85.60 73.57 54.46 28.56 53.97
2357 86.01 42.16 47.64 38.27 18.38
2358 85.94 37.95 58.05 38.62 20.19
2359 85.92 45.76 65.58 39.51 18.30
2360 85.88 51.11 79.57 35.47 20.62
2361 86.04 71.12 96.61 30.59 43.28
2362 86.00 19.76 24.82 26.06 9.46
2363 85.93 23.86 34.29 28.95 13.07
2364 86.03 33.18 45.78 35.73 16.25
2365 86.00 62.47 147.76 39.42 25.72
2366 86.10 57.68 111.06 38.42 22.34
2367 86.14 59.95 129.69 37.62 23.68
2368 86.19 65.78 130.80 34.75 32.64
2369 86.48 53.48 76.11 37.22 18.54
2370 86.17 72.88 69.94 29.48 46.27
2371 86.33 39.92 52.49 38.60 18.56
2372 86.61 47.94 52.09 36.23 18.15
2373 86.45 29.89 31.24 35.39 15.04
2374 86.36 20.89 24.36 26.79 9.00
2375 86.63 44.20 47.39 35.01 18.42
2376 86.78 55.81 87.31 36.42 19.69
2377 86.88 63.41 133.31 38.07 22.32
2378 86.71 68.60 131.48 31.49 31.16
2379 86.80 23.43 26.05 29.10 11.82
2380 86.89 76.69 50.33 23.23 34.51
2381 86.69 35.88 40.59 39.53 18.44
2382 86.81 51.38 58.18 36.89 18.06
2383 87.27 61.30 111.07 36.79 20.67
2384 87.02 21.34 22.48 25.35 9.75
2385 87.10 37.51 40.64 38.67 17.59
2386 87.11 73.89 79.96 27.30 35.91
2387 86.97 71.77 106.10 26.56 29.95
2388 87.13 33.84 34.32 38.40 16.26
2389 87.34 58.91 90.81 37.74 19.58
2390 87.56 67.35 128.45 33.91 25.49
2391 86.94 42.27 42.47 35.20 18.13
2392 87.12 69.81 122.87 29.11 26.32
2393 87.33 46.29 43.04 36.71 18.65
2394 87.29 49.46 46.91 37.30 18.42
2395 87.38 39.90 42.06 37.74 17.77
2396 87.26 24.35 20.63 29.89 12.61
2397 87.39 42.38 33.19 38.31 17.36
2398 87.54 31.59 27.82 39.82 14.27
2399 87.55 64.85 128.48 30.62 23.68
2400 87.59 25.85 21.56 32.58 13.00
2401 87.85 56.92 71.05 35.58 17.97
2402 87.62 71.50 120.02 30.56 24.94
2403 87.60 52.29 33.65 42.61 17.65
2404 87.68 54.16 51.15 35.49 17.04
2405 87.89 29.19 26.02 33.75 14.75
2406 87.97 20.85 16.34 24.93 8.21
2407 88.06 44.89 25.24 37.89 16.56
2408 87.97 36.96 32.49 36.41 16.18
2409 87.94 41.01 28.24 40.59 16.94
2410 88.08 24.21 16.80 29.20 9.89
2411 88.09 43.39 29.84 36.53 15.64
2412 88.17 46.99 25.30 38.52 18.02
2413 88.03 38.54 38.00 33.29 19.14
2414 88.50 72.67 105.72 24.71 19.16
2415 88.43 33.59 26.74 37.13 14.94
2416 88.21 51.55 30.92 39.56 16.25
2417 88.35 65.63 117.93 33.76 21.10
2418 88.49 31.80 23.23 35.94 14.55
2419 88.41 36.08 33.06 39.16 17.00
2420 88.61 60.65 72.32 34.06 17.16
2421 88.73 38.52 28.31 38.69 16.82
2422 88.37 40.31 24.23 39.65 14.27
2423 88.44 50.08 32.82 38.59 16.68
2424 88.97 29.85 20.74 34.08 13.66
2425 88.70 55.50 49.48 35.05 16.34
2426 88.64 27.00 17.39 30.31 11.86
2427 88.55 69.31 122.10 29.14 18.62
2428 88.98 22.04 13.13 25.63 8.37
2429 88.79 52.96 40.91 33.42 16.25
2430 88.88 58.40 55.20 33.41 16.85
2431 88.85 63.09 110.27 34.02 17.02
2432 88.85 23.83 13.59 27.48 9.11
2433 88.66 30.75 21.00 32.86 14.14
2434 88.85 46.20 20.89 38.42 15.05
2435 89.01 44.71 23.34 38.37 15.99
2436 89.03 40.81 21.72 40.36 15.09
2437 89.09 42.42 21.95 38.62 15.08
2438 89.15 47.91 21.24 36.51 16.35
2439 89.13 50.03 20.90 36.90 15.67
2440 89.17 36.15 22.31 38.51 14.53
2441 89.33 25.49 15.13 29.70 9.85
2442 89.40 32.62 22.66 38.68 14.92
2443 89.50 34.46 23.41 39.07 15.11
2444 89.47 53.56 33.06 34.88 13.84
2445 89.70 54.93 41.73 35.24 15.21
2446 89.54 72.44 105.20 23.02 17.15
2447 89.91 26.96 17.31 31.47 10.49
2448 89.59 24.12 14.93 26.33 9.03
2449 89.51 56.54 38.08 43.00 14.23
2450 89.72 38.60 21.91 39.55 15.30
2451 89.71 50.92 25.00 38.04 14.94
2452 89.96 60.17 49.26 34.37 16.32
2453 89.75 46.55 22.21 37.05 14.61
2454 89.89 57.62 43.95 33.32 15.55
2455 89.94 62.47 62.78 31.14 15.92
2456 89.66 64.67 94.00 28.24 16.00
2457 89.94 37.23 21.28 40.09 14.35
2458 89.87 44.62 20.60 39.13 15.33
2459 90.06 40.78 22.06 38.16 16.61
2460 90.00 22.76 12.27 24.75 7.86
2461 89.87 42.92 22.33 38.88 15.12
2462 90.10 52.28 23.55 36.64 15.38
2463 89.80 33.21 17.00 42.25 13.25
2464 90.05 71.67 101.10 26.53 14.43
2465 90.32 47.84 15.76 33.26 13.61
2466 90.45 65.68 72.11 29.33 13.71
2467 90.37 30.41 17.74 32.11 12.41
2468 90.38 32.45 20.35 34.14 12.54
2469 90.37 67.85 85.60 24.96 12.75
2470 90.39 34.60 21.80 37.96 14.04
2471 90.26 63.99 65.38 28.29 14.19
2472 90.67 24.42 13.17 26.67 8.03
2473 90.30 41.80 18.80 38.20 13.80
2474 90.51 46.37 18.05 36.00 16.45
2475 90.40 54.58 27.63 41.37 14.60
2476 90.73 49.46 18.08 32.44 14.18
2477 90.50 36.38 20.18 38.57 14.86
2478 90.58 38.92 22.35 36.89 15.56
2479 90.61 42.80 19.92 36.49 14.14
2480 90.86 70.79 75.60 21.67 10.44
2481 90.76 56.26 30.77 33.63 13.72
2482 90.73 44.86 23.70 34.61 15.72
2483 90.90 58.67 33.17 34.97 13.67
2484 90.66 63.11 55.87 33.09 13.74
2485 90.89 52.78 24.95 37.69 14.92
2486 91.02 69.16 73.37 25.81 11.83
2487 90.81 23.19 9.86 25.61 7.36
2488 90.92 54.22 21.48 36.76 15.34
2489 90.72 29.33 11.00 32.00 12.00
2490 91.11 40.94 21.28 37.97 15.48
2491 91.05 28.75 14.00 30.42 10.00
2492 91.12 37.45 20.57 35.23 15.51
2493 91.08 34.35 18.55 37.90 14.12
2494 91.36 61.61 39.74 29.60 13.29
2495 91.53 39.60 19.71 35.18 13.75
2496 91.28 66.06 63.44 26.48 12.85
2497 91.53 64.01 43.37 28.08 11.40
2498 91.32 30.68 18.03 30.24 11.21
2499 91.41 42.37 20.79 35.95 13.36
2500 91.51 47.43 16.08 32.51 13.25
2501 91.15 44.35 21.00 37.00 15.00
2502 91.29 46.03 20.24 31.52 13.95
2503 91.56 28.05 15.45 30.02 9.29
2504 91.44 52.33 18.80 36.55 15.00
2505 91.61 56.54 26.48 33.78 14.09
2506 91.79 66.78 57.55 25.62 11.08
2507 91.61 43.59 17.95 34.33 15.44
2508 91.57 58.44 25.73 38.36 13.64
2509 91.86 36.84 18.94 33.92 14.10
2510 91.90 59.20 29.19 34.09 11.23
2511 91.93 54.02 19.69 32.42 12.64
2512 92.14 45.22 19.81 35.68 15.13
2513 91.94 34.20 16.79 35.14 11.40
2514 92.09 35.55 18.88 36.55 12.74
2515 92.21 30.60 16.37 30.96 10.14
2516 92.41 42.59 18.36 35.39 15.00
2517 92.32 49.65 18.72 33.49 15.70
2518 92.52 29.22 15.10 29.10 9.62
2519 92.38 56.55 22.43 31.59 12.95
2520 92.54 27.67 13.49 25.86 8.25
2521 92.24 46.82 17.21 33.50 16.43
2522 92.29 61.28 29.74 26.68 10.53
2523 92.68 33.38 17.54 32.93 10.87
2524 92.43 40.09 17.38 34.72 12.38
2525 92.49 38.74 18.62 33.69 12.96
2526 92.68 60.08 22.93 30.46 12.00
2527 92.67 65.18 34.00 27.28 9.36
2528 92.76 37.74 18.02 34.84 13.67
2529 92.97 40.98 18.41 36.07 13.67
2530 92.70 57.99 18.45 30.27 12.34
2531 93.05 62.90 24.10 27.66 10.76
2532 92.58 44.92 19.33 36.33 16.67
2533 92.92 47.90 16.96 30.87 14.30
2534 93.01 43.66 18.38 32.65 12.67
2535 92.99 36.71 17.75 34.38 11.50
2536 93.09 31.13 14.13 29.51 9.97
2537 93.16 49.55 17.75 33.33 12.94
2538 93.27 56.53 15.59 32.00 10.64
2539 93.03 66.43 32.44 21.56 7.00
2540 93.23 32.66 16.24 29.95 10.48
2541 93.60 60.72 18.22 29.12 10.34
2542 93.62 30.40 12.59 26.33 8.69
2543 93.64 65.23 19.94 25.55 8.43
2544 93.68 39.82 16.16 31.82 13.32
2545 93.82 46.67 16.96 29.95 12.84
2546 93.55 33.75 16.62 30.00 9.25
2547 94.28 42.21 16.65 33.76 13.47
2548 93.83 44.19 17.85 32.83 13.11
2549 93.67 48.88 14.25 32.75 13.12
2550 93.93 32.79 13.80 27.84 8.32
2551 94.14 55.70 14.77 27.34 10.45
2552 94.15 38.50 17.26 31.12 12.19
2553 94.30 63.77 16.45 25.67 7.61
2554 94.22 35.96 14.18 30.97 9.65
2555 94.23 48.85 16.33 31.42 11.64
2556 94.16 53.20 15.88 28.03 9.06
2557 94.47 57.95 14.90 27.64 8.73
2558 94.17 29.99 14.19 27.75 6.88
2559 94.13 31.20 11.71 27.14 7.29
2560 94.37 33.86 15.38 27.76 8.44
2561 94.64 45.05 18.56 30.37 11.93
2562 94.61 54.24 15.74 28.37 9.32
2563 94.74 40.20 17.41 31.85 10.76
2564 94.72 29.71 11.45 23.60 5.70
2565 94.64 32.59 11.48 27.76 9.90
2566 94.61 47.45 13.73 27.00 9.73
2567 94.56 30.56 10.00 24.25 9.25
2568 94.99 50.17 15.83 30.78 10.67
2569 94.86 37.60 15.20 30.89 11.34
2570 94.76 48.23 11.27 31.64 10.09
2571 95.01 43.47 16.72 31.36 11.19
2572 95.08 55.27 13.02 27.36 8.62
2573 95.06 61.13 11.43 23.77 5.63
2574 95.16 31.87 12.26 25.94 8.58
2575 95.15 45.88 15.56 29.09 10.32
2576 95.36 48.60 14.67 31.31 8.10
2577 95.49 57.69 12.05 27.37 7.00
2578 95.34 60.16 11.87 27.00 7.73
2579 95.73 35.96 13.53 26.86 7.96
2580 95.67 42.95 14.14 30.07 11.41
2581 95.77 55.84 12.20 25.12 7.20
2582 95.96 41.04 14.30 28.60 9.39
2583 95.76 44.59 14.20 30.60 9.85
2584 95.71 50.72 13.07 29.73 8.07
2585 95.96 52.81 12.59 28.09 7.64
2586 96.00 50.04 12.00 29.80 6.80
2587 96.20 51.04 13.70 27.04 7.74
2588 96.29 49.53 11.95 27.70 8.60
2589 96.42 36.55 13.51 25.23 7.09
2590 96.82 40.02 13.83 25.91 6.89
2591 96.92 49.41 13.31 24.48 6.69
2592 96.99 42.62 12.38 26.45 8.80
2593 97.28 38.99 11.72 27.31 6.90
2594 97.41 46.92 11.06 24.66 7.15
2595 97.44 41.09 11.00 23.10 7.20
2596 97.69 45.57 11.38 23.45 6.79
2597 97.81 50.28 8.41 21.67 6.20
2598 97.78 43.87 12.57 23.85 6.83
2599 98.12 41.08 10.19 25.13 6.79
2600 98.03 42.51 9.67 27.83 8.33
2601 98.25 43.26 9.00 24.87 6.30

