#<Embryo name> <Cleavage cycle> <Temporal class> <Genes>
kf5 14A 7 even-skipped knirps giant

#Quantitative data
#<Nucleus number> <A-P coordinate> <D-V coordinate> <Fluorescence intensity: channel 1 - eve, channel 2 - kni, channel 3 - gt>
0 1.63 48.38 6.76 66.27 2.18
1 2.38 52.17 6.87 66.98 2.80
2 2.69 45.88 13.17 78.91 5.10
3 2.93 49.25 12.66 79.19 5.04
4 2.95 40.22 10.95 76.99 6.13
5 3.69 51.80 13.33 82.77 5.64
6 3.40 43.00 17.22 89.06 7.70
7 4.06 45.56 15.36 90.87 6.46
8 4.15 48.33 16.04 91.85 5.45
9 4.30 57.50 7.87 64.47 3.12
10 4.25 39.25 14.44 86.30 10.35
11 4.14 54.85 13.25 77.38 5.36
12 4.72 36.67 15.51 80.71 14.33
13 4.93 41.98 15.79 88.35 13.57
14 5.00 52.52 16.32 93.93 6.87
15 4.76 55.94 13.44 73.38 5.25
16 5.16 49.91 17.75 91.90 7.63
17 5.54 46.82 17.08 91.60 9.13
18 5.66 39.27 18.10 84.06 15.34
19 5.44 57.47 13.77 72.86 5.35
20 6.02 44.53 18.12 89.27 15.57
21 5.68 59.71 10.36 76.14 3.88
22 5.94 54.84 18.54 90.87 6.69
23 5.71 61.34 6.70 65.46 2.86
24 6.18 36.57 17.70 71.25 19.66
25 6.36 41.75 19.40 85.76 21.42
26 6.36 51.80 19.36 97.66 7.61
27 6.21 57.59 15.88 84.95 6.23
28 6.65 48.91 17.24 91.44 8.43
29 6.89 59.98 13.50 80.82 5.71
30 6.99 31.22 14.09 35.67 10.05
31 6.99 34.53 17.19 48.93 14.03
32 7.10 38.91 17.74 71.94 19.55
33 7.24 53.70 18.52 102.69 7.88
34 7.35 56.28 18.28 91.52 7.19
35 7.61 43.55 20.20 95.46 15.60
36 7.80 45.97 20.23 95.56 11.64
37 7.79 50.87 19.20 99.70 8.66
38 7.92 36.87 17.39 51.79 13.34
39 7.91 48.19 22.62 103.36 10.33
40 7.92 41.01 21.17 80.16 16.98
41 7.91 64.45 9.35 67.24 3.93
42 8.07 61.66 15.26 78.91 6.41
43 8.22 58.58 17.47 92.11 6.65
44 7.96 29.85 12.98 24.63 7.15
45 8.14 33.61 17.17 33.31 9.53
46 8.70 53.32 22.31 114.02 9.94
47 9.05 35.36 17.80 32.83 8.91
48 8.94 55.76 21.47 99.88 8.70
49 9.01 38.91 20.82 52.36 12.48
50 8.68 30.40 12.89 23.02 7.09
51 9.09 42.28 21.77 74.50 11.35
52 9.20 45.08 23.48 93.05 10.74
53 9.20 32.50 16.30 26.23 7.63
54 9.28 50.70 21.66 99.69 9.66
55 9.42 63.60 15.33 74.73 6.90
56 9.50 47.69 23.55 103.95 10.86
57 9.29 28.41 12.63 16.90 5.06
58 9.37 67.27 9.33 48.18 4.54
59 9.71 58.04 19.73 100.34 8.12
60 9.72 60.60 18.03 86.78 7.69
61 9.69 30.32 16.40 18.18 5.90
62 10.22 40.44 20.35 51.71 9.46
63 10.00 53.82 23.44 119.96 10.58
64 10.07 65.61 14.92 67.60 7.08
65 10.26 27.86 14.65 16.62 5.80
66 10.45 37.86 21.27 35.48 8.87
67 10.33 43.35 22.57 77.70 10.09
68 10.58 49.50 23.35 102.05 9.72
69 10.46 56.08 23.34 102.14 11.04
70 10.37 30.62 14.39 18.71 7.35
71 10.75 45.70 22.60 92.10 9.85
72 10.99 51.98 22.74 106.85 11.18
73 10.69 68.02 10.38 60.70 7.36
74 10.78 35.26 18.40 25.48 8.68
75 11.10 58.87 22.95 94.02 10.90
76 11.16 29.59 18.52 16.56 6.83
77 11.04 61.45 21.46 93.91 9.88
78 10.92 64.28 18.74 76.84 10.06
79 11.57 47.43 23.24 97.50 11.54
80 11.51 42.16 21.07 55.51 9.29
81 11.57 54.56 24.90 114.90 11.83
82 11.56 66.46 17.24 73.39 12.89
83 11.70 36.64 20.32 25.57 8.62
84 11.53 63.14 17.00 83.19 10.58
85 11.86 39.54 22.12 32.18 8.95
86 11.86 28.36 18.60 16.79 7.26
87 12.22 49.50 24.82 106.73 11.86
88 12.27 44.76 24.50 75.52 10.92
89 11.86 31.46 18.77 17.97 8.63
90 11.95 34.28 24.89 20.32 9.45
91 12.26 68.35 14.89 70.89 18.19
92 12.19 65.38 15.09 78.12 13.66
93 12.43 56.81 24.70 105.80 13.33
94 12.31 60.19 21.89 92.55 12.83
95 12.22 32.70 19.25 18.81 7.92
96 12.68 63.28 20.86 85.43 13.61
97 12.79 51.58 25.04 116.73 12.34
98 12.56 70.86 10.59 61.28 17.40
99 12.62 30.94 19.31 19.58 8.60
100 12.62 34.77 22.09 21.76 10.00
101 12.84 42.05 20.82 42.39 10.26
102 12.88 54.03 22.80 115.52 12.43
103 13.07 26.74 19.10 16.21 8.59
104 13.16 47.06 24.32 88.04 12.67
105 13.36 58.46 22.71 107.01 14.53
106 13.16 35.83 21.12 19.00 10.17
107 13.08 37.25 19.38 25.10 9.75
108 13.38 66.21 19.65 80.29 24.72
109 12.97 31.41 23.25 19.00 8.75
110 13.56 39.94 21.74 29.51 11.75
111 13.22 70.87 13.08 72.65 15.49
112 13.71 61.02 22.48 95.05 16.97
113 13.87 43.47 24.46 45.02 13.15
114 13.60 24.90 15.24 15.17 7.98
115 13.79 49.52 26.27 109.03 14.97
116 13.68 69.34 15.97 78.24 29.16
117 13.47 34.82 23.30 20.60 9.90
118 14.24 28.15 21.02 15.59 11.27
119 13.99 55.63 23.87 114.52 16.00
120 13.77 30.96 21.72 16.78 11.22
121 13.84 37.06 21.64 25.76 11.72
122 14.04 34.01 23.11 18.50 11.19
123 14.26 45.62 25.67 64.66 15.66
124 14.16 52.71 25.49 105.64 16.07
125 14.26 68.36 17.88 74.47 25.22
126 14.40 36.19 22.80 20.95 12.15
127 14.48 63.00 22.08 88.85 26.26
128 14.53 71.30 14.65 71.89 14.86
129 14.40 38.28 23.06 22.84 13.35
130 14.32 30.77 21.85 16.49 10.55
131 14.83 66.81 18.05 81.65 40.39
132 14.72 24.72 19.49 13.84 12.31
133 14.84 47.87 24.68 76.19 16.90
134 14.77 58.14 25.00 109.35 19.05
135 14.91 41.70 24.85 29.67 16.46
136 15.08 50.42 27.28 98.44 19.75
137 14.94 39.62 26.55 23.00 17.00
138 14.79 34.68 24.73 19.00 17.36
139 15.15 74.24 10.87 67.39 8.77
140 15.14 61.02 24.38 88.17 28.22
141 15.20 44.10 27.20 38.47 24.05
142 15.38 69.45 20.10 78.89 21.56
143 15.37 32.74 22.48 17.85 16.56
144 15.29 35.67 25.59 20.10 14.27
145 15.51 53.16 25.52 113.49 22.29
146 15.34 55.63 25.68 120.91 21.45
147 15.06 33.98 20.75 20.00 12.12
148 15.36 64.97 23.53 78.00 32.66
149 15.36 30.18 22.25 16.05 18.11
150 15.64 26.90 17.89 14.67 18.73
151 15.48 38.87 22.44 24.78 22.50
152 15.68 37.39 23.48 19.30 25.09
153 15.78 46.11 26.72 50.44 26.88
154 15.97 71.73 16.45 82.05 17.11
155 15.80 64.14 21.84 81.66 31.30
156 15.75 40.03 26.59 19.69 18.28
157 16.29 23.91 17.89 13.30 21.70
158 16.36 67.21 20.93 86.76 30.77
159 16.00 21.78 14.43 14.62 11.38
160 16.31 48.52 25.98 71.92 29.63
161 16.28 57.38 24.48 118.02 28.29
162 16.31 41.63 27.35 24.60 39.10
163 16.35 59.72 24.92 102.81 31.50
164 16.36 50.93 24.29 97.08 28.83
165 16.41 62.47 23.62 91.04 27.95
166 16.38 34.23 23.48 18.39 33.64
167 16.68 31.64 22.65 16.93 34.06
168 16.15 36.52 20.46 18.73 23.04
169 16.56 44.22 26.68 33.26 49.00
170 16.61 54.61 27.53 115.64 29.38
171 16.67 74.38 13.58 81.49 12.95
172 16.77 38.99 25.50 21.86 47.27
173 16.90 29.30 24.81 15.83 32.76
174 16.98 26.33 18.78 16.10 34.99
175 17.00 20.82 13.27 12.72 25.57
176 17.16 64.54 23.22 89.94 29.51
177 16.86 69.65 21.05 82.69 27.04
178 17.18 36.33 25.14 21.10 55.77
179 17.32 52.27 27.60 111.06 40.22
180 17.13 46.46 26.95 42.94 47.50
181 17.42 71.92 20.62 92.16 21.84
182 17.47 42.79 24.76 25.58 80.63
183 17.43 68.63 21.00 83.91 24.47
184 17.54 55.99 25.68 117.50 32.28
185 17.69 58.48 29.39 120.24 32.77
186 17.74 61.08 25.41 109.13 34.16
187 17.79 49.96 29.94 79.94 51.86
188 17.88 34.38 23.99 19.27 82.60
189 17.86 40.28 25.15 19.79 95.82
190 18.06 22.58 17.48 13.93 57.69
191 17.92 75.01 17.02 85.82 18.20
192 18.09 47.86 29.50 41.66 79.47
193 18.19 25.50 19.05 15.06 63.30
194 18.14 66.31 23.03 89.28 25.07
195 18.13 28.67 21.66 16.12 74.22
196 18.12 31.43 22.69 16.81 83.89
197 18.17 45.11 27.85 31.80 94.16
198 18.19 20.01 13.65 11.23 46.54
199 18.26 53.64 28.13 107.31 46.85
200 18.40 37.49 24.51 21.42 124.44
201 18.48 63.28 25.05 97.16 30.87
202 18.22 70.55 21.69 88.19 28.83
203 18.62 77.35 14.14 76.18 14.27
204 18.67 42.31 25.35 23.19 134.58
205 18.68 69.78 21.64 94.71 26.60
206 18.88 56.32 28.57 111.38 40.80
207 18.99 58.75 27.70 115.51 35.64
208 18.75 73.00 21.11 94.23 24.66
209 19.00 51.44 28.77 71.53 68.76
210 19.19 67.65 23.74 103.49 29.73
211 19.10 33.32 24.47 17.90 127.52
212 19.07 39.78 29.66 23.01 149.80
213 19.21 49.08 28.71 43.86 98.09
214 19.46 75.37 17.93 88.94 21.41
215 19.31 46.51 27.78 30.41 120.87
216 19.32 60.84 26.59 117.40 36.43
217 19.39 21.51 18.13 14.07 82.75
218 19.46 27.80 21.88 15.63 110.75
219 19.48 44.16 26.93 24.36 164.17
220 19.24 71.91 20.25 89.49 21.72
221 19.54 30.76 25.41 18.78 129.84
222 19.48 36.02 24.24 20.66 149.46
223 19.51 24.69 20.52 16.80 106.83
224 19.43 54.05 29.53 100.22 53.43
225 19.62 78.94 13.85 75.41 13.04
226 19.64 64.92 24.23 104.16 32.21
227 19.91 62.57 23.87 114.41 35.26
228 19.98 69.62 23.15 90.32 29.12
229 20.22 38.88 27.02 20.57 142.35
230 19.91 41.63 28.43 23.24 170.73
231 20.30 19.51 16.94 12.31 91.06
232 20.29 50.36 28.13 42.50 91.88
233 20.28 52.77 30.27 60.49 70.19
234 20.33 55.85 29.24 103.11 51.92
235 20.26 58.61 28.59 119.41 43.73
236 20.34 47.84 29.27 28.76 132.52
237 20.27 72.31 22.07 86.95 28.91
238 20.43 33.98 25.72 18.03 164.79
239 20.66 45.30 28.27 23.18 162.75
240 20.67 66.20 25.92 105.97 35.59
241 20.36 76.78 18.38 90.10 23.81
242 20.65 23.03 19.64 14.19 121.69
243 20.91 80.63 12.71 77.45 15.81
244 20.79 29.11 22.11 17.05 145.73
245 20.80 36.80 26.60 20.36 178.68
246 20.87 26.03 21.78 16.21 124.55
247 21.03 16.98 15.23 12.60 72.90
248 20.99 31.94 23.71 17.35 167.74
249 20.78 75.40 22.80 97.71 28.01
250 20.97 60.59 29.74 115.96 41.13
251 20.99 63.43 27.35 116.81 41.66
252 20.90 42.22 26.94 23.52 177.05
253 20.90 78.15 19.06 87.41 21.76
254 21.29 68.18 25.43 95.30 35.81
255 21.43 54.40 28.49 63.83 55.72
256 21.38 57.14 27.73 108.94 50.24
257 21.46 73.63 24.24 97.83 36.24
258 21.35 51.55 29.24 39.77 84.52
259 21.51 70.51 22.26 95.55 34.49
260 21.55 20.89 18.20 14.09 106.65
261 21.46 48.65 31.30 28.68 115.92
262 21.87 41.17 27.97 21.92 157.13
263 21.42 77.10 21.64 88.40 36.44
264 21.72 35.33 25.81 18.05 182.02
265 21.84 38.26 26.24 21.33 158.88
266 21.72 43.92 28.15 22.70 165.79
267 21.90 46.31 27.98 25.96 133.84
268 21.92 64.79 28.17 108.44 42.34
269 21.91 75.94 20.87 88.43 36.76
270 21.87 79.06 18.78 79.47 25.48
271 22.01 27.70 23.38 17.48 136.39
272 22.03 24.20 21.85 15.56 123.68
273 22.13 30.67 25.59 17.84 158.80
274 22.10 59.01 30.39 108.13 52.61
275 22.20 61.94 28.94 115.89 44.43
276 22.31 15.69 16.19 11.94 79.35
277 21.92 17.98 14.31 12.88 95.06
278 22.42 33.50 25.34 17.92 158.94
279 22.54 81.13 17.27 70.25 27.46
280 22.26 52.93 29.12 44.99 75.59
281 22.14 72.83 21.95 79.48 31.60
282 22.55 18.69 16.99 13.39 88.71
283 22.47 66.79 30.16 101.57 46.61
284 22.41 50.36 31.96 34.48 97.27
285 22.47 56.37 28.19 83.35 59.90
286 22.78 48.03 29.70 29.40 117.78
287 22.82 39.66 26.62 21.88 151.83
288 22.92 21.37 21.39 15.30 100.74
289 22.89 44.78 29.12 23.01 154.15
290 22.99 77.44 21.61 82.75 44.59
291 22.77 69.28 26.27 98.59 44.98
292 22.86 74.73 23.82 87.32 53.09
293 22.90 36.34 25.94 20.04 152.77
294 22.92 71.76 26.84 88.03 46.19
295 23.21 26.51 23.66 16.77 124.58
296 23.14 54.42 29.22 63.49 71.61
297 23.10 59.66 30.47 106.59 55.37
298 23.09 42.39 28.05 24.22 143.26
299 23.16 64.33 28.65 115.72 52.98
300 23.21 29.29 25.01 16.62 140.16
301 23.41 23.91 22.98 16.64 113.49
302 23.29 52.06 32.33 41.65 88.40
303 23.26 73.48 24.60 90.70 43.64
304 23.50 32.16 26.82 19.45 149.13
305 23.55 56.79 31.31 83.59 64.62
306 23.53 61.96 31.31 112.67 56.32
307 23.60 68.04 28.10 106.91 52.05
308 23.73 16.17 16.51 12.67 73.69
309 23.70 46.59 30.20 27.64 120.75
310 23.68 49.73 27.53 33.71 101.32
311 23.66 80.08 20.29 69.95 50.17
312 23.86 38.26 28.11 23.13 153.10
313 23.91 35.16 26.78 21.01 137.00
314 24.02 19.04 22.05 14.68 79.30
315 24.06 83.38 16.86 60.87 26.29
316 24.07 65.86 31.81 115.40 65.65
317 24.00 40.82 28.30 22.81 139.21
318 24.04 69.98 28.30 94.21 59.19
319 24.01 75.99 28.17 80.83 61.36
320 24.12 44.13 28.88 25.99 133.30
321 24.16 58.90 32.04 102.54 72.62
322 24.39 21.85 21.25 14.88 89.62
323 24.32 54.46 33.00 74.79 77.55
324 24.30 72.99 28.46 84.44 67.10
325 24.41 30.20 26.58 18.89 125.35
326 24.64 27.76 23.73 17.79 96.56
327 24.32 52.05 35.92 55.75 90.86
328 24.49 48.31 33.60 35.45 107.96
329 24.59 63.54 33.18 110.14 69.64
330 24.62 25.00 24.06 16.84 86.87
331 24.56 61.22 34.66 98.01 79.87
332 24.84 14.29 17.39 14.23 62.81
333 24.76 32.76 28.10 19.68 121.03
334 24.74 78.53 28.07 67.21 66.86
335 24.70 81.45 24.39 63.27 62.52
336 24.77 57.07 37.00 83.30 82.18
337 24.93 37.41 28.31 23.07 121.42
338 24.86 42.42 31.87 26.63 124.23
339 24.98 46.10 32.24 32.81 115.15
340 24.88 68.24 36.14 95.54 71.07
341 25.13 50.51 34.91 63.70 108.36
342 25.17 35.01 28.62 21.03 118.08
343 25.21 40.03 28.81 23.63 115.52
344 25.33 17.18 18.84 14.73 69.77
345 25.26 70.35 35.79 85.70 76.70
346 25.08 75.50 30.26 75.62 81.49
347 25.46 20.07 22.22 16.46 75.13
348 25.30 59.68 38.17 87.55 70.56
349 25.28 65.55 37.92 102.06 80.16
350 25.43 52.83 36.06 84.27 100.10
351 25.40 55.20 37.99 78.33 94.23
352 25.42 72.97 40.76 74.65 91.40
353 25.64 44.36 31.28 35.16 110.42
354 25.70 23.12 22.23 18.73 83.34
355 25.57 30.80 26.03 21.35 109.55
356 25.57 48.33 33.05 52.45 99.21
357 25.67 62.47 46.69 93.48 87.67
358 25.67 80.47 32.39 52.64 90.73
359 25.84 25.97 25.39 19.36 91.66
360 25.83 57.57 45.36 78.95 99.28
361 26.04 28.54 25.86 20.82 100.29
362 26.11 33.49 29.73 25.35 104.25
363 26.04 38.62 31.67 28.77 120.63
364 25.93 77.66 44.23 55.73 90.27
365 26.02 42.12 32.01 30.65 108.49
366 26.00 67.47 55.15 84.58 98.97
367 26.21 14.71 19.88 18.37 66.08
368 26.29 36.16 29.52 28.03 111.41
369 26.33 46.42 35.46 59.39 117.15
370 26.25 51.17 39.25 74.86 113.09
371 26.32 64.70 71.27 92.07 108.67
372 26.27 75.15 52.43 59.76 110.41
373 26.30 85.50 34.17 27.48 45.68
374 26.28 60.19 68.06 79.20 112.34
375 26.36 71.49 65.55 62.20 110.01
376 26.38 82.96 38.74 32.56 85.21
377 26.50 53.62 46.15 85.37 111.42
378 26.55 55.90 62.21 78.37 114.84
379 26.55 48.84 38.08 73.77 118.57
380 26.72 18.27 23.25 23.63 73.11
381 26.69 30.98 28.82 25.45 107.06
382 26.75 40.57 32.49 35.48 107.44
383 26.79 69.29 109.06 54.85 116.80
384 26.77 21.31 25.76 21.62 81.08
385 26.82 78.69 65.13 36.06 123.29
386 26.90 24.28 28.31 24.48 88.28
387 26.84 43.90 32.99 46.81 104.00
388 26.85 62.53 125.47 68.88 120.96
389 26.71 80.44 64.14 38.74 112.48
390 26.89 58.03 92.84 64.46 128.66
391 27.11 12.49 19.60 19.30 55.24
392 27.01 26.82 29.16 27.38 96.40
393 27.13 38.00 32.11 36.75 106.00
394 27.19 66.85 149.78 46.93 126.14
395 27.25 73.49 101.80 37.51 150.69
396 27.25 33.06 32.78 36.67 103.22
397 27.30 50.81 46.63 72.18 136.01
398 27.44 15.84 25.38 28.49 74.44
399 27.48 29.00 32.48 35.98 103.01
400 27.44 35.48 32.64 41.21 111.96
401 27.39 45.88 38.20 69.65 112.93
402 27.48 76.18 79.08 34.28 131.18
403 27.47 60.16 188.80 41.92 133.02
404 27.58 84.84 50.81 22.14 90.77
405 27.48 48.08 43.53 71.23 130.70
406 27.57 64.51 185.39 40.86 141.14
407 27.67 81.85 63.61 23.97 130.58
408 27.62 42.20 37.29 56.10 115.44
409 27.51 53.07 72.08 66.78 139.10
410 27.63 55.38 120.43 57.83 150.53
411 27.73 71.29 150.59 35.20 156.62
412 27.86 20.28 32.46 33.32 85.08
413 27.89 23.20 32.22 34.17 89.64
414 27.92 40.07 38.20 58.70 116.17
415 28.10 31.05 32.32 35.87 99.88
416 27.97 78.77 90.08 25.99 153.23
417 28.01 57.57 209.60 40.86 154.41
418 28.13 68.89 191.59 31.94 158.36
419 28.09 44.20 44.42 67.43 128.01
420 28.09 62.15 218.70 35.72 139.77
421 28.18 26.06 34.94 40.40 100.73
422 28.41 18.21 35.50 36.96 87.93
423 28.19 37.80 37.56 55.13 115.09
424 28.25 49.68 69.95 71.20 155.68
425 28.33 33.60 36.20 51.99 113.19
426 28.55 11.77 36.32 26.80 74.76
427 28.40 52.12 111.38 47.71 176.30
428 28.47 66.24 209.95 30.21 153.73
429 28.44 46.67 56.89 62.13 143.86
430 28.61 15.53 45.19 30.99 83.81
431 28.62 35.71 39.47 62.68 118.81
432 28.68 54.61 206.40 34.05 165.30
433 28.52 73.68 126.80 27.06 169.47
434 28.63 28.58 42.20 43.70 112.71
435 28.63 59.45 236.84 33.28 154.45
436 28.85 83.04 64.17 22.08 122.50
437 28.84 22.24 43.00 33.89 107.61
438 28.80 42.21 51.97 62.21 146.71
439 28.89 63.84 225.84 31.79 158.31
440 29.00 76.74 98.03 23.20 162.48
441 28.93 80.32 80.97 22.07 144.68
442 28.97 70.76 158.45 25.65 170.41
443 29.25 85.57 40.06 17.47 100.41
444 29.18 24.87 48.74 37.76 108.62
445 29.08 39.92 51.28 55.00 143.38
446 29.13 56.90 233.00 31.38 176.48
447 29.10 44.75 77.45 54.52 169.59
448 29.11 48.51 119.88 44.93 176.00
449 29.14 32.10 44.94 52.06 127.43
450 29.24 61.28 229.15 29.90 167.80
451 29.28 37.53 51.31 56.61 143.84
452 29.35 50.90 199.70 33.13 185.05
453 29.29 67.85 203.96 25.91 158.04
454 29.51 20.25 66.05 30.69 111.92
455 29.54 27.11 65.03 41.10 129.73
456 29.52 34.63 48.81 54.27 141.54
457 29.60 53.22 228.97 29.75 188.90
458 29.63 29.87 59.31 38.30 125.11
459 29.66 17.56 82.68 32.24 113.62
460 29.62 74.12 98.90 24.80 181.49
461 29.79 11.43 93.15 16.85 101.04
462 29.66 46.77 148.24 36.54 203.26
463 29.73 58.90 237.65 28.51 189.31
464 29.80 65.62 203.70 29.71 165.33
465 29.84 43.21 115.01 37.91 197.24
466 29.80 14.28 99.31 20.23 112.47
467 29.93 55.39 232.54 28.00 199.78
468 29.98 71.57 114.06 25.09 176.20
469 29.98 23.17 115.33 31.32 143.72
470 30.28 8.78 122.36 13.84 74.13
471 30.02 63.02 220.54 26.93 178.92
472 30.07 68.99 170.42 26.68 173.98
473 30.11 82.73 49.60 19.34 116.88
474 30.16 39.11 87.80 43.41 181.95
475 30.14 41.36 121.12 32.99 196.29
476 30.05 78.81 60.68 21.16 142.85
477 30.15 49.39 228.15 30.05 205.10
478 30.18 32.42 83.06 47.56 168.83
479 30.19 15.61 125.84 22.86 88.84
480 30.31 36.81 106.44 42.44 173.05
481 30.51 75.58 59.57 22.95 151.40
482 30.46 45.21 220.22 30.91 211.15
483 30.37 60.64 226.52 27.01 186.14
484 30.55 57.21 228.80 27.46 202.25
485 30.66 51.82 231.57 28.37 210.63
486 30.59 86.12 31.16 17.41 74.94
487 30.66 25.68 175.12 26.13 150.01
488 30.71 28.53 175.75 26.89 162.40
489 30.59 34.51 140.37 33.16 189.86
490 30.79 19.05 177.38 21.28 136.03
491 30.84 21.85 190.67 20.91 150.83
492 30.84 30.90 172.24 28.20 172.22
493 30.80 47.40 234.63 29.28 206.90
494 30.80 53.95 233.08 26.67 211.36
495 30.90 66.74 133.64 24.46 170.71
496 30.89 64.37 148.86 23.79 182.40
497 31.05 80.77 40.28 19.21 117.21
498 30.90 72.80 60.99 22.15 155.58
499 31.11 13.02 161.44 15.16 118.12
500 31.16 16.14 181.19 16.51 129.85
501 31.02 69.53 96.34 25.83 165.29
502 31.15 77.88 42.16 21.68 125.22
503 31.17 40.75 219.26 30.03 212.99
504 31.17 43.34 214.35 27.06 208.18
505 31.17 61.76 146.54 25.54 181.95
506 31.22 59.22 189.31 27.23 198.05
507 31.31 38.39 228.14 29.91 207.01
508 31.22 49.60 235.88 27.14 226.97
509 31.57 9.95 155.03 13.28 102.71
510 31.58 55.65 199.70 27.05 203.33
511 31.45 36.20 226.66 25.58 188.21
512 31.53 33.28 217.83 25.18 192.74
513 31.76 23.62 220.03 20.24 149.56
514 31.66 46.07 232.74 26.34 221.20
515 31.91 82.93 37.58 18.10 73.75
516 31.80 86.07 34.33 17.02 50.89
517 31.89 28.35 224.77 22.26 176.07
518 31.89 26.11 232.13 21.63 176.05
519 31.85 51.42 217.89 26.99 230.22
520 31.97 75.95 38.55 20.52 110.59
521 31.91 53.61 183.23 26.26 218.92
522 31.91 57.68 187.52 25.11 206.69
523 32.01 70.63 49.28 23.04 126.83
524 31.99 20.86 217.56 17.29 170.20
525 31.93 30.84 229.87 22.55 208.31
526 31.94 67.83 66.92 21.55 150.35
527 32.05 73.16 42.54 23.69 116.29
528 32.06 18.11 206.95 16.99 157.03
529 32.06 62.70 90.28 23.93 177.73
530 32.08 64.98 67.07 24.57 153.97
531 32.06 48.47 221.91 24.39 232.43
532 32.18 41.96 220.30 24.28 233.44
533 32.16 39.71 231.04 23.36 229.07
534 32.25 79.30 38.25 21.61 83.64
535 32.29 88.74 54.21 15.56 27.58
536 32.33 44.28 228.60 23.77 226.22
537 32.33 60.00 93.51 25.83 192.72
538 32.39 15.03 192.25 16.36 133.67
539 32.44 35.29 231.02 24.72 214.05
540 32.69 12.08 161.23 14.50 127.41
541 32.57 37.69 229.74 25.12 212.06
542 32.69 32.93 228.88 23.12 211.22
543 32.81 8.79 112.70 11.76 97.21
544 32.74 46.84 210.08 25.12 234.84
545 32.85 49.85 167.46 25.41 226.67
546 32.90 24.78 218.10 19.79 185.87
547 32.86 52.33 136.04 24.29 220.85
548 32.93 54.99 101.63 26.01 207.30
549 32.92 29.93 230.28 22.32 210.09
550 32.93 66.56 47.26 21.34 132.96
551 32.99 57.43 84.62 24.68 196.54
552 33.05 69.02 40.78 22.97 114.96
553 33.06 74.35 41.79 21.13 98.93
554 33.12 27.33 220.06 19.24 200.67
555 33.10 61.79 57.41 25.73 170.18
556 33.14 22.21 210.26 17.87 184.22
557 33.06 77.44 44.42 22.33 73.01
558 33.24 19.52 201.08 18.24 158.27
559 33.28 71.73 39.44 22.43 92.13
560 33.22 84.35 80.94 19.00 41.62
561 33.22 81.06 73.52 19.89 49.05
562 33.18 40.24 189.87 25.12 238.58
563 33.25 42.81 200.24 23.53 232.67
564 33.37 64.25 46.87 23.35 126.64
565 33.32 16.79 191.42 17.15 163.72
566 33.43 45.37 174.04 23.06 238.17
567 33.30 86.02 93.80 24.92 22.76
568 33.53 35.01 184.30 21.60 226.50
569 33.64 59.54 55.08 23.91 163.61
570 33.52 87.16 112.20 16.29 25.06
571 33.58 37.33 172.43 21.64 229.90
572 33.69 88.45 94.15 18.58 16.58
573 33.64 32.24 173.16 21.15 219.86
574 33.82 13.97 164.09 14.81 132.60
575 33.71 47.84 106.68 23.83 232.09
576 33.82 50.21 90.71 23.29 223.66
577 33.89 52.63 65.42 24.69 207.61
578 33.96 10.45 97.64 12.87 116.88
579 33.96 29.28 169.69 20.68 211.82
580 34.02 23.84 146.37 17.91 196.35
581 34.04 54.90 57.56 22.98 196.31
582 34.01 66.69 43.61 22.39 106.38
583 34.02 75.48 85.10 24.46 66.36
584 34.32 90.78 92.46 16.33 12.67
585 34.14 57.22 50.25 24.83 154.39
586 34.25 41.60 151.58 24.42 232.11
587 34.20 39.28 153.17 24.89 234.09
588 34.16 69.70 47.87 22.87 86.98
589 34.27 26.54 135.51 18.71 205.50
590 34.21 62.19 46.38 21.71 118.63
591 34.26 44.06 94.61 22.31 226.95
592 34.30 82.04 132.26 20.73 30.32
593 34.30 20.68 154.78 16.26 170.36
594 34.36 78.36 125.11 22.37 43.14
595 34.46 72.61 58.78 22.34 74.65
596 34.40 17.20 135.17 15.15 157.93
597 34.54 34.60 106.78 20.86 211.64
598 34.69 64.49 46.05 23.78 91.97
599 34.70 85.51 138.49 20.70 21.10
600 34.60 31.42 118.50 20.20 212.60
601 34.76 46.42 60.11 22.49 208.47
602 34.76 37.13 101.96 22.62 220.08
603 34.84 51.12 54.86 24.15 205.41
604 34.90 48.62 56.19 23.86 198.82
605 34.74 59.78 45.64 24.71 117.88
606 34.77 8.45 44.12 10.75 85.17
607 34.90 12.67 75.72 15.06 129.11
608 34.96 67.86 52.66 24.26 82.69
609 35.04 6.91 33.43 10.91 69.47
610 35.03 53.34 46.90 23.50 160.46
611 35.06 88.25 126.55 18.46 16.32
612 35.05 28.75 90.28 19.00 207.90
613 35.11 24.31 93.67 17.63 179.19
614 35.15 55.85 44.30 23.30 142.10
615 35.11 75.07 114.86 22.54 41.83
616 35.27 21.78 86.77 16.04 172.90
617 35.33 70.49 108.66 22.70 58.14
618 35.44 18.88 87.00 16.47 155.64
619 35.33 39.53 80.07 20.20 213.52
620 35.44 33.38 65.28 20.84 196.32
621 35.28 44.29 58.81 22.05 220.63
622 35.45 79.36 169.97 22.70 25.94
623 35.51 16.02 68.08 14.91 129.88
624 35.40 41.81 73.05 24.75 225.34
625 35.51 58.00 46.62 25.09 107.75
626 35.41 62.47 56.03 22.96 75.27
627 35.47 9.82 42.04 14.11 104.40
628 35.56 26.58 73.00 17.68 187.82
629 35.67 66.05 82.56 23.75 62.51
630 35.53 82.55 165.02 21.27 19.73
631 35.75 35.84 60.21 19.82 190.74
632 35.73 30.90 64.60 21.99 184.33
633 35.85 73.12 159.68 25.64 37.82
634 35.84 91.00 92.08 18.73 10.01
635 35.82 50.12 43.33 23.85 169.60
636 35.81 60.30 68.68 24.54 92.41
637 35.76 88.53 111.12 20.81 12.73
638 36.14 45.72 49.37 24.35 179.70
639 36.18 48.02 46.06 24.37 154.88
640 36.20 52.23 44.89 23.85 132.38
641 36.07 10.51 45.91 12.55 103.82
642 36.18 12.79 43.13 14.46 116.38
643 36.20 38.32 48.47 21.98 174.99
644 36.03 54.56 47.98 22.93 123.25
645 36.35 64.29 141.36 26.57 49.61
646 36.16 68.36 118.59 22.45 51.31
647 36.19 76.15 167.84 22.87 26.08
648 36.13 85.95 125.38 22.33 15.16
649 36.31 23.57 49.75 16.21 151.46
650 36.24 43.19 48.57 21.63 190.25
651 36.35 7.76 30.98 11.91 83.16
652 36.45 28.84 49.05 18.93 167.13
653 36.37 20.80 47.35 16.18 150.44
654 36.55 56.83 62.08 26.05 82.62
655 36.62 40.93 44.13 21.12 170.82
656 36.47 92.56 55.70 16.55 7.26
657 36.58 33.86 43.85 20.84 159.74
658 36.58 70.94 200.04 23.98 35.90
659 36.49 84.15 143.86 20.51 14.86
660 36.80 18.20 40.57 15.53 111.16
661 36.73 80.58 161.82 21.01 17.31
662 36.64 26.13 43.23 18.21 155.30
663 36.79 15.21 35.32 14.29 112.05
664 36.77 59.31 116.28 25.95 67.06
665 36.71 61.87 143.37 25.53 53.17
666 36.86 31.35 38.33 18.62 153.85
667 36.82 83.02 143.77 22.14 15.73
668 36.94 36.65 42.03 21.67 161.58
669 36.95 50.36 54.38 22.82 122.61
670 37.19 66.18 182.93 26.11 33.28
671 37.08 77.52 178.63 21.75 19.84
672 36.99 54.43 73.48 23.74 95.91
673 37.18 73.82 189.81 24.55 23.73
674 37.13 88.31 94.40 19.77 10.55
675 37.35 9.80 28.17 12.22 84.05
676 37.21 46.26 44.90 23.97 130.04
677 37.19 43.59 43.79 23.32 140.08
678 37.07 91.01 69.15 17.62 8.00
679 37.46 39.20 45.05 20.61 149.05
680 37.39 68.81 186.73 25.83 31.19
681 37.52 22.80 37.09 17.95 114.22
682 37.47 48.65 59.13 23.74 100.06
683 37.43 52.64 93.06 25.24 84.41
684 37.53 12.87 32.23 12.72 88.57
685 37.53 20.16 40.19 17.24 109.14
686 37.58 85.54 102.00 20.80 11.70
687 37.63 27.72 39.45 19.42 116.80
688 37.69 58.19 186.95 24.18 47.37
689 37.62 63.53 209.38 26.01 33.04
690 37.70 25.18 39.19 16.75 122.94
691 37.64 34.78 45.76 19.37 156.44
692 37.79 55.68 177.91 26.83 59.69
693 37.50 91.97 58.25 19.10 8.55
694 37.88 32.50 41.60 20.18 114.68
695 37.76 71.53 200.51 24.84 24.56
696 37.89 41.72 50.16 22.99 130.92
697 37.80 60.85 201.13 26.87 38.50
698 37.91 30.04 42.89 18.83 118.81
699 37.79 90.50 65.84 19.37 8.73
700 38.08 81.98 115.79 20.50 13.74
701 38.00 16.19 40.53 15.21 88.40
702 38.11 75.89 167.96 24.17 17.26
703 38.03 79.16 142.26 23.78 13.93
704 38.16 36.68 43.57 20.48 112.84
705 38.10 44.58 62.26 21.71 116.34
706 38.18 51.28 158.48 24.27 67.30
707 38.25 47.11 91.04 23.41 93.39
708 38.40 88.56 68.75 20.51 10.48
709 38.40 67.25 191.36 25.55 23.02
710 38.52 8.07 33.48 10.27 57.45
711 38.49 18.66 51.09 15.76 80.55
712 38.62 53.75 197.40 26.83 48.19
713 38.60 38.63 69.59 22.40 112.12
714 38.66 64.82 203.14 24.40 23.58
715 38.62 10.98 40.26 12.55 69.01
716 38.71 21.25 54.70 15.81 79.24
717 38.65 70.03 193.71 24.95 20.31
718 38.76 72.89 170.46 24.92 17.34
719 38.72 49.47 179.21 23.95 59.54
720 38.75 62.45 210.91 25.57 25.97
721 38.82 23.78 51.66 18.11 79.84
722 38.66 56.91 207.32 26.34 35.63
723 38.77 13.92 49.92 14.39 69.39
724 38.79 26.38 56.78 19.32 82.07
725 38.92 40.86 92.34 22.68 101.24
726 38.84 59.72 202.58 27.59 27.43
727 38.92 86.34 73.78 20.54 9.70
728 38.83 33.93 67.74 20.03 94.18
729 38.92 28.94 72.62 18.08 88.84
730 39.10 90.63 49.53 17.50 7.15
731 39.05 31.53 81.81 21.21 84.48
732 39.01 43.27 132.94 23.60 76.97
733 39.14 80.26 98.80 22.82 11.94
734 39.19 45.64 154.46 25.38 63.83
735 39.24 75.08 144.42 22.71 13.98
736 39.32 17.06 95.77 16.05 49.83
737 39.46 77.72 97.58 23.45 12.49
738 39.60 83.00 70.29 21.58 10.99
739 39.33 51.54 213.65 24.32 41.68
740 39.39 36.15 102.46 20.59 70.88
741 39.44 47.74 198.11 24.71 52.49
742 39.47 68.67 181.68 26.69 17.22
743 39.62 55.52 207.41 25.95 28.31
744 39.54 57.82 214.17 25.33 26.71
745 39.78 6.43 80.53 12.36 26.63
746 39.69 66.51 178.66 26.76 19.04
747 39.81 19.89 136.54 17.32 44.54
748 39.74 8.93 79.58 11.81 41.75
749 39.74 38.63 151.08 22.12 54.65
750 39.81 61.90 185.89 26.54 21.29
751 39.66 93.22 26.91 16.06 5.47
752 39.90 70.91 144.76 26.21 15.99
753 39.70 88.78 45.64 19.20 7.84
754 39.78 53.38 216.86 25.44 30.66
755 39.94 64.33 172.60 27.03 18.86
756 39.94 12.28 109.78 14.19 34.02
757 39.92 25.23 114.81 18.44 52.04
758 39.93 27.71 123.93 19.02 46.47
759 40.02 22.74 147.81 18.61 44.52
760 40.05 49.72 216.56 24.48 33.11
761 40.06 15.24 120.01 15.88 37.71
762 40.10 42.45 209.09 23.60 45.51
763 40.06 30.40 170.72 20.61 48.29
764 40.08 33.36 162.32 21.52 48.23
765 40.16 59.59 185.77 27.04 20.24
766 39.89 86.19 45.91 19.97 7.45
767 40.20 44.79 210.32 24.02 42.18
768 40.30 73.34 111.08 23.03 12.88
769 40.35 40.24 216.65 23.28 45.62
770 40.11 87.41 43.55 23.36 7.97
771 40.42 76.01 77.88 23.35 12.65
772 40.44 80.16 55.44 22.18 11.27
773 40.06 85.24 49.33 21.00 10.67
774 40.25 89.67 41.74 21.30 8.70
775 40.50 36.25 180.73 21.28 39.02
776 40.51 47.31 211.95 25.75 31.22
777 40.48 84.75 41.67 20.35 9.29
778 40.67 51.85 206.14 25.40 23.89
779 40.52 57.15 174.48 26.86 18.27
780 40.79 18.05 166.86 17.19 23.90
781 40.66 68.48 124.80 26.16 13.82
782 40.54 88.35 37.00 23.46 9.18
783 40.72 54.53 185.62 25.51 21.24
784 40.90 61.14 146.12 26.09 16.32
785 40.98 65.90 121.23 25.28 14.57
786 40.96 8.92 111.63 13.33 19.36
787 40.93 93.29 23.52 17.20 7.09
788 40.99 21.14 185.94 18.16 27.51
789 40.88 90.93 33.89 18.65 7.36
790 40.99 28.83 190.50 19.14 30.13
791 40.90 82.81 39.77 21.36 9.67
792 41.05 26.16 191.21 18.54 30.65
793 41.12 63.53 116.02 24.33 14.65
794 41.20 78.23 49.92 22.02 10.71
795 41.23 71.37 77.45 26.67 13.16
796 41.34 6.41 102.68 11.45 12.76
797 41.10 10.90 125.46 15.94 19.37
798 41.31 31.10 191.05 20.84 24.19
799 41.21 38.59 200.99 23.89 27.50
800 41.34 23.62 182.46 20.06 21.83
801 41.20 33.75 178.76 21.89 27.81
802 41.36 12.77 140.49 14.63 17.13
803 41.25 15.60 161.06 17.91 21.99
804 41.27 41.37 210.91 23.81 25.14
805 41.33 43.82 203.88 23.60 27.05
806 41.21 49.38 198.60 25.39 21.26
807 41.03 86.94 34.80 22.60 9.00
808 41.41 58.95 128.44 26.72 16.42
809 41.44 46.00 206.97 26.55 21.91
810 41.50 73.82 65.21 25.64 12.16
811 41.52 56.39 141.20 26.40 16.36
812 41.51 85.78 34.10 19.79 8.33
813 41.59 35.87 177.86 22.29 22.60
814 41.67 69.35 76.15 24.15 13.25
815 41.70 76.07 50.92 22.62 10.76
816 41.69 53.77 163.62 25.19 16.95
817 41.44 83.85 37.05 24.56 10.69
818 41.81 51.61 167.32 24.96 17.99
819 41.52 81.85 39.10 23.50 11.90
820 41.92 67.34 61.36 25.12 13.03
821 41.87 19.74 177.52 18.47 16.91
822 41.94 80.71 39.45 22.49 10.22
823 41.70 87.13 34.04 20.54 9.46
824 41.85 90.31 32.93 19.22 7.24
825 41.83 88.68 34.52 19.65 7.31
826 42.06 92.34 31.30 18.69 6.36
827 41.93 61.79 77.04 26.31 14.21
828 42.05 47.80 186.10 24.88 16.99
829 42.10 28.10 177.58 21.23 19.08
830 41.86 94.21 20.65 18.82 6.02
831 42.27 10.51 130.85 13.94 12.30
832 42.19 25.54 175.85 21.19 18.32
833 42.24 32.61 176.80 22.16 18.08
834 42.19 64.85 68.81 25.70 12.88
835 42.40 17.28 151.07 15.94 14.06
836 42.28 40.06 189.64 24.72 17.25
837 42.30 14.39 153.81 15.97 12.81
838 42.27 37.66 176.74 24.57 17.12
839 42.27 42.37 193.85 23.03 18.75
840 42.46 22.19 158.88 17.46 14.79
841 42.30 83.20 40.61 21.48 9.61
842 42.39 49.91 141.69 25.55 15.22
843 42.45 57.40 79.05 24.83 13.81
844 42.64 8.48 103.93 12.52 8.21
845 42.50 72.56 63.27 24.83 11.85
846 42.43 59.83 75.13 25.53 13.50
847 42.47 78.23 48.17 20.95 9.47
848 42.67 44.28 164.40 25.07 16.32
849 42.42 70.51 53.89 25.19 13.22
850 42.66 30.06 164.43 20.29 15.07
851 42.66 54.86 96.07 25.64 15.61
852 42.48 6.50 95.63 12.89 8.10
853 42.64 34.95 154.66 23.14 16.07
854 42.62 84.65 42.58 22.92 9.77
855 42.72 86.44 42.82 20.63 8.29
856 42.89 46.15 142.61 26.28 14.43
857 42.81 75.49 52.11 24.42 10.67
858 42.84 52.64 89.77 25.08 14.30
859 42.86 62.90 59.99 25.82 12.58
860 42.67 69.39 55.73 22.88 11.73
861 42.90 88.05 46.14 21.36 7.69
862 43.07 89.53 48.05 20.31 6.83
863 43.08 66.51 53.86 24.42 11.86
864 43.11 24.30 142.79 18.33 12.42
865 43.12 80.77 54.96 21.20 10.20
866 43.12 19.96 122.50 18.06 10.82
867 43.27 93.63 54.41 18.20 5.57
868 43.22 27.22 136.90 20.55 12.09
869 43.20 48.29 122.04 23.75 13.69
870 43.30 12.75 99.95 15.96 8.85
871 43.42 61.07 58.72 25.02 13.83
872 43.41 31.63 154.34 21.32 13.32
873 43.31 37.21 141.67 22.85 15.10
874 43.41 39.61 130.37 22.16 13.78
875 43.36 41.86 125.10 23.83 14.84
876 43.39 58.84 54.89 26.81 13.54
877 43.45 50.75 75.56 24.77 14.17
878 43.54 68.28 59.45 25.47 10.94
879 43.54 15.09 94.15 15.93 8.64
880 43.50 64.60 55.36 25.03 11.51
881 43.42 56.34 60.11 26.74 12.00
882 43.51 70.94 70.55 26.11 10.55
883 43.58 6.38 64.55 11.40 6.30
884 43.55 73.52 77.51 24.53 10.58
885 43.60 78.44 71.68 25.48 10.89
886 43.86 10.31 67.07 15.17 7.48
887 43.74 17.60 111.35 17.55 9.59
888 43.58 84.21 60.67 22.23 9.00
889 43.70 33.73 139.02 23.24 12.96
890 43.83 8.72 61.05 11.63 6.00
891 43.78 53.73 66.32 27.41 12.64
892 43.84 77.11 76.12 23.66 9.77
893 43.94 29.49 115.25 20.09 11.46
894 43.98 22.40 92.28 18.72 9.40
895 43.91 43.90 75.80 26.49 13.62
896 43.95 87.12 87.25 20.93 7.50
897 44.01 46.47 73.45 25.23 11.54
898 43.93 82.74 78.32 22.41 8.82
899 44.29 91.65 96.37 20.45 5.85
900 44.24 4.28 37.92 10.44 3.85
901 44.20 35.91 97.69 22.66 11.62
902 44.17 25.31 93.51 19.36 10.54
903 44.42 74.86 135.42 25.63 10.16
904 44.12 48.96 69.72 23.93 13.79
905 44.22 81.18 99.23 22.40 9.41
906 44.31 62.67 59.75 26.81 11.83
907 44.45 20.16 71.67 19.12 9.70
908 44.47 27.62 87.16 22.12 10.14
909 44.31 57.68 54.94 25.46 11.31
910 44.49 12.93 54.78 15.98 7.17
911 44.41 38.25 75.28 22.28 11.54
912 44.39 52.04 55.96 26.06 12.57
913 44.37 55.37 61.05 27.02 14.32
914 44.51 40.69 60.15 23.90 11.83
915 44.39 60.01 57.94 25.20 12.44
916 44.48 69.53 97.26 26.11 9.64
917 44.53 65.18 71.23 25.57 11.41
918 44.69 72.10 139.40 26.69 10.32
919 44.66 31.63 73.70 20.71 10.94
920 44.77 7.05 37.15 11.53 4.85
921 44.67 15.99 51.16 14.61 7.46
922 44.87 67.34 89.41 24.78 10.79
923 44.73 33.81 65.82 22.42 10.97
924 44.85 45.22 57.97 23.43 12.05
925 45.03 79.19 161.99 25.40 9.38
926 44.83 50.02 62.24 24.89 11.17
927 45.02 76.70 142.90 23.60 10.03
928 45.01 83.59 131.42 23.46 7.91
929 44.91 42.90 53.81 23.79 10.44
930 44.98 23.93 59.65 18.62 8.45
931 45.06 53.51 74.24 25.98 11.55
932 44.97 47.50 56.01 22.61 11.23
933 44.88 9.32 38.84 13.89 6.03
934 45.14 86.18 130.62 23.81 8.44
935 44.97 14.81 48.39 16.19 6.32
936 45.24 29.66 58.11 19.90 9.83
937 45.16 56.58 77.35 23.57 10.10
938 45.31 10.59 37.09 13.67 5.22
939 45.37 21.78 48.54 16.48 7.58
940 45.27 58.76 76.42 25.80 10.82
941 45.31 61.21 96.15 26.65 11.54
942 45.38 89.32 137.68 19.66 7.06
943 45.29 35.52 53.60 21.70 10.13
944 45.49 63.50 123.50 26.40 10.89
945 45.41 26.36 54.83 18.52 8.57
946 45.32 4.60 23.35 10.58 3.72
947 45.37 38.12 55.48 23.36 10.55
948 45.61 87.78 134.98 21.93 8.12
949 45.61 40.23 58.28 21.67 10.76
950 45.55 69.72 172.33 27.12 10.36
951 45.53 90.75 142.18 20.38 7.08
952 45.76 93.18 126.02 20.92 6.34
953 45.76 65.72 171.87 27.70 10.93
954 45.69 13.24 40.62 14.81 5.96
955 45.77 51.17 98.46 25.12 12.16
956 45.68 32.70 52.73 19.38 9.19
957 45.83 74.64 203.64 26.45 10.44
958 45.88 80.98 168.72 24.60 8.71
959 45.77 19.12 43.19 16.90 7.19
960 45.76 49.00 87.92 23.78 11.00
961 45.86 54.91 166.70 26.71 10.83
962 45.78 7.93 31.08 12.12 4.18
963 45.86 16.79 45.01 15.83 6.55
964 45.90 44.65 96.67 24.17 11.30
965 45.90 95.33 73.25 18.44 5.38
966 45.76 14.81 35.95 15.64 6.32
967 45.87 42.42 69.03 23.42 11.08
968 46.00 72.25 205.61 24.77 10.02
969 46.02 46.88 100.38 24.18 9.91
970 45.91 5.09 23.59 11.08 4.60
971 46.01 24.23 56.70 19.35 8.30
972 46.10 28.33 59.80 20.40 8.28
973 46.28 67.82 200.36 26.55 10.55
974 46.24 57.13 172.07 27.92 11.75
975 45.97 15.80 49.00 15.20 6.40
976 46.32 77.59 170.70 25.67 9.42
977 46.29 30.81 59.29 21.04 8.23
978 46.23 36.06 59.64 23.19 11.85
979 46.38 52.90 176.96 25.76 10.39
980 46.32 59.56 178.90 28.31 10.41
981 46.31 10.75 39.47 11.38 5.62
982 46.44 61.86 192.06 27.48 11.61
983 46.48 85.20 142.25 25.13 8.01
984 46.39 20.63 50.55 17.51 7.10
985 46.31 34.73 59.00 20.88 9.82
986 46.55 38.08 78.84 21.89 9.48
987 46.49 12.10 49.49 14.21 5.84
988 46.51 26.30 71.71 20.27 7.12
989 46.62 91.05 124.67 20.86 6.77
990 46.64 40.69 110.75 22.35 10.88
991 46.75 64.12 207.18 27.35 10.59
992 46.68 6.93 37.52 11.79 4.22
993 46.79 70.19 213.61 28.03 10.60
994 46.79 15.12 71.30 15.71 6.29
995 46.74 33.12 85.99 22.17 9.09
996 47.09 88.50 118.07 21.52 7.11
997 46.92 22.47 73.25 17.93 6.68
998 46.95 4.39 27.32 9.75 3.19
999 46.86 48.54 190.64 26.41 11.90
1000 46.93 82.62 136.61 25.39 8.70
1001 46.98 17.84 67.28 18.19 6.19
1002 46.96 43.12 160.65 24.75 10.18
1003 46.98 45.80 180.85 27.31 10.75
1004 46.91 50.97 193.63 27.23 10.57
1005 47.14 80.03 166.79 25.94 9.89
1006 47.06 75.12 200.44 27.59 9.11
1007 47.39 9.45 78.22 12.97 4.65
1008 47.26 24.70 149.18 21.18 7.65
1009 47.15 29.14 136.19 22.73 8.51
1010 47.05 55.07 220.62 25.76 10.78
1011 47.30 93.51 79.73 21.09 6.28
1012 47.33 66.31 199.32 28.12 11.07
1013 47.22 57.63 197.19 26.33 11.10
1014 47.40 72.57 198.94 28.83 10.49
1015 47.46 13.01 109.38 15.68 5.89
1016 47.55 31.24 180.04 23.46 9.32
1017 47.30 35.61 131.29 24.08 9.83
1018 47.45 60.30 224.35 28.73 10.60
1019 47.56 20.18 104.81 17.53 6.42
1020 47.49 39.07 186.34 24.81 10.38
1021 47.57 68.37 184.43 29.61 10.75
1022 47.67 27.12 176.71 21.07 7.73
1023 47.69 62.42 218.80 27.26 10.92
1024 47.61 52.97 222.20 27.67 10.99
1025 47.82 77.13 147.68 27.01 9.37
1026 47.75 85.04 91.27 24.66 8.12
1027 48.00 41.14 214.32 26.09 9.90
1028 47.90 33.34 195.31 22.24 8.47
1029 47.86 47.61 222.67 25.35 9.63
1030 47.88 49.93 230.41 28.22 11.54
1031 48.06 7.11 87.64 12.18 3.70
1032 48.04 64.59 181.79 30.94 11.17
1033 48.12 15.46 141.30 15.98 5.62
1034 48.08 43.22 213.25 24.79 11.01
1035 48.12 45.32 223.84 25.99 10.94
1036 48.15 70.50 158.49 28.77 9.45
1037 48.11 91.19 71.32 22.10 6.95
1038 48.13 22.65 179.96 18.68 7.17
1039 48.16 37.08 212.60 24.22 9.43
1040 48.08 82.33 97.60 26.45 9.57
1041 48.12 55.91 194.14 27.15 10.57
1042 48.15 58.52 214.03 30.03 10.06
1043 48.32 18.42 152.32 18.54 6.15
1044 48.11 86.70 77.35 22.75 7.90
1045 48.38 89.34 67.54 22.90 7.66
1046 48.44 95.45 40.68 17.97 5.04
1047 48.41 29.44 206.85 22.05 7.99
1048 48.45 74.54 123.04 27.02 9.20
1049 48.54 79.35 91.81 27.89 9.06
1050 48.56 87.59 60.96 24.39 7.97
1051 48.49 51.74 205.36 27.06 10.78
1052 48.56 11.87 158.05 16.15 5.03
1053 48.57 25.09 181.36 21.11 7.28
1054 48.69 34.81 211.37 24.57 9.63
1055 48.76 53.94 199.11 27.22 11.05
1056 48.72 39.05 224.34 26.69 9.71
1057 48.71 68.27 113.70 28.00 9.82
1058 48.72 60.68 175.69 29.92 10.50
1059 48.89 72.32 104.05 28.69 9.67
1060 48.73 9.29 140.12 14.77 4.38
1061 48.99 66.00 107.81 28.79 10.36
1062 48.89 92.76 46.43 21.94 5.38
1063 48.97 27.40 175.40 19.85 7.67
1064 48.90 48.83 206.46 26.69 11.12
1065 48.93 63.17 150.52 29.18 10.22
1066 48.96 32.09 204.52 21.79 8.54
1067 49.03 21.00 168.83 18.84 6.10
1068 49.02 84.11 49.11 26.75 7.69
1069 48.79 85.63 51.54 24.14 8.49
1070 49.05 46.74 216.68 27.14 9.77
1071 48.99 57.82 147.86 28.94 10.28
1072 49.17 77.03 79.92 28.14 9.74
1073 49.11 7.93 132.31 13.06 4.31
1074 49.19 16.97 170.94 17.98 6.44
1075 49.22 81.96 58.22 29.41 10.24
1076 49.34 5.54 101.67 12.76 3.46
1077 49.20 41.49 197.33 28.22 10.41
1078 49.18 44.21 200.31 25.52 9.69
1079 49.38 14.31 162.16 18.58 5.44
1080 49.36 55.68 150.62 32.27 11.28
1081 49.37 36.69 211.78 24.00 8.93
1082 49.35 50.61 143.53 26.10 9.64
1083 49.54 23.46 149.99 20.06 6.63
1084 49.37 80.66 61.00 28.55 8.14
1085 49.68 90.34 39.69 25.61 7.03
1086 49.73 70.35 74.58 32.87 10.27
1087 49.39 93.74 39.30 23.39 6.24
1088 49.60 29.64 176.10 23.30 8.16
1089 49.47 95.36 23.94 22.28 5.26
1090 49.35 10.19 151.07 17.00 5.50
1091 49.57 86.69 46.89 28.38 6.96
1092 49.72 52.50 123.68 29.40 10.79
1093 49.79 74.93 63.96 33.23 8.95
1094 49.71 88.27 43.77 26.89 7.87
1095 49.83 25.78 129.77 22.44 7.57
1096 49.86 59.61 80.21 31.74 10.94
1097 49.79 61.64 89.79 33.05 10.07
1098 49.84 11.32 134.20 15.99 5.14
1099 49.92 19.09 132.47 17.62 5.94
1100 49.75 67.97 75.37 29.48 9.53
1101 49.82 34.30 175.28 26.17 9.09
1102 49.87 38.73 177.45 25.90 9.57
1103 49.96 64.48 79.81 32.07 9.79
1104 50.05 79.08 49.25 31.60 8.14
1105 50.03 57.48 97.29 28.71 9.78
1106 50.04 72.71 58.84 31.93 9.83
1107 50.03 48.63 126.46 28.37 10.42
1108 50.10 43.37 152.95 26.55 10.41
1109 50.00 85.54 39.97 30.30 8.35
1110 50.33 8.26 107.83 14.46 4.56
1111 50.16 31.88 130.56 24.61 8.51
1112 50.09 46.08 132.92 28.90 10.18
1113 50.32 21.43 103.31 21.57 6.72
1114 50.30 40.84 149.42 27.69 9.54
1115 50.22 54.38 100.85 30.46 10.08
1116 50.22 84.34 39.68 29.23 7.30
1117 50.31 16.14 106.61 19.67 5.30
1118 50.38 27.77 98.00 21.49 7.28
1119 50.23 82.76 40.52 32.30 9.78
1120 50.42 50.71 85.30 29.90 10.52
1121 50.58 76.69 45.17 36.00 9.12
1122 50.40 81.19 41.51 30.28 8.02
1123 50.53 66.73 51.16 35.41 10.53
1124 50.78 92.70 27.76 30.27 5.48
1125 50.71 5.82 77.83 12.70 3.67
1126 50.63 12.87 99.71 19.29 5.43
1127 50.63 14.34 92.55 16.18 5.86
1128 50.58 36.37 119.88 25.96 9.33
1129 50.56 96.01 15.55 24.20 5.20
1130 50.66 62.62 58.37 31.37 10.60
1131 50.74 23.84 84.39 21.29 7.08
1132 50.76 68.91 44.45 40.53 9.23
1133 50.89 29.95 90.26 24.01 7.62
1134 50.78 56.21 62.38 31.58 10.89
1135 50.68 88.37 38.10 32.60 7.31
1136 50.92 52.44 68.26 34.40 11.19
1137 50.97 87.03 36.34 31.94 7.47
1138 50.82 3.71 54.68 12.89 3.79
1139 50.97 74.16 44.28 43.19 8.92
1140 50.63 89.68 30.75 34.00 7.00
1141 50.94 33.97 82.86 27.56 8.14
1142 50.96 60.43 57.01 33.82 10.46
1143 50.94 71.34 48.58 44.23 9.98
1144 51.10 17.70 77.17 19.69 6.14
1145 51.03 38.85 96.41 26.78 9.80
1146 50.93 91.49 30.32 26.73 5.41
1147 51.19 26.05 66.37 24.97 7.01
1148 51.04 42.48 87.51 29.16 8.81
1149 51.08 44.79 83.25 29.94 11.27
1150 51.10 58.42 54.45 34.11 10.75
1151 51.08 46.96 71.72 27.87 9.46
1152 51.05 49.04 71.53 31.26 10.99
1153 51.07 64.66 47.37 37.46 9.43
1154 51.07 10.38 72.16 17.70 4.03
1155 51.15 90.42 31.37 32.00 6.35
1156 51.42 84.68 34.09 41.48 9.12
1157 51.28 19.96 63.04 22.27 6.35
1158 51.37 80.23 32.46 46.55 9.65
1159 51.36 32.10 68.54 28.20 8.46
1160 51.39 54.55 53.19 37.33 9.76
1161 51.23 94.65 20.22 28.82 5.88
1162 51.38 11.56 68.03 20.26 4.65
1163 51.65 22.20 54.01 25.59 7.09
1164 51.62 28.30 55.80 26.85 6.95
1165 51.45 95.99 14.72 29.92 6.11
1166 51.75 7.63 51.36 15.48 3.89
1167 51.75 14.85 51.24 19.80 5.44
1168 51.66 36.87 66.15 28.57 8.73
1169 51.70 65.90 43.95 44.14 10.74
1170 51.73 40.92 59.52 32.06 10.48
1171 51.74 50.49 50.63 39.83 9.35
1172 51.75 67.73 44.55 49.23 9.27
1173 51.72 62.44 48.67 44.75 10.94
1174 51.69 77.39 36.58 47.81 7.94
1175 51.82 3.91 36.47 14.01 3.12
1176 51.74 12.97 52.91 18.55 5.65
1177 51.72 56.43 45.28 44.37 9.41
1178 51.95 75.24 50.52 51.34 8.69
1179 51.90 69.91 60.00 54.23 10.09
1180 51.96 92.34 28.27 34.71 5.12
1181 51.92 72.51 48.39 52.97 9.08
1182 51.90 6.12 43.49 15.89 3.87
1183 52.02 24.33 49.72 25.25 6.56
1184 51.94 34.83 62.73 29.83 9.51
1185 52.03 60.25 56.00 43.49 10.39
1186 51.97 52.63 53.33 46.03 10.25
1187 52.04 48.13 52.69 43.89 10.19
1188 51.95 85.97 35.40 43.12 8.54
1189 52.03 43.32 57.42 36.88 9.82
1190 52.01 45.94 56.70 33.85 9.33
1191 52.07 30.57 50.56 31.77 7.99
1192 51.88 93.37 25.60 37.40 7.30
1193 52.27 58.03 56.63 48.36 10.51
1194 52.09 9.16 41.28 16.25 4.41
1195 52.18 94.35 21.37 34.61 4.89
1196 52.36 17.82 42.73 24.21 5.70
1197 52.16 38.96 50.50 31.44 9.79
1198 52.25 82.71 40.61 43.83 8.97
1199 52.34 11.11 41.26 21.28 4.09
1200 52.30 20.28 47.39 28.37 6.69
1201 52.30 26.62 49.35 32.32 7.28
1202 52.44 64.12 66.16 50.99 10.61
1203 52.42 32.78 50.41 35.12 7.80
1204 52.52 55.27 59.94 54.70 10.65
1205 52.38 78.89 44.10 55.88 8.51
1206 52.79 4.86 31.47 17.89 3.18
1207 52.66 13.12 37.95 22.86 4.71
1208 52.79 37.06 53.86 36.42 8.30
1209 52.82 28.89 55.87 40.52 7.85
1210 52.82 51.30 63.71 50.64 9.80
1211 52.89 22.51 42.15 29.97 6.29
1212 52.84 66.37 78.38 56.54 10.57
1213 52.85 80.02 55.69 53.02 7.95
1214 52.70 14.39 41.85 25.46 6.31
1215 52.93 41.90 56.89 39.03 9.13
1216 52.86 44.66 69.21 40.97 8.72
1217 52.89 49.19 76.04 53.00 11.38
1218 52.92 68.65 80.94 63.76 10.05
1219 52.84 85.30 54.58 42.78 7.74
1220 52.86 53.43 78.25 48.72 10.17
1221 52.96 73.85 87.25 58.94 9.81
1222 52.74 10.17 41.06 17.50 4.19
1223 52.91 61.92 99.19 51.48 10.81
1224 52.94 71.29 81.65 70.18 9.45
1225 53.04 77.00 74.25 52.30 8.58
1226 53.00 87.46 58.05 41.72 7.75
1227 53.06 15.63 44.01 25.67 5.53
1228 53.04 46.91 80.47 51.22 9.77
1229 53.02 24.88 50.63 36.35 6.55
1230 52.96 34.81 60.11 41.90 8.11
1231 53.04 39.64 56.87 36.00 9.34
1232 53.25 93.57 38.25 41.50 6.11
1233 53.19 59.68 100.98 57.80 9.41
1234 53.15 31.19 65.28 40.82 8.71
1235 53.22 89.87 55.45 40.73 6.74
1236 53.22 9.09 33.84 26.03 3.81
1237 53.25 57.13 108.64 60.49 10.07
1238 53.23 19.83 52.11 32.14 6.22
1239 53.31 26.86 66.25 39.05 6.75
1240 53.46 82.74 85.18 50.98 8.43
1241 53.64 17.31 48.84 32.66 5.79
1242 53.64 96.05 39.84 34.07 5.18
1243 53.63 12.35 48.49 25.93 5.12
1244 53.58 64.36 136.60 61.98 10.90
1245 53.79 33.27 105.81 45.35 7.99
1246 53.64 55.01 127.44 60.96 10.16
1247 53.66 6.30 38.51 23.29 4.11
1248 53.75 43.61 124.88 54.08 10.13
1249 53.84 38.10 113.74 50.39 11.00
1250 53.72 4.83 34.96 22.37 2.91
1251 53.82 50.41 137.43 58.05 10.53
1252 53.86 69.72 171.78 69.20 10.74
1253 53.85 52.85 151.92 64.80 10.75
1254 53.90 35.93 127.62 52.71 8.94
1255 53.93 66.90 160.11 69.52 11.10
1256 53.98 79.38 129.21 63.30 7.88
1257 53.99 23.68 94.61 37.49 6.08
1258 54.02 48.17 141.65 56.89 10.54
1259 54.04 71.92 165.95 72.13 9.65
1260 54.13 7.59 52.00 30.11 3.41
1261 54.11 21.41 104.41 39.73 6.18
1262 54.01 28.46 107.92 49.60 8.19
1263 54.01 40.45 123.63 50.44 10.07
1264 54.09 45.96 150.49 56.36 10.77
1265 53.96 62.02 178.00 64.84 11.13
1266 54.00 74.27 162.14 67.05 9.69
1267 54.16 30.79 121.77 45.03 8.71
1268 53.89 84.93 96.50 51.38 8.00
1269 54.17 9.12 56.89 28.31 5.04
1270 54.24 86.78 108.15 48.26 7.15
1271 54.22 25.97 123.35 45.76 6.80
1272 54.12 58.01 192.26 70.29 10.74
1273 54.23 76.72 158.48 60.69 8.96
1274 54.33 19.09 113.71 38.11 6.32
1275 54.40 60.15 199.87 63.89 9.75
1276 54.26 88.91 111.34 52.71 6.57
1277 54.44 3.84 36.31 25.04 4.22
1278 54.47 15.00 76.24 31.31 5.78
1279 54.63 94.89 79.15 44.53 5.63
1280 54.57 90.18 107.83 46.86 6.44
1281 54.58 56.05 200.00 66.16 9.81
1282 54.72 92.39 100.16 50.03 6.50
1283 54.63 42.20 202.95 61.22 10.32
1284 54.63 11.45 79.48 30.41 4.62
1285 54.61 82.09 151.91 60.80 8.50
1286 54.69 64.31 190.17 71.19 10.95
1287 54.75 51.74 207.88 65.96 10.49
1288 54.81 68.89 202.34 76.20 10.25
1289 54.78 35.37 170.82 58.25 8.29
1290 54.92 54.06 216.49 70.45 10.72
1291 54.94 33.25 165.36 57.93 8.30
1292 54.99 44.41 195.74 66.87 10.43
1293 54.89 49.23 185.77 66.07 10.54
1294 54.99 97.86 27.60 26.34 1.63
1295 54.84 12.86 78.42 35.50 5.58
1296 55.04 17.22 120.84 40.35 5.80
1297 54.95 29.38 159.57 61.25 7.25
1298 54.98 37.71 179.31 53.73 10.19
1299 54.98 66.44 206.10 84.60 10.87
1300 55.13 62.36 208.59 77.55 10.77
1301 55.18 22.56 158.37 48.58 6.81
1302 55.26 24.82 172.94 51.32 6.87
1303 55.14 58.30 213.68 71.53 9.69
1304 55.09 72.00 201.86 78.13 10.77
1305 55.11 74.75 178.56 72.63 9.61
1306 55.28 27.10 191.49 55.02 8.11
1307 55.26 40.14 192.30 60.80 9.74
1308 55.28 46.63 177.74 61.80 11.01
1309 55.29 77.99 170.66 69.37 8.89
1310 55.12 5.52 67.91 28.66 3.09
1311 55.27 8.50 102.11 35.00 4.16
1312 55.42 31.24 183.94 60.34 8.34
1313 55.59 80.34 168.25 62.04 8.86
1314 55.38 84.88 168.44 57.64 8.87
1315 55.42 20.10 150.96 49.40 6.05
1316 55.60 87.52 135.23 58.10 6.98
1317 55.55 10.04 114.04 44.07 5.00
1318 55.55 60.39 214.68 81.18 10.31
1319 55.60 14.09 116.68 42.06 5.14
1320 55.65 50.55 200.69 72.59 10.11
1321 55.66 56.09 203.14 81.52 10.85
1322 55.72 89.01 133.95 54.84 6.37
1323 55.85 91.05 129.32 54.08 5.48
1324 55.80 52.66 210.19 78.07 9.36
1325 55.83 67.91 211.58 84.21 10.42
1326 55.79 42.40 199.57 66.47 10.68
1327 55.75 64.84 211.00 89.41 10.82
1328 55.86 70.67 208.20 95.86 9.55
1329 55.85 11.87 119.88 42.91 4.46
1330 55.82 35.68 202.13 67.45 9.51
1331 55.97 94.11 98.31 45.92 5.20
1332 55.84 7.70 110.71 32.93 4.05
1333 55.98 48.37 199.83 85.39 10.92
1334 56.07 5.64 105.53 37.98 4.15
1335 56.08 16.12 139.21 47.36 5.25
1336 55.99 28.73 198.49 66.10 8.94
1337 56.05 38.41 191.41 70.61 10.28
1338 56.15 82.22 158.46 71.55 8.42
1339 56.32 96.87 47.20 35.01 3.39
1340 56.05 32.94 187.44 65.34 9.57
1341 56.18 44.62 192.97 74.51 11.06
1342 56.20 73.38 189.96 80.95 10.68
1343 56.14 75.74 182.21 83.27 9.63
1344 56.43 18.54 147.90 50.81 5.79
1345 56.33 54.34 202.35 80.31 11.88
1346 56.15 58.35 197.78 89.54 11.32
1347 56.21 62.53 199.22 97.51 10.54
1348 56.32 23.52 184.22 68.33 7.58
1349 56.51 21.06 163.37 62.61 6.78
1350 56.47 25.99 150.10 69.88 7.10
1351 56.51 40.41 160.47 84.18 9.83
1352 56.66 46.60 198.40 87.24 11.51
1353 56.68 66.28 202.89 91.54 10.75
1354 56.64 78.46 153.06 84.73 8.87
1355 56.41 83.86 158.81 61.29 7.81
1356 56.64 30.70 183.17 73.69 8.62
1357 56.58 50.73 180.92 85.86 11.50
1358 56.67 69.43 192.03 99.55 10.47
1359 56.72 86.00 147.19 60.76 7.95
1360 56.64 60.36 183.60 91.83 11.49
1361 56.91 8.41 121.02 49.33 4.22
1362 56.75 34.51 168.99 76.01 9.24
1363 56.80 14.20 128.38 56.31 5.55
1364 56.82 36.83 174.63 77.49 9.85
1365 56.75 56.45 188.99 94.63 10.99
1366 56.93 64.33 189.67 105.36 10.90
1367 56.93 88.70 127.05 58.84 7.84
1368 56.93 42.60 140.61 91.66 10.27
1369 57.03 71.78 175.86 98.15 10.25
1370 56.99 12.42 114.79 55.21 5.78
1371 57.08 91.99 132.01 67.12 6.62
1372 57.07 10.68 112.72 50.98 4.60
1373 57.05 28.39 152.02 76.61 8.68
1374 57.13 52.66 147.41 104.60 10.73
1375 57.15 80.82 129.29 81.28 8.55
1376 57.10 48.54 154.89 102.97 10.98
1377 57.19 5.94 98.69 45.52 3.61
1378 57.35 16.27 115.48 55.43 5.76
1379 57.20 58.62 153.67 105.76 10.40
1380 57.23 62.12 158.10 116.21 11.82
1381 57.23 32.51 121.14 86.58 8.39
1382 57.34 38.82 94.36 106.09 10.12
1383 57.26 76.41 147.48 100.56 10.05
1384 57.34 44.73 136.94 105.64 11.02
1385 57.38 67.87 159.40 110.49 12.13
1386 57.46 22.50 112.64 73.94 7.33
1387 57.40 24.62 105.55 88.90 8.24
1388 57.40 54.60 146.87 104.69 12.29
1389 57.50 73.98 146.99 109.74 9.45
1390 57.43 83.14 136.11 79.06 8.56
1391 57.52 94.69 71.85 53.81 6.11
1392 57.57 20.02 86.64 76.96 6.40
1393 57.58 26.47 75.73 103.08 7.27
1394 57.59 40.75 82.56 118.62 10.08
1395 57.51 50.34 97.95 123.50 11.25
1396 57.69 30.39 90.43 99.81 8.79
1397 57.73 34.56 93.67 115.00 8.77
1398 57.71 56.58 110.02 117.16 10.00
1399 57.78 70.02 163.69 125.91 9.71
1400 57.72 46.45 85.41 124.12 11.67
1401 57.79 36.81 80.70 117.61 9.17
1402 57.83 60.39 94.91 130.95 11.02
1403 57.90 65.44 121.94 130.87 10.48
1404 57.77 85.27 109.41 78.78 8.24
1405 58.02 17.66 78.24 78.99 5.87
1406 58.13 78.73 123.87 95.90 8.77
1407 58.05 42.85 61.67 132.04 11.67
1408 58.00 63.24 103.18 136.21 10.41
1409 58.01 13.40 86.26 70.04 5.65
1410 58.06 90.05 103.77 74.17 6.33
1411 58.12 6.99 74.42 54.79 4.26
1412 58.03 8.66 84.45 49.83 3.77
1413 58.09 10.37 70.95 65.44 3.92
1414 58.15 48.36 63.44 132.09 10.44
1415 58.06 87.71 98.80 67.59 7.33
1416 58.21 4.44 42.58 49.87 3.27
1417 58.16 28.36 49.26 114.21 8.24
1418 58.20 52.87 68.02 136.82 11.49
1419 58.17 58.24 75.01 132.28 10.93
1420 58.23 72.06 138.30 140.76 10.42
1421 58.17 32.41 58.03 116.55 9.49
1422 58.35 80.95 91.19 94.35 8.94
1423 58.26 76.03 110.01 108.96 9.53
1424 58.40 50.96 54.82 142.15 11.85
1425 58.37 92.75 86.39 64.60 7.03
1426 58.32 54.84 60.26 132.31 10.66
1427 58.37 67.89 76.60 147.00 10.76
1428 58.38 23.95 46.20 108.55 7.89
1429 58.46 44.93 53.20 141.90 12.95
1430 58.60 38.77 48.58 131.62 11.61
1431 58.68 21.82 45.14 106.49 6.74
1432 58.59 15.33 62.72 83.10 7.54
1433 58.56 26.14 52.25 122.87 9.00
1434 58.59 19.37 46.33 104.45 6.97
1435 58.62 40.90 49.44 138.01 11.03
1436 58.71 61.79 64.89 141.43 10.34
1437 58.68 83.33 70.69 90.77 8.75
1438 58.73 95.56 42.88 61.99 4.60
1439 58.47 11.39 63.08 59.58 4.33
1440 58.71 30.35 47.55 134.40 8.94
1441 58.78 34.21 45.91 144.89 10.66
1442 58.77 74.18 107.78 128.56 9.40
1443 58.71 36.47 47.53 130.09 10.40
1444 58.92 2.09 13.84 35.78 1.09
1445 58.87 66.09 57.96 158.82 11.21
1446 58.85 70.11 69.86 156.64 10.47
1447 58.99 47.13 43.05 156.07 12.58
1448 58.89 56.37 48.90 141.28 11.26
1449 58.90 59.38 53.05 151.72 11.25
1450 58.89 12.66 38.53 79.60 5.55
1451 59.07 64.09 58.92 154.87 11.13
1452 59.02 9.35 36.89 75.74 4.32
1453 59.13 49.46 46.76 163.26 12.80
1454 59.10 86.82 60.07 94.89 7.38
1455 59.07 7.01 34.28 66.87 3.54
1456 59.23 17.65 35.24 102.98 6.69
1457 59.26 43.07 45.54 155.90 12.22
1458 59.23 90.00 64.50 101.45 6.02
1459 59.19 28.21 38.61 136.35 9.21
1460 59.23 76.61 72.02 130.17 9.22
1461 59.33 32.25 37.63 139.00 9.90
1462 59.25 54.10 41.09 158.98 11.88
1463 59.36 79.22 58.87 108.80 8.62
1464 59.34 52.15 48.76 151.11 13.52
1465 59.40 72.37 58.19 147.10 11.05
1466 59.46 93.09 45.43 84.20 6.45
1467 59.50 4.89 19.28 64.28 3.28
1468 59.52 23.78 35.16 127.74 7.99
1469 59.49 68.21 53.05 155.28 10.93
1470 59.37 11.69 33.24 82.06 5.03
1471 59.53 26.05 36.44 147.59 9.23
1472 59.51 45.34 47.33 162.80 11.30
1473 59.58 57.60 43.37 165.33 11.54
1474 59.52 16.09 29.02 108.72 6.34
1475 59.53 20.00 34.55 117.39 8.17
1476 59.67 40.58 63.50 161.48 11.96
1477 59.62 81.69 63.27 115.94 9.14
1478 59.72 14.07 30.69 95.02 6.42
1479 59.61 35.86 54.96 164.69 11.19
1480 59.67 60.63 42.06 167.90 10.77
1481 59.74 38.24 52.65 159.52 11.99
1482 59.74 9.73 29.23 86.28 4.17
1483 59.85 29.97 38.41 147.92 9.46
1484 59.93 62.50 41.00 170.15 11.50
1485 59.97 84.40 45.11 110.79 8.97
1486 59.96 2.34 7.45 48.17 1.73
1487 59.98 55.45 40.94 170.46 11.91
1488 59.98 66.25 41.65 178.85 11.17
1489 60.03 70.36 43.65 172.86 12.10
1490 60.04 50.63 52.23 174.49 13.76
1491 60.14 34.09 66.18 162.01 11.37
1492 60.04 48.34 58.51 182.17 12.76
1493 60.13 74.64 52.18 157.01 11.16
1494 60.11 21.67 32.87 127.45 8.11
1495 60.18 7.91 25.98 96.00 4.29
1496 60.19 64.34 42.79 182.77 11.38
1497 60.35 94.04 23.70 95.60 6.45
1498 60.13 95.91 15.93 64.71 4.27
1499 60.12 87.63 40.76 111.30 7.39
1500 60.30 27.79 39.47 158.12 9.35
1501 60.33 59.03 39.40 173.87 13.24
1502 60.25 77.18 49.49 155.13 9.61
1503 60.37 44.43 93.83 176.33 13.26
1504 60.29 53.15 52.09 166.80 11.39
1505 60.20 86.14 44.96 110.60 8.92
1506 60.32 42.35 95.60 170.88 13.07
1507 60.33 89.30 40.10 115.93 5.72
1508 60.46 15.94 31.82 123.63 6.82
1509 60.41 18.16 32.32 134.32 7.35
1510 60.44 32.07 56.33 166.67 11.04
1511 60.50 46.58 96.94 173.08 13.08
1512 60.47 91.86 38.79 111.70 6.28
1513 60.44 6.42 22.05 95.20 4.52
1514 60.45 11.84 27.87 101.00 5.39
1515 60.48 25.28 37.05 151.63 8.56
1516 60.54 72.58 44.03 182.64 10.49
1517 60.67 79.65 40.20 139.03 9.70
1518 60.54 36.81 82.52 171.82 11.75
1519 60.56 68.19 41.71 187.67 10.93
1520 60.71 39.31 118.71 169.99 13.47
1521 60.72 57.09 50.60 186.50 14.09
1522 60.83 4.83 17.70 85.03 3.87
1523 60.79 82.69 38.45 129.32 8.78
1524 60.94 9.24 25.79 100.59 4.77
1525 60.79 61.04 41.57 177.17 13.42
1526 60.61 90.46 38.39 113.56 6.67
1527 60.99 23.32 54.81 142.30 9.22
1528 61.15 2.95 8.90 66.78 1.34
1529 60.98 14.12 31.06 105.34 6.70
1530 60.92 30.07 61.97 166.03 10.63
1531 60.91 49.49 113.58 187.53 13.67
1532 61.05 51.50 116.33 188.03 14.10
1533 61.03 55.15 64.12 183.85 13.85
1534 61.06 20.28 46.73 137.74 7.95
1535 61.19 41.52 169.06 171.45 14.55
1536 61.07 65.84 43.36 189.84 12.47
1537 61.21 35.20 139.07 167.71 13.52
1538 61.14 63.17 47.45 175.75 12.69
1539 61.18 86.18 31.60 131.63 8.50
1540 61.20 70.47 49.90 192.43 11.85
1541 61.43 75.17 41.22 177.99 10.13
1542 61.36 27.91 89.13 157.21 10.54
1543 61.39 43.82 179.48 178.32 14.87
1544 61.35 77.38 39.11 172.33 11.11
1545 61.49 53.21 125.07 182.33 13.54
1546 61.64 11.46 39.74 117.61 5.54
1547 61.43 32.55 153.82 169.05 14.00
1548 61.54 47.99 160.79 175.67 16.43
1549 61.40 58.82 62.88 185.66 14.00
1550 61.34 88.74 29.20 119.15 7.20
1551 61.45 93.34 20.08 111.20 6.56
1552 61.53 45.88 184.36 178.00 17.33
1553 61.50 17.03 49.56 129.58 7.64
1554 61.52 25.64 85.18 160.33 9.45
1555 61.54 37.70 179.15 157.73 14.47
1556 61.48 68.09 73.89 196.41 12.64
1557 61.74 73.22 57.08 192.24 12.61
1558 61.64 90.48 27.40 125.31 6.11
1559 61.80 60.68 76.84 193.45 14.19
1560 61.95 82.09 34.39 160.66 9.97
1561 61.68 6.53 26.74 96.08 4.74
1562 61.86 21.72 95.12 152.83 10.38
1563 61.81 57.01 98.52 184.23 14.25
1564 61.94 84.19 27.62 141.54 10.19
1565 61.90 40.09 196.32 166.17 17.38
1566 62.00 64.54 74.87 200.39 13.43
1567 62.02 79.37 37.73 165.57 10.52
1568 61.93 30.37 150.70 161.51 13.62
1569 61.96 50.42 167.15 167.88 16.21
1570 62.19 4.41 23.16 89.19 3.12
1571 62.07 14.56 59.83 124.35 7.35
1572 62.14 19.13 94.68 142.64 9.70
1573 62.11 34.19 191.98 167.14 16.65
1574 62.13 66.64 84.37 208.85 12.90
1575 62.12 54.87 145.97 186.01 16.35
1576 62.23 71.34 88.89 206.65 12.62
1577 62.17 62.44 96.32 196.82 14.53
1578 62.32 23.74 121.56 154.27 11.58
1579 62.27 42.43 197.69 153.50 17.92
1580 62.42 36.38 193.55 156.45 18.67
1581 62.35 69.05 105.02 199.76 12.71
1582 62.47 6.58 46.39 102.44 4.19
1583 62.47 28.22 153.19 158.36 13.64
1584 62.30 85.90 28.93 152.69 9.07
1585 62.44 87.77 27.56 146.37 7.85
1586 62.51 44.48 208.60 165.68 20.87
1587 62.54 52.51 191.69 174.04 17.96
1588 62.56 58.87 144.28 187.61 14.77
1589 62.59 77.14 50.19 177.40 12.17
1590 62.66 46.70 181.48 169.98 22.15
1591 62.63 25.92 156.13 172.50 12.68
1592 62.71 32.58 168.38 159.60 17.58
1593 62.68 38.60 196.34 155.42 24.74
1594 62.64 48.75 188.84 167.35 20.94
1595 62.80 90.83 25.30 136.91 7.29
1596 62.72 11.92 77.33 118.43 7.25
1597 62.80 74.82 66.43 191.85 12.39
1598 62.59 89.32 29.00 140.36 6.06
1599 62.88 92.27 25.97 130.35 6.43
1600 62.73 16.65 85.00 122.64 9.57
1601 62.78 56.70 156.91 181.01 17.12
1602 62.94 21.61 140.70 161.75 12.48
1603 62.95 30.38 168.97 156.56 16.25
1604 63.04 60.85 160.51 193.64 16.19
1605 63.04 9.59 93.69 122.31 6.60
1606 63.03 40.84 179.94 157.76 24.19
1607 63.00 65.64 132.17 195.88 13.00
1608 63.09 50.81 206.33 155.05 22.16
1609 63.05 63.18 147.68 187.65 15.52
1610 63.19 72.58 140.20 193.67 14.35
1611 63.01 13.75 88.51 131.55 8.98
1612 63.16 34.93 177.22 163.74 24.38
1613 63.16 54.51 179.97 183.38 24.78
1614 63.19 82.62 53.46 159.70 10.34
1615 63.30 67.89 159.30 202.39 14.96
1616 63.30 18.89 121.81 139.36 12.40
1617 63.36 70.21 161.26 194.93 15.29
1618 63.26 79.39 76.80 173.10 11.94
1619 63.39 85.94 45.22 162.36 8.98
1620 63.47 43.05 190.80 156.64 27.49
1621 63.50 94.15 21.66 114.65 4.77
1622 63.42 45.16 179.14 163.78 29.98
1623 63.54 24.08 153.34 152.21 16.03
1624 63.70 6.81 72.46 107.99 5.93
1625 63.56 27.02 154.47 152.08 16.60
1626 63.53 36.97 171.25 149.90 29.97
1627 63.55 88.39 38.53 147.20 8.25
1628 63.47 8.43 86.59 122.64 6.36
1629 63.65 13.85 107.96 123.50 10.09
1630 63.74 58.39 187.63 178.29 20.78
1631 63.68 48.96 172.59 167.51 31.24
1632 63.68 52.72 197.57 166.82 28.18
1633 63.75 76.43 110.45 184.39 13.48
1634 63.82 15.47 102.41 129.67 12.07
1635 63.75 29.18 139.60 161.19 23.48
1636 63.83 31.65 155.56 154.26 24.32
1637 63.83 33.57 143.15 148.88 28.77
1638 63.77 39.07 164.84 144.96 33.57
1639 63.79 56.41 180.86 184.38 23.38
1640 63.84 89.80 46.23 163.41 6.92
1641 63.91 46.93 120.32 158.57 32.00
1642 63.87 64.68 188.97 186.23 18.05
1643 64.00 11.70 108.74 123.11 10.21
1644 63.99 21.39 147.16 143.02 17.74
1645 64.03 41.10 124.60 162.32 43.42
1646 64.03 60.42 183.77 186.26 24.02
1647 64.04 62.55 179.71 187.68 20.03
1648 64.15 73.95 159.08 185.30 16.24
1649 64.07 16.86 141.60 119.14 12.58
1650 64.15 66.69 181.71 204.00 23.16
1651 64.12 91.44 48.73 156.16 7.49
1652 64.24 80.59 105.69 176.24 12.12
1653 64.24 50.80 178.92 154.44 29.78
1654 64.31 54.62 177.08 170.33 35.05
1655 64.33 83.34 84.37 158.54 11.91
1656 64.45 35.20 104.34 151.69 44.18
1657 64.41 68.92 183.98 194.34 20.33
1658 64.31 71.61 171.15 198.85 17.88
1659 64.36 25.49 128.39 152.39 25.45
1660 64.34 44.83 115.05 161.48 42.52
1661 64.44 18.90 110.23 130.17 19.21
1662 64.30 86.56 85.67 152.50 12.33
1663 64.70 78.34 123.22 169.55 13.68
1664 64.61 37.29 102.77 138.78 59.77
1665 64.54 85.30 84.67 145.26 12.13
1666 64.57 92.58 47.00 132.19 5.79
1667 64.53 8.97 96.74 123.40 9.68
1668 64.67 27.62 112.88 149.01 33.28
1669 64.66 42.70 78.62 147.80 55.59
1670 64.70 23.25 107.57 134.28 25.31
1671 64.68 30.21 100.59 144.88 41.68
1672 64.68 48.68 99.72 155.18 40.38
1673 64.76 52.51 143.78 172.68 38.82
1674 64.81 87.46 100.78 164.56 8.34
1675 64.76 94.71 26.46 96.13 3.27
1676 64.82 13.36 93.01 119.59 18.26
1677 64.71 39.46 111.59 152.00 59.50
1678 64.83 7.28 69.93 106.21 7.16
1679 64.78 56.83 150.47 175.02 32.38
1680 64.80 32.77 85.05 151.26 46.71
1681 64.87 59.18 160.29 181.19 32.19
1682 65.05 10.80 95.88 121.89 12.00
1683 64.99 46.74 74.97 147.66 52.71
1684 64.94 5.13 36.81 82.67 4.56
1685 64.93 64.33 161.12 181.22 25.01
1686 64.95 75.60 143.63 183.55 18.81
1687 65.08 15.67 104.43 123.58 20.32
1688 64.97 61.71 153.67 176.44 29.60
1689 65.17 89.84 96.58 154.04 7.83
1690 65.08 20.91 87.15 127.51 26.68
1691 65.14 66.87 168.23 198.00 26.61
1692 65.19 70.50 180.56 191.61 29.61
1693 65.29 50.52 86.22 156.09 49.58
1694 65.32 44.73 61.11 133.46 68.76
1695 65.31 54.20 114.42 172.62 42.95
1696 65.39 81.88 122.14 167.19 14.13
1697 65.40 18.15 92.69 125.60 28.04
1698 65.43 40.85 59.21 133.25 75.91
1699 65.45 72.82 165.44 188.94 21.91
1700 65.39 25.52 67.06 129.03 39.52
1701 65.49 35.90 68.19 130.66 66.21
1702 65.47 28.96 66.19 135.39 59.67
1703 65.57 38.34 58.71 127.85 77.16
1704 65.56 84.46 118.26 156.00 15.39
1705 65.65 31.40 58.85 128.92 61.21
1706 65.63 33.74 56.56 126.07 67.16
1707 65.67 92.08 68.53 145.16 7.94
1708 65.82 42.88 47.59 121.43 85.39
1709 65.78 55.93 97.34 169.89 52.00
1710 65.73 58.06 115.35 169.08 41.96
1711 65.75 48.57 58.83 144.90 68.26
1712 65.82 7.53 67.38 102.95 11.81
1713 65.75 13.41 73.56 100.95 21.95
1714 65.75 60.52 102.08 173.14 39.55
1715 65.81 77.16 125.78 183.56 21.60
1716 65.88 68.44 144.47 182.23 31.44
1717 65.88 22.92 54.99 108.88 44.45
1718 65.85 63.11 121.27 177.17 31.80
1719 65.90 52.14 83.80 161.78 58.02
1720 65.96 85.92 134.45 157.53 12.47
1721 65.92 65.54 130.92 181.88 36.82
1722 65.96 5.01 27.13 72.13 5.94
1723 66.10 79.93 113.34 168.71 17.62
1724 66.19 87.42 121.50 161.00 11.69
1725 66.17 46.81 48.46 130.29 86.65
1726 66.18 74.77 153.29 183.78 25.66
1727 65.97 14.91 53.19 108.03 19.94
1728 66.14 27.50 47.91 115.35 60.18
1729 66.09 20.26 55.34 110.81 39.56
1730 66.13 10.42 62.82 100.76 21.33
1731 66.07 12.30 56.02 92.30 20.98
1732 66.30 44.97 48.15 120.46 94.68
1733 66.32 70.84 139.02 188.38 30.52
1734 66.34 16.54 58.54 103.13 32.92
1735 66.43 88.78 118.71 160.94 10.94
1736 66.40 50.22 52.39 134.22 76.84
1737 66.42 53.81 68.37 150.19 66.66
1738 66.46 25.36 42.67 105.58 58.46
1739 66.47 36.89 53.06 103.17 98.74
1740 66.23 91.04 105.50 156.44 8.25
1741 66.48 29.96 45.86 105.24 73.08
1742 66.54 34.84 50.62 110.86 92.32
1743 66.41 41.09 46.88 121.38 89.24
1744 66.52 38.94 51.29 115.68 100.50
1745 66.57 32.46 51.17 102.61 86.69
1746 66.63 59.54 73.25 156.03 67.23
1747 66.69 83.34 115.93 159.19 15.85
1748 66.62 61.80 69.24 165.10 51.47
1749 66.67 90.50 106.93 165.28 9.80
1750 66.70 57.31 63.65 154.81 70.69
1751 66.62 9.31 54.27 100.66 22.70
1752 66.86 72.74 106.52 185.06 32.20
1753 66.78 64.34 69.03 166.67 50.12
1754 66.86 66.67 70.97 174.44 48.01
1755 66.92 77.50 105.16 172.32 24.63
1756 66.97 13.60 41.80 90.43 35.09
1757 66.96 18.71 43.06 87.32 46.80
1758 66.95 23.62 48.64 92.30 75.03
1759 66.95 43.81 61.77 108.56 106.84
1760 66.97 48.31 56.03 120.58 102.40
1761 66.94 55.46 54.48 141.80 79.73
1762 66.96 69.21 81.89 180.38 44.90
1763 66.91 6.97 28.20 79.24 14.24
1764 66.97 21.45 41.99 94.61 59.39
1765 67.02 51.84 49.63 132.08 89.95
1766 67.38 92.28 66.44 138.54 7.04
1767 67.28 11.24 37.17 85.68 32.91
1768 67.17 27.49 55.84 86.00 86.56
1769 67.27 79.77 101.25 163.36 25.20
1770 67.12 15.62 39.00 86.89 41.53
1771 67.34 42.11 86.34 101.80 119.74
1772 67.36 46.02 61.80 110.32 118.72
1773 67.40 75.22 108.94 160.44 31.48
1774 67.31 85.41 113.59 154.35 16.83
1775 67.21 8.43 31.44 84.56 23.93
1776 67.21 17.32 29.62 85.38 40.88
1777 67.48 38.24 78.88 84.16 122.58
1778 67.48 40.20 70.68 90.48 118.86
1779 67.53 29.56 69.35 87.41 101.94
1780 67.49 33.83 86.60 89.41 119.80
1781 67.51 36.07 94.01 87.90 133.92
1782 67.49 53.85 53.29 116.77 107.95
1783 67.53 60.47 46.54 143.41 69.17
1784 67.53 86.98 128.83 171.19 16.57
1785 67.65 31.78 100.00 80.17 109.35
1786 67.67 50.13 65.48 108.49 118.13
1787 67.54 58.36 50.06 136.95 89.24
1788 67.53 62.77 46.85 155.22 63.84
1789 67.48 16.40 33.26 77.43 56.26
1790 67.70 89.19 96.30 157.45 13.97
1791 67.71 25.33 68.65 78.68 99.24
1792 67.78 65.16 47.87 153.80 65.41
1793 67.92 70.92 50.82 153.33 47.13
1794 67.78 68.14 54.10 162.14 65.56
1795 67.75 82.13 99.02 154.49 24.96
1796 67.85 20.25 45.37 76.81 66.03
1797 67.90 56.32 54.93 123.17 97.30
1798 67.86 15.37 28.75 71.31 45.86
1799 67.98 44.14 115.68 92.86 135.52
1800 67.87 8.47 29.46 68.46 27.90
1801 67.96 47.87 75.03 93.84 134.53
1802 68.03 52.28 94.65 104.48 123.94
1803 68.12 73.16 64.06 155.04 45.90
1804 68.03 22.81 67.83 69.30 84.02
1805 68.22 17.88 49.78 65.79 66.68
1806 68.10 77.58 78.70 165.66 36.66
1807 68.22 13.23 38.86 71.89 56.95
1808 68.24 83.54 110.93 154.05 24.74
1809 68.36 28.28 118.70 67.83 110.88
1810 68.41 37.54 149.45 70.35 139.65
1811 68.40 42.18 127.32 75.93 129.70
1812 68.44 60.89 46.19 121.49 87.70
1813 68.54 35.31 154.14 64.74 131.73
1814 68.54 63.26 44.64 128.27 81.87
1815 68.52 66.84 47.61 146.49 87.35
1816 68.55 85.57 106.17 168.09 29.08
1817 68.59 10.44 37.28 68.58 43.30
1818 68.51 40.01 133.97 73.88 143.21
1819 68.52 45.94 146.32 88.17 143.37
1820 68.46 54.63 97.52 98.26 118.52
1821 68.54 58.69 56.93 112.87 100.52
1822 68.39 79.12 83.03 155.68 36.19
1823 68.28 89.60 73.27 152.54 11.45
1824 68.62 30.86 137.21 69.26 121.58
1825 68.78 75.72 53.84 151.26 47.83
1826 68.73 91.41 45.62 121.77 8.53
1827 68.71 33.24 162.62 67.86 127.91
1828 68.78 8.34 28.48 55.39 33.18
1829 68.68 25.84 114.29 59.41 100.44
1830 68.78 49.38 129.63 91.16 146.08
1831 68.88 80.83 65.47 148.71 36.86
1832 68.86 15.74 65.75 54.92 63.38
1833 68.92 69.19 42.36 130.32 80.57
1834 68.83 20.34 77.81 60.03 86.79
1835 68.99 51.14 166.91 75.71 135.79
1836 69.09 88.27 75.04 151.68 22.28
1837 68.96 56.91 94.35 90.54 128.48
1838 69.10 65.18 45.77 126.65 107.51
1839 69.10 23.10 110.35 48.73 90.44
1840 69.08 47.60 149.44 76.31 154.26
1841 69.17 53.19 166.27 83.87 128.43
1842 69.12 44.16 187.17 72.00 157.24
1843 69.31 73.29 42.64 140.03 66.47
1844 69.47 71.12 36.94 131.52 82.42
1845 69.14 82.57 77.46 144.85 40.31
1846 69.30 39.02 180.87 60.84 139.43
1847 69.43 78.22 46.98 142.71 49.72
1848 69.38 18.10 96.70 49.26 82.18
1849 69.37 61.79 67.81 109.98 123.37
1850 69.41 12.94 73.71 52.80 70.82
1851 69.51 27.73 153.24 48.07 110.39
1852 69.45 36.78 172.35 54.82 137.90
1853 69.29 14.78 74.29 48.00 58.36
1854 69.52 30.09 170.42 56.31 126.92
1855 69.45 42.14 178.62 66.62 157.22
1856 69.51 59.94 94.98 96.69 127.69
1857 69.54 83.72 72.82 144.85 36.39
1858 69.50 55.26 158.17 78.14 123.48
1859 69.70 67.26 53.30 116.95 109.65
1860 69.73 32.39 167.37 51.81 144.67
1861 69.71 34.51 181.33 50.51 155.58
1862 69.61 9.95 56.81 45.98 52.15
1863 69.74 25.29 141.46 44.78 105.60
1864 69.74 45.92 195.24 62.70 142.71
1865 69.83 86.21 63.25 150.69 34.82
1866 69.83 63.55 66.56 114.78 130.90
1867 69.84 20.71 112.21 43.93 93.81
1868 69.95 58.26 163.78 80.99 127.11
1869 70.01 40.46 181.44 54.67 157.18
1870 70.01 50.05 188.49 69.71 155.75
1871 70.13 75.35 35.58 127.38 72.47
1872 70.16 81.17 37.52 123.31 46.82
1873 70.13 15.79 104.43 38.25 63.44
1874 70.16 47.83 190.88 57.94 149.36
1875 70.14 52.22 185.62 69.85 146.22
1876 70.19 43.92 201.06 53.74 157.62
1877 70.30 69.68 46.40 114.28 100.33
1878 70.39 22.77 140.88 40.30 100.33
1879 70.31 38.28 189.88 44.09 142.31
1880 70.31 56.33 173.85 67.51 147.80
1881 70.43 14.28 106.39 41.66 71.79
1882 70.34 54.26 160.15 74.94 143.79
1883 70.41 65.43 97.00 104.11 132.24
1884 70.55 18.18 137.51 37.71 76.92
1885 70.47 29.08 162.91 45.27 128.90
1886 70.51 61.55 131.42 84.46 129.18
1887 70.57 11.90 108.93 41.99 66.22
1888 70.47 36.02 169.82 46.68 153.84
1889 70.77 9.27 74.07 36.39 51.05
1890 70.60 72.72 41.61 117.46 85.69
1891 70.65 77.97 31.91 127.67 66.32
1892 70.69 88.15 34.33 134.08 29.72
1893 70.64 31.26 150.24 43.61 132.56
1894 70.68 42.15 190.71 50.06 156.77
1895 70.57 84.20 28.89 116.68 42.21
1896 70.85 27.06 132.77 36.29 115.06
1897 70.85 59.56 168.12 76.26 121.03
1898 70.82 24.94 129.14 42.05 103.18
1899 70.82 33.66 159.20 45.02 137.44
1900 70.96 67.53 82.71 99.59 124.07
1901 70.87 45.65 189.56 54.40 145.36
1902 71.10 20.36 139.32 34.14 82.14
1903 71.02 51.12 204.32 53.21 144.03
1904 71.03 40.20 175.20 46.45 163.02
1905 71.06 48.97 201.49 48.96 155.73
1906 71.07 63.48 151.27 85.10 143.72
1907 71.16 57.63 181.22 62.77 134.00
1908 71.17 53.43 180.50 59.07 150.24
1909 71.14 82.65 28.28 119.77 59.53
1910 71.31 16.38 123.38 31.44 77.80
1911 71.22 37.69 142.89 42.38 147.86
1912 71.29 79.63 29.75 122.18 74.15
1913 71.38 43.69 183.94 46.74 158.06
1914 71.28 55.54 186.15 58.63 155.73
1915 71.45 75.62 39.71 107.04 81.25
1916 71.37 81.13 33.04 117.22 61.24
1917 71.49 47.01 163.69 47.15 150.36
1918 71.42 70.15 79.92 96.57 132.14
1919 71.52 35.60 124.00 35.93 138.80
1920 71.53 23.12 105.92 33.74 104.07
1921 71.65 13.20 113.20 29.37 75.61
1922 71.53 29.18 126.07 36.85 117.79
1923 71.64 31.63 110.21 35.32 136.62
1924 71.67 60.98 188.47 68.57 130.41
1925 71.65 65.34 163.35 82.38 148.77
1926 71.72 83.49 29.00 112.03 65.10
1927 71.82 72.53 67.94 90.87 111.50
1928 71.86 87.50 25.75 108.71 36.00
1929 71.88 10.50 86.24 28.83 59.57
1930 71.89 41.70 112.22 41.04 151.55
1931 71.98 26.77 95.87 32.20 110.82
1932 71.95 18.38 92.80 28.65 75.51
1933 72.05 33.76 92.54 37.18 132.27
1934 71.97 39.58 108.12 40.30 156.55
1935 72.02 50.29 172.54 49.64 158.64
1936 72.00 52.37 156.62 49.66 139.75
1937 72.09 45.02 133.38 40.80 145.08
1938 72.16 58.91 161.95 56.92 143.24
1939 72.15 63.00 188.31 73.04 155.36
1940 72.08 67.70 128.16 80.01 151.50
1941 72.13 78.01 32.36 101.72 72.25
1942 72.13 20.93 85.80 30.41 94.53
1943 72.28 24.48 87.16 30.80 101.89
1944 72.20 37.76 82.25 37.66 145.90
1945 72.16 48.32 140.83 45.77 151.47
1946 72.20 54.63 171.18 49.47 145.97
1947 72.23 56.78 160.96 53.19 150.31
1948 72.35 79.76 33.41 114.02 83.53
1949 72.56 74.60 67.75 87.65 114.98
1950 72.49 15.38 87.77 25.33 77.76
1951 72.51 29.83 75.90 34.03 115.93
1952 72.52 84.58 28.32 112.58 66.75
1953 72.64 43.09 82.86 36.97 133.08
1954 72.49 80.96 33.05 107.00 82.00
1955 72.63 35.88 69.19 33.69 130.47
1956 72.68 70.44 143.80 70.75 137.88
1957 72.82 11.74 66.17 23.18 60.11
1958 72.72 46.68 98.55 41.10 145.35
1959 72.77 31.87 59.43 32.33 115.72
1960 72.71 64.96 176.80 65.89 146.31
1961 72.71 61.02 178.85 55.47 141.05
1962 72.92 27.75 53.88 28.83 99.71
1963 73.14 77.60 55.06 93.90 104.04
1964 72.79 85.89 29.73 109.02 66.70
1965 72.87 40.28 61.36 36.70 134.39
1966 72.84 51.03 115.98 40.92 130.30
1967 72.99 19.11 65.54 25.72 79.63
1968 73.11 22.33 62.20 26.77 80.40
1969 73.00 53.29 106.29 46.03 136.32
1970 73.22 87.45 20.38 79.36 32.65
1971 73.11 48.83 88.26 37.12 130.71
1972 73.14 33.90 49.93 32.62 114.59
1973 73.23 45.04 72.56 34.90 142.00
1974 73.24 25.02 50.75 27.15 85.89
1975 73.19 55.52 108.89 43.42 135.86
1976 73.15 57.82 143.26 49.28 134.69
1977 73.17 67.75 166.73 64.60 131.78
1978 73.24 38.10 57.65 35.14 123.06
1979 73.40 72.80 115.93 69.41 129.37
1980 73.42 15.82 50.05 22.10 79.30
1981 73.51 41.76 54.71 35.40 121.42
1982 73.53 62.71 141.85 54.31 138.72
1983 73.61 80.73 43.06 90.70 103.58
1984 73.71 13.16 41.28 22.65 70.30
1985 73.64 29.49 38.52 27.23 93.84
1986 73.57 60.07 131.23 51.01 154.00
1987 73.76 83.27 42.47 83.95 85.84
1988 73.71 36.18 42.94 32.20 108.67
1989 73.76 47.10 63.90 35.00 126.64
1990 73.67 50.76 63.29 35.68 122.59
1991 73.68 65.27 165.94 58.43 146.34
1992 73.87 43.50 45.12 31.09 115.26
1993 73.89 75.83 94.93 71.11 118.46
1994 73.83 31.82 41.15 27.68 104.03
1995 73.89 69.87 148.39 63.46 131.95
1996 73.98 39.92 41.30 30.80 102.23
1997 74.12 85.52 39.85 78.29 52.70
1998 73.94 26.60 37.22 25.01 79.30
1999 73.96 18.21 38.64 22.86 74.94
2000 74.08 20.63 36.03 23.18 73.74
2001 73.95 53.07 64.02 38.29 126.72
2002 74.14 55.78 65.77 39.64 125.69
2003 74.10 34.16 40.90 29.96 97.85
2004 74.16 58.11 93.89 43.80 131.69
2005 74.24 48.88 46.80 34.31 118.17
2006 74.26 23.39 32.38 23.26 66.65
2007 74.40 37.95 42.23 29.65 100.03
2008 74.33 45.45 41.63 30.63 107.63
2009 74.40 67.19 152.70 52.41 130.30
2010 74.54 78.91 86.34 72.57 128.04
2011 74.64 72.52 131.48 60.40 120.54
2012 74.51 61.07 100.72 46.32 140.62
2013 74.67 14.96 29.72 21.15 64.25
2014 74.69 28.35 41.78 24.64 75.30
2015 74.54 64.08 119.62 49.52 142.72
2016 74.72 41.80 44.39 30.55 93.17
2017 74.60 50.78 46.57 34.62 113.10
2018 74.74 74.63 110.29 56.58 123.11
2019 74.74 30.69 39.09 26.00 78.72
2020 74.76 36.00 56.87 28.45 85.76
2021 74.80 53.78 47.74 35.58 117.74
2022 75.02 12.35 24.95 17.48 48.16
2023 74.92 47.30 39.04 31.73 94.09
2024 74.90 33.19 49.83 28.76 77.07
2025 74.97 81.64 82.81 63.67 106.36
2026 74.93 25.50 35.28 22.66 70.20
2027 74.88 43.91 44.20 31.84 86.55
2028 75.03 39.72 51.21 28.56 92.75
2029 75.05 56.82 54.70 37.28 124.66
2030 75.09 20.71 29.08 21.63 60.32
2031 75.15 70.32 121.03 52.28 132.73
2032 75.18 17.66 24.98 18.96 59.08
2033 75.26 58.85 50.81 38.99 128.88
2034 75.30 84.03 77.61 62.65 85.89
2035 75.45 77.17 112.18 55.81 123.40
2036 75.41 49.27 45.83 31.74 89.97
2037 75.47 62.98 84.03 44.52 138.48
2038 75.36 51.71 42.34 33.03 104.03
2039 75.45 22.88 39.12 20.74 58.63
2040 75.46 45.62 58.46 27.43 88.54
2041 75.45 67.68 117.78 47.33 128.59
2042 75.58 55.18 39.99 34.94 105.99
2043 75.58 65.24 80.60 48.10 135.04
2044 75.53 37.94 85.38 28.00 72.52
2045 75.62 60.79 60.01 39.87 145.09
2046 75.64 35.30 96.90 28.54 63.51
2047 75.82 30.06 71.47 23.17 55.30
2048 75.70 32.17 78.55 23.49 60.01
2049 75.68 43.06 79.60 30.21 75.95
2050 75.70 27.64 53.22 22.61 57.53
2051 75.98 80.11 112.87 52.09 107.38
2052 75.83 13.87 22.00 13.60 49.26
2053 75.84 40.89 82.19 29.07 69.53
2054 75.88 15.45 25.19 17.85 52.55
2055 75.94 53.25 37.34 33.59 93.14
2056 76.00 47.36 56.43 34.39 81.70
2057 76.06 25.24 72.31 23.67 50.93
2058 76.17 72.48 87.58 48.07 123.44
2059 76.17 57.24 41.74 34.09 97.12
2060 76.20 74.93 106.67 52.15 122.91
2061 76.12 20.51 43.70 18.89 56.12
2062 76.30 18.01 34.58 16.78 46.32
2063 76.23 51.13 52.61 30.20 92.80
2064 76.27 44.77 92.61 31.50 69.43
2065 76.32 69.69 110.09 43.29 115.76
2066 76.49 82.71 97.19 49.14 88.70
2067 76.44 33.85 122.38 25.59 52.14
2068 76.45 49.37 87.02 31.91 76.21
2069 76.54 38.58 158.24 28.32 53.88
2070 76.49 67.03 65.72 42.37 119.31
2071 76.53 59.52 40.29 34.26 107.74
2072 76.64 23.07 77.54 19.91 41.16
2073 76.56 36.29 144.61 27.86 53.65
2074 76.56 61.97 48.51 35.77 126.44
2075 76.60 42.56 127.27 28.83 59.38
2076 76.71 64.58 42.86 35.94 112.41
2077 76.59 55.05 42.12 28.39 92.18
2078 76.92 31.87 127.66 22.51 39.69
2079 76.74 27.24 89.11 20.18 47.38
2080 76.80 77.65 102.11 47.95 116.02
2081 76.90 15.28 40.10 16.66 45.10
2082 76.93 29.45 115.69 23.39 40.53
2083 77.06 46.08 145.81 30.21 52.65
2084 76.88 40.56 155.65 28.20 57.03
2085 77.00 47.95 114.27 31.73 62.55
2086 76.95 52.95 60.91 30.41 78.54
2087 77.13 20.02 75.29 18.27 46.31
2088 77.06 21.32 81.33 20.76 41.27
2089 77.29 56.74 47.22 29.05 86.95
2090 77.08 79.90 103.05 44.57 100.89
2091 77.28 51.12 103.59 31.78 57.13
2092 77.33 74.95 79.29 41.01 112.03
2093 77.31 25.18 101.14 22.27 38.82
2094 77.36 43.98 158.46 29.96 49.96
2095 77.31 71.79 59.48 37.67 103.28
2096 77.46 58.60 44.27 29.50 86.82
2097 77.34 69.30 57.84 37.63 110.13
2098 77.71 17.40 73.81 15.26 34.59
2099 77.42 34.76 168.27 24.49 38.33
2100 77.47 81.20 86.97 42.12 79.49
2101 77.59 62.93 34.34 32.99 97.44
2102 77.56 37.46 183.31 29.84 43.08
2103 77.57 60.82 42.35 33.83 100.96
2104 77.68 49.41 162.35 30.32 57.38
2105 77.62 66.95 38.07 33.27 105.49
2106 77.62 41.97 176.71 28.37 47.35
2107 77.58 54.90 89.43 32.00 67.96
2108 77.55 19.30 84.36 18.18 37.82
2109 77.88 39.70 184.16 27.18 42.08
2110 77.89 22.62 107.98 19.18 32.82
2111 77.81 27.72 140.24 21.70 35.61
2112 78.04 83.52 51.12 35.38 40.82
2113 78.07 64.89 32.52 33.05 102.83
2114 78.03 30.27 151.62 22.59 30.37
2115 78.07 32.97 164.89 25.37 31.94
2116 77.97 78.33 87.88 38.96 107.15
2117 77.98 14.33 50.59 14.39 31.42
2118 78.04 47.40 180.41 30.98 51.18
2119 78.06 52.98 124.40 30.40 48.99
2120 78.32 73.62 50.95 36.79 113.83
2121 78.29 45.44 195.55 29.74 41.86
2122 78.38 19.90 103.56 20.40 29.94
2123 78.34 35.91 193.38 28.06 30.84
2124 78.27 70.12 34.43 32.20 87.43
2125 78.44 25.25 118.74 20.97 30.71
2126 78.52 51.17 155.59 29.77 46.37
2127 78.38 57.48 87.29 31.38 65.79
2128 78.48 43.42 196.21 28.09 38.00
2129 78.54 59.91 95.58 28.34 77.15
2130 78.56 41.48 191.88 26.14 39.70
2131 78.64 62.36 53.57 29.13 84.13
2132 78.68 81.20 47.33 35.86 62.21
2133 78.77 76.20 49.76 36.23 99.50
2134 78.71 38.09 180.65 27.31 34.08
2135 78.64 55.21 147.21 30.39 50.90
2136 78.64 71.25 34.27 31.03 81.97
2137 78.74 48.99 193.22 28.29 43.95
2138 78.74 67.60 26.76 29.10 85.32
2139 78.91 27.64 138.40 23.16 25.20
2140 78.92 31.33 164.96 23.96 26.19
2141 79.07 17.95 101.87 16.78 26.41
2142 79.03 33.98 153.12 24.25 27.55
2143 79.22 15.27 70.81 14.76 20.57
2144 79.10 22.61 118.23 19.71 24.87
2145 79.16 40.10 182.22 28.04 31.42
2146 79.09 78.82 48.48 31.81 86.27
2147 79.13 47.15 189.84 27.88 37.20
2148 79.16 53.30 177.57 30.87 46.41
2149 79.19 64.92 39.07 29.11 77.51
2150 79.26 72.82 31.03 27.06 86.08
2151 79.33 44.90 198.51 27.70 35.26
2152 79.47 58.91 133.31 27.59 54.90
2153 79.53 29.36 153.66 23.13 26.45
2154 79.41 36.23 173.32 27.36 27.32
2155 79.39 56.54 142.21 29.32 45.31
2156 79.50 20.15 111.68 17.00 22.63
2157 79.48 50.40 196.43 29.64 41.89
2158 79.60 70.22 27.67 28.30 85.81
2159 79.51 42.69 180.53 29.36 31.07
2160 79.55 24.98 118.36 19.35 23.00
2161 79.67 61.51 108.36 29.91 56.27
2162 79.82 32.28 157.23 25.06 25.73
2163 79.96 75.64 27.74 26.38 85.33
2164 79.93 38.50 162.10 24.25 27.51
2165 79.92 52.24 192.30 30.68 38.44
2166 79.99 63.67 83.25 27.91 59.97
2167 79.98 67.72 34.70 27.61 74.29
2168 79.95 48.61 180.00 28.64 35.16
2169 80.08 54.90 171.46 31.15 37.56
2170 80.05 77.94 31.96 27.38 78.60
2171 80.35 80.44 25.05 26.96 48.12
2172 80.10 46.32 190.42 30.09 31.15
2173 80.03 16.94 83.82 14.37 17.42
2174 80.24 27.15 118.83 20.81 22.50
2175 80.20 34.48 148.72 25.39 25.50
2176 80.19 40.56 171.67 28.97 27.79
2177 80.43 21.86 110.50 19.34 18.98
2178 80.37 44.37 152.24 24.69 26.45
2179 80.38 57.24 169.28 26.31 38.68
2180 80.52 65.68 57.33 28.37 65.46
2181 80.35 73.19 28.70 27.40 83.40
2182 80.52 30.52 131.10 21.38 22.39
2183 80.60 24.49 104.27 17.75 18.60
2184 80.53 36.49 134.28 25.09 23.01
2185 80.65 19.27 115.00 16.45 18.74
2186 80.60 42.37 142.75 28.34 25.40
2187 80.53 50.62 171.56 29.42 32.74
2188 80.63 59.75 156.71 28.18 39.85
2189 80.74 69.93 30.51 27.23 64.07
2190 80.76 17.03 87.10 14.58 13.92
2191 80.95 62.33 123.10 27.93 40.84
2192 80.85 47.94 184.29 28.14 27.80
2193 80.87 53.35 177.63 27.20 31.05
2194 81.02 32.96 107.85 24.05 22.40
2195 81.10 38.80 115.17 24.07 22.04
2196 81.21 28.50 108.36 21.31 18.60
2197 81.19 78.13 22.99 25.17 64.66
2198 81.22 46.21 138.23 24.79 26.63
2199 81.25 67.64 56.77 27.58 51.73
2200 81.33 40.62 117.46 25.79 24.62
2201 81.42 55.69 167.10 29.00 29.59
2202 81.11 70.91 35.11 24.00 68.74
2203 81.09 68.60 53.27 26.00 53.91
2204 81.49 49.53 136.48 28.18 25.18
2205 81.28 64.38 101.67 27.80 43.45
2206 81.59 75.70 23.15 25.75 67.01
2207 81.45 72.82 29.50 24.61 71.70
2208 81.56 34.79 91.11 24.88 22.24
2209 81.47 44.27 124.24 25.65 22.14
2210 81.48 57.91 167.88 29.04 32.91
2211 81.50 37.02 106.22 24.77 22.05
2212 81.57 20.48 92.44 16.26 17.70
2213 81.55 51.57 148.92 29.42 28.55
2214 81.63 23.23 91.65 16.86 17.32
2215 81.68 26.14 90.09 20.21 17.90
2216 81.64 42.26 109.68 24.77 20.61
2217 81.68 30.55 97.85 21.64 21.59
2218 82.06 17.82 65.21 14.54 12.26
2219 81.76 60.23 153.73 25.94 34.89
2220 82.04 47.75 111.29 24.33 22.88
2221 82.03 53.55 130.04 27.28 25.93
2222 82.25 67.45 110.64 24.99 34.45
2223 82.18 71.25 53.83 23.21 52.57
2224 82.17 32.62 73.17 21.03 18.50
2225 82.26 62.93 151.99 28.97 30.00
2226 82.35 38.62 81.48 24.72 20.86
2227 82.27 45.73 92.73 26.01 21.51
2228 82.50 28.47 68.29 19.75 17.70
2229 82.44 40.70 86.00 22.90 20.73
2230 82.50 36.29 74.31 22.69 19.69
2231 82.49 78.20 18.73 19.60 30.84
2232 82.47 50.88 109.82 26.34 25.61
2233 82.63 57.60 152.42 29.98 25.38
2234 82.50 73.95 43.26 22.45 50.93
2235 82.75 20.22 70.20 14.27 13.66
2236 82.52 43.28 76.96 25.67 20.76
2237 82.62 55.52 122.80 26.92 25.96
2238 82.55 65.61 133.71 24.95 32.62
2239 82.64 21.78 71.25 15.58 12.00
2240 82.73 23.56 67.91 15.82 16.13
2241 82.80 30.52 64.22 20.51 16.85
2242 82.82 25.03 62.09 18.78 17.43
2243 82.78 26.26 63.00 19.94 14.73
2244 82.97 34.17 69.75 23.08 16.95
2245 82.74 59.73 162.42 29.19 27.63
2246 82.64 27.29 74.85 21.15 19.23
2247 82.91 49.33 82.19 25.56 22.12
2248 83.04 75.97 31.42 21.85 39.93
2249 83.31 70.68 96.60 24.19 32.99
2250 83.22 47.65 66.09 27.52 22.88
2251 83.26 45.69 73.57 27.09 18.15
2252 83.36 53.94 86.33 26.35 22.09
2253 83.48 61.22 138.33 24.49 23.42
2254 83.20 22.97 60.50 15.33 15.92
2255 83.45 41.75 59.59 24.46 18.56
2256 83.45 63.53 150.51 25.33 25.45
2257 83.48 32.12 52.88 21.63 16.97
2258 83.49 37.75 53.08 23.85 19.43
2259 83.53 39.74 59.69 24.38 20.92
2260 83.37 73.37 64.46 22.96 31.32
2261 83.45 43.77 62.21 25.08 18.40
2262 83.35 66.60 136.95 24.35 26.02
2263 83.58 51.30 68.44 28.44 20.86
2264 83.63 35.72 52.11 23.38 18.23
2265 83.73 29.23 51.40 19.04 16.37
2266 83.88 68.56 132.24 24.85 25.46
2267 83.83 26.78 51.21 19.03 15.86
2268 83.79 56.56 90.32 28.92 21.22
2269 83.67 22.34 53.12 14.04 12.50
2270 83.74 58.83 129.47 27.05 23.28
2271 84.16 24.03 44.58 15.80 13.34
2272 84.05 49.51 54.71 23.86 18.82
2273 83.97 74.26 69.29 16.94 26.57
2274 84.32 65.16 138.03 24.27 21.71
2275 84.21 47.11 53.05 23.15 17.09
2276 84.30 75.74 57.96 18.23 19.77
2277 84.33 45.08 46.76 23.23 15.73
2278 84.36 33.98 43.87 20.58 14.83
2279 84.35 52.62 56.87 24.90 20.25
2280 84.44 42.88 43.48 22.57 17.12
2281 84.42 54.73 58.63 25.98 21.70
2282 84.41 21.49 41.71 15.27 11.24
2283 84.53 40.64 47.42 23.10 15.26
2284 84.59 31.29 38.83 20.43 14.91
2285 84.61 36.41 46.19 21.30 16.11
2286 84.60 38.48 43.91 23.25 15.68
2287 84.64 61.00 95.09 24.41 18.69
2288 84.72 66.86 134.56 24.43 18.78
2289 84.60 70.51 127.16 22.26 22.62
2290 84.90 73.07 110.27 20.42 20.62
2291 84.89 28.59 37.91 16.95 13.69
2292 84.93 58.17 72.96 23.40 18.91
2293 85.01 50.78 40.59 24.82 16.07
2294 84.98 26.00 37.35 19.00 14.04
2295 84.73 56.17 59.86 22.57 17.86
2296 85.04 48.64 41.86 24.52 16.50
2297 85.28 44.30 37.32 23.61 16.13
2298 85.28 46.55 39.25 24.49 14.81
2299 85.43 34.87 36.54 20.92 13.93
2300 85.22 56.48 56.09 28.00 17.03
2301 85.48 41.86 33.80 22.43 14.94
2302 85.49 68.86 131.85 22.85 18.11
2303 85.40 23.95 33.98 15.31 11.79
2304 85.64 32.50 35.28 20.55 13.69
2305 85.51 52.63 39.13 25.13 17.04
2306 85.46 54.87 43.28 26.58 17.41
2307 85.53 75.12 75.73 19.04 11.86
2308 85.36 30.20 35.12 17.79 14.82
2309 85.69 37.41 33.77 21.97 13.20
2310 85.35 63.84 95.42 24.98 18.08
2311 85.71 39.75 34.88 23.80 14.31
2312 85.58 62.11 67.68 24.87 17.98
2313 85.78 59.60 52.92 26.16 18.00
2314 85.65 22.24 28.59 16.06 8.81
2315 85.94 66.02 94.68 22.33 16.84
2316 85.95 71.17 118.18 20.31 15.51
2317 86.17 27.83 28.75 17.72 12.11
2318 86.43 50.21 32.14 23.65 14.12
2319 86.12 57.09 41.57 24.31 16.54
2320 86.09 25.15 29.30 15.80 12.91
2321 86.18 43.68 29.88 23.65 13.86
2322 86.20 47.65 32.51 24.35 14.01
2323 86.01 63.28 64.06 23.50 15.00
2324 86.29 73.17 95.76 20.25 11.67
2325 86.38 45.59 28.67 24.07 13.54
2326 86.30 52.05 29.03 30.66 14.13
2327 86.07 60.53 57.25 22.00 15.50
2328 86.46 35.26 32.22 18.64 13.32
2329 86.52 54.03 30.08 26.08 14.76
2330 86.96 32.90 26.92 19.65 11.41
2331 86.61 62.14 52.02 23.43 16.32
2332 86.79 30.62 25.06 18.17 11.57
2333 86.74 68.80 96.08 20.76 15.66
2334 86.68 41.70 27.17 24.21 13.62
2335 86.74 64.89 61.99 22.22 14.69
2336 86.67 39.41 28.67 21.37 13.17
2337 87.06 37.04 26.60 20.66 12.31
2338 87.21 71.51 73.52 19.23 10.60
2339 87.28 26.56 23.61 16.96 10.79
2340 87.22 44.04 24.12 20.20 12.14
2341 87.22 39.01 27.00 19.47 13.78
2342 87.32 56.62 31.87 24.48 12.67
2343 87.44 46.24 23.62 22.49 12.30
2344 87.39 53.45 25.75 22.90 12.24
2345 87.53 34.76 23.70 20.30 11.93
2346 87.33 63.35 44.95 22.79 11.84
2347 87.46 66.90 57.02 22.38 13.00
2348 87.97 54.81 24.49 23.19 12.27
2349 87.50 24.85 23.83 12.78 9.53
2350 87.46 48.20 26.51 24.62 14.13
2351 87.76 41.25 23.80 21.04 12.95
2352 87.93 65.24 38.39 20.42 12.98
2353 87.78 50.01 21.54 22.97 12.08
2354 88.04 68.90 53.69 18.69 11.77
2355 87.98 60.35 29.78 23.14 12.12
2356 88.05 29.88 17.95 21.51 9.05
2357 88.38 43.40 18.38 22.99 11.47
2358 87.99 70.10 50.30 20.60 9.60
2359 88.22 31.68 20.04 18.77 10.25
2360 88.19 47.93 20.72 24.26 12.72
2361 88.67 25.12 16.58 15.64 8.16
2362 88.22 58.02 22.05 25.00 12.26
2363 88.42 59.42 27.24 22.72 12.24
2364 88.52 34.53 21.56 19.18 12.05
2365 88.97 57.21 21.65 23.69 11.46
2366 88.94 67.61 31.55 19.48 9.51
2367 88.80 41.01 15.81 22.66 9.84
2368 88.81 46.71 18.25 22.73 10.52
2369 88.84 48.86 18.79 26.43 11.95
2370 88.66 58.50 29.57 22.86 11.93
2371 88.95 62.16 24.84 21.76 11.29
2372 89.17 45.23 18.18 23.00 10.75
2373 89.05 37.74 19.19 17.68 10.30
2374 89.00 59.86 22.80 27.60 11.40
2375 89.14 50.74 20.04 22.00 10.15
2376 89.30 53.02 21.60 23.65 12.58
2377 89.60 60.76 23.15 21.52 10.54
2378 89.65 35.95 17.37 20.13 10.00
2379 89.52 26.26 14.03 14.44 8.35
2380 89.43 30.05 16.95 18.23 8.86
2381 89.61 32.96 20.45 19.14 9.73
2382 89.64 48.75 17.69 24.27 11.41
2383 89.68 31.36 18.14 19.65 10.79
2384 89.70 34.32 17.89 18.49 9.03
2385 89.77 46.84 19.12 25.92 11.35
2386 90.00 51.14 17.00 24.31 10.95
2387 89.76 37.83 15.20 20.18 9.78
2388 90.03 40.10 17.21 21.32 9.25
2389 89.99 63.39 21.00 22.01 9.37
2390 89.84 43.95 17.42 23.31 10.54
2391 89.84 57.59 17.92 22.14 8.73
2392 90.06 45.17 16.89 23.30 9.59
2393 90.17 49.60 16.03 21.34 11.20
2394 90.38 54.57 18.73 21.89 10.10
2395 90.08 33.41 17.00 19.27 9.18
2396 90.35 58.96 19.58 20.48 10.54
2397 90.47 38.34 14.24 20.83 10.29
2398 90.22 64.72 18.83 24.83 10.67
2399 90.56 32.58 16.82 18.89 9.78
2400 90.68 42.46 14.98 21.17 9.56
2401 90.50 46.82 16.85 24.85 8.92
2402 90.54 61.59 19.18 18.38 8.60
2403 90.83 36.38 14.70 20.56 9.28
2404 90.83 44.34 16.02 24.45 9.04
2405 90.82 52.12 14.96 21.42 10.53
2406 90.71 49.36 14.90 21.67 10.62
2407 90.89 60.53 16.22 22.14 9.92
2408 90.82 64.32 17.53 21.38 7.94
2409 91.01 48.06 14.09 22.19 11.11
2410 91.15 57.72 16.69 22.56 9.83
2411 90.99 31.44 14.66 18.76 8.29
2412 90.90 40.09 13.67 22.89 8.17
2413 90.94 33.29 10.29 20.14 6.29
2414 91.15 59.49 18.81 20.22 8.63
2415 91.19 66.47 14.10 19.55 6.12
2416 91.67 37.59 14.65 19.95 8.27
2417 91.59 39.44 14.29 22.07 8.88
2418 91.55 63.18 14.83 18.77 8.74
2419 91.80 41.17 16.34 19.98 9.63
2420 91.53 43.28 18.08 18.31 8.08
2421 92.04 31.53 12.50 17.34 7.87
2422 91.93 60.71 15.52 23.32 7.62
2423 91.86 55.77 18.02 22.55 8.21
2424 92.00 53.62 16.55 21.46 9.46
2425 91.87 46.19 14.14 19.71 8.20
2426 91.92 64.88 13.19 19.86 6.60
2427 91.96 33.75 16.77 17.45 7.45
2428 92.10 43.59 16.95 19.07 8.84
2429 92.35 50.27 15.10 22.05 9.15
2430 92.54 44.96 14.24 20.11 8.91
2431 92.31 47.89 13.49 20.97 8.18
2432 92.42 34.53 13.88 18.22 7.85
2433 92.41 35.93 12.79 18.17 8.88
2434 92.73 36.93 12.86 18.70 8.16
2435 92.54 40.33 14.84 18.82 7.76
2436 92.54 48.86 13.00 21.50 10.86
2437 93.01 51.87 14.28 22.62 8.13
2438 93.19 42.29 13.78 20.89 8.42
2439 93.29 48.90 14.04 19.83 8.00
2440 93.08 56.97 16.05 19.85 6.79
2441 93.19 50.31 12.56 20.53 8.81
2442 93.24 33.17 12.40 18.38 6.51
2443 93.28 38.84 13.29 17.21 7.48
2444 93.31 43.86 15.49 18.00 8.32
2445 93.56 55.10 15.68 20.26 8.24
2446 93.55 53.14 14.45 20.85 8.34
2447 93.77 47.23 14.79 20.21 8.20
2448 93.81 61.42 12.93 18.38 6.51
2449 93.87 34.80 13.67 14.87 6.96
2450 93.78 39.79 14.62 18.25 7.75
2451 93.89 56.98 13.67 18.36 7.19
2452 94.03 45.37 13.98 21.25 7.90
2453 94.04 43.28 12.00 19.89 7.89
2454 94.22 36.67 13.44 17.69 7.10
2455 94.18 38.27 13.50 18.88 7.12
2456 94.34 50.48 13.11 21.46 8.13
2457 94.30 58.87 12.05 18.36 6.57
2458 94.47 56.69 15.05 18.68 5.59
2459 94.49 34.86 12.47 18.41 6.29
2460 94.62 39.74 10.74 17.59 6.96
2461 94.67 42.31 12.49 19.54 7.05
2462 94.63 53.78 12.42 19.50 7.23
2463 94.76 46.82 13.69 18.86 8.31
2464 94.69 44.22 15.51 19.16 7.57
2465 94.76 48.56 13.00 18.69 8.38
2466 94.80 55.64 14.59 18.95 7.14
2467 95.11 36.34 11.80 17.80 6.52
2468 95.04 50.94 11.04 19.67 7.27
2469 95.04 41.12 11.52 18.40 6.40
2470 95.39 39.55 10.79 17.61 6.63
2471 95.42 43.33 13.00 19.04 7.18
2472 95.68 49.33 14.73 17.93 8.13
2473 95.55 55.90 11.08 19.42 7.68
2474 95.69 46.81 11.35 18.37 7.22
2475 96.16 38.91 10.26 17.90 6.76
2476 96.31 44.12 11.84 16.86 6.37
2477 96.42 46.95 11.23 18.56 6.24
2478 96.71 42.56 11.34 17.43 6.49
2479 96.83 51.45 12.50 16.75 6.00
2480 97.06 47.37 11.90 18.13 5.33
2481 97.15 39.25 9.37 16.51 5.27
2482 97.27 50.88 9.57 14.39 4.89
2483 97.21 40.98 9.61 15.82 5.63
2484 97.60 49.01 8.81 18.26 4.97
2485 97.58 44.36 9.06 15.60 5.43
2486 98.27 44.57 8.32 15.76 6.14

