#<Embryo name> <Cleavage cycle> <Temporal class> <Genes>
ca5 14A 3 even-skipped Kruppel giant

#Data without background
#<Nucleus number> <A-P coordinate> <D-V coordinate> <Fluorescence intensity: channel 1 - eve, channel 2 - Kr, channel 3 - gt>
0 2.18 44.06 0.70 1.83 0.00
1 2.60 46.58 0.00 0.38 0.00
2 2.54 42.87 0.93 0.25 0.00
3 3.04 51.61 0.00 1.42 0.00
4 3.15 47.83 0.00 2.78 0.00
5 3.24 49.36 0.98 0.55 0.00
6 3.23 43.74 1.07 0.00 0.35
7 3.73 42.39 1.84 1.44 0.48
8 3.59 44.96 0.85 2.06 0.00
9 3.46 38.90 1.42 2.69 0.00
10 3.69 37.93 2.29 1.97 0.00
11 3.98 52.32 0.00 0.00 0.00
12 3.97 40.13 0.19 2.41 0.00
13 3.88 46.81 2.30 0.00 0.00
14 4.35 47.21 1.34 0.22 0.00
15 4.18 49.14 0.00 0.00 0.00
16 4.37 38.70 3.47 2.16 0.00
17 4.50 43.61 3.76 0.42 0.84
18 4.69 36.00 2.06 2.53 0.00
19 4.95 41.38 1.39 3.95 0.23
20 4.93 44.75 0.00 1.85 0.00
21 4.80 55.56 0.00 0.44 0.00
22 5.08 51.31 0.45 1.17 0.00
23 5.19 50.01 1.38 0.37 0.00
24 5.05 47.39 1.83 3.20 0.00
25 5.52 48.64 1.65 1.90 0.00
26 5.35 36.93 3.78 0.83 0.00
27 5.45 46.07 1.65 0.00 0.10
28 5.76 43.48 2.74 1.19 0.18
29 6.13 55.86 0.00 0.00 0.00
30 6.03 40.37 1.52 4.26 0.00
31 5.92 36.55 1.43 3.26 0.00
32 6.21 50.46 1.34 0.00 0.10
33 6.21 46.12 0.70 0.00 0.00
34 6.23 57.55 0.00 0.00 0.00
35 6.42 53.38 0.00 0.80 0.74
36 6.56 42.67 2.07 2.42 0.00
37 6.40 41.40 0.37 5.07 0.76
38 6.93 35.73 2.68 3.88 0.00
39 7.33 48.17 0.00 1.11 0.00
40 7.08 44.30 1.46 1.33 0.00
41 7.16 38.60 0.74 5.15 0.00
42 7.21 46.34 1.22 1.64 0.00
43 7.14 52.95 0.85 0.00 0.25
44 7.28 40.60 1.72 3.17 1.11
45 7.33 33.41 0.61 2.01 0.00
46 7.61 50.87 0.11 0.60 0.00
47 7.79 59.93 0.00 0.00 0.37
48 7.67 45.49 0.00 4.16 0.12
49 7.97 34.95 1.17 1.00 0.00
50 8.18 56.96 0.00 0.00 0.28
51 7.93 44.40 1.32 1.09 0.00
52 7.93 46.62 0.00 1.72 0.20
53 8.36 32.40 2.04 0.68 0.00
54 8.28 55.23 0.00 0.00 0.00
55 8.58 33.82 0.85 2.14 0.00
56 8.77 46.92 0.00 2.47 0.55
57 8.90 58.28 0.00 0.00 2.68
58 8.75 41.82 1.50 2.18 0.00
59 8.60 59.71 0.00 0.00 2.78
60 8.94 44.17 0.71 2.95 0.16
61 8.92 51.25 0.00 0.35 0.83
62 9.18 29.59 0.00 0.00 0.00
63 8.99 31.78 0.00 0.39 0.00
64 9.35 47.95 1.25 0.76 0.76
65 9.21 50.03 0.64 0.00 0.43
66 9.25 62.13 0.00 0.00 0.40
67 9.40 54.72 0.53 0.00 1.80
68 9.40 34.83 2.68 0.72 0.36
69 9.56 39.72 0.00 2.92 0.27
70 9.37 32.99 0.00 0.00 0.00
71 9.46 42.04 1.84 0.93 0.00
72 9.91 52.81 0.00 0.00 2.88
73 9.74 32.09 0.00 0.60 0.00
74 9.66 51.48 0.00 0.70 0.80
75 9.85 58.21 0.00 0.00 4.42
76 9.81 28.53 0.00 0.44 0.00
77 10.14 63.41 0.00 0.00 5.21
78 10.07 47.86 0.00 0.00 1.49
79 9.98 26.71 0.00 0.00 0.00
80 10.15 60.51 0.00 0.00 4.85
81 10.30 36.46 0.27 1.27 1.14
82 10.19 30.54 1.60 0.64 0.51
83 10.38 50.69 0.00 0.64 2.24
84 10.77 54.85 0.80 0.00 4.02
85 10.35 56.73 0.00 0.00 4.56
86 10.59 37.67 0.00 3.75 1.11
87 10.58 27.63 0.00 0.00 0.00
88 10.62 31.78 0.00 0.00 0.79
89 10.79 40.19 0.00 3.01 1.17
90 10.57 61.74 0.55 0.00 6.52
91 10.66 33.50 0.00 0.57 0.59
92 10.84 43.63 0.71 1.44 1.76
93 10.67 58.62 0.59 0.00 4.98
94 10.78 29.83 1.71 0.00 0.36
95 10.96 45.26 0.82 0.28 1.76
96 11.09 48.10 0.00 0.72 2.93
97 11.38 52.65 0.00 0.81 4.51
98 11.13 50.29 0.39 0.00 4.05
99 11.39 57.23 0.00 0.00 7.00
100 11.32 60.40 0.86 0.00 9.14
101 11.13 34.50 0.56 0.00 1.50
102 11.22 42.23 0.31 1.72 2.51
103 11.45 66.14 0.00 0.00 9.33
104 11.34 62.92 0.00 0.00 7.99
105 11.48 25.51 0.00 0.00 0.00
106 11.49 37.19 0.00 1.73 2.35
107 11.55 59.02 0.00 0.00 10.87
108 11.34 32.69 0.37 0.47 0.00
109 11.93 45.93 0.00 1.39 3.15
110 11.80 34.86 0.00 0.72 0.42
111 12.06 42.67 0.19 0.00 3.83
112 12.02 56.27 0.00 0.00 8.49
113 12.01 33.37 0.00 0.00 2.00
114 12.04 49.90 0.00 0.00 5.66
115 12.19 54.22 0.00 0.08 9.21
116 12.31 26.98 0.00 0.00 2.62
117 12.26 61.74 0.08 0.00 11.39
118 12.14 38.51 0.00 1.54 2.72
119 12.62 64.37 0.23 0.00 18.38
120 12.52 39.47 0.00 2.97 3.31
121 12.85 36.62 0.00 1.44 3.45
122 12.69 58.82 0.00 0.00 15.66
123 12.56 41.17 0.46 1.15 2.74
124 12.63 47.73 0.00 0.82 7.24
125 12.77 67.79 0.00 0.00 18.61
126 12.78 32.57 0.85 0.00 3.05
127 12.73 38.07 0.00 0.00 1.75
128 12.99 51.55 0.00 0.79 10.03
129 13.12 56.10 0.00 0.00 15.31
130 13.09 30.68 0.00 0.00 2.36
131 12.93 26.40 0.00 0.00 4.51
132 13.45 46.49 0.00 0.78 10.90
133 13.45 25.13 0.00 0.00 4.32
134 13.18 44.21 0.35 0.00 5.54
135 13.70 28.41 0.00 0.00 6.91
136 13.62 60.66 0.00 0.00 23.44
137 13.35 40.53 0.14 0.00 5.46
138 13.86 35.77 0.00 0.14 6.37
139 13.62 49.23 0.00 0.86 12.54
140 13.72 53.89 0.00 0.00 18.10
141 13.62 22.14 0.00 0.00 3.25
142 13.78 63.63 0.00 0.00 27.18
143 13.92 69.39 0.00 0.00 23.65
144 13.98 33.01 0.00 0.47 7.66
145 14.11 57.61 0.00 0.00 22.27
146 14.19 66.57 0.00 0.00 26.57
147 14.03 44.78 0.00 0.36 13.02
148 14.16 30.65 0.00 0.40 10.23
149 14.43 51.63 0.09 0.00 22.89
150 14.33 26.51 0.00 0.00 11.06
151 14.23 38.80 0.00 2.03 7.90
152 14.39 41.05 0.00 0.05 12.47
153 14.93 55.10 0.00 0.00 31.95
154 14.90 21.72 0.00 0.00 12.66
155 14.53 44.11 0.00 0.71 14.78
156 15.07 46.06 0.00 0.47 21.93
157 14.87 62.13 0.00 0.00 35.77
158 14.86 48.82 0.00 0.00 24.86
159 15.09 36.94 0.00 0.79 14.81
160 15.16 43.18 0.00 0.00 20.48
161 15.21 58.62 0.00 0.00 36.43
162 15.01 24.29 0.00 0.00 15.90
163 15.21 39.28 0.00 0.00 16.42
164 15.26 34.60 0.00 0.00 13.96
165 15.31 69.64 0.64 0.00 29.64
166 15.42 65.00 0.70 0.00 40.11
167 15.40 30.68 0.00 0.32 17.57
168 15.67 28.32 0.00 0.00 20.59
169 15.56 52.56 0.00 0.51 36.17
170 15.56 25.10 0.00 0.00 14.95
171 15.90 32.78 0.00 0.00 19.96
172 15.98 41.24 0.00 0.08 26.29
173 15.92 60.98 1.34 0.00 45.83
174 15.98 50.18 0.00 0.00 37.36
175 16.11 72.67 0.23 0.00 33.17
176 16.20 67.34 1.46 0.00 41.90
177 16.19 47.64 0.00 0.47 39.23
178 16.16 56.46 0.00 0.00 44.80
179 16.37 44.21 0.00 0.06 35.46
180 16.33 37.89 0.00 0.00 25.57
181 16.56 21.10 0.00 0.00 28.89
182 16.51 26.53 0.00 0.00 29.76
183 16.64 63.29 1.29 0.00 51.30
184 16.58 53.61 0.00 0.00 50.10
185 16.75 23.74 0.00 0.00 32.75
186 16.65 35.01 0.00 0.30 30.76
187 16.78 59.31 0.25 0.00 56.99
188 16.78 69.82 2.40 0.00 39.74
189 17.14 31.89 0.00 0.00 39.30
190 17.18 29.09 0.00 0.00 38.16
191 17.19 51.20 0.00 0.90 60.40
192 17.25 65.68 2.18 0.00 53.34
193 17.32 45.98 0.00 0.00 57.15
194 17.19 41.09 0.00 0.00 45.37
195 17.37 55.47 0.58 0.00 66.18
196 17.39 48.59 0.00 0.00 60.30
197 17.54 38.89 0.00 0.00 48.25
198 17.70 36.65 0.00 0.15 51.78
199 17.76 57.91 0.62 0.00 66.27
200 17.70 43.21 0.00 0.00 61.73
201 17.67 72.72 2.85 0.00 41.33
202 17.93 60.86 0.00 0.00 64.84
203 17.81 25.28 0.00 0.00 44.03
204 17.78 19.50 0.00 0.00 38.11
205 17.99 34.27 0.00 0.00 54.55
206 17.89 26.74 0.00 0.00 43.60
207 18.18 53.38 0.47 0.00 67.81
208 18.16 63.45 2.30 0.00 67.18
209 18.12 69.93 3.85 0.00 51.05
210 18.31 67.22 3.01 0.00 57.68
211 18.28 22.31 0.00 0.00 47.45
212 18.39 30.07 0.00 0.00 59.42
213 18.37 50.27 0.39 0.00 75.11
214 18.53 75.72 6.53 0.00 41.20
215 18.62 40.40 0.00 0.00 69.97
216 18.64 45.04 0.00 0.94 81.07
217 18.58 47.82 0.00 0.00 79.94
218 18.75 56.29 0.00 0.00 76.63
219 18.80 32.59 0.33 0.00 67.23
220 18.97 27.57 0.00 0.00 65.23
221 19.04 42.77 0.00 0.00 82.83
222 18.99 36.88 0.00 0.00 70.90
223 19.17 19.01 0.00 0.00 54.19
224 19.22 24.47 0.00 0.00 63.79
225 19.14 59.05 0.00 0.00 79.12
226 19.25 65.16 4.87 0.00 74.19
227 19.29 52.08 1.59 0.00 81.35
228 19.25 72.45 5.97 0.00 47.19
229 19.34 62.24 1.66 0.00 78.27
230 19.45 69.18 6.51 0.00 59.73
231 19.65 34.73 0.00 0.00 80.47
232 19.68 38.96 0.00 0.00 84.67
233 19.57 46.59 2.36 0.89 94.85
234 19.65 54.74 0.00 0.00 82.21
235 19.68 30.76 0.00 0.00 80.55
236 19.73 49.69 0.28 0.00 88.10
237 19.94 21.33 0.00 0.00 63.09
238 19.83 77.94 12.46 0.00 41.50
239 19.94 75.05 14.05 0.00 52.00
240 20.15 41.64 1.48 0.00 98.68
241 20.20 44.54 1.92 0.00 90.34
242 20.27 57.39 1.74 0.00 86.22
243 20.32 26.41 0.86 0.00 83.96
244 20.26 60.46 3.32 0.00 84.75
245 20.25 66.65 8.48 0.00 73.20
246 20.36 28.78 1.00 0.09 88.17
247 20.46 18.43 0.00 0.30 55.67
248 20.53 32.66 0.00 0.14 94.26
249 20.56 37.13 0.00 0.00 96.68
250 20.52 63.82 6.49 0.00 77.99
251 20.53 53.13 2.13 0.00 92.72
252 20.61 71.26 10.73 0.00 60.80
253 20.68 48.04 0.00 0.00 93.15
254 20.80 23.90 0.14 0.00 77.35
255 20.95 68.79 13.03 0.00 72.25
256 20.92 50.47 0.42 0.30 98.54
257 21.10 34.82 0.70 0.03 98.59
258 21.02 39.81 0.00 0.00 99.53
259 21.23 55.48 2.36 0.87 91.28
260 21.10 73.85 15.48 0.00 62.47
261 21.16 77.08 15.86 0.00 47.11
262 21.30 15.60 0.00 0.35 57.24
263 21.37 46.51 2.91 0.00 95.78
264 21.41 21.52 0.42 0.00 74.94
265 21.44 30.79 0.23 0.00 97.67
266 21.39 61.89 6.56 0.00 85.02
267 21.43 42.17 2.77 0.85 104.71
268 21.35 59.22 4.24 0.00 90.68
269 21.60 44.52 0.82 0.00 97.56
270 21.56 66.09 9.12 0.00 80.22
271 21.71 28.40 3.43 0.00 98.55
272 21.80 26.09 1.73 0.00 93.46
273 21.63 52.58 2.75 0.00 94.46
274 21.78 18.92 0.37 0.00 67.42
275 21.99 36.47 1.19 0.00 102.53
276 22.05 57.36 6.94 0.00 93.96
277 22.18 33.10 2.17 1.00 103.15
278 22.11 38.71 1.98 0.00 104.69
279 22.03 71.63 19.28 0.00 75.77
280 22.15 50.07 4.25 0.00 98.99
281 22.17 63.90 11.84 0.00 85.81
282 22.36 48.08 3.34 0.00 97.50
283 22.26 69.11 17.42 0.00 84.04
284 22.35 74.62 26.17 0.00 66.75
285 22.50 23.63 0.94 0.00 84.01
286 22.47 77.66 40.20 0.00 62.29
287 22.57 40.98 2.42 0.00 102.82
288 22.51 54.94 3.43 0.00 101.97
289 22.44 60.80 6.41 0.00 93.21
290 22.57 17.11 2.87 0.04 68.86
291 22.62 43.51 3.47 0.18 102.08
292 22.78 30.53 4.30 0.36 96.98
293 22.73 52.31 5.29 0.65 102.02
294 22.93 46.13 2.33 0.00 93.40
295 22.85 66.71 16.56 0.00 83.15
296 22.91 80.63 49.52 0.00 57.64
297 23.05 20.96 3.08 0.00 79.29
298 22.99 35.21 4.30 0.00 103.04
299 23.26 28.28 5.98 0.00 99.27
300 23.17 58.62 9.00 0.00 99.96
301 23.19 25.89 4.53 0.00 94.61
302 23.37 15.17 3.81 0.42 74.64
303 23.38 37.79 6.10 0.00 103.61
304 23.36 72.15 37.41 0.00 82.17
305 23.54 56.28 10.93 0.00 103.59
306 23.31 63.82 18.78 0.07 99.98
307 23.54 32.34 5.11 0.00 106.15
308 23.61 48.61 6.37 0.00 106.52
309 23.56 69.17 34.34 0.00 89.15
310 23.68 50.92 7.95 0.00 106.88
311 23.60 61.05 11.88 0.00 95.24
312 23.78 18.36 4.31 0.43 79.94
313 23.69 40.42 5.23 0.00 110.11
314 23.71 53.71 10.75 0.00 105.20
315 23.66 75.08 55.39 0.00 83.11
316 23.65 43.24 3.43 0.79 111.43
317 23.84 78.37 71.11 0.00 73.36
318 23.93 23.29 5.17 0.00 83.21
319 24.07 45.75 7.48 0.91 109.49
320 24.23 13.40 6.26 0.55 66.27
321 24.10 34.78 10.53 1.37 106.55
322 24.05 65.79 31.40 0.00 94.75
323 24.42 81.81 78.48 0.00 58.47
324 24.29 29.93 7.83 0.00 97.44
325 24.35 26.27 8.18 0.00 98.71
326 24.60 58.20 18.57 0.00 108.84
327 24.65 20.46 9.13 0.00 85.04
328 24.47 62.96 28.17 0.00 95.02
329 24.60 39.04 7.39 0.46 117.36
330 24.61 70.84 63.23 0.00 97.04
331 24.75 36.85 8.12 0.35 105.76
332 24.70 67.90 48.05 0.00 102.59
333 24.64 42.20 9.92 0.00 116.18
334 24.83 16.23 8.77 0.00 81.61
335 24.79 32.75 12.70 0.00 106.52
336 24.79 50.04 13.57 0.13 113.15
337 24.83 52.72 16.94 0.00 104.48
338 24.82 60.40 21.15 0.00 105.29
339 24.86 47.62 13.15 0.00 120.06
340 24.72 55.86 19.02 0.00 110.91
341 24.81 76.32 86.83 0.00 84.89
342 25.04 73.55 78.84 0.00 92.06
343 25.01 44.70 13.33 0.00 123.54
344 25.25 28.24 16.42 0.00 103.46
345 25.23 23.04 14.29 0.00 100.42
346 25.31 79.12 96.22 0.00 72.30
347 25.43 66.02 57.11 0.00 100.91
348 25.50 63.67 48.70 0.00 101.68
349 25.50 25.56 17.93 0.00 102.44
350 25.56 31.09 19.97 0.00 104.47
351 25.62 35.29 12.11 0.00 110.44
352 25.60 40.58 15.05 0.00 127.87
353 25.72 18.43 15.03 0.00 89.67
354 25.52 13.16 15.06 0.09 65.61
355 25.65 54.43 35.96 0.37 125.70
356 25.78 51.44 26.33 0.29 117.60
357 25.92 56.76 36.26 0.00 120.81
358 25.95 68.74 85.00 0.00 106.50
359 25.97 38.17 20.02 0.32 126.81
360 25.94 71.32 99.31 0.00 103.49
361 25.80 81.90 95.30 0.00 68.46
362 25.92 43.23 17.94 0.56 122.55
363 25.99 46.14 24.14 0.00 129.87
364 25.98 61.14 41.77 0.00 110.90
365 26.03 48.81 27.87 0.03 118.02
366 26.17 58.87 45.02 0.00 116.15
367 26.29 15.76 23.92 1.02 87.48
368 26.27 20.87 22.07 0.00 100.44
369 26.12 76.04 112.29 0.00 90.14
370 26.37 33.63 29.03 0.05 122.58
371 26.47 29.02 36.83 0.00 112.20
372 26.52 23.51 32.27 0.13 116.50
373 26.71 73.42 121.05 0.00 103.35
374 26.58 26.32 37.25 0.00 114.08
375 26.70 53.21 53.07 1.29 120.73
376 26.68 13.10 39.94 1.59 89.36
377 26.61 65.59 81.36 0.00 110.84
378 26.67 63.10 76.14 0.09 112.07
379 26.72 78.87 110.45 0.00 82.36
380 26.66 81.72 95.03 0.00 58.67
381 26.81 31.50 44.64 0.03 115.57
382 26.78 50.89 45.41 0.00 122.93
383 26.96 84.13 85.36 0.88 60.35
384 26.90 40.81 32.81 0.00 122.52
385 26.93 36.03 35.61 0.00 123.78
386 27.05 55.59 69.84 0.46 132.93
387 27.05 47.42 43.12 0.00 121.78
388 27.16 18.69 41.27 0.02 103.43
389 27.03 43.12 36.80 1.20 126.72
390 27.35 45.21 58.69 0.00 122.25
391 27.22 67.75 111.73 0.01 108.18
392 27.34 70.71 111.75 0.00 94.72
393 27.30 38.45 40.29 0.17 127.35
394 27.34 60.55 78.40 0.00 118.91
395 27.35 57.97 76.93 0.00 129.52
396 27.53 76.43 110.15 0.00 87.37
397 27.68 21.95 48.72 0.00 104.92
398 27.65 27.77 69.02 0.00 118.58
399 27.68 49.53 67.79 2.68 133.28
400 27.65 24.82 61.22 0.00 114.80
401 27.85 16.35 62.90 0.34 96.72
402 27.71 33.48 70.59 0.00 129.90
403 27.80 30.16 88.32 0.38 121.43
404 27.85 62.89 107.46 0.00 121.35
405 27.89 65.25 123.64 0.00 112.75
406 27.99 79.46 102.20 0.00 81.83
407 27.90 51.98 73.37 0.00 130.20
408 27.99 13.39 62.45 1.05 85.11
409 28.18 82.16 89.54 0.00 66.55
410 27.98 54.09 91.35 0.00 126.73
411 27.98 73.88 117.45 0.00 93.73
412 28.08 36.15 75.79 0.96 135.27
413 28.15 42.52 75.90 0.87 131.08
414 28.40 10.47 64.66 1.58 70.13
415 28.48 85.11 72.26 2.16 58.51
416 28.28 40.26 75.85 0.16 128.72
417 28.29 46.93 94.58 0.08 125.38
418 28.44 19.85 75.98 0.00 103.35
419 28.37 56.86 115.70 1.39 132.60
420 28.42 69.02 125.23 0.29 105.81
421 28.57 59.21 116.21 0.00 131.14
422 28.70 26.38 101.07 0.61 117.00
423 28.74 31.35 117.89 0.63 129.89
424 28.77 44.33 103.24 0.00 122.52
425 28.61 61.35 119.28 0.00 122.31
426 28.81 66.91 127.33 0.37 113.26
427 28.81 71.64 120.21 0.00 94.48
428 28.80 38.02 101.37 0.60 139.37
429 28.93 23.87 88.70 0.00 106.99
430 28.87 49.32 108.20 0.00 134.64
431 28.92 77.43 103.48 0.00 84.58
432 28.91 33.63 116.37 0.42 128.93
433 29.17 17.76 81.36 0.65 97.44
434 29.05 28.77 100.31 0.78 119.24
435 29.05 51.52 117.38 2.35 133.48
436 29.04 55.18 126.22 1.93 138.79
437 29.14 63.71 106.64 0.00 115.85
438 29.28 74.70 100.02 1.47 84.90
439 29.35 35.76 115.84 1.29 146.50
440 29.44 15.07 86.33 0.82 90.57
441 29.44 21.48 100.29 0.04 105.05
442 29.70 8.52 72.31 1.85 59.67
443 29.48 42.28 113.77 0.73 121.19
444 29.28 80.12 84.43 0.00 58.40
445 29.53 45.89 123.22 0.00 125.87
446 29.60 53.43 144.61 0.22 135.21
447 29.73 12.38 88.97 1.76 84.74
448 29.24 61.30 112.14 0.00 95.54
449 29.55 39.91 120.24 0.00 132.22
450 29.63 57.76 135.69 1.14 127.91
451 29.73 81.37 79.92 0.88 71.95
452 29.75 65.59 120.32 0.87 109.46
453 29.71 48.06 127.77 0.76 138.99
454 29.76 69.81 111.61 1.10 98.93
455 29.83 84.18 71.84 2.46 59.16
456 29.60 11.01 96.12 1.74 72.24
457 29.86 60.34 122.48 1.17 123.43
458 29.94 31.19 125.47 1.00 123.53
459 30.04 26.30 131.30 0.34 121.91
460 30.17 72.52 103.63 1.16 98.36
461 30.14 33.87 142.80 1.12 127.99
462 30.19 77.85 80.00 0.85 73.93
463 30.20 37.66 131.64 0.74 138.70
464 30.32 67.77 101.50 0.93 97.88
465 30.38 19.89 107.78 0.00 100.49
466 30.33 23.52 125.49 0.48 109.21
467 30.36 51.48 136.13 1.70 131.17
468 30.33 55.72 142.35 0.39 131.60
469 30.33 28.86 130.59 1.61 134.98
470 30.40 44.25 125.51 0.00 131.85
471 30.48 16.28 93.83 1.30 92.19
472 30.46 62.61 100.40 0.23 118.48
473 30.59 49.44 145.37 2.21 135.02
474 30.66 41.78 140.50 0.30 128.34
475 30.78 75.18 81.58 2.19 87.05
476 30.91 13.42 91.53 1.01 87.59
477 30.82 47.10 128.88 0.65 117.91
478 30.82 58.29 125.82 0.80 122.58
479 30.97 86.43 47.48 3.24 42.52
480 30.89 39.56 136.05 0.38 131.62
481 30.94 53.71 140.11 2.79 137.82
482 30.82 65.18 96.20 1.04 108.83
483 31.11 10.52 82.83 1.95 76.95
484 31.02 35.79 136.04 1.53 127.06
485 31.05 70.17 85.93 1.06 97.36
486 31.02 80.28 64.99 2.48 66.22
487 31.24 83.22 55.36 2.63 51.09
488 31.15 32.90 135.87 1.07 111.49
489 31.25 60.56 112.36 0.71 120.87
490 31.31 27.42 121.66 0.37 122.90
491 31.39 30.46 123.22 1.20 121.45
492 31.33 18.37 112.60 0.98 100.78
493 31.45 24.77 121.05 0.00 113.41
494 31.52 7.81 57.76 2.80 55.06
495 31.53 21.56 109.03 0.00 102.43
496 31.48 73.03 72.53 1.96 83.47
497 31.61 77.44 65.64 1.71 68.45
498 31.58 55.99 126.62 2.46 124.10
499 31.68 43.46 108.53 0.96 121.14
500 31.56 67.65 80.25 0.88 97.91
501 31.63 45.83 114.83 2.43 124.34
502 31.62 50.32 107.51 3.43 129.10
503 31.74 62.82 88.07 2.14 109.17
504 31.81 38.02 124.51 2.27 122.57
505 31.90 52.56 111.65 1.44 136.48
506 31.87 40.93 128.62 1.95 126.28
507 31.95 15.61 96.05 1.23 95.60
508 31.90 65.21 75.86 3.45 100.06
509 32.13 88.30 37.08 6.29 29.00
510 32.11 58.54 103.92 2.38 117.73
511 32.30 48.22 93.46 2.04 123.84
512 32.33 12.85 81.97 1.86 93.20
513 32.18 33.53 118.05 0.00 117.45
514 32.22 35.72 117.66 1.05 124.79
515 32.26 69.79 62.46 3.52 87.46
516 32.29 81.08 51.20 3.11 51.42
517 32.37 85.20 48.31 5.12 37.88
518 32.41 28.69 120.41 0.61 116.04
519 32.60 75.38 54.66 3.28 64.19
520 32.50 18.41 86.76 0.68 93.30
521 32.75 9.91 61.43 2.44 71.61
522 32.61 23.63 107.98 0.53 103.51
523 32.59 54.89 95.35 2.43 117.73
524 32.58 60.97 89.02 3.78 102.07
525 32.68 26.36 106.64 0.38 109.38
526 32.68 31.44 108.45 1.90 114.52
527 32.64 72.34 56.68 3.30 74.89
528 32.73 50.71 88.44 3.58 124.04
529 32.90 6.95 44.70 3.17 49.24
530 32.66 45.45 92.53 1.95 119.45
531 32.75 66.54 64.92 3.47 90.06
532 32.91 78.32 53.53 4.89 50.91
533 32.91 39.39 103.14 2.35 116.25
534 32.94 20.99 82.52 0.35 97.64
535 32.90 42.28 111.07 2.22 121.77
536 32.98 57.34 84.35 4.03 113.35
537 33.00 63.91 68.09 2.55 93.97
538 33.11 52.77 89.13 1.24 112.44
539 33.09 83.27 50.29 6.22 36.58
540 33.24 37.03 91.32 1.98 117.96
541 33.39 68.33 60.10 4.26 77.71
542 33.36 15.19 68.64 2.06 90.30
543 33.35 34.25 87.78 1.34 107.68
544 33.59 29.83 105.63 2.52 98.28
545 33.59 47.09 71.83 2.17 114.43
546 33.53 88.43 38.05 8.66 22.21
547 33.59 59.67 67.23 3.02 97.54
548 33.75 86.77 41.00 5.95 19.35
549 33.71 49.47 69.20 3.33 105.67
550 33.73 70.63 58.87 3.52 65.50
551 33.67 73.55 50.40 4.31 56.69
552 33.74 17.76 66.20 1.30 85.15
553 33.76 12.21 52.47 3.04 77.68
554 33.65 44.23 79.71 3.59 112.09
555 33.65 80.51 52.09 5.94 37.18
556 33.84 62.02 63.85 2.32 82.65
557 33.89 22.67 78.51 1.95 90.20
558 33.88 25.27 80.49 1.67 90.62
559 33.86 54.31 68.36 3.65 100.92
560 33.91 40.34 83.14 2.90 108.68
561 33.64 83.18 47.04 3.65 22.88
562 34.10 27.79 86.85 0.95 87.05
563 33.97 56.50 69.90 5.73 97.52
564 34.16 32.25 80.16 1.80 95.12
565 34.10 66.75 56.16 1.98 70.81
566 34.27 75.70 47.65 5.13 43.73
567 34.20 78.32 46.75 5.62 33.76
568 34.27 8.79 40.08 2.31 54.18
569 34.32 20.09 70.77 1.07 84.13
570 34.23 51.94 55.87 3.37 94.89
571 34.35 64.37 51.35 4.43 71.77
572 34.19 81.40 44.39 4.18 30.70
573 34.40 84.46 50.85 8.18 25.02
574 34.42 37.40 68.71 3.22 102.37
575 34.57 42.47 70.19 4.63 98.43
576 34.59 34.94 67.56 2.40 95.08
577 34.65 58.39 58.85 8.16 87.13
578 34.88 14.61 52.36 2.77 69.58
579 34.73 45.20 62.60 2.83 85.39
580 34.85 47.85 51.69 4.07 80.46
581 34.82 72.56 49.75 4.74 42.06
582 34.79 69.83 49.76 4.90 53.83
583 34.90 30.11 68.51 3.29 80.22
584 35.12 50.18 54.44 5.08 75.86
585 35.04 88.18 43.00 10.47 12.94
586 35.04 11.58 40.98 2.71 60.65
587 35.05 17.30 58.04 2.07 70.62
588 35.16 24.31 63.29 1.24 71.32
589 35.03 39.39 63.83 5.64 87.66
590 34.97 54.58 57.10 4.93 75.09
591 35.16 60.26 53.35 6.18 68.72
592 35.10 62.37 53.24 5.35 67.17
593 35.11 82.05 50.30 8.88 23.85
594 35.26 21.95 60.01 2.82 67.51
595 35.23 26.65 59.65 1.90 72.53
596 35.29 80.45 48.92 5.52 15.51
597 35.30 65.85 48.48 8.23 54.97
598 35.36 77.78 47.75 7.80 24.57
599 35.51 68.03 45.66 5.95 48.13
600 35.53 56.41 50.07 6.31 62.07
601 35.43 32.55 61.16 4.20 75.24
602 35.61 6.61 28.27 3.68 34.90
603 35.59 52.59 53.04 6.25 62.12
604 35.55 74.74 51.58 6.83 29.12
605 35.71 41.17 56.27 3.88 74.38
606 35.81 19.46 56.43 1.38 59.32
607 35.68 84.31 53.04 9.54 13.27
608 35.58 85.87 49.39 11.59 17.41
609 35.75 37.54 54.08 4.38 69.41
610 35.81 28.44 57.36 2.58 66.55
611 35.84 43.42 56.23 4.40 68.96
612 35.88 35.07 58.94 4.44 69.85
613 35.88 46.11 55.27 5.55 62.74
614 35.85 10.03 33.77 4.12 43.18
615 36.32 8.74 28.44 3.92 40.40
616 35.90 71.41 45.93 7.74 32.37
617 36.04 58.61 54.14 7.53 54.40
618 36.04 63.74 52.33 6.25 41.31
619 36.02 89.21 45.24 14.11 7.82
620 36.19 12.90 37.93 4.11 49.78
621 36.25 48.58 53.17 4.22 53.99
622 36.35 16.40 43.38 3.99 47.95
623 36.42 30.34 50.75 5.29 56.89
624 36.38 79.45 61.99 11.46 16.54
625 36.48 22.41 44.17 3.16 48.68
626 36.50 61.10 53.62 7.62 40.34
627 36.53 25.35 48.76 2.23 47.55
628 36.53 50.77 52.69 7.20 51.37
629 36.53 82.55 57.80 12.85 13.64
630 36.57 69.11 47.09 9.19 28.86
631 36.85 86.00 53.95 15.02 9.04
632 36.65 76.48 60.49 12.88 19.36
633 36.73 53.51 50.29 7.18 42.26
634 36.72 32.53 47.02 6.12 56.64
635 36.74 39.87 51.89 3.91 49.75
636 36.60 66.39 49.19 8.74 32.29
637 36.76 73.54 53.50 11.56 21.32
638 36.72 56.07 50.49 7.67 40.88
639 36.84 44.87 53.65 4.55 42.55
640 36.75 88.88 46.62 12.06 7.33
641 37.01 27.69 47.50 4.24 45.79
642 36.94 37.33 48.78 7.85 46.32
643 37.06 18.65 38.72 5.76 44.13
644 37.17 42.32 50.66 5.90 44.50
645 37.08 34.77 47.06 8.06 51.77
646 37.27 10.93 34.87 4.96 35.77
647 37.27 92.00 34.86 19.94 3.36
648 37.27 14.34 42.55 4.02 38.48
649 37.23 47.47 50.56 5.75 38.15
650 37.14 58.41 57.63 10.23 32.68
651 37.16 63.90 51.47 9.56 26.94
652 37.33 71.10 53.78 10.30 21.59
653 37.65 21.03 36.64 4.31 33.48
654 37.54 23.64 42.90 6.49 38.39
655 37.66 65.70 58.57 12.92 20.55
656 37.59 79.60 65.71 13.11 10.63
657 37.56 68.00 52.36 12.31 22.97
658 37.71 29.96 39.45 5.99 34.33
659 37.63 51.65 56.67 9.69 32.55
660 37.82 8.85 25.78 7.88 29.82
661 37.78 62.00 52.94 11.38 25.66
662 37.73 82.71 61.02 16.26 7.25
663 37.89 89.70 51.73 21.24 4.14
664 37.87 55.44 60.91 11.27 26.53
665 37.85 76.60 59.91 16.76 12.46
666 37.96 59.95 58.31 13.31 22.94
667 38.09 49.50 49.81 10.17 29.69
668 37.93 74.31 64.61 15.49 15.31
669 37.96 32.54 41.90 8.66 32.22
670 38.04 38.21 45.80 11.60 32.43
671 38.10 40.33 54.74 9.48 31.12
672 37.98 44.70 48.00 9.87 26.27
673 38.01 26.59 42.90 8.01 30.42
674 37.85 84.02 63.18 18.18 10.38
675 38.31 15.81 37.04 5.99 26.73
676 38.11 35.75 46.90 10.46 33.97
677 38.25 86.21 58.82 19.08 6.53
678 38.25 18.54 32.60 5.96 28.48
679 38.32 47.27 59.87 9.15 24.63
680 38.40 57.80 61.30 13.38 19.32
681 38.42 12.45 34.95 6.50 24.62
682 38.50 69.51 66.24 17.00 17.10
683 38.54 53.59 65.57 11.08 21.53
684 38.43 71.90 66.34 14.67 13.56
685 38.56 42.63 55.73 9.68 22.20
686 38.90 6.33 20.01 8.92 12.44
687 38.56 24.35 49.38 6.79 25.98
688 38.60 67.12 65.34 15.97 13.64
689 38.68 64.25 62.65 15.18 13.85
690 38.78 92.50 33.05 30.27 1.74
691 38.81 28.65 41.48 9.83 22.79
692 38.83 80.81 62.92 19.40 7.13
693 38.88 21.53 36.44 8.33 18.55
694 38.92 51.38 57.67 16.53 19.15
695 38.95 78.21 63.50 25.84 7.41
696 38.99 33.83 45.38 11.20 19.62
697 39.02 30.95 45.95 16.76 25.00
698 39.12 83.37 56.83 25.46 6.32
699 39.06 10.26 31.85 9.65 17.91
700 39.31 75.85 68.12 23.36 8.53
701 39.12 45.62 68.43 11.93 17.26
702 39.21 62.09 64.59 19.21 13.55
703 39.14 37.10 52.27 15.72 21.84
704 39.27 73.55 65.17 19.96 9.36
705 39.25 88.92 53.10 30.54 3.58
706 39.29 55.88 71.98 18.92 14.21
707 39.20 59.73 69.35 18.37 13.61
708 39.34 9.04 26.45 6.09 11.94
709 39.40 26.50 52.89 13.67 15.89
710 39.35 40.19 51.33 14.74 17.62
711 39.46 18.08 35.06 10.37 16.06
712 39.58 48.25 51.65 15.71 12.87
713 39.66 15.53 36.36 9.92 13.58
714 39.66 12.78 31.38 9.45 14.05
715 39.55 67.71 70.51 24.68 10.45
716 39.71 71.31 69.67 23.57 9.41
717 39.69 24.07 45.50 13.73 13.50
718 39.75 42.88 60.86 17.56 16.18
719 39.82 65.49 80.30 26.71 9.57
720 39.84 86.16 52.93 32.15 4.17
721 39.81 53.45 64.23 19.42 10.96
722 39.97 20.32 40.66 12.31 11.50
723 39.96 58.07 74.60 23.59 10.73
724 40.01 35.33 51.25 19.66 15.29
725 40.01 50.64 55.97 22.30 11.71
726 39.98 93.75 24.16 40.60 0.97
727 40.18 28.32 50.34 18.83 12.18
728 40.13 91.40 41.99 42.30 2.85
729 40.23 7.14 24.75 13.44 8.00
730 40.17 30.79 49.73 18.88 12.60
731 40.22 33.04 54.93 20.39 12.09
732 40.19 38.23 53.44 19.99 13.09
733 40.18 78.52 58.22 34.73 5.05
734 40.18 81.52 50.60 32.46 4.84
735 40.20 69.37 75.07 28.63 8.24
736 40.26 45.46 58.13 18.78 11.24
737 40.29 63.35 85.88 26.28 6.55
738 40.59 10.62 34.56 14.66 9.98
739 40.36 60.65 79.08 25.15 7.26
740 40.60 22.40 49.02 18.29 8.76
741 40.50 73.90 64.16 29.09 5.83
742 40.63 87.72 47.39 36.96 4.09
743 40.68 40.66 53.88 17.91 8.94
744 40.64 56.10 77.39 30.50 6.94
745 40.53 76.33 61.81 37.13 5.18
746 40.80 84.33 49.39 37.18 3.48
747 40.71 13.90 35.78 12.68 6.94
748 40.80 17.15 37.33 16.09 9.01
749 40.82 25.27 47.23 22.10 8.50
750 40.83 48.56 62.42 28.65 8.22
751 40.81 52.91 71.09 30.31 7.59
752 40.98 67.42 67.79 31.73 4.95
753 40.93 43.30 60.38 23.60 9.08
754 41.09 36.17 58.22 28.75 10.11
755 41.11 65.18 82.23 34.79 4.77
756 41.16 59.01 76.39 29.76 4.23
757 41.20 72.49 62.27 40.70 5.30
758 41.28 19.81 38.08 20.97 4.62
759 41.23 79.95 54.33 38.99 2.39
760 41.27 29.77 54.50 36.74 6.57
761 41.23 70.33 70.28 39.69 5.16
762 41.08 76.26 60.85 33.84 6.12
763 41.24 92.55 26.59 47.53 1.23
764 41.56 5.86 27.17 21.75 4.52
765 41.44 27.46 53.03 27.62 7.23
766 41.41 46.13 59.81 29.98 8.60
767 41.47 50.89 61.94 33.13 6.32
768 41.38 32.07 55.64 30.91 7.92
769 41.39 62.50 78.19 39.28 4.35
770 41.36 90.40 34.61 51.23 1.74
771 41.54 38.44 55.32 28.97 7.43
772 41.74 8.75 33.33 19.11 5.56
773 41.71 34.26 53.99 35.36 6.30
774 41.69 54.00 68.89 43.83 5.53
775 41.72 11.85 36.44 20.12 6.24
776 41.70 22.64 48.93 24.66 4.87
777 41.85 94.67 11.85 46.82 0.28
778 41.83 74.56 53.44 51.02 2.21
779 41.89 82.64 45.42 48.04 2.82
780 41.68 88.58 46.76 44.59 2.65
781 41.84 56.41 71.83 46.13 5.01
782 41.98 85.60 43.38 48.77 2.25
783 41.97 40.60 57.82 35.93 5.68
784 41.94 77.14 46.49 51.38 1.60
785 41.97 42.85 60.47 41.07 6.07
786 42.03 17.53 36.07 23.99 4.64
787 42.00 48.47 58.54 36.06 4.49
788 42.10 25.22 43.84 34.38 4.33
789 42.18 60.90 69.56 47.04 3.58
790 42.16 69.00 65.52 53.05 3.17
791 42.29 58.75 71.74 42.76 3.17
792 42.19 66.19 67.21 52.99 2.95
793 42.33 14.54 32.75 26.98 3.41
794 42.33 63.76 71.52 54.23 4.34
795 42.32 71.98 57.39 58.38 2.92
796 42.41 29.61 53.57 43.82 2.61
797 42.41 36.80 52.02 46.30 5.72
798 42.47 44.97 56.45 48.09 5.00
799 42.36 79.61 47.05 55.37 1.61
800 42.54 92.52 27.49 57.85 1.19
801 42.56 52.33 58.95 52.55 4.41
802 42.58 20.37 35.95 35.45 2.68
803 42.57 32.29 49.61 50.86 3.95
804 42.52 4.59 14.57 29.33 0.79
805 42.60 27.32 41.63 51.79 4.12
806 42.79 88.42 33.36 50.27 1.99
807 42.71 90.05 28.00 55.40 3.08
808 42.89 49.96 51.04 52.77 3.64
809 42.87 22.99 41.87 43.67 1.15
810 42.91 7.38 29.34 28.34 3.04
811 42.96 10.96 31.33 32.16 3.26
812 42.93 47.18 48.03 61.10 3.89
813 42.85 55.24 61.03 58.02 4.45
814 42.99 34.56 42.77 51.94 4.43
815 42.93 39.46 47.01 56.42 4.95
816 42.97 74.53 45.66 64.76 1.01
817 43.04 67.99 55.99 69.87 2.48
818 43.15 83.70 36.61 59.95 1.49
819 43.21 18.07 32.48 44.49 2.42
820 43.09 42.75 45.24 59.25 4.12
821 43.12 77.14 36.53 68.58 1.57
822 43.22 81.14 33.34 63.55 1.30
823 43.21 58.08 55.58 64.73 3.25
824 43.26 70.51 47.94 75.04 2.20
825 43.26 61.41 53.97 65.63 2.75
826 43.41 86.40 32.64 62.60 1.97
827 43.45 15.34 31.21 42.21 2.42
828 43.44 25.43 34.76 56.79 2.27
829 43.39 66.11 49.58 72.32 1.41
830 43.47 63.95 51.35 72.97 2.26
831 43.67 5.32 21.39 40.45 1.47
832 43.51 30.57 41.77 67.16 1.49
833 43.49 36.91 35.67 64.19 2.93
834 43.50 93.86 14.76 63.77 0.63
835 43.64 28.21 37.20 65.72 1.81
836 43.66 53.56 44.95 74.50 3.40
837 43.71 45.11 37.59 73.24 2.54
838 43.72 72.64 42.27 76.96 1.26
839 43.84 41.30 35.45 78.47 2.94
840 43.90 20.51 24.43 57.44 1.14
841 43.84 32.94 32.55 70.56 1.59
842 43.75 90.01 32.48 61.44 1.11
843 43.86 12.62 24.65 44.17 1.36
844 43.95 79.17 29.30 68.63 1.25
845 43.96 48.05 37.13 69.79 2.10
846 43.90 50.93 36.92 72.57 3.96
847 43.93 56.65 52.14 75.90 1.89
848 44.07 9.34 19.85 42.65 1.55
849 44.06 22.88 28.56 64.40 1.07
850 44.03 91.78 23.83 66.62 1.85
851 44.09 60.01 40.22 69.97 1.95
852 44.06 39.09 31.52 74.07 2.33
853 44.11 68.67 39.67 87.79 1.57
854 44.10 75.53 31.84 80.26 0.50
855 44.19 35.08 27.13 71.76 1.63
856 44.26 17.76 26.11 62.31 1.32
857 44.55 88.41 30.30 66.38 2.19
858 44.21 94.30 12.86 66.22 0.00
859 44.55 43.36 28.77 86.17 2.68
860 44.42 62.98 40.22 79.87 1.62
861 44.46 82.13 30.34 75.80 0.90
862 44.54 85.10 28.92 69.82 2.36
863 44.45 26.57 29.04 74.51 1.54
864 44.47 66.16 37.08 86.55 0.74
865 44.62 70.89 33.40 86.17 1.01
866 44.78 6.86 22.90 61.30 3.62
867 44.59 15.50 20.30 55.68 1.01
868 44.60 30.99 30.06 80.44 1.65
869 44.65 18.73 25.05 64.03 0.58
870 44.77 53.07 32.50 84.41 2.77
871 44.81 77.83 28.97 86.45 1.30
872 44.84 36.99 23.87 77.16 2.08
873 44.82 46.04 27.72 92.77 2.32
874 44.75 55.48 33.13 83.89 0.63
875 44.97 11.99 20.38 55.24 2.12
876 44.84 24.19 21.75 75.26 1.27
877 44.90 58.69 38.96 90.46 2.68
878 44.79 73.32 29.90 97.45 1.09
879 45.02 40.21 29.13 88.56 1.43
880 45.04 28.67 20.32 77.13 1.10
881 45.01 50.52 27.92 88.45 2.29
882 45.10 33.34 23.14 77.16 1.39
883 45.16 48.20 26.94 93.37 2.50
884 45.17 91.71 25.31 72.26 1.15
885 45.21 61.27 28.30 87.89 0.71
886 45.30 20.99 20.78 74.92 0.00
887 45.28 68.90 33.15 91.87 0.98
888 45.29 75.56 27.70 92.46 0.60
889 45.39 80.47 28.06 84.53 1.12
890 45.43 94.70 13.39 66.90 0.05
891 45.40 9.12 13.94 56.59 1.32
892 45.51 63.88 31.50 98.53 0.96
893 45.55 26.08 17.26 82.26 0.74
894 45.61 42.37 24.99 101.91 2.19
895 45.61 56.98 29.40 95.33 1.99
896 45.48 66.45 38.12 99.23 0.36
897 45.62 86.59 30.53 78.21 2.74
898 45.66 14.52 17.04 69.34 1.26
899 45.59 17.92 21.01 72.45 0.25
900 45.78 83.48 27.30 79.50 0.68
901 45.78 44.86 25.58 106.94 1.44
902 45.76 30.67 21.05 92.53 1.42
903 45.89 54.63 25.13 101.76 1.46
904 45.87 23.37 14.16 84.11 0.00
905 45.95 35.11 22.78 93.73 1.03
906 45.93 70.93 25.63 99.13 1.30
907 45.90 37.56 19.86 92.07 0.56
908 45.92 52.33 24.91 95.10 1.77
909 45.92 73.14 24.59 99.40 1.69
910 45.99 77.85 29.18 91.88 0.17
911 46.16 89.41 32.38 73.61 1.48
912 45.93 5.89 4.84 58.00 0.00
913 46.16 49.64 19.64 108.79 1.55
914 46.13 59.17 23.74 105.47 1.59
915 46.13 40.04 24.47 98.57 0.28
916 46.17 4.53 7.37 63.05 0.00
917 46.32 47.26 22.50 113.41 0.48
918 46.25 28.15 16.21 91.50 0.51
919 46.38 11.02 12.49 66.16 1.12
920 46.39 32.74 20.74 95.83 1.37
921 46.41 61.66 25.66 104.17 1.21
922 46.36 67.93 28.80 105.87 0.00
923 46.64 19.31 14.24 85.55 0.33
924 46.53 65.28 30.33 110.35 1.88
925 46.43 75.41 25.61 98.09 0.77
926 46.68 7.76 10.67 66.34 1.32
927 46.50 80.13 28.30 95.93 0.48
928 46.57 92.51 25.80 75.88 0.81
929 46.72 95.47 11.71 71.85 0.00
930 46.74 16.62 15.74 82.38 0.47
931 46.77 21.62 13.02 84.94 0.00
932 46.63 25.50 15.59 93.69 0.67
933 46.71 43.14 21.02 113.01 0.23
934 46.73 14.02 11.74 74.78 0.35
935 46.75 56.51 22.37 112.21 1.81
936 46.83 86.50 31.67 82.85 2.26
937 46.94 70.14 31.86 112.78 1.15
938 47.00 82.78 29.01 89.63 1.94
939 46.95 30.05 17.06 102.85 0.00
940 47.00 45.23 24.62 119.46 0.79
941 46.98 51.69 21.56 118.53 1.60
942 47.16 63.37 25.27 114.28 1.33
943 47.13 38.80 15.91 103.71 0.88
944 47.15 54.21 18.94 111.37 1.90
945 47.15 72.45 28.04 109.59 0.77
946 47.15 36.51 19.31 104.04 0.91
947 47.16 41.05 24.85 115.21 0.43
948 47.27 23.61 16.08 93.82 0.07
949 47.21 59.77 26.11 120.66 1.29
950 47.26 77.33 28.73 101.19 0.44
951 47.30 3.79 0.63 68.82 0.00
952 47.36 34.26 16.94 109.57 1.44
953 47.35 49.41 25.02 125.01 0.66
954 47.55 90.35 36.20 84.72 1.73
955 47.82 6.30 7.78 72.25 0.72
956 47.45 27.67 14.67 96.64 0.37
957 47.44 68.32 35.25 119.60 1.16
958 47.47 74.59 29.44 107.97 0.96
959 47.54 12.10 11.03 80.88 0.96
960 47.65 32.10 19.15 103.96 0.26
961 47.55 47.31 26.97 125.76 0.97
962 47.62 57.74 23.80 117.57 1.40
963 47.62 65.88 31.47 119.15 1.31
964 47.67 80.03 40.47 104.07 0.38
965 47.84 93.23 33.95 80.59 0.60
966 47.88 84.90 38.76 93.48 1.40
967 47.96 9.32 7.37 75.28 0.52
968 47.79 18.06 12.99 89.88 0.45
969 47.86 61.46 30.91 121.28 0.55
970 47.97 20.64 15.83 93.57 0.00
971 47.96 42.88 20.97 119.02 0.61
972 48.04 14.96 8.93 83.25 0.29
973 48.04 25.40 15.35 99.20 0.00
974 48.19 95.70 16.46 78.12 0.00
975 48.08 51.38 22.15 124.79 1.48
976 48.05 70.95 43.70 118.14 0.87
977 48.19 87.71 38.35 87.58 1.90
978 48.16 29.84 17.37 98.92 0.00
979 48.15 45.52 22.91 120.59 0.07
980 48.19 53.86 23.20 127.00 1.34
981 48.31 35.72 18.16 114.18 0.00
982 48.30 37.90 17.28 114.42 0.68
983 48.21 40.30 22.45 116.94 0.78
984 48.38 82.45 39.13 97.30 1.45
985 48.43 22.84 18.83 98.87 0.00
986 48.53 56.42 23.50 121.79 1.54
987 48.34 75.64 38.63 116.04 1.53
988 48.45 78.00 39.11 105.74 0.63
989 48.48 3.43 1.98 74.79 0.00
990 48.43 63.40 35.36 120.64 0.68
991 48.56 48.34 25.08 130.66 1.00
992 48.50 68.12 44.76 119.12 0.33
993 48.55 59.05 26.97 124.24 0.12
994 48.71 12.10 11.84 84.57 1.09
995 48.73 33.52 20.10 117.81 0.66
996 48.85 72.84 41.84 111.92 0.64
997 48.84 16.86 14.70 91.35 0.13
998 48.79 27.12 12.54 107.10 0.27
999 48.85 65.58 50.04 120.42 1.41
1000 48.86 90.94 40.93 88.00 1.66
1001 49.07 19.65 21.21 96.66 0.00
1002 49.01 44.28 23.51 121.93 0.16
1003 49.10 80.22 44.12 103.84 0.69
1004 49.15 31.48 20.49 117.15 0.00
1005 49.12 41.97 23.49 120.63 0.10
1006 49.12 50.61 24.66 134.48 1.68
1007 49.07 61.27 35.20 129.65 0.85
1008 49.04 5.89 4.38 77.49 0.81
1009 49.07 70.40 52.06 119.84 0.01
1010 49.24 93.88 33.06 78.76 0.36
1011 49.24 29.05 17.70 115.46 0.00
1012 49.26 53.12 24.32 123.68 0.79
1013 49.18 84.97 50.22 98.20 0.55
1014 49.28 8.83 9.34 78.07 1.26
1015 49.27 39.32 27.16 125.02 0.00
1016 49.29 24.71 16.28 103.32 0.00
1017 49.33 46.55 29.31 131.49 1.04
1018 49.27 74.91 36.74 106.97 0.43
1019 49.45 55.42 32.38 126.33 0.69
1020 49.45 87.91 42.29 89.62 0.95
1021 49.64 14.58 11.06 89.01 0.11
1022 49.47 36.76 24.12 121.67 0.00
1023 49.59 22.15 20.18 101.14 0.00
1024 49.56 63.54 52.33 129.19 0.64
1025 49.58 67.57 53.93 121.62 0.73
1026 49.58 77.45 49.42 106.24 0.23
1027 49.74 34.65 22.54 127.31 0.92
1028 49.70 59.30 41.94 135.03 0.29
1029 49.81 2.92 1.18 67.83 0.00
1030 49.86 82.50 45.10 100.88 1.16
1031 49.82 48.82 26.41 136.57 1.90
1032 49.81 11.59 9.38 87.72 0.00
1033 49.91 17.47 16.89 93.80 0.00
1034 50.01 57.37 41.49 139.09 0.32
1035 50.03 26.96 12.66 100.04 0.00
1036 50.10 72.31 46.38 110.06 0.52
1037 50.12 43.95 21.08 130.62 1.07
1038 50.10 90.77 44.32 90.67 1.89
1039 50.20 40.88 28.43 131.95 0.08
1040 50.21 29.76 14.19 111.10 0.05
1041 50.19 32.45 21.29 128.13 0.00
1042 50.16 69.91 59.12 121.17 0.19
1043 50.22 51.52 24.19 133.39 1.93
1044 50.23 61.65 42.02 131.25 0.31
1045 50.36 65.21 39.39 128.56 1.38
1046 50.27 38.35 23.17 121.08 0.00
1047 50.32 79.73 44.96 104.69 1.03
1048 50.38 6.98 7.55 83.54 0.85
1049 50.47 19.95 17.62 101.78 0.00
1050 50.43 54.06 27.78 132.80 0.98
1051 50.32 75.03 42.29 118.20 0.30
1052 50.42 85.20 46.36 93.28 1.53
1053 50.42 46.70 22.02 131.63 1.56
1054 50.42 24.59 16.13 104.00 0.00
1055 50.52 93.54 34.40 86.67 0.00
1056 50.76 35.94 19.55 127.60 0.00
1057 50.78 96.16 13.68 72.79 0.00
1058 50.78 9.61 9.72 84.39 0.44
1059 50.65 67.36 52.68 119.30 0.45
1060 50.68 88.22 46.78 95.82 1.35
1061 50.89 12.62 10.22 94.01 0.52
1062 50.76 22.50 17.78 109.37 0.00
1063 50.90 76.98 38.17 103.02 1.22
1064 51.02 42.37 19.39 134.22 0.83
1065 50.89 49.73 22.42 135.01 1.77
1066 50.91 56.32 29.13 135.26 0.81
1067 50.91 59.20 39.63 130.19 0.56
1068 51.01 63.41 37.91 136.41 0.08
1069 51.11 4.83 5.16 85.14 0.00
1070 51.21 15.10 9.75 94.17 0.00
1071 51.01 17.54 15.70 103.15 0.14
1072 51.04 33.71 20.29 123.95 0.00
1073 51.04 82.27 37.34 98.84 0.72
1074 51.18 26.22 11.87 106.96 0.00
1075 51.23 28.43 15.42 116.65 0.00
1076 51.12 73.62 44.03 123.11 0.18
1077 51.20 31.05 12.04 121.95 0.36
1078 51.30 38.04 17.30 133.24 0.00
1079 51.24 45.28 14.33 132.54 1.66
1080 51.33 61.36 32.53 138.99 0.30
1081 51.28 69.58 48.41 120.52 0.50
1082 51.34 71.74 47.37 126.89 0.17
1083 51.36 40.09 18.44 136.57 0.00
1084 51.40 52.42 14.56 131.19 1.17
1085 51.56 91.48 35.02 92.52 0.83
1086 51.51 79.27 36.22 105.46 1.00
1087 51.62 47.85 17.39 131.85 0.99
1088 51.71 21.36 9.44 101.68 0.00
1089 51.67 84.78 32.80 97.52 1.31
1090 51.70 65.22 27.91 127.50 0.45
1091 51.78 54.85 19.96 137.09 0.67
1092 51.84 7.09 6.32 86.73 0.00
1093 51.77 24.21 11.77 108.07 0.00
1094 51.71 67.60 36.80 136.27 0.00
1095 51.87 94.39 20.08 87.04 0.35
1096 51.81 57.45 25.14 139.23 0.23
1097 51.81 75.19 30.48 116.67 0.75
1098 51.98 18.41 9.00 94.58 0.00
1099 51.88 88.05 34.19 95.28 1.52
1100 52.01 10.24 6.49 87.18 0.73
1101 51.98 43.54 12.97 130.53 0.95
1102 52.10 50.21 13.93 126.60 2.08
1103 52.00 34.32 9.32 125.94 0.51
1104 52.12 36.44 15.19 135.27 0.00
1105 52.25 13.04 4.99 88.67 0.64
1106 52.18 3.61 0.00 79.89 0.00
1107 52.16 32.20 12.03 127.59 0.00
1108 52.13 59.92 24.91 139.97 0.00
1109 52.16 81.55 26.32 104.57 0.56
1110 52.28 29.69 7.03 124.75 0.00
1111 52.34 41.33 12.70 137.11 0.14
1112 52.31 62.83 22.26 138.85 0.00
1113 52.35 27.37 11.25 115.65 0.00
1114 52.52 15.77 8.40 91.40 0.00
1115 52.47 77.67 26.53 105.12 0.00
1116 52.48 45.93 11.40 135.16 1.63
1117 52.49 38.95 13.53 133.62 0.00
1118 52.42 72.32 28.96 114.77 0.00
1119 52.46 69.61 23.83 116.68 0.16
1120 52.58 52.59 9.47 125.79 1.08
1121 52.66 20.20 7.40 101.03 0.28
1122 52.67 66.80 19.57 133.09 0.00
1123 52.73 90.66 26.02 92.65 0.95
1124 52.76 86.58 25.20 95.88 1.48
1125 52.96 22.89 6.33 101.47 0.00
1126 52.85 25.42 7.83 108.96 0.00
1127 52.90 48.02 10.56 126.98 0.44
1128 52.89 58.19 18.35 133.48 0.00
1129 52.88 74.68 27.48 119.99 0.24
1130 52.95 8.29 4.73 87.63 0.57
1131 52.96 55.30 9.94 126.56 0.34
1132 53.01 83.68 21.85 97.51 0.00
1133 52.95 64.76 19.71 134.28 0.00
1134 53.16 5.56 0.89 82.00 0.00
1135 53.09 34.18 6.58 120.31 0.56
1136 53.10 43.81 11.45 132.28 1.08
1137 53.15 80.53 23.00 106.44 0.71
1138 53.19 93.19 21.59 93.08 0.09
1139 53.15 31.44 10.14 117.92 0.00
1140 53.13 61.16 15.76 136.42 0.00
1141 53.27 11.18 4.30 88.37 0.36
1142 53.18 36.85 8.31 129.46 0.00
1143 53.31 17.81 6.28 92.48 0.00
1144 53.34 50.22 9.19 125.08 1.03
1145 53.32 28.99 7.95 109.15 0.00
1146 53.49 95.87 6.00 77.54 0.00
1147 53.42 41.53 10.18 135.25 1.42
1148 53.47 68.34 21.43 133.59 0.16
1149 53.54 72.65 24.41 125.02 0.77
1150 53.61 13.97 7.36 95.14 0.57
1151 53.52 70.54 19.13 125.28 0.00
1152 53.63 76.86 20.87 110.64 0.88
1153 53.68 89.43 21.51 92.39 0.95
1154 53.66 52.86 9.79 127.87 1.49
1155 53.62 39.14 10.52 132.73 0.32
1156 53.70 45.96 12.32 137.12 0.98
1157 53.73 63.45 14.29 126.38 0.00
1158 53.74 20.49 5.27 97.07 0.00
1159 53.86 27.01 7.47 100.75 0.00
1160 53.91 57.16 9.37 133.08 0.00
1161 53.88 86.34 20.39 97.59 1.68
1162 53.98 59.45 9.87 122.73 0.00
1163 53.92 66.20 13.96 128.28 0.00
1164 54.03 79.27 17.82 109.30 0.00
1165 54.14 48.03 7.43 132.41 0.78
1166 54.12 24.85 8.48 93.00 0.00
1167 54.14 36.00 10.60 117.68 0.00
1168 54.05 74.46 17.57 119.53 0.00
1169 54.14 82.70 16.91 99.19 0.76
1170 54.15 8.38 4.30 84.74 0.27
1171 54.17 33.41 10.25 109.52 0.10
1172 54.15 31.15 11.34 108.89 0.00
1173 54.15 43.74 11.02 128.92 0.74
1174 54.25 16.00 5.95 90.53 0.23
1175 54.28 22.55 5.94 95.77 0.00
1176 54.21 54.88 10.46 132.09 0.00
1177 54.25 61.64 11.70 122.82 0.10
1178 54.43 50.61 7.96 120.02 1.49
1179 54.47 5.47 0.00 77.99 0.00
1180 54.35 92.12 15.78 92.66 0.58
1181 54.54 11.21 6.91 84.13 0.00
1182 54.46 40.63 10.22 130.22 0.00
1183 54.46 28.94 9.84 102.54 0.00
1184 54.62 18.64 8.96 91.20 0.00
1185 54.48 69.01 16.50 148.62 1.71
1186 54.64 38.25 9.66 124.59 0.23
1187 54.72 94.63 7.67 84.73 0.00
1188 54.62 71.32 15.10 124.46 0.00
1189 54.83 64.77 11.64 122.07 0.00
1190 54.88 52.95 9.44 127.26 0.00
1191 54.92 85.70 18.47 98.50 0.94
1192 54.90 45.71 12.18 123.69 0.95
1193 54.87 88.84 15.83 88.94 0.65
1194 55.04 42.40 10.32 129.73 0.31
1195 54.97 75.79 15.41 117.36 0.04
1196 55.10 13.58 8.01 84.61 0.00
1197 55.01 78.07 13.32 110.80 0.00
1198 55.01 80.89 15.04 103.88 0.76
1199 54.93 56.65 12.14 132.61 0.05
1200 55.06 66.99 13.61 127.73 0.00
1201 55.10 73.41 13.18 120.73 0.00
1202 55.18 20.79 7.74 89.67 0.00
1203 55.17 26.06 11.80 92.46 0.31
1204 55.11 34.45 10.87 109.94 0.41
1205 55.13 60.00 11.79 119.02 0.23
1206 55.15 62.64 13.52 119.49 0.14
1207 55.24 48.67 11.23 123.29 0.52
1208 55.14 31.61 8.60 106.00 0.00
1209 55.40 23.65 11.38 84.57 0.11
1210 55.41 8.40 5.82 78.26 0.94
1211 55.42 16.57 10.91 88.78 0.00
1212 55.43 28.13 9.62 97.44 0.00
1213 55.41 36.83 15.25 117.04 0.00
1214 55.53 83.58 15.37 100.79 0.80
1215 55.59 92.88 13.41 89.46 0.00
1216 55.52 4.11 0.00 79.56 0.00
1217 55.53 39.86 12.06 117.92 0.61
1218 55.54 69.18 10.21 117.33 0.00
1219 55.57 51.32 13.09 121.56 0.63
1220 55.64 54.74 13.88 122.38 0.33
1221 55.75 57.67 13.35 126.39 0.10
1222 55.81 90.44 17.65 91.97 0.33
1223 55.85 71.65 14.13 121.23 0.36
1224 55.95 43.59 17.52 122.85 0.96
1225 56.19 5.93 4.19 71.99 0.35
1226 56.34 29.50 15.20 94.78 0.00
1227 56.05 10.78 10.83 77.26 0.25
1228 55.93 45.67 12.90 125.42 0.34
1229 56.05 32.68 13.85 107.90 0.00
1230 56.17 18.93 8.84 81.68 0.00
1231 56.00 79.41 17.45 104.25 0.30
1232 56.06 65.96 15.82 124.46 0.21
1233 56.02 86.63 20.33 96.82 1.73
1234 56.26 63.99 14.00 118.13 0.00
1235 56.07 76.47 11.40 113.41 0.00
1236 56.04 88.21 11.44 91.24 0.42
1237 56.28 47.62 12.90 111.08 0.00
1238 56.26 35.06 17.37 110.90 0.00
1239 56.20 61.91 12.28 117.72 0.00
1240 56.28 13.30 8.10 79.92 0.46
1241 56.34 21.56 10.34 81.01 0.00
1242 56.24 59.78 13.35 117.71 0.53
1243 56.31 74.23 13.16 111.46 0.43
1244 56.48 26.84 19.18 89.46 0.00
1245 56.39 52.96 12.71 105.06 0.11
1246 56.36 81.99 13.21 96.98 0.37
1247 56.29 7.31 3.40 73.17 0.00
1248 56.38 50.03 13.81 112.57 0.59
1249 56.42 94.60 5.73 83.83 0.00
1250 56.43 15.70 8.22 78.90 0.00
1251 56.48 24.76 14.04 82.29 0.00
1252 56.41 41.88 15.64 114.09 0.00
1253 56.46 37.48 13.47 106.20 0.00
1254 56.47 67.97 15.41 117.06 0.00
1255 56.48 39.67 13.58 116.66 0.00
1256 56.77 55.60 14.71 106.98 0.00
1257 56.81 84.91 18.32 89.89 0.94
1258 56.89 70.12 15.91 117.79 0.77
1259 56.86 78.06 18.89 110.60 0.00
1260 56.67 92.79 10.89 91.41 0.00
1261 56.93 57.95 14.13 107.61 0.42
1262 56.95 44.82 21.37 112.03 0.00
1263 57.12 30.93 15.19 86.35 0.00
1264 57.01 72.23 18.05 108.46 0.00
1265 56.99 90.55 17.21 91.21 0.05
1266 57.13 9.43 8.80 68.54 0.52
1267 57.23 17.74 8.92 69.61 0.00
1268 57.28 33.16 13.62 88.56 0.00
1269 57.15 61.33 17.62 107.40 0.00
1270 57.32 80.40 15.37 94.83 0.00
1271 57.24 22.73 15.17 74.78 0.00
1272 57.24 87.80 22.62 93.21 0.26
1273 57.35 51.46 21.23 102.19 1.10
1274 57.34 66.12 20.95 106.70 0.00
1275 57.39 76.01 18.18 102.34 0.00
1276 57.31 35.88 15.90 85.87 0.00
1277 57.49 40.90 16.30 92.74 0.00
1278 57.35 48.95 15.43 93.49 0.14
1279 57.42 12.59 7.38 68.97 0.00
1280 57.42 38.63 16.00 86.36 0.00
1281 57.53 46.70 20.45 94.79 0.00
1282 57.43 63.75 22.90 106.84 0.00
1283 57.54 6.47 9.51 64.40 0.00
1284 57.67 42.92 22.12 98.22 0.00
1285 57.67 53.45 19.00 93.07 0.00
1286 57.40 92.90 13.44 94.83 0.00
1287 57.72 19.97 15.46 69.77 0.00
1288 57.49 74.03 19.40 102.41 0.00
1289 57.58 68.32 17.95 109.34 0.00
1290 57.62 82.80 20.57 95.31 0.00
1291 57.63 15.23 9.78 64.53 0.02
1292 57.73 95.00 6.21 77.49 0.00
1293 57.83 26.08 16.67 70.15 0.00
1294 57.80 59.69 19.34 101.26 0.00
1295 57.99 28.19 17.50 70.85 0.00
1296 57.95 55.49 19.97 94.44 0.18
1297 57.96 78.33 23.65 101.85 0.00
1298 58.09 57.51 21.23 93.28 0.28
1299 58.09 71.61 23.10 102.72 0.00
1300 58.22 85.28 27.08 83.83 0.75
1301 58.20 24.29 13.29 65.40 0.00
1302 58.20 30.34 14.90 68.45 0.00
1303 58.20 44.93 22.92 91.82 0.00
1304 58.16 90.67 20.53 83.58 0.00
1305 58.26 10.74 10.14 60.41 0.17
1306 58.20 34.17 10.49 74.75 0.00
1307 58.25 50.45 22.58 82.30 0.78
1308 58.25 61.96 28.64 98.33 0.00
1309 58.48 36.46 14.30 78.28 0.00
1310 58.42 65.28 33.48 102.19 0.00
1311 58.47 38.64 16.27 75.36 0.00
1312 58.54 69.70 20.33 100.85 0.00
1313 58.60 16.84 10.03 52.72 0.00
1314 58.47 21.76 13.50 59.10 0.00
1315 58.57 88.37 24.42 81.39 0.48
1316 58.49 47.95 21.27 77.12 0.00
1317 58.54 73.99 27.58 96.74 0.00
1318 58.70 8.09 10.36 54.08 0.38
1319 58.69 41.17 19.24 81.20 0.00
1320 58.61 67.51 22.88 99.71 0.00
1321 58.68 76.39 29.68 98.09 0.00
1322 58.74 5.14 4.44 57.73 0.00
1323 58.71 81.92 25.53 91.66 0.00
1324 58.82 32.12 18.52 69.45 0.00
1325 58.81 93.51 15.45 88.27 0.00
1326 58.72 13.93 8.38 52.98 0.38
1327 58.95 43.48 26.32 80.65 0.00
1328 59.05 52.12 22.72 69.29 0.00
1329 58.98 54.34 22.68 77.90 0.02
1330 58.99 63.64 35.49 87.30 0.00
1331 58.96 79.35 26.11 90.07 0.00
1332 58.96 59.20 24.11 82.80 0.00
1333 59.12 18.88 8.01 48.42 0.00
1334 59.14 56.57 17.25 69.68 0.00
1335 59.15 46.24 18.40 72.00 0.33
1336 59.19 27.66 18.28 75.50 0.00
1337 59.16 49.54 21.59 64.98 0.00
1338 59.33 72.12 28.84 94.76 0.00
1339 59.35 30.08 15.04 58.57 0.00
1340 59.35 61.36 28.31 76.64 0.00
1341 59.67 25.86 17.50 60.17 0.00
1342 59.29 34.42 13.14 62.41 0.00
1343 59.42 11.62 10.18 50.23 0.23
1344 59.37 23.72 14.43 58.36 0.00
1345 59.39 85.74 31.14 77.34 0.51
1346 59.34 39.39 14.37 75.59 0.00
1347 59.49 21.01 12.37 43.85 0.00
1348 59.66 91.51 26.22 75.50 0.00
1349 59.64 65.96 24.69 81.59 0.00
1350 59.61 68.05 21.05 83.40 0.00
1351 59.61 36.86 8.54 66.59 0.00
1352 59.55 74.25 38.07 87.04 0.00
1353 59.78 83.26 31.76 75.58 0.25
1354 59.67 70.16 29.81 91.43 0.00
1355 59.87 76.44 30.01 81.78 0.00
1356 59.90 6.05 6.70 42.76 0.10
1357 59.82 41.34 13.20 59.10 0.00
1358 59.91 14.38 6.87 37.75 0.06
1359 59.95 88.61 27.20 73.40 0.00
1360 60.14 43.23 16.41 59.11 0.00
1361 59.95 58.16 24.63 67.57 0.00
1362 60.09 16.77 6.66 38.71 0.00
1363 60.02 8.71 8.27 44.10 0.79
1364 60.14 45.40 15.64 55.65 0.00
1365 59.98 47.99 18.89 53.94 0.00
1366 60.07 50.60 17.52 50.40 0.12
1367 60.20 28.63 17.96 51.23 0.00
1368 60.12 32.57 11.60 55.67 0.00
1369 60.02 79.29 32.52 81.69 0.00
1370 60.07 63.32 25.34 75.03 0.00
1371 60.10 53.05 24.86 53.38 0.00
1372 60.23 55.61 16.06 53.31 0.00
1373 60.25 93.95 21.73 75.10 0.00
1374 60.23 38.84 8.58 63.20 0.00
1375 60.34 60.54 22.57 61.22 0.00
1376 60.44 18.94 9.02 34.91 0.00
1377 60.37 34.83 8.67 49.79 0.00
1378 60.61 21.45 10.99 35.86 0.00
1379 60.74 81.33 37.38 79.90 0.63
1380 60.69 71.04 25.66 75.40 0.00
1381 60.68 24.22 13.01 38.39 0.00
1382 60.59 73.58 28.99 76.33 0.01
1383 60.65 11.90 8.60 31.71 0.61
1384 60.64 30.76 14.64 46.00 0.00
1385 60.62 65.29 21.43 64.20 0.00
1386 60.62 68.60 29.80 71.37 0.00
1387 60.68 85.88 33.02 68.31 0.81
1388 60.84 37.09 11.56 50.41 0.00
1389 60.88 40.67 16.31 48.37 0.00
1390 60.98 49.28 24.03 42.70 0.13
1391 60.91 77.41 27.47 69.26 0.00
1392 60.94 26.44 14.74 37.87 0.00
1393 61.04 46.97 15.84 41.58 0.00
1394 61.27 51.50 23.31 39.05 0.00
1395 61.11 53.93 22.66 44.06 0.00
1396 61.02 7.78 6.43 34.53 0.16
1397 61.01 58.35 16.48 48.17 0.00
1398 61.19 91.78 28.18 72.62 0.00
1399 61.28 44.30 16.88 42.07 0.00
1400 61.12 62.67 23.66 65.12 0.00
1401 61.22 89.00 31.17 70.44 0.00
1402 61.22 15.44 5.53 26.05 0.00
1403 61.29 75.23 25.23 67.37 0.00
1404 61.37 83.64 35.38 62.20 0.00
1405 61.24 32.86 11.56 40.00 0.00
1406 61.41 79.61 37.43 66.54 0.16
1407 61.51 29.21 19.01 34.80 0.21
1408 61.42 66.30 23.24 57.31 0.00
1409 61.43 56.23 23.25 40.64 0.00
1410 61.52 60.54 16.49 47.54 0.00
1411 61.60 42.30 16.44 35.86 0.13
1412 61.60 94.32 13.21 57.91 0.00
1413 61.51 22.61 13.25 29.26 0.35
1414 61.41 35.35 9.84 42.07 1.28
1415 61.71 72.53 25.79 58.78 0.00
1416 61.72 10.08 8.26 23.24 0.32
1417 61.62 18.94 5.65 25.25 0.00
1418 61.87 38.18 15.96 37.04 0.20
1419 61.64 68.30 25.80 61.47 0.00
1420 61.77 12.54 7.75 25.46 0.88
1421 62.01 24.84 11.29 24.95 0.00
1422 61.90 64.12 23.19 48.47 0.00
1423 61.92 70.16 23.94 58.67 0.00
1424 62.12 48.39 22.89 30.26 1.28
1425 62.00 86.30 35.90 60.08 0.00
1426 62.06 26.95 15.90 24.34 0.00
1427 62.14 31.93 15.54 31.90 0.43
1428 62.09 40.42 14.56 31.69 0.65
1429 62.09 46.09 21.50 25.81 0.41
1430 62.06 77.21 33.49 58.42 0.00
1431 62.25 6.75 5.21 22.88 0.09
1432 61.99 58.12 22.16 37.70 0.00
1433 62.14 34.79 13.82 35.07 2.30
1434 62.08 9.07 12.01 21.58 1.38
1435 62.22 54.13 27.40 27.41 0.75
1436 62.26 22.01 9.78 22.97 0.89
1437 62.47 14.70 12.94 23.74 4.15
1438 62.43 17.06 8.79 18.26 1.49
1439 62.40 74.55 16.76 56.73 0.00
1440 62.50 82.03 35.81 56.72 0.00
1441 62.29 8.11 6.28 20.00 1.30
1442 62.45 50.69 28.64 25.14 0.92
1443 62.50 61.85 22.99 45.08 0.00
1444 62.51 66.11 24.12 46.86 0.54
1445 62.53 90.05 27.87 64.39 0.00
1446 62.50 92.42 20.99 59.74 0.00
1447 62.52 43.66 17.23 25.66 0.37
1448 62.50 79.54 36.90 58.60 0.00
1449 62.78 59.32 22.90 34.06 0.00
1450 62.53 30.13 15.74 26.17 0.63
1451 62.73 56.43 30.25 28.40 0.61
1452 62.86 19.32 7.87 17.39 1.71
1453 62.98 68.35 25.45 42.44 0.00
1454 62.82 33.72 16.27 26.36 2.75
1455 62.81 36.85 14.56 24.75 2.31
1456 62.94 70.76 28.08 44.48 0.00
1457 63.06 84.44 34.25 49.05 0.00
1458 62.97 12.84 12.64 16.23 1.96
1459 62.81 21.49 12.94 14.29 0.07
1460 62.94 29.08 17.16 13.11 3.37
1461 63.04 52.50 33.18 22.91 2.05
1462 63.11 39.48 18.94 25.31 1.96
1463 63.27 10.05 13.62 13.88 1.95
1464 63.16 23.83 11.94 19.17 1.35
1465 63.15 41.97 20.04 22.15 1.57
1466 63.25 87.28 32.82 48.55 0.00
1467 62.91 9.00 12.29 10.90 3.73
1468 63.13 48.95 29.48 20.98 3.10
1469 63.10 63.76 21.63 36.03 0.00
1470 63.15 76.61 29.33 53.72 0.00
1471 63.12 27.15 13.11 20.42 2.44
1472 63.22 45.75 20.43 21.48 1.40
1473 63.26 73.15 23.27 48.18 0.00
1474 63.48 35.55 25.71 20.21 3.50
1475 63.55 16.17 10.81 13.59 3.84
1476 63.51 31.11 19.93 18.61 2.71
1477 63.75 55.11 35.51 20.20 0.51
1478 63.55 79.13 36.41 45.76 0.15
1479 63.68 7.37 12.18 13.39 2.59
1480 63.83 21.24 10.53 11.36 3.19
1481 63.72 60.65 32.34 25.79 0.23
1482 63.63 65.73 28.20 34.29 0.00
1483 63.85 82.10 34.38 40.40 0.00
1484 63.99 43.45 23.67 15.62 3.13
1485 64.09 13.81 8.77 10.85 5.46
1486 63.83 18.68 11.36 9.72 4.21
1487 64.01 37.39 20.58 15.66 6.62
1488 63.93 50.83 31.59 17.30 3.08
1489 63.97 75.07 27.26 46.31 0.00
1490 63.86 90.28 23.90 50.03 0.00
1491 63.95 25.86 14.84 12.78 2.91
1492 63.95 29.17 16.65 16.41 5.12
1493 64.07 47.91 32.61 14.38 4.00
1494 64.00 71.33 32.76 37.97 0.00
1495 64.10 62.96 31.17 26.14 0.13
1496 64.28 67.20 34.92 30.98 0.00
1497 64.40 32.48 18.44 10.88 5.94
1498 64.21 40.30 19.22 18.28 4.55
1499 64.37 53.09 41.69 15.16 4.04
1500 64.30 92.40 15.19 47.35 0.00
1501 64.36 69.20 41.54 33.89 0.00
1502 64.43 23.76 10.80 12.96 4.54
1503 64.75 34.59 27.92 10.97 6.11
1504 64.42 77.18 27.94 37.14 0.00
1505 64.40 85.12 35.82 38.27 0.00
1506 64.33 45.84 29.98 15.00 6.25
1507 64.53 58.80 34.13 19.81 1.71
1508 64.26 88.35 25.61 46.90 0.92
1509 64.67 8.76 13.11 8.66 5.66
1510 64.67 73.27 30.32 34.31 0.00
1511 64.72 27.70 17.69 10.44 8.60
1512 64.61 64.81 33.34 22.33 1.07
1513 64.73 79.84 30.58 36.36 0.00
1514 64.77 16.51 9.88 4.92 6.08
1515 65.03 11.85 11.13 8.58 7.69
1516 64.63 22.56 12.29 3.90 3.89
1517 64.68 38.78 18.28 15.63 7.73
1518 64.89 87.43 36.18 36.43 0.00
1519 64.97 42.03 24.07 11.29 6.93
1520 64.97 61.15 36.79 16.87 1.54
1521 64.97 30.22 18.93 7.81 9.90
1522 65.02 49.36 30.64 8.50 6.88
1523 64.79 44.89 31.30 9.17 6.74
1524 65.24 82.38 31.69 31.68 0.00
1525 65.22 20.78 12.86 7.08 6.76
1526 65.18 56.82 43.74 15.35 5.59
1527 65.15 25.63 15.37 7.03 7.73
1528 65.22 54.74 44.91 15.78 4.18
1529 65.19 71.00 41.95 23.53 0.00
1530 65.43 75.51 26.87 26.09 0.00
1531 65.49 46.82 26.06 7.48 7.59
1532 65.44 90.75 20.92 42.07 0.00
1533 65.42 14.23 7.94 5.18 8.91
1534 65.24 38.26 19.55 12.63 7.99
1535 65.44 18.15 17.02 6.24 10.82
1536 65.15 65.71 38.40 20.44 0.43
1537 65.60 36.41 19.84 7.83 10.23
1538 65.45 44.44 30.83 9.59 12.49
1539 65.41 63.18 37.62 17.68 2.90
1540 65.49 68.11 39.89 21.20 0.00
1541 65.53 51.88 38.95 12.18 6.63
1542 65.65 78.01 29.16 27.71 0.00
1543 65.69 85.24 24.73 30.15 0.00
1544 65.72 23.47 9.99 6.46 9.04
1545 65.79 58.97 45.85 14.27 4.39
1546 65.73 31.85 16.97 6.71 10.53
1547 65.64 65.90 38.12 15.88 1.15
1548 66.01 73.21 26.69 20.03 0.00
1549 65.83 28.60 19.84 4.71 9.89
1550 66.03 40.93 27.58 8.01 12.18
1551 65.75 88.93 17.88 36.49 0.00
1552 65.87 80.27 24.26 27.79 0.00
1553 65.97 38.95 21.25 8.64 12.97
1554 66.04 34.25 21.00 7.75 11.31
1555 66.12 48.80 24.14 5.81 9.68
1556 66.09 10.24 9.24 4.40 10.62
1557 66.18 64.29 42.95 14.29 2.90
1558 66.24 87.86 27.83 33.14 0.00
1559 66.29 54.01 41.86 9.73 9.16
1560 66.11 69.96 44.17 18.53 0.16
1561 66.30 43.42 25.63 5.78 14.03
1562 66.27 60.86 41.86 12.01 5.78
1563 66.47 16.14 10.11 3.01 14.82
1564 66.39 56.97 40.77 11.81 7.53
1565 66.48 13.38 5.80 3.48 14.45
1566 66.41 19.21 11.43 2.74 16.81
1567 66.64 50.87 28.91 7.58 9.95
1568 66.67 66.39 37.96 13.28 3.01
1569 66.72 21.67 11.97 1.25 15.74
1570 66.68 30.75 22.66 5.84 15.27
1571 66.64 46.05 20.07 4.82 15.37
1572 66.77 83.13 25.83 26.17 0.00
1573 66.75 91.50 13.55 34.01 0.00
1574 66.79 28.21 20.08 3.52 15.80
1575 66.81 75.43 26.22 19.80 0.55
1576 66.77 33.26 18.09 5.16 18.85
1577 66.83 62.50 48.06 11.35 5.62
1578 66.91 71.39 37.41 16.01 0.35
1579 66.83 24.10 14.54 2.61 17.51
1580 66.89 37.74 15.62 4.21 16.18
1581 67.18 41.72 21.19 3.64 19.01
1582 66.90 68.66 40.63 13.39 2.41
1583 67.10 35.79 18.69 6.24 21.27
1584 67.21 10.74 7.00 1.95 18.89
1585 67.22 52.68 30.49 5.60 15.14
1586 67.30 59.63 37.31 9.18 10.22
1587 67.44 88.98 22.37 28.98 0.00
1588 67.14 48.59 16.89 5.05 16.78
1589 67.36 55.13 35.52 7.14 15.53
1590 67.32 80.60 24.84 19.65 0.00
1591 67.32 39.81 15.40 1.95 20.27
1592 67.39 44.15 17.82 6.77 24.84
1593 67.20 73.01 32.76 14.39 1.97
1594 67.54 16.86 10.50 1.91 24.81
1595 67.49 57.14 35.27 6.77 15.62
1596 67.27 85.93 27.79 24.73 0.00
1597 67.57 19.43 11.70 0.76 22.42
1598 67.41 27.33 18.24 1.93 19.19
1599 67.49 64.38 45.27 9.11 7.84
1600 67.70 25.33 17.95 0.61 21.69
1601 67.75 32.13 10.91 1.80 27.84
1602 67.90 14.13 10.93 1.15 21.33
1603 67.72 34.29 14.37 4.16 26.69
1604 67.74 46.60 14.76 3.85 24.48
1605 67.76 70.01 36.52 13.27 6.36
1606 67.89 29.72 18.22 2.19 28.93
1607 67.92 67.71 37.24 6.19 8.67
1608 67.92 22.61 14.12 0.51 24.44
1609 67.82 73.78 31.58 14.80 2.65
1610 68.14 49.12 18.12 4.81 25.71
1611 67.98 51.41 21.52 3.69 25.38
1612 68.03 61.96 36.52 6.89 12.87
1613 67.85 75.93 28.29 11.66 2.86
1614 67.78 90.21 13.58 27.42 0.00
1615 68.07 38.43 10.03 1.42 30.27
1616 68.25 78.53 27.38 13.16 1.47
1617 68.08 84.08 26.94 19.56 0.03
1618 68.04 27.65 14.50 0.00 22.17
1619 68.23 65.77 38.78 9.36 13.34
1620 68.25 54.05 22.37 5.13 26.22
1621 68.40 86.86 23.58 21.20 0.00
1622 68.01 90.95 12.83 26.99 0.00
1623 68.55 36.31 11.40 2.70 36.55
1624 68.28 41.91 12.61 2.61 31.48
1625 68.37 71.75 34.11 9.87 6.35
1626 68.48 59.65 35.53 5.52 20.00
1627 68.46 10.40 7.53 2.30 27.70
1628 68.50 44.74 10.75 3.28 35.09
1629 68.54 81.01 29.33 12.38 0.37
1630 68.49 11.89 4.41 0.97 22.66
1631 68.51 20.33 12.26 0.86 31.41
1632 68.54 57.22 31.98 2.80 23.74
1633 68.76 16.73 13.64 0.00 32.64
1634 68.74 25.05 13.41 0.00 27.73
1635 68.82 34.17 9.01 2.43 42.87
1636 68.81 63.84 37.84 6.05 18.36
1637 68.91 30.76 11.60 1.57 37.83
1638 68.65 69.28 35.76 8.07 10.40
1639 68.96 47.53 10.75 2.39 33.41
1640 68.97 89.70 19.07 21.24 0.00
1641 68.86 27.92 12.08 0.00 32.93
1642 68.99 51.33 16.37 3.58 40.04
1643 69.03 75.60 27.96 10.74 6.49
1644 69.26 21.96 15.39 0.00 34.69
1645 69.17 39.27 10.25 2.32 41.28
1646 69.18 67.26 38.05 4.87 14.39
1647 69.26 41.41 8.43 3.55 43.89
1648 69.39 13.20 9.70 0.58 29.94
1649 69.27 53.78 14.06 4.73 42.07
1650 69.20 70.20 34.02 4.10 9.56
1651 69.41 55.70 19.39 5.04 38.03
1652 69.26 61.76 33.04 5.43 26.05
1653 69.35 73.17 30.62 8.03 11.07
1654 69.34 84.44 29.88 13.72 0.11
1655 69.39 79.35 30.71 12.06 3.58
1656 69.56 32.81 7.68 0.02 41.66
1657 69.66 43.51 7.72 3.62 51.81
1658 69.59 45.70 7.73 2.28 44.93
1659 69.69 10.21 8.47 0.74 28.02
1660 69.60 18.84 13.64 0.00 35.71
1661 69.75 49.75 15.80 1.64 41.61
1662 69.66 57.80 20.68 4.57 38.91
1663 69.74 24.04 18.02 0.28 37.91
1664 69.67 65.40 40.31 6.10 20.55
1665 69.79 37.46 10.16 1.36 46.17
1666 69.67 59.74 31.81 3.43 32.76
1667 69.80 27.38 13.29 0.00 41.97
1668 70.02 77.56 28.13 9.19 6.81
1669 70.07 81.69 34.17 10.29 2.15
1670 69.98 15.26 11.52 0.20 32.99
1671 70.15 29.66 5.76 0.00 48.45
1672 70.10 35.15 9.05 1.45 47.08
1673 70.11 68.93 29.78 4.29 19.01
1674 70.34 87.14 28.09 13.30 0.00
1675 70.07 52.23 18.36 1.83 47.23
1676 70.09 71.40 31.59 5.97 14.71
1677 70.06 74.65 30.57 6.67 15.86
1678 70.14 63.44 25.92 4.10 29.77
1679 70.50 40.72 7.57 1.26 55.75
1680 70.43 47.67 13.06 3.33 55.16
1681 70.44 61.35 29.27 5.37 38.98
1682 70.54 25.79 13.26 0.00 42.58
1683 70.49 32.12 8.19 0.02 53.07
1684 70.58 20.91 10.35 0.00 41.25
1685 70.54 56.43 22.59 1.17 49.21
1686 70.58 67.01 31.99 3.70 23.23
1687 70.82 54.32 19.41 2.52 54.67
1688 70.51 75.59 28.82 6.10 14.52
1689 70.69 84.33 31.64 12.05 1.48
1690 70.77 17.51 9.47 0.00 32.52
1691 70.85 45.37 11.03 0.28 54.60
1692 70.83 42.83 9.76 2.23 57.75
1693 70.80 58.97 24.17 3.06 45.54
1694 70.95 38.86 9.73 1.11 54.07
1695 71.01 12.00 6.26 0.00 31.51
1696 70.90 73.45 28.38 5.62 22.61
1697 71.05 79.28 30.99 8.43 8.83
1698 70.97 23.19 12.43 0.00 41.57
1699 71.07 49.70 19.41 2.81 54.41
1700 70.94 65.22 28.75 2.91 32.51
1701 71.23 34.15 7.76 0.22 52.48
1702 71.22 36.74 7.83 1.39 55.08
1703 71.22 28.11 8.85 0.24 52.35
1704 71.30 14.40 9.08 0.00 35.49
1705 71.14 70.95 24.52 3.78 25.82
1706 71.19 51.88 18.89 1.82 55.74
1707 71.33 30.94 6.69 0.00 56.65
1708 71.47 63.53 21.46 3.08 37.90
1709 71.38 76.58 25.97 5.33 15.79
1710 71.29 81.75 31.71 8.93 4.69
1711 71.46 68.43 21.15 5.26 32.37
1712 71.58 61.11 22.77 2.07 50.57
1713 71.69 25.49 7.90 0.00 47.50
1714 71.81 19.67 8.38 0.00 38.86
1715 71.65 56.35 23.27 1.56 60.60
1716 71.82 47.76 19.95 1.24 60.56
1717 71.93 40.87 8.46 0.11 58.30
1718 71.63 73.32 26.68 6.48 23.30
1719 72.01 43.21 11.96 0.96 59.99
1720 71.94 58.62 23.94 1.99 55.66
1721 71.79 82.64 30.47 9.27 7.06
1722 71.96 66.08 24.92 2.66 40.72
1723 71.99 16.40 9.23 0.00 35.44
1724 71.77 22.88 11.94 0.00 45.10
1725 72.03 84.86 31.88 7.65 2.92
1726 71.89 86.62 29.57 11.63 4.44
1727 72.06 45.58 14.02 2.03 58.45
1728 72.14 53.34 21.01 0.00 56.92
1729 72.12 70.50 27.44 3.53 32.16
1730 72.40 30.13 6.99 0.00 68.63
1731 72.27 35.59 6.72 0.00 59.26
1732 72.34 38.41 6.96 0.97 60.07
1733 72.45 27.55 4.94 0.00 53.91
1734 72.37 33.01 4.46 0.69 56.54
1735 72.31 50.16 16.11 0.98 57.90
1736 72.24 72.90 24.49 4.08 26.49
1737 72.38 12.17 7.07 0.00 33.62
1738 72.40 22.57 8.98 0.00 44.30
1739 72.45 75.39 28.38 4.51 24.73
1740 72.46 80.47 37.90 9.69 22.98
1741 72.57 77.98 23.65 4.67 16.50
1742 72.46 62.48 24.89 3.71 54.89
1743 72.72 55.79 18.84 2.52 72.46
1744 72.63 68.19 24.16 2.35 39.82
1745 72.74 60.30 27.23 5.95 67.12
1746 72.85 64.74 28.78 2.59 48.32
1747 72.91 25.03 2.79 0.00 46.70
1748 72.98 83.64 26.98 6.28 10.21
1749 73.07 17.83 3.19 0.00 36.89
1750 72.94 86.78 15.96 7.34 4.82
1751 73.07 20.49 6.16 0.00 43.73
1752 73.05 47.68 13.53 1.51 63.25
1753 73.15 14.92 4.16 0.00 35.08
1754 73.21 40.46 5.36 0.00 58.72
1755 73.19 45.12 7.81 0.12 64.36
1756 73.20 51.81 24.10 1.39 67.34
1757 73.12 58.05 23.25 2.04 66.08
1758 73.22 42.98 6.96 0.00 62.53
1759 73.15 71.16 26.35 1.94 37.40
1760 73.28 36.16 6.73 0.00 62.27
1761 73.39 31.60 6.29 0.00 61.23
1762 73.35 73.62 27.07 4.84 35.36
1763 73.43 53.96 19.49 2.59 70.79
1764 73.46 66.72 26.55 1.54 44.83
1765 73.47 28.57 4.56 0.00 60.28
1766 73.54 62.99 25.33 4.52 59.35
1767 73.57 33.98 6.94 0.24 56.01
1768 73.60 49.62 13.66 1.67 65.24
1769 73.63 38.34 7.58 0.37 64.30
1770 73.64 76.44 21.79 3.85 34.22
1771 73.77 81.53 29.32 4.32 21.21
1772 73.82 22.83 1.27 0.00 44.16
1773 73.86 12.49 4.60 0.00 34.33
1774 73.77 60.95 20.79 2.34 61.82
1775 73.83 69.08 25.53 1.70 45.84
1776 73.93 79.19 29.23 4.20 30.31
1777 73.98 56.31 20.67 0.60 75.15
1778 73.97 86.19 17.95 6.77 11.06
1779 73.99 25.72 0.87 0.00 53.09
1780 74.10 64.75 25.62 3.63 55.99
1781 74.15 46.38 8.66 0.58 63.61
1782 74.35 20.29 2.08 0.00 40.35
1783 74.25 42.02 5.53 2.08 56.48
1784 74.24 58.74 20.39 2.78 77.01
1785 74.44 30.10 3.93 0.00 56.60
1786 74.39 71.51 31.18 1.53 40.27
1787 74.43 17.62 2.44 0.00 38.27
1788 74.49 35.60 3.03 0.00 57.34
1789 74.47 51.46 13.24 0.00 70.52
1790 74.51 83.80 23.08 4.34 19.91
1791 74.50 14.82 0.97 0.00 33.89
1792 74.59 27.43 0.00 0.00 51.47
1793 74.57 74.62 26.11 1.28 39.71
1794 74.61 53.85 14.98 2.19 76.72
1795 74.68 32.56 3.63 0.00 59.60
1796 74.63 44.25 5.74 0.47 60.54
1797 74.64 48.80 7.48 1.72 69.92
1798 74.68 67.27 27.19 2.00 55.19
1799 74.79 37.95 4.38 0.80 59.35
1800 74.92 40.34 0.32 0.81 56.43
1801 74.94 62.85 18.03 1.50 66.25
1802 74.48 85.72 17.79 2.98 7.39
1803 74.89 60.76 19.35 1.27 69.34
1804 74.94 77.38 27.00 3.32 42.93
1805 74.96 24.06 0.00 0.00 46.03
1806 75.19 55.97 16.38 1.09 78.79
1807 75.09 69.30 30.07 1.13 50.30
1808 75.19 65.02 23.53 1.81 60.63
1809 75.32 57.87 18.64 2.96 74.76
1810 75.28 79.78 30.93 4.17 35.56
1811 75.45 21.63 0.00 0.00 42.60
1812 75.30 12.62 0.00 0.00 31.52
1813 75.39 47.04 3.71 0.00 58.25
1814 75.45 73.05 28.75 1.36 43.77
1815 75.70 82.40 25.41 3.46 28.76
1816 75.50 34.24 1.04 0.00 58.20
1817 75.63 28.81 0.00 0.00 53.87
1818 75.61 42.68 0.00 0.00 54.76
1819 75.72 85.11 18.27 4.24 15.92
1820 75.70 18.70 0.00 0.00 38.58
1821 75.58 52.15 6.71 1.49 67.04
1822 75.69 15.97 0.00 0.00 37.57
1823 75.81 26.29 0.00 0.00 48.23
1824 75.66 49.49 2.10 0.71 62.75
1825 75.83 30.97 0.15 0.00 59.66
1826 75.85 44.94 2.56 1.38 62.85
1827 75.61 69.86 29.16 0.57 48.19
1828 75.98 36.44 0.00 0.00 55.76
1829 75.90 54.53 11.54 1.95 69.89
1830 75.93 59.60 15.38 1.40 75.12
1831 75.89 66.96 29.23 0.75 57.55
1832 75.94 76.07 30.25 2.26 43.12
1833 75.96 38.57 0.00 1.13 54.69
1834 75.83 12.16 0.33 0.00 30.61
1835 76.25 23.97 0.00 0.00 43.28
1836 76.15 61.61 15.21 2.51 77.45
1837 76.18 63.92 19.18 1.54 71.73
1838 76.33 40.48 0.00 0.74 54.41
1839 76.22 71.45 29.31 0.64 52.01
1840 76.54 32.79 1.01 0.00 55.22
1841 76.59 51.03 1.71 0.52 58.92
1842 76.55 80.02 31.44 3.73 40.80
1843 76.63 20.40 0.00 0.00 43.08
1844 76.67 48.69 0.00 0.48 57.97
1845 76.65 57.68 10.29 1.06 72.77
1846 76.77 69.07 23.68 0.88 56.03
1847 76.80 12.72 0.00 0.00 31.80
1848 76.82 46.55 0.00 1.25 57.72
1849 76.81 53.22 4.17 0.50 60.31
1850 76.87 42.57 0.00 0.57 57.39
1851 76.64 73.79 30.58 0.87 47.14
1852 76.82 27.90 0.44 0.00 47.70
1853 76.98 55.76 5.23 0.00 64.62
1854 76.93 15.44 0.66 0.00 37.74
1855 76.92 35.05 0.24 0.00 57.04
1856 77.07 66.48 20.66 0.64 61.01
1857 77.03 30.34 2.31 0.00 50.12
1858 77.26 82.79 23.29 2.34 31.36
1859 77.11 74.83 25.83 0.57 45.54
1860 77.11 77.42 30.82 1.76 45.80
1861 77.35 18.01 0.00 0.00 37.17
1862 77.15 38.22 4.62 1.95 65.20
1863 77.20 44.56 0.58 0.00 59.99
1864 77.20 59.55 9.09 0.80 72.23
1865 77.26 22.68 3.03 0.00 42.85
1866 77.23 64.18 17.23 2.47 71.17
1867 77.30 61.76 11.26 1.24 74.19
1868 77.45 25.49 0.94 0.00 45.69
1869 77.17 71.09 23.66 0.00 52.67
1870 77.45 72.29 24.25 1.24 55.92
1871 77.59 40.90 0.00 0.45 49.78
1872 77.69 51.02 0.00 0.00 53.30
1873 77.80 33.16 2.99 0.00 53.41
1874 77.87 48.41 0.00 0.10 54.21
1875 78.01 27.85 6.65 0.00 47.58
1876 78.06 79.87 26.83 0.74 42.02
1877 77.96 35.71 3.80 0.00 55.73
1878 77.95 53.69 0.94 0.36 55.76
1879 78.11 20.57 2.46 0.00 40.01
1880 77.99 69.50 17.02 1.52 60.41
1881 78.07 57.81 2.86 1.80 72.97
1882 78.13 30.20 5.53 0.00 50.81
1883 78.24 14.31 0.84 0.00 34.49
1884 78.19 46.17 1.52 0.00 53.60
1885 78.21 55.79 1.63 0.48 61.80
1886 78.32 67.20 10.94 1.27 63.23
1887 78.26 74.41 24.61 2.34 52.49
1888 78.25 37.88 6.46 0.02 54.51
1889 78.35 43.91 7.15 0.00 55.45
1890 78.42 64.94 7.74 0.07 62.75
1891 78.33 60.15 2.90 0.35 76.81
1892 78.37 62.83 8.68 1.11 68.56
1893 78.47 77.21 25.19 1.93 47.37
1894 78.44 23.52 4.66 0.00 43.34
1895 78.59 40.14 7.68 1.04 51.40
1896 78.63 17.05 1.56 0.00 39.52
1897 78.63 71.77 19.99 1.13 55.52
1898 78.82 25.82 5.71 0.00 42.82
1899 78.76 52.20 0.74 0.00 52.65
1900 78.81 32.07 8.53 0.00 50.65
1901 78.81 50.01 2.77 0.58 53.95
1902 78.97 42.21 12.30 1.78 51.63
1903 79.06 34.28 13.86 0.00 55.10
1904 79.15 36.43 11.82 0.00 52.61
1905 79.19 28.61 8.15 0.00 47.05
1906 79.16 47.73 5.65 0.00 55.89
1907 79.25 69.00 10.19 1.04 55.21
1908 79.24 61.50 4.53 0.79 67.13
1909 79.30 19.30 5.40 0.00 41.39
1910 79.26 56.20 1.66 1.93 62.07
1911 79.27 58.57 0.00 0.00 65.20
1912 79.32 21.95 7.68 0.00 41.78
1913 79.40 53.97 0.00 0.00 54.09
1914 79.51 38.80 14.32 1.24 48.72
1915 79.50 45.58 11.23 0.24 52.90
1916 79.53 75.05 17.85 1.39 55.08
1917 79.67 80.35 25.07 1.56 40.46
1918 79.62 65.80 6.90 0.57 62.96
1919 79.68 15.21 4.70 0.00 35.49
1920 79.76 31.08 13.03 0.00 45.16
1921 79.86 63.58 3.33 0.00 61.36
1922 79.83 72.17 13.27 0.54 58.25
1923 80.05 77.91 24.45 1.78 50.51
1924 79.96 43.43 10.94 0.52 49.34
1925 79.95 51.79 3.02 0.92 51.79
1926 80.01 26.13 9.57 0.00 47.10
1927 79.95 49.61 10.86 1.02 50.65
1928 80.05 40.89 20.01 1.01 55.84
1929 80.21 23.26 8.97 0.00 39.58
1930 80.10 60.31 1.54 0.00 64.85
1931 80.15 34.19 17.45 0.15 46.24
1932 80.31 17.31 6.80 0.00 39.24
1933 80.24 36.80 15.89 0.00 48.89
1934 80.24 57.24 1.26 1.26 52.09
1935 80.45 67.45 5.35 0.00 53.08
1936 80.36 28.98 13.19 0.00 44.07
1937 80.54 69.94 6.13 0.02 53.12
1938 80.40 47.57 15.43 2.01 50.77
1939 80.56 20.26 6.93 0.00 37.67
1940 80.41 54.92 2.77 0.39 53.27
1941 80.77 75.04 11.87 0.38 53.06
1942 80.77 62.14 3.66 0.79 53.79
1943 80.78 32.18 21.21 0.37 44.21
1944 80.77 45.26 18.78 1.90 50.29
1945 80.93 39.48 25.84 0.60 51.55
1946 80.88 52.75 9.16 0.37 46.71
1947 80.99 42.15 24.07 0.81 50.80
1948 81.00 58.98 4.33 0.13 57.53
1949 81.03 65.15 5.52 0.28 52.90
1950 81.06 50.28 12.69 0.00 49.77
1951 81.28 24.15 15.46 0.00 40.39
1952 81.14 26.98 14.32 0.00 42.28
1953 81.22 72.64 6.20 0.00 53.70
1954 81.27 34.95 20.76 0.00 45.38
1955 81.35 37.29 23.98 0.00 50.85
1956 81.59 15.46 10.74 0.00 31.36
1957 81.56 30.00 18.54 0.00 40.38
1958 81.54 18.19 12.08 0.00 37.07
1959 81.33 56.50 7.62 1.59 46.61
1960 81.41 78.41 13.89 1.15 45.69
1961 81.47 48.31 19.87 3.01 46.86
1962 81.72 21.76 15.27 0.73 49.13
1963 81.84 68.84 4.52 0.00 47.74
1964 81.67 54.15 16.60 0.39 47.36
1965 81.79 43.76 32.88 2.67 50.58
1966 81.81 60.65 7.04 2.62 55.07
1967 81.76 46.19 36.23 1.49 48.01
1968 81.82 63.13 6.10 2.44 52.90
1969 81.85 32.57 24.89 0.00 44.70
1970 81.99 66.51 3.31 0.00 46.02
1971 82.03 41.22 28.43 1.95 52.58
1972 81.98 51.58 15.62 0.00 48.43
1973 82.19 71.12 4.67 0.00 50.12
1974 82.07 75.92 9.82 1.12 53.95
1975 82.22 28.01 18.39 0.00 39.05
1976 82.17 58.33 11.95 0.73 45.67
1977 82.25 25.53 16.17 0.00 39.88
1978 82.23 38.95 34.76 1.57 47.34
1979 82.45 34.51 28.95 0.00 39.75
1980 82.39 49.39 28.95 3.78 48.06
1981 82.41 55.85 18.88 0.58 46.31
1982 82.64 19.22 17.21 0.00 35.83
1983 82.58 36.80 29.74 0.71 46.57
1984 82.86 73.68 6.10 0.00 48.60
1985 82.72 46.93 38.62 2.35 41.24
1986 82.67 53.19 23.17 1.23 44.35
1987 82.76 31.27 20.23 0.00 37.73
1988 82.95 16.59 10.52 0.00 30.72
1989 82.82 44.53 38.56 1.77 43.49
1990 83.05 78.24 10.84 1.37 40.93
1991 82.98 63.33 6.12 0.35 46.21
1992 83.06 65.80 5.15 0.00 46.13
1993 83.08 21.38 13.08 0.00 33.56
1994 83.15 23.67 14.08 0.00 36.12
1995 82.97 61.21 14.87 1.02 43.68
1996 83.09 42.28 37.01 3.93 48.30
1997 83.22 59.00 19.28 1.44 45.78
1998 83.24 28.98 15.02 0.00 37.62
1999 83.20 39.93 36.85 0.35 41.50
2000 83.21 50.81 35.59 1.87 40.27
2001 83.43 68.22 5.20 0.00 44.85
2002 83.35 56.91 23.12 1.20 46.33
2003 83.49 26.19 12.51 0.00 36.86
2004 83.46 33.06 21.73 0.00 39.10
2005 83.43 70.62 3.45 0.00 47.55
2006 83.58 55.10 27.55 1.72 41.23
2007 83.52 48.54 37.44 1.94 38.60
2008 83.59 35.37 27.22 1.94 41.04
2009 83.66 37.61 29.71 0.00 39.55
2010 83.90 76.11 4.86 0.21 46.02
2011 83.71 53.15 31.63 1.92 43.58
2012 83.83 46.24 37.53 0.60 36.23
2013 84.01 18.55 8.05 0.00 27.93
2014 84.01 30.87 12.84 0.00 34.89
2015 83.91 44.00 32.18 2.02 44.12
2016 84.09 60.12 29.77 0.75 42.33
2017 84.13 64.56 13.98 1.07 42.21
2018 84.28 72.93 3.05 0.00 44.12
2019 84.16 41.76 28.81 0.76 42.23
2020 84.30 28.08 7.69 0.00 33.11
2021 84.42 62.31 23.27 0.00 43.33
2022 84.35 39.51 29.76 2.24 35.65
2023 84.28 51.47 38.15 0.30 36.05
2024 84.52 20.92 8.25 0.00 26.06
2025 84.38 23.47 10.68 0.00 28.36
2026 84.41 57.62 25.09 1.29 38.10
2027 84.58 66.83 8.78 0.00 39.88
2028 84.50 33.13 20.01 0.04 33.06
2029 84.56 49.06 33.57 2.03 43.97
2030 84.63 35.40 19.22 0.28 34.81
2031 84.75 70.05 7.12 1.22 41.43
2032 84.68 53.87 30.39 2.26 41.01
2033 84.79 25.44 5.96 0.00 29.17
2034 84.80 46.86 32.68 0.77 33.23
2035 84.94 37.54 18.34 0.48 29.37
2036 84.94 44.66 30.21 2.60 30.63
2037 85.05 30.49 8.12 0.00 29.70
2038 85.11 55.98 28.74 1.55 36.02
2039 85.18 75.54 4.83 0.02 42.15
2040 85.13 59.99 25.86 0.54 39.24
2041 85.14 42.49 22.30 2.11 34.92
2042 85.15 50.99 32.49 1.50 37.76
2043 85.39 64.42 17.58 0.00 39.71
2044 85.34 27.97 5.35 0.00 25.96
2045 85.41 40.06 12.65 0.49 28.64
2046 85.42 32.96 10.66 0.00 27.23
2047 85.61 22.41 4.60 0.00 23.76
2048 85.67 58.06 30.22 0.00 37.17
2049 85.75 73.09 6.61 0.00 40.15
2050 85.71 68.04 12.72 0.04 42.45
2051 85.79 35.48 11.05 0.58 29.39
2052 85.72 49.07 28.33 1.14 36.26
2053 85.66 54.16 32.85 0.80 36.45
2054 85.80 62.14 26.41 0.19 34.41
2055 85.95 19.89 1.97 0.00 22.38
2056 85.96 25.60 2.92 0.00 24.89
2057 85.76 46.82 24.69 3.11 31.21
2058 85.91 37.69 14.39 0.00 25.99
2059 85.94 51.62 24.52 0.31 36.75
2060 86.17 31.06 5.99 0.00 24.10
2061 86.00 44.38 19.33 0.87 28.60
2062 86.27 70.73 9.59 0.00 41.08
2063 86.12 41.93 8.73 1.65 27.44
2064 86.27 28.52 3.59 0.00 23.06
2065 86.42 60.37 24.80 0.60 34.34
2066 86.66 23.54 1.69 0.00 19.47
2067 86.37 56.23 29.76 1.86 36.15
2068 86.45 33.78 9.28 0.00 25.67
2069 86.62 66.34 19.73 0.00 37.03
2070 86.49 39.46 3.30 0.05 24.96
2071 86.63 53.26 26.92 0.76 33.17
2072 86.73 63.49 27.63 0.12 33.80
2073 86.64 48.52 17.41 3.36 32.51
2074 86.76 46.13 14.47 1.94 26.71
2075 86.88 50.52 19.22 1.96 33.74
2076 87.12 21.01 1.91 0.00 17.70
2077 87.15 26.41 2.28 0.00 18.71
2078 87.04 37.03 2.63 1.34 21.03
2079 86.95 44.09 7.85 1.06 26.84
2080 87.06 57.91 26.34 1.95 29.35
2081 87.25 68.92 15.82 0.01 36.15
2082 87.14 41.59 3.31 0.48 22.50
2083 87.36 72.82 4.71 0.00 30.74
2084 87.24 31.76 2.72 1.18 20.39
2085 87.28 34.76 2.49 1.12 21.92
2086 87.28 55.14 24.99 1.82 31.32
2087 87.43 28.94 1.23 0.00 18.64
2088 87.45 39.53 2.91 1.27 23.65
2089 87.77 62.42 24.28 0.00 30.14
2090 87.55 47.78 9.34 2.10 23.28
2091 87.58 60.20 26.34 0.00 28.74
2092 87.61 53.39 19.26 0.00 27.00
2093 87.74 51.51 9.50 3.73 28.68
2094 87.78 43.17 3.39 2.72 23.44
2095 87.83 23.49 0.70 0.00 17.54
2096 87.84 64.67 23.83 0.00 27.89
2097 88.00 45.62 2.17 0.10 19.60
2098 88.25 67.50 22.21 0.00 29.15
2099 88.35 58.51 21.32 0.51 21.47
2100 88.16 37.81 0.60 1.09 19.92
2101 88.09 56.48 22.09 1.65 25.30
2102 88.20 32.88 3.19 1.47 20.21
2103 88.34 50.00 6.10 1.41 21.74
2104 88.41 35.45 0.73 1.68 16.86
2105 88.38 65.63 22.76 0.00 28.80
2106 88.59 70.54 11.83 0.00 25.09
2107 88.43 30.55 0.21 0.00 16.39
2108 88.50 25.53 2.13 0.00 15.98
2109 88.50 40.22 0.24 1.45 15.75
2110 88.56 27.80 1.35 0.50 14.44
2111 88.48 47.92 2.30 1.52 18.11
2112 88.68 53.30 9.03 1.20 22.83
2113 88.68 42.37 0.00 1.05 18.79
2114 88.82 60.63 17.78 0.79 20.90
2115 88.91 44.60 0.00 0.84 16.32
2116 89.01 55.35 15.56 0.15 18.71
2117 89.28 64.12 21.80 0.00 19.97
2118 89.14 22.85 0.52 0.04 12.99
2119 89.20 33.83 1.03 0.83 14.60
2120 89.23 37.09 1.40 0.00 14.19
2121 89.25 51.30 2.09 0.12 16.21
2122 89.33 46.76 0.00 0.98 13.69
2123 89.39 29.28 0.56 0.00 13.62
2124 89.69 57.54 13.77 0.83 19.24
2125 89.40 39.33 0.00 1.40 14.32
2126 89.51 49.10 1.74 0.00 13.23
2127 89.67 41.44 0.00 0.63 13.35
2128 89.90 27.12 1.77 0.00 11.51
2129 89.98 24.70 0.26 0.00 10.86
2130 89.56 32.91 0.00 0.67 11.11
2131 89.82 43.55 0.59 0.39 11.91
2132 89.99 31.08 0.10 0.06 10.68
2133 89.96 61.89 14.39 0.00 20.24
2134 89.98 52.95 2.01 0.00 13.46
2135 90.14 59.52 10.17 0.00 18.46
2136 90.15 35.88 0.61 1.27 11.11
2137 90.09 55.21 6.37 0.00 16.76
2138 90.40 66.55 21.61 0.00 18.14
2139 90.32 45.69 0.15 0.00 9.97
2140 90.33 38.89 0.00 0.97 9.71
2141 90.55 33.86 0.63 1.29 9.24
2142 90.45 48.12 0.00 1.45 8.45
2143 90.44 50.75 0.74 0.39 11.42
2144 90.63 64.33 17.26 0.00 18.21
2145 90.61 41.42 0.00 0.94 9.52
2146 90.91 28.43 0.71 0.00 9.27
2147 90.90 36.38 1.13 0.53 11.31
2148 91.21 26.10 0.93 0.00 8.58
2149 91.08 53.97 2.51 0.78 10.53
2150 91.00 56.37 4.93 0.00 12.61
2151 91.23 61.16 4.78 0.00 14.64
2152 91.43 29.88 0.11 0.16 8.03
2153 91.13 43.62 0.05 0.75 7.45
2154 91.51 58.56 5.01 0.00 12.83
2155 91.31 45.96 0.67 1.22 8.03
2156 91.10 40.74 0.60 0.00 7.58
2157 91.44 49.61 0.21 0.00 7.49
2158 91.53 51.70 0.00 0.00 7.88
2159 91.46 32.09 0.00 1.34 6.30
2160 91.73 39.32 0.47 1.17 5.72
2161 91.64 34.48 1.02 2.92 6.65
2162 91.86 47.77 0.00 0.67 6.27
2163 91.81 63.40 8.64 0.00 13.30
2164 92.19 56.36 1.00 0.00 9.01
2165 92.11 44.00 0.00 1.38 4.46
2166 92.26 53.97 0.00 0.00 7.47
2167 92.37 27.51 0.00 0.00 6.06
2168 92.53 60.87 2.99 0.00 9.92
2169 92.52 32.40 1.17 0.97 5.14
2170 92.52 37.96 0.46 0.00 5.15
2171 92.28 45.73 0.00 1.45 7.07
2172 92.55 50.26 0.32 0.57 6.27
2173 92.84 29.66 0.00 0.00 4.87
2174 92.94 58.47 0.54 0.00 6.55
2175 92.81 46.31 0.00 2.69 3.72
2176 93.07 51.91 0.00 0.96 3.94
2177 93.05 40.38 0.00 1.60 3.21
2178 93.28 34.10 0.64 1.44 3.26
2179 93.59 56.11 0.00 0.00 4.07
2180 93.30 38.43 0.54 0.21 2.55
2181 93.58 44.82 0.00 1.34 2.83
2182 93.33 54.80 0.00 0.03 5.68
2183 93.71 35.86 1.67 1.72 2.80
2184 93.56 62.17 2.53 0.00 6.44
2185 93.77 31.29 0.00 0.00 1.54
2186 94.06 53.61 0.03 0.57 3.25
2187 94.03 60.16 0.19 0.00 2.92
2188 94.20 47.45 0.17 0.17 0.97
2189 94.12 57.70 0.00 0.00 1.80
2190 94.23 39.87 0.00 1.28 2.57
2191 94.38 41.99 1.02 0.55 1.95
2192 94.30 30.28 0.00 0.00 1.35
2193 94.41 38.27 2.23 0.37 2.19
2194 94.79 32.44 1.36 0.00 0.00
2195 94.76 45.73 0.00 1.22 0.00
2196 94.81 37.10 1.91 0.00 2.19
2197 94.89 51.97 0.00 0.00 0.00
2198 94.91 55.50 0.00 0.00 0.64
2199 95.04 49.46 0.00 0.00 0.74
2200 95.06 34.22 0.00 0.36 0.11
2201 95.25 57.02 0.00 0.00 0.72
2202 95.15 40.49 0.63 1.75 0.00
2203 95.37 42.61 0.00 0.68 0.48
2204 95.34 54.35 0.00 0.00 0.00
2205 95.51 47.40 0.92 0.00 0.00
2206 95.33 44.60 0.80 0.46 0.00
2207 95.47 35.92 0.54 0.68 0.00
2208 95.69 52.80 0.00 0.00 0.00
2209 95.55 31.41 0.00 0.00 1.43
2210 95.94 37.86 0.86 0.00 0.00
2211 95.92 50.65 0.00 0.00 0.00
2212 95.84 33.08 0.00 0.00 0.04
2213 95.74 41.11 0.00 0.92 0.00
2214 95.80 34.65 0.67 0.00 0.00
2215 95.82 43.70 0.00 0.62 0.00
2216 95.97 39.60 1.44 0.08 0.00
2217 96.30 45.09 0.99 0.00 0.00
2218 96.40 35.34 0.41 0.00 0.00
2219 96.32 42.82 0.00 0.00 0.00
2220 96.56 33.62 0.00 0.00 0.00
2221 96.36 41.02 0.28 0.00 0.00
2222 96.90 47.30 0.00 0.00 0.00
2223 96.99 42.64 0.00 0.14 0.00
2224 97.28 36.93 0.00 0.00 0.00
2225 97.80 45.04 0.00 0.00 0.00
2226 98.05 39.08 0.00 0.00 0.00

