#<Embryo name> <Cleavage cycle> <Temporal class> <Genes>
ca1 14A 8 even-skipped Kruppel giant

#Data without background#<Nucleus number> <A-P coordinate> <D-V coordinate> <Fluorescence intensity: channel 1 - eve, channel 2 - Kr, channel 3 - gt>
0 2.09 48.82 0.00 0.00 0.00
1 2.34 43.26 0.05 0.00 0.11
2 2.26 46.22 0.00 0.00 0.00
3 2.58 49.86 0.00 0.00 0.00
4 2.83 52.11 0.00 0.00 0.00
5 3.62 47.40 0.00 0.00 0.17
6 3.29 44.86 0.00 0.00 0.10
7 3.27 54.83 0.00 0.00 0.00
8 3.64 50.89 0.00 0.00 0.00
9 3.98 39.59 0.71 0.00 7.20
10 4.30 52.78 0.00 0.00 0.00
11 4.09 44.71 0.00 0.00 1.13
12 4.13 55.53 0.00 0.00 0.00
13 3.93 36.79 0.73 0.00 12.03
14 5.12 38.23 1.94 0.00 22.08
15 4.93 43.14 0.00 0.00 6.72
16 4.99 58.24 0.00 0.00 0.00
17 5.11 48.14 0.00 0.00 0.65
18 5.57 40.78 0.09 0.00 21.24
19 5.24 45.93 0.00 0.00 2.25
20 5.20 50.61 0.40 0.00 0.28
21 5.64 53.91 0.00 0.00 0.00
22 5.44 56.58 0.00 0.00 0.00
23 5.73 35.57 1.35 0.00 43.64
24 5.91 51.30 0.00 0.00 0.15
25 6.18 61.53 0.00 0.00 0.58
26 6.27 33.28 1.16 0.00 53.92
27 6.22 43.55 0.00 0.00 10.90
28 6.21 36.61 1.21 0.00 42.49
29 6.33 59.02 0.00 0.00 0.00
30 6.34 46.23 0.00 0.00 12.82
31 6.56 48.64 0.00 0.00 3.14
32 6.83 38.56 0.49 0.00 42.81
33 6.84 52.38 0.00 0.00 0.00
34 6.99 54.63 0.00 0.00 0.00
35 7.07 46.19 0.00 0.00 17.29
36 7.19 35.47 0.78 0.00 52.74
37 7.28 41.51 0.99 0.91 41.84
38 7.54 60.36 0.00 0.45 0.00
39 7.65 44.29 0.00 0.00 27.88
40 7.59 57.07 0.00 0.00 0.00
41 7.65 32.32 0.40 0.00 51.25
42 7.66 49.84 0.00 0.00 11.08
43 7.72 48.50 0.00 0.00 13.12
44 8.25 51.97 0.00 0.54 6.89
45 8.25 36.93 0.95 5.91 60.49
46 8.37 39.31 1.03 1.49 54.53
47 8.48 30.13 1.10 8.54 39.66
48 8.39 34.06 1.07 8.39 60.26
49 8.48 46.92 0.00 1.36 25.55
50 8.36 54.45 0.00 0.84 0.06
51 8.79 61.73 0.00 0.00 0.00
52 8.73 41.84 0.09 3.17 55.39
53 8.95 59.38 0.00 0.00 0.00
54 9.10 44.48 0.04 2.52 54.18
55 8.90 56.88 0.00 0.00 0.00
56 9.10 49.74 0.00 0.83 24.76
57 9.33 65.44 0.00 0.09 0.06
58 9.41 32.06 1.58 14.91 32.75
59 9.67 34.78 1.78 6.72 60.18
60 9.79 37.19 1.08 6.92 52.61
61 9.77 52.82 0.00 7.83 2.71
62 9.87 29.01 0.72 5.12 26.53
63 9.82 39.63 0.59 8.47 55.10
64 10.11 55.19 0.00 7.30 0.00
65 9.99 47.78 0.00 2.98 40.94
66 10.14 60.96 0.00 2.08 0.00
67 10.20 42.08 0.59 5.75 55.32
68 10.31 57.48 0.00 3.13 0.00
69 10.18 63.88 0.00 0.00 0.00
70 10.51 45.05 0.00 3.08 45.76
71 10.23 58.86 0.00 3.51 0.20
72 10.59 51.19 0.00 10.23 7.09
73 10.55 26.28 1.44 6.97 4.52
74 10.69 31.24 0.00 13.82 9.46
75 10.82 33.94 1.30 9.51 26.37
76 10.92 68.20 0.00 0.00 1.55
77 11.11 65.74 0.00 1.56 1.05
78 11.71 35.58 0.97 13.99 8.27
79 11.31 49.48 0.00 15.21 33.81
80 11.49 27.63 0.80 12.06 1.06
81 11.12 39.21 0.00 7.09 27.00
82 11.12 54.24 0.00 9.17 0.00
83 11.41 59.93 0.00 1.75 0.00
84 11.33 62.77 0.00 2.02 0.00
85 11.34 24.32 0.38 11.56 0.31
86 11.49 47.09 0.00 12.99 32.27
87 11.18 29.54 0.84 12.28 10.65
88 11.36 42.47 1.54 20.31 35.64
89 11.78 57.38 0.00 6.20 0.19
90 11.87 70.38 0.00 0.00 17.12
91 11.71 52.43 0.00 9.53 3.37
92 11.69 55.40 0.00 10.20 0.81
93 11.91 32.16 1.16 18.84 5.53
94 11.84 29.50 0.92 12.35 4.16
95 12.06 44.88 0.00 18.66 10.10
96 12.41 40.44 1.72 33.98 5.31
97 12.40 38.01 0.00 17.26 3.03
98 12.22 66.91 0.00 0.00 8.83
99 12.39 24.19 0.00 16.12 0.26
100 12.50 25.97 0.00 8.03 0.00
101 12.59 50.57 0.00 17.04 7.10
102 12.78 54.04 0.00 9.59 1.16
103 12.82 48.06 0.37 20.93 3.91
104 12.80 60.45 0.00 5.66 1.95
105 13.00 42.93 0.00 35.77 2.47
106 12.87 62.71 0.00 7.40 1.82
107 13.00 29.63 1.98 18.01 0.53
108 13.13 56.46 0.00 7.33 0.83
109 13.49 69.69 0.00 0.00 40.91
110 13.38 45.61 0.00 31.42 4.06
111 13.32 35.18 0.69 18.90 2.33
112 13.33 66.67 0.00 0.00 30.20
113 13.53 23.15 0.75 15.74 0.00
114 13.70 32.76 0.00 19.20 0.90
115 13.63 52.08 0.00 21.38 4.18
116 13.74 37.33 0.03 18.96 1.92
117 13.66 20.81 0.00 16.60 0.00
118 13.91 26.02 0.00 16.24 1.12
119 14.13 64.13 0.00 0.00 27.56
120 13.90 40.50 0.00 31.49 2.31
121 14.03 49.30 0.00 20.12 3.86
122 14.03 58.57 0.00 6.33 1.92
123 14.46 54.13 0.00 19.55 3.47
124 14.15 67.09 0.00 0.00 35.26
125 14.43 29.76 1.32 18.45 1.43
126 14.55 43.38 0.00 41.80 3.61
127 14.77 71.80 0.00 0.00 34.87
128 14.57 46.56 0.00 45.15 6.46
129 14.58 56.34 0.00 7.91 4.20
130 14.48 21.65 1.54 17.83 0.29
131 14.84 35.44 1.22 23.13 2.12
132 14.98 27.44 1.07 13.96 2.41
133 14.59 19.75 0.00 21.28 1.60
134 15.01 38.62 0.01 28.36 4.04
135 15.32 60.43 0.00 3.52 16.40
136 15.06 23.26 2.35 25.57 3.34
137 15.12 51.56 0.00 27.17 7.12
138 14.92 20.67 0.71 19.60 3.14
139 15.28 66.24 0.00 0.00 42.78
140 15.19 32.70 1.63 28.10 3.39
141 15.15 68.96 0.00 0.00 29.33
142 15.43 41.17 0.40 40.87 9.42
143 15.29 62.69 0.00 1.76 8.15
144 15.55 48.72 0.00 29.39 10.46
145 15.56 58.07 0.00 6.68 5.71
146 15.33 55.68 0.00 3.40 3.37
147 15.77 25.07 1.09 23.57 5.35
148 15.81 45.65 0.00 47.67 15.63
149 15.46 20.02 2.10 27.36 4.43
150 15.58 74.50 0.00 0.00 23.78
151 15.94 29.86 0.60 34.55 6.33
152 16.06 43.38 1.15 44.30 17.69
153 16.08 20.69 0.44 27.10 3.73
154 16.11 54.07 0.00 13.10 9.20
155 16.19 37.11 1.29 37.16 10.88
156 16.41 72.19 0.00 0.00 24.83
157 16.21 18.50 0.30 20.16 4.41
158 16.44 34.52 0.74 41.04 9.57
159 16.45 27.30 0.68 25.60 7.44
160 16.67 63.01 0.00 0.00 33.31
161 16.61 68.71 0.00 0.00 45.94
162 16.44 39.57 0.77 44.48 19.26
163 16.48 50.79 0.29 36.84 17.77
164 16.45 76.38 0.00 0.00 15.23
165 16.58 32.31 1.90 34.44 12.64
166 16.56 56.84 0.00 9.18 6.73
167 16.80 65.65 0.00 0.00 43.67
168 16.43 22.56 1.17 24.98 10.61
169 16.81 47.71 0.23 33.71 44.18
170 16.82 59.89 0.00 3.71 5.08
171 16.70 24.09 1.53 23.45 8.08
172 17.06 41.93 0.96 31.57 63.31
173 16.87 21.61 1.91 27.40 9.14
174 17.10 44.81 1.96 37.33 66.12
175 16.94 75.05 0.00 1.32 16.26
176 17.52 52.44 0.00 25.64 36.25
177 17.57 55.12 0.00 21.75 19.25
178 17.53 30.41 2.40 43.21 21.73
179 17.68 20.44 1.96 26.98 15.78
180 17.54 36.64 0.26 48.10 30.55
181 17.85 22.49 2.53 29.01 27.07
182 17.66 25.15 2.20 22.25 23.24
183 17.61 39.34 1.19 29.28 72.47
184 17.64 78.17 0.00 0.07 7.31
185 17.59 19.24 2.54 22.65 10.83
186 17.52 74.17 0.00 0.00 13.25
187 17.77 27.75 2.19 31.16 24.76
188 17.82 49.54 0.00 13.14 65.94
189 17.93 58.17 0.00 6.36 12.40
190 18.28 70.01 0.00 0.00 25.33
191 17.79 33.60 1.10 40.02 33.73
192 18.16 72.66 0.00 0.00 9.89
193 18.10 46.75 0.00 20.53 118.80
194 18.10 60.96 0.00 0.00 7.71
195 17.82 76.50 0.00 1.08 8.21
196 18.08 64.47 0.00 0.00 14.44
197 18.07 67.18 0.00 0.00 9.15
198 18.12 17.43 0.73 20.10 25.37
199 18.43 44.01 0.49 13.30 129.39
200 18.59 41.60 1.96 22.09 115.46
201 18.76 36.20 1.89 29.13 119.65
202 18.60 75.18 0.00 0.00 5.81
203 18.64 30.87 1.16 17.39 82.92
204 18.93 56.14 0.00 11.35 24.57
205 19.19 18.22 1.29 13.78 79.03
206 19.00 38.83 0.43 17.91 126.53
207 18.99 33.47 1.79 26.88 130.20
208 19.02 51.11 0.00 19.59 82.28
209 18.86 53.63 0.00 11.37 41.14
210 18.87 78.26 0.00 1.56 3.78
211 18.89 20.95 2.93 16.91 55.39
212 19.01 24.25 1.33 15.75 86.08
213 19.00 27.08 1.38 16.68 82.86
214 19.08 62.67 0.00 0.00 7.74
215 19.19 48.42 0.00 16.67 99.59
216 19.36 58.81 0.00 1.62 14.39
217 19.43 65.44 0.00 0.00 10.77
218 19.28 67.69 0.00 0.00 12.60
219 19.53 45.73 0.00 19.06 146.95
220 19.68 29.32 2.13 22.66 134.67
221 19.49 73.92 0.00 3.19 5.92
222 19.49 75.62 0.00 0.00 6.07
223 19.91 60.88 0.00 0.14 9.66
224 19.85 43.23 0.00 17.97 153.17
225 19.91 40.83 0.00 11.68 126.82
226 20.15 31.98 0.60 15.16 143.29
227 20.19 22.35 1.50 19.64 117.26
228 20.32 35.02 1.14 16.38 157.96
229 19.99 76.93 0.00 0.98 4.20
230 20.31 19.52 1.18 11.12 120.11
231 20.11 37.22 0.00 15.92 144.96
232 20.30 25.14 2.17 13.87 120.01
233 20.32 53.51 0.00 12.74 52.18
234 20.26 56.19 0.00 3.75 27.59
235 20.41 50.63 0.00 6.12 89.75
236 20.62 63.02 0.00 0.00 10.05
237 20.55 47.56 0.00 8.41 145.44
238 20.34 70.66 0.00 0.63 7.70
239 20.16 73.22 0.00 0.84 6.16
240 20.38 15.83 1.62 5.20 77.03
241 20.54 67.68 0.00 0.00 6.87
242 20.72 27.65 0.73 11.16 142.34
243 20.48 38.40 0.97 21.03 157.16
244 20.79 58.86 0.00 0.00 18.83
245 20.90 65.04 0.00 0.00 9.96
246 20.99 44.88 1.04 7.40 170.39
247 20.98 39.68 0.00 10.43 163.81
248 21.16 72.77 0.00 1.39 13.11
249 21.26 42.23 0.00 9.13 166.24
250 21.17 75.12 0.00 0.00 11.22
251 21.39 17.23 1.42 11.07 120.90
252 21.25 30.33 2.04 15.68 160.07
253 21.06 77.30 0.00 0.82 4.55
254 21.49 60.84 0.00 0.00 16.08
255 21.24 69.98 0.00 0.58 9.94
256 21.23 81.12 0.00 4.44 6.02
257 21.42 33.41 2.32 17.25 170.86
258 21.50 49.38 0.00 11.03 93.07
259 21.45 56.54 0.00 0.00 27.09
260 21.50 36.89 2.32 5.76 179.73
261 21.59 23.23 1.47 7.81 126.45
262 21.24 67.54 0.00 1.26 5.13
263 21.55 82.49 0.00 4.21 6.04
264 21.52 20.73 2.59 5.36 120.16
265 21.81 51.82 0.00 7.33 64.57
266 21.71 54.10 0.00 0.75 41.02
267 21.75 25.76 1.48 11.88 156.09
268 21.93 46.99 0.00 8.38 135.42
269 21.89 76.62 0.00 0.00 7.39
270 21.78 79.83 0.00 3.59 9.50
271 21.91 69.67 0.00 0.03 7.44
272 22.06 39.77 0.00 9.32 139.93
273 22.33 58.70 0.00 0.00 21.51
274 22.24 64.99 0.00 0.00 11.92
275 21.84 73.96 0.00 0.00 12.73
276 22.36 62.56 0.00 0.05 15.78
277 22.38 28.79 1.74 6.50 157.60
278 22.27 44.47 0.00 2.78 152.68
279 22.49 31.68 0.64 11.21 164.52
280 22.52 35.06 0.00 8.14 161.38
281 22.67 15.34 0.61 4.05 101.42
282 22.75 42.15 0.00 0.63 134.27
283 22.54 72.65 0.00 2.34 10.91
284 22.51 80.49 0.00 4.06 8.81
285 22.95 20.55 1.51 7.83 129.43
286 22.86 37.83 0.00 7.43 166.59
287 22.75 18.10 0.14 3.88 112.33
288 22.73 56.20 0.00 0.15 31.01
289 22.82 49.31 0.00 2.99 76.72
290 22.98 23.65 1.94 7.70 135.22
291 23.00 69.26 0.00 0.00 10.19
292 23.05 53.72 0.00 1.72 47.68
293 23.44 73.41 0.00 0.53 10.51
294 23.18 26.66 1.63 6.07 151.30
295 23.23 46.74 0.00 2.00 115.64
296 23.25 51.71 0.00 2.83 69.13
297 23.32 60.54 0.00 0.00 23.59
298 23.31 66.30 0.00 0.00 17.64
299 23.26 77.99 0.00 1.55 11.89
300 23.37 40.13 2.80 10.08 160.27
301 23.55 33.70 1.80 6.51 136.39
302 23.57 63.48 0.00 0.00 19.60
303 23.68 44.16 0.00 0.38 108.28
304 23.48 79.94 0.00 3.26 7.99
305 23.68 82.98 0.00 5.34 9.69
306 23.76 57.95 0.00 0.00 28.17
307 23.87 29.07 0.00 7.12 103.96
308 23.91 36.38 0.81 3.01 160.86
309 23.88 31.27 0.32 8.11 138.70
310 23.95 55.34 0.00 0.09 37.50
311 24.03 16.78 1.24 1.92 88.62
312 24.06 50.12 0.00 0.00 65.57
313 24.08 70.70 0.00 0.23 15.77
314 24.19 68.08 0.00 0.00 20.51
315 24.38 18.89 1.14 2.41 91.04
316 24.35 21.69 1.17 3.02 91.41
317 24.19 24.81 1.68 3.19 118.51
318 24.36 48.07 0.42 0.32 82.38
319 24.47 41.79 1.46 3.28 112.41
320 24.40 84.14 0.00 2.68 8.40
321 24.59 39.09 0.10 4.35 121.43
322 24.48 52.18 0.00 1.17 56.53
323 24.35 77.30 0.00 1.60 20.13
324 24.53 61.51 0.00 0.00 30.83
325 24.58 45.80 0.00 0.09 86.99
326 24.78 27.14 0.00 2.29 117.54
327 24.60 65.29 0.00 1.98 26.63
328 24.42 78.91 0.00 0.52 15.83
329 24.59 80.20 0.00 0.70 16.11
330 24.76 59.24 0.00 1.12 38.91
331 24.82 74.77 0.00 1.13 14.61
332 24.78 33.95 0.00 4.05 118.97
333 24.98 54.04 0.00 1.11 48.76
334 25.02 56.62 0.00 1.27 40.92
335 25.11 72.29 0.00 0.00 16.83
336 25.15 63.19 0.00 0.00 29.74
337 25.17 31.11 0.81 5.68 103.06
338 25.34 43.57 0.00 2.56 71.82
339 25.14 15.39 1.01 1.79 57.51
340 25.25 36.61 0.47 4.17 129.00
341 25.32 49.41 0.00 2.66 62.83
342 25.08 81.58 0.00 5.10 12.52
343 25.50 23.93 0.94 2.18 88.01
344 25.39 69.78 0.00 0.76 27.45
345 25.42 67.18 0.00 1.49 27.47
346 25.58 20.80 0.46 2.56 66.04
347 25.57 17.20 1.63 5.25 76.13
348 25.57 78.98 0.00 3.40 25.23
349 25.95 84.79 0.00 4.43 21.99
350 25.74 28.89 0.40 2.41 101.44
351 25.82 41.34 0.76 3.15 73.09
352 25.66 46.15 0.87 0.90 71.66
353 25.53 77.17 0.00 2.87 22.33
354 25.73 52.00 0.00 0.00 57.22
355 25.80 18.88 0.00 5.08 71.38
356 26.01 38.98 0.27 2.88 100.91
357 25.83 60.39 0.00 0.51 40.22
358 25.72 13.58 0.04 0.00 30.77
359 26.03 57.89 0.00 1.99 43.31
360 25.92 64.94 0.00 0.00 27.76
361 26.00 33.90 1.12 2.24 98.48
362 26.25 26.45 1.16 1.93 83.53
363 26.09 55.05 0.00 1.04 50.43
364 26.32 81.63 0.00 3.49 27.42
365 26.24 75.65 0.00 2.26 22.18
366 26.38 73.06 0.00 0.14 33.52
367 26.37 62.59 0.00 0.26 42.88
368 26.44 15.05 1.02 1.09 52.79
369 26.24 48.02 0.00 0.00 56.70
370 26.58 31.28 0.69 4.11 86.18
371 26.53 36.43 0.85 2.00 91.39
372 26.58 50.40 0.20 2.06 57.95
373 26.63 70.38 0.32 1.90 39.44
374 26.73 11.86 0.00 0.00 33.60
375 26.80 21.78 1.03 1.34 68.42
376 26.57 67.65 0.00 0.78 40.05
377 26.59 78.08 0.00 2.56 31.26
378 26.98 43.12 1.24 1.28 68.36
379 26.76 45.75 0.89 1.09 72.84
380 26.80 85.49 0.00 4.75 32.43
381 27.03 24.34 0.39 0.54 71.56
382 26.90 53.12 0.00 1.37 52.66
383 26.97 40.72 2.68 1.85 75.52
384 27.13 60.46 0.00 1.44 50.16
385 27.01 19.42 0.00 0.06 54.53
386 27.04 64.61 0.00 1.01 45.71
387 27.07 28.42 0.35 1.85 74.88
388 27.10 33.82 2.18 2.83 77.72
389 27.25 58.53 2.47 1.58 57.15
390 27.30 38.45 1.51 1.97 78.19
391 27.13 56.13 0.71 0.80 55.61
392 27.08 79.20 0.00 3.18 32.73
393 27.30 48.50 0.48 1.04 62.20
394 27.28 13.53 0.77 0.00 48.42
395 27.56 17.34 0.00 0.00 48.12
396 27.39 75.57 3.45 1.65 43.48
397 27.57 73.88 2.65 0.00 42.37
398 27.53 81.85 0.50 3.09 40.33
399 27.69 50.95 0.08 0.00 57.78
400 27.59 66.69 18.93 3.20 63.26
401 27.49 68.97 8.54 0.00 44.34
402 27.72 71.67 36.59 1.39 60.84
403 27.73 62.32 5.32 0.79 67.30
404 27.67 35.65 0.44 3.08 76.89
405 27.75 15.05 0.51 0.17 45.67
406 27.84 26.06 0.16 0.04 67.13
407 27.77 85.41 0.00 5.13 30.62
408 27.82 30.67 0.35 4.54 72.16
409 28.35 44.95 0.48 1.78 69.80
410 28.00 55.02 0.12 1.20 58.77
411 27.97 53.11 0.00 0.00 62.30
412 27.92 22.75 0.00 0.00 48.10
413 28.14 32.85 0.18 3.00 75.33
414 28.13 47.17 0.07 0.73 67.49
415 28.57 12.52 0.26 0.00 36.74
416 27.99 19.32 1.16 0.00 53.25
417 28.12 40.57 1.17 2.89 65.87
418 28.29 76.52 68.75 2.99 47.92
419 28.17 78.91 16.19 0.67 48.14
420 28.22 64.35 130.80 0.07 64.40
421 28.32 20.79 1.00 1.83 53.64
422 28.70 28.16 0.33 1.12 60.12
423 28.33 42.68 2.00 1.37 64.00
424 28.50 57.11 4.75 3.03 60.00
425 28.29 59.39 7.67 1.77 72.26
426 28.34 37.61 0.99 0.00 71.25
427 28.53 69.87 125.20 2.66 67.09
428 28.63 67.16 160.99 3.16 76.59
429 28.71 81.58 49.40 3.90 63.95
430 28.83 24.77 0.00 0.90 59.81
431 28.49 34.83 2.06 0.00 52.71
432 28.61 52.58 3.64 1.99 76.39
433 28.81 72.98 114.42 1.08 59.36
434 28.69 15.78 0.62 0.00 41.60
435 28.76 61.75 117.12 3.54 85.10
436 28.96 51.46 2.12 1.08 80.40
437 28.94 18.01 1.13 0.26 57.00
438 28.98 31.15 0.42 0.00 58.52
439 29.35 84.71 29.77 5.63 64.91
440 29.09 39.14 1.62 0.17 63.91
441 29.14 33.83 2.04 0.72 67.28
442 29.63 36.66 2.72 1.44 71.67
443 29.45 54.61 27.88 2.06 86.71
444 29.54 49.82 9.20 2.69 97.69
445 29.31 59.33 184.79 2.21 102.07
446 29.37 78.11 75.95 3.27 78.57
447 29.54 10.60 0.13 0.00 34.86
448 29.34 41.18 2.04 3.35 74.48
449 29.34 47.61 4.20 2.55 80.52
450 29.35 64.33 169.44 4.13 100.57
451 29.50 21.06 0.86 0.00 52.20
452 29.50 43.55 1.19 0.53 76.07
453 29.60 75.56 104.58 5.08 102.25
454 29.62 68.07 129.50 3.93 84.43
455 29.80 13.95 2.39 0.00 45.41
456 29.65 70.65 94.20 4.47 53.32
457 29.74 32.86 2.73 2.70 74.02
458 29.63 38.19 3.40 4.15 76.05
459 29.95 45.97 19.18 4.40 100.22
460 29.87 61.68 186.10 3.51 115.66
461 29.85 16.38 2.47 0.00 51.55
462 29.93 24.02 1.89 0.00 59.33
463 30.00 29.77 0.52 0.00 68.41
464 30.06 56.78 180.86 1.50 95.54
465 30.61 34.95 9.32 1.48 79.45
466 29.87 52.21 17.83 1.39 106.18
467 30.26 81.09 48.48 7.11 111.80
468 30.05 26.71 1.69 2.82 59.35
469 30.20 72.98 92.31 3.65 102.77
470 30.15 18.83 5.15 0.00 67.57
471 30.30 39.79 14.09 0.91 81.46
472 30.28 65.85 148.60 4.66 143.72
473 30.55 42.20 40.03 4.07 95.87
474 30.40 77.26 48.47 1.77 86.33
475 30.41 59.16 203.74 6.66 143.47
476 30.51 83.17 18.26 5.56 79.26
477 30.56 32.40 7.66 1.34 79.91
478 30.68 63.54 144.35 4.61 132.80
479 30.61 21.88 11.80 0.00 75.45
480 30.89 44.01 57.21 2.95 109.69
481 30.61 11.64 7.17 0.00 43.71
482 30.82 70.51 53.18 5.58 121.61
483 30.79 52.76 195.37 5.74 151.25
484 30.93 68.06 57.08 4.43 137.43
485 30.79 14.71 14.88 0.00 58.73
486 30.84 17.37 13.50 0.54 67.03
487 30.81 12.97 11.65 0.00 57.90
488 31.06 24.40 12.28 0.87 79.40
489 30.98 54.93 184.29 3.29 147.77
490 31.19 48.80 205.93 4.04 141.03
491 31.16 75.37 42.55 3.86 110.70
492 30.95 27.80 16.29 1.18 81.64
493 30.98 37.86 20.60 1.61 88.90
494 31.08 61.37 113.26 5.75 177.23
495 31.45 85.34 9.27 7.32 94.11
496 31.31 56.95 194.26 5.24 139.92
497 31.54 72.67 31.73 4.07 136.56
498 31.59 19.68 113.23 0.73 79.59
499 31.41 78.00 21.68 3.22 100.18
500 31.64 26.02 116.71 2.39 98.72
501 31.52 32.39 62.55 3.86 99.13
502 31.59 59.12 120.42 4.90 187.31
503 31.58 50.96 196.16 8.97 180.49
504 31.62 65.51 54.56 4.51 177.42
505 31.88 10.82 90.94 1.67 73.82
506 31.70 22.16 118.78 1.32 81.38
507 32.31 36.72 179.84 5.26 151.11
508 31.88 16.08 126.43 1.36 88.38
509 31.85 13.16 101.88 0.93 79.15
510 31.97 42.07 183.96 2.68 131.55
511 31.98 46.20 185.38 5.87 169.26
512 32.02 53.05 146.28 5.08 206.25
513 32.07 63.32 54.98 7.26 185.50
514 32.17 28.05 151.83 4.25 107.00
515 32.10 38.98 177.65 6.17 158.47
516 32.13 34.42 186.89 1.88 127.20
517 32.02 69.96 19.59 6.64 98.30
518 32.10 81.58 9.88 5.59 93.77
519 32.17 55.30 107.64 6.03 183.83
520 32.32 67.78 28.18 7.19 140.27
521 32.44 76.72 10.35 5.16 110.64
522 32.33 30.65 180.66 2.24 102.23
523 32.38 60.98 74.14 5.07 182.64
524 32.48 23.86 137.91 2.75 117.89
525 32.37 49.24 159.37 9.58 220.71
526 32.64 74.51 9.00 4.38 110.69
527 32.49 83.63 5.26 4.83 71.39
528 32.61 58.04 69.60 3.97 163.78
529 32.77 85.91 0.05 7.95 57.50
530 32.67 21.12 135.89 5.56 127.67
531 32.86 78.98 4.35 5.48 98.12
532 32.85 44.39 176.22 8.83 210.62
533 32.83 71.55 15.12 5.32 117.91
534 33.01 87.58 1.26 10.38 64.97
535 32.88 32.27 169.66 1.97 147.10
536 32.99 17.97 128.15 3.35 139.44
537 32.77 19.38 141.79 2.18 134.91
538 32.92 40.37 161.41 3.29 188.84
539 32.95 65.55 20.64 4.98 142.83
540 32.87 51.37 77.19 5.56 183.28
541 32.98 26.14 156.63 4.42 140.39
542 33.19 9.17 67.25 0.99 71.90
543 33.42 89.25 0.00 9.60 45.68
544 33.15 12.42 88.25 1.23 124.39
545 33.12 15.04 94.26 2.46 128.92
546 33.16 47.17 125.61 5.57 222.19
547 33.26 53.54 58.57 6.71 188.80
548 33.15 56.09 55.97 6.00 202.30
549 33.21 16.61 91.81 3.52 129.07
550 33.41 82.02 0.85 6.22 63.92
551 33.24 42.54 99.87 3.53 190.00
552 33.33 62.81 36.92 7.34 163.95
553 33.42 68.62 10.25 3.56 79.33
554 33.38 34.24 154.89 6.09 165.01
555 33.40 29.40 157.52 5.68 140.49
556 33.50 59.83 31.40 6.02 175.95
557 33.57 38.33 112.58 4.92 194.42
558 33.59 49.51 76.11 4.50 189.20
559 33.65 22.33 100.21 3.11 172.49
560 33.80 76.61 0.00 4.73 66.57
561 33.92 74.04 2.08 5.96 84.52
562 34.09 31.87 58.29 4.85 175.23
563 34.01 24.62 76.20 5.02 175.15
564 34.04 57.76 24.76 5.16 168.78
565 33.95 71.20 7.82 7.20 103.68
566 34.04 51.47 50.42 7.95 194.22
567 34.06 19.34 94.37 5.71 161.71
568 34.08 65.37 25.52 8.59 126.50
569 34.21 85.14 0.17 8.72 44.70
570 34.11 26.94 82.27 4.14 163.97
571 34.15 36.25 69.46 6.62 204.30
572 34.02 40.69 59.93 3.91 179.37
573 34.30 43.05 50.92 4.52 183.29
574 34.17 55.29 25.88 5.02 182.84
575 34.23 79.35 0.00 5.74 56.24
576 34.26 10.98 53.07 2.90 126.85
577 34.31 14.55 65.13 1.43 138.04
578 34.33 47.55 34.13 6.65 189.82
579 34.40 61.23 17.92 7.17 149.04
580 34.44 67.27 4.14 7.12 98.22
581 34.61 53.20 24.70 6.52 185.70
582 34.63 63.47 12.87 8.71 140.61
583 34.59 34.12 92.90 8.03 197.49
584 34.77 45.17 33.77 5.88 183.07
585 34.80 69.52 1.02 6.98 101.66
586 34.82 88.65 2.25 11.76 29.07
587 34.73 38.51 40.20 6.93 200.34
588 35.00 17.57 49.00 2.07 146.72
589 34.87 22.23 47.10 3.91 170.74
590 35.01 49.50 26.04 5.74 191.65
591 34.86 81.43 0.00 4.06 32.57
592 35.10 59.42 5.83 7.86 141.89
593 35.03 75.38 0.00 6.55 56.57
594 35.06 72.51 1.44 8.42 87.27
595 35.28 30.05 37.92 5.42 198.38
596 35.11 41.02 25.77 7.17 209.04
597 35.19 78.21 0.00 6.03 43.09
598 35.22 56.97 10.72 7.83 165.28
599 35.32 9.34 25.35 2.23 79.92
600 35.24 24.75 42.16 4.15 168.10
601 35.36 27.37 42.56 3.91 181.47
602 35.18 85.03 3.40 7.62 37.34
603 35.30 32.46 38.98 6.81 187.82
604 35.25 82.69 2.63 8.14 43.50
605 35.34 55.00 13.52 4.83 144.17
606 35.34 12.12 35.10 3.17 127.08
607 35.48 20.21 28.33 3.88 148.69
608 35.37 36.19 27.78 4.80 198.21
609 35.54 51.65 9.29 5.19 167.70
610 35.59 64.94 0.00 7.55 99.61
611 35.45 47.21 22.82 5.02 165.57
612 35.65 43.43 19.15 4.98 192.50
613 35.69 67.54 0.97 6.72 89.91
614 35.78 15.06 28.43 2.70 142.34
615 35.67 62.22 2.04 6.38 116.79
616 35.89 91.33 36.26 10.65 9.70
617 35.69 86.96 15.32 7.17 20.92
618 35.81 38.58 24.78 7.06 179.72
619 35.97 70.63 0.00 7.99 69.70
620 36.12 53.82 6.27 9.51 155.83
621 36.04 88.50 31.18 13.54 23.21
622 36.15 33.87 23.35 4.50 185.62
623 36.14 22.74 27.42 3.02 156.49
624 36.19 58.23 2.49 8.89 112.04
625 36.24 73.75 0.00 7.81 53.68
626 36.14 79.77 3.47 7.70 32.09
627 36.35 76.88 3.95 8.44 35.43
628 36.35 45.53 6.70 6.60 169.75
629 36.27 83.67 61.42 13.96 25.40
630 36.31 41.18 8.44 6.17 178.13
631 36.43 17.78 21.17 4.37 132.85
632 36.40 49.95 2.82 5.74 123.34
633 36.34 30.95 24.70 4.47 151.35
634 36.50 48.02 5.75 6.86 180.11
635 36.54 56.11 2.67 8.38 121.80
636 36.41 60.50 2.22 7.13 84.64
637 36.47 28.46 16.33 6.27 156.07
638 36.58 12.74 23.74 4.21 135.41
639 36.59 25.66 19.52 4.98 160.60
640 36.54 36.45 17.89 4.71 157.17
641 36.79 8.84 13.09 1.84 74.65
642 36.77 65.72 0.60 8.48 72.99
643 36.86 68.90 0.83 8.93 57.53
644 36.88 20.44 18.34 4.42 150.39
645 36.88 52.11 1.81 9.25 112.18
646 36.87 63.12 1.15 9.15 71.64
647 37.19 86.80 79.25 14.93 11.57
648 36.97 38.78 4.39 7.22 148.31
649 36.77 43.28 3.16 4.36 117.42
650 37.10 71.75 0.99 10.07 50.67
651 37.24 80.65 86.39 8.57 15.66
652 37.22 32.07 10.61 2.02 162.34
653 37.35 34.65 8.48 7.06 159.27
654 37.35 54.12 2.13 8.80 96.93
655 37.60 14.74 5.33 4.74 101.80
656 37.24 75.17 7.09 7.74 36.51
657 37.45 58.17 2.26 7.46 84.33
658 37.61 22.70 7.23 4.91 128.07
659 37.38 29.70 6.10 3.85 128.25
660 37.42 45.54 4.31 9.09 125.31
661 37.47 60.72 0.44 10.45 63.46
662 37.56 41.02 2.53 7.91 112.19
663 37.32 43.47 5.18 6.14 117.68
664 37.47 11.67 4.55 4.17 83.82
665 37.54 27.26 5.50 5.11 110.23
666 37.73 48.32 2.25 7.29 115.78
667 37.52 50.72 1.48 8.52 86.70
668 37.81 83.13 97.24 13.23 10.43
669 38.00 77.87 103.80 11.64 17.19
670 37.81 18.11 4.92 3.56 119.27
671 37.73 36.73 2.31 3.41 98.86
672 37.86 55.76 4.42 11.68 86.45
673 37.77 25.03 5.09 5.39 125.99
674 37.70 67.32 4.63 10.92 53.95
675 37.83 64.71 5.18 8.43 48.73
676 37.84 70.22 4.32 9.80 33.60
677 38.07 73.03 69.07 9.52 23.92
678 38.06 43.22 2.44 9.41 105.17
679 38.03 62.76 9.92 15.57 60.67
680 37.98 19.99 4.81 6.54 122.36
681 38.21 38.85 3.09 9.26 129.45
682 38.47 28.47 4.26 6.67 133.05
683 38.20 32.90 5.49 7.07 135.50
684 38.15 52.68 3.42 5.84 57.21
685 38.55 10.73 2.69 5.20 77.05
686 38.49 30.65 4.36 5.50 124.90
687 38.64 75.34 138.11 11.87 16.55
688 38.34 59.41 9.73 8.18 55.25
689 38.47 15.92 3.15 7.53 93.12
690 38.48 21.25 3.96 2.71 101.27
691 38.57 34.92 4.02 8.41 104.75
692 38.47 50.49 5.93 10.27 71.65
693 38.54 68.46 47.35 11.81 34.08
694 38.62 7.61 2.13 3.37 57.69
695 38.60 45.65 5.04 12.90 86.88
696 38.56 57.33 13.15 10.37 73.82
697 38.97 80.47 78.73 13.56 5.66
698 38.91 85.63 69.01 24.54 8.06
699 38.86 92.45 34.14 24.16 4.44
700 38.85 66.12 134.00 14.44 24.16
701 38.92 70.77 123.28 15.44 22.46
702 38.75 88.87 44.43 18.21 6.17
703 38.84 26.13 2.51 7.71 107.07
704 38.71 54.11 13.25 9.25 69.59
705 38.85 61.64 95.61 6.47 20.48
706 38.93 23.74 3.24 7.09 92.68
707 38.99 36.81 3.30 13.77 96.39
708 38.81 41.17 3.80 8.55 105.76
709 38.88 47.98 11.32 14.42 78.50
710 38.90 18.58 3.43 4.50 82.06
711 39.23 63.95 166.40 14.88 23.87
712 39.27 52.05 141.93 10.99 38.71
713 39.33 55.59 169.07 9.87 42.68
714 39.23 59.71 155.79 13.50 32.87
715 39.46 13.63 6.48 6.39 63.74
716 39.32 19.80 2.84 4.82 82.97
717 39.35 32.33 5.24 8.50 91.66
718 39.27 43.33 11.85 8.64 84.27
719 39.60 73.19 146.70 15.64 14.12
720 39.58 77.72 106.99 18.54 5.97
721 39.48 7.80 2.02 6.54 52.57
722 39.43 38.91 7.37 8.54 92.45
723 39.57 49.74 135.33 12.45 32.22
724 39.56 17.18 6.16 6.41 69.75
725 39.71 57.43 166.17 16.31 26.99
726 39.60 29.93 5.61 6.29 74.44
727 39.64 34.73 6.31 12.95 86.76
728 39.78 68.69 143.39 21.32 12.86
729 39.82 27.66 5.63 7.56 94.43
730 39.96 53.73 188.12 17.77 34.03
731 39.73 47.27 95.02 13.30 36.53
732 40.21 83.45 44.82 31.71 4.10
733 39.88 89.21 38.82 30.64 2.43
734 39.73 15.65 5.71 10.46 63.57
735 40.04 87.23 41.91 28.70 3.91
736 39.92 10.71 11.01 4.82 43.15
737 40.13 90.89 17.81 26.69 3.72
738 40.07 41.19 131.83 9.00 54.75
739 40.06 25.62 8.72 8.51 70.58
740 40.25 62.03 163.33 17.31 14.86
741 40.08 22.68 9.81 7.16 74.21
742 40.24 75.39 98.93 27.56 8.98
743 40.12 36.91 19.32 14.20 71.17
744 40.32 66.48 164.27 22.33 13.88
745 40.47 71.08 107.39 24.95 9.80
746 40.30 19.95 11.55 6.74 63.25
747 40.36 43.58 151.37 8.39 28.63
748 40.44 59.63 170.05 18.16 18.51
749 40.80 80.27 42.52 41.73 3.55
750 40.45 8.29 16.34 8.37 38.19
751 40.39 38.89 119.92 10.46 39.32
752 40.46 30.81 43.77 9.07 63.01
753 40.81 50.54 184.31 20.67 26.27
754 40.82 64.45 143.23 22.06 11.73
755 40.77 45.87 178.43 16.68 35.64
756 40.70 35.01 128.51 12.95 47.11
757 40.82 48.36 169.57 20.14 23.81
758 40.77 55.70 142.76 15.37 17.34
759 40.89 52.25 171.07 19.47 18.62
760 40.97 15.49 84.22 11.57 28.52
761 40.91 77.71 57.24 25.89 3.21
762 40.75 24.51 58.38 5.08 41.85
763 41.13 73.30 48.00 36.94 5.06
764 41.45 12.64 88.43 10.28 19.13
765 41.16 57.83 143.04 22.47 14.54
766 41.26 9.95 73.00 8.91 19.47
767 41.24 26.57 122.84 15.54 34.53
768 41.22 68.87 76.87 38.93 9.01
769 41.55 87.40 14.49 60.31 2.46
770 41.38 22.56 115.59 9.25 24.08
771 41.21 32.65 148.90 11.06 29.98
772 41.42 37.24 169.04 15.18 32.86
773 41.35 39.88 174.17 15.94 35.92
774 41.39 19.12 131.47 9.95 25.08
775 41.33 20.87 137.40 9.67 28.45
776 41.40 42.39 159.82 16.78 24.71
777 41.59 30.43 150.67 13.17 24.15
778 41.61 53.83 119.72 27.83 10.60
779 41.60 60.46 98.17 26.87 10.79
780 41.67 62.69 95.45 28.20 6.14
781 41.50 82.01 21.74 40.22 3.42
782 42.23 90.71 7.83 69.24 1.98
783 41.78 75.72 52.21 43.91 1.64
784 41.79 66.90 70.47 42.84 6.47
785 41.76 83.78 19.25 43.65 2.89
786 41.77 7.55 52.48 9.18 7.81
787 42.03 24.11 130.69 19.48 23.50
788 41.80 44.70 156.21 21.27 22.56
789 41.94 71.06 25.66 40.10 3.96
790 42.02 28.47 160.03 15.90 19.18
791 42.01 34.70 182.82 16.69 23.92
792 41.99 47.11 124.89 23.89 14.45
793 42.14 55.90 108.35 33.78 8.37
794 42.81 93.45 0.03 68.36 1.98
795 42.24 49.49 70.86 23.40 5.90
796 42.11 51.40 108.50 28.53 11.95
797 42.24 64.89 60.79 41.19 6.99
798 42.35 58.42 90.60 32.74 7.32
799 42.50 32.24 162.22 23.77 16.14
800 42.45 68.83 21.90 48.73 4.44
801 42.57 73.27 27.00 62.59 2.21
802 42.57 41.07 166.62 24.65 16.21
803 42.55 80.29 12.40 59.96 2.27
804 42.64 11.39 75.41 20.48 7.58
805 42.63 9.36 69.41 19.28 6.24
806 42.93 25.48 119.48 27.09 12.76
807 42.67 38.34 158.81 28.01 13.81
808 42.61 43.51 116.90 27.89 14.18
809 42.63 19.58 124.22 16.97 12.37
810 42.94 60.79 64.76 47.83 5.52
811 42.69 53.69 58.36 42.17 7.61
812 42.88 36.33 145.44 25.17 18.55
813 43.00 6.44 38.88 18.83 2.26
814 42.82 22.11 111.86 18.20 12.76
815 42.87 30.00 101.51 29.87 11.93
816 43.07 63.01 41.37 54.96 4.82
817 42.92 84.02 2.39 66.23 1.03
818 43.27 47.94 58.16 40.57 4.64
819 43.14 17.01 95.43 36.32 6.29
820 43.14 66.87 37.28 62.97 2.87
821 43.18 75.65 12.75 86.28 0.51
822 43.17 45.75 77.03 39.54 8.24
823 43.03 56.94 60.44 36.30 3.78
824 43.29 34.22 105.34 29.41 9.55
825 43.14 51.73 67.40 36.08 2.48
826 43.29 70.88 21.25 78.71 2.47
827 43.44 87.25 1.62 82.17 0.63
828 43.35 27.92 97.67 33.53 9.79
829 43.48 78.27 13.91 94.68 0.64
830 43.65 49.68 54.51 61.16 5.96
831 43.69 55.37 48.15 66.28 3.69
832 43.60 14.47 61.29 35.81 2.90
833 43.73 59.04 41.10 72.59 4.19
834 43.81 64.88 21.40 82.48 2.45
835 43.61 40.02 94.25 43.44 8.71
836 43.71 8.62 49.33 28.50 0.29
837 43.71 32.05 111.58 39.28 8.36
838 43.93 68.80 14.19 83.68 1.61
839 44.03 80.95 4.59 96.22 0.77
840 43.80 19.97 71.85 35.29 4.76
841 43.73 43.16 61.97 43.58 6.85
842 43.82 22.31 72.42 34.36 3.92
843 43.88 37.20 77.09 42.80 7.70
844 43.82 73.09 9.75 92.90 0.10
845 43.91 11.36 47.82 28.09 1.09
846 44.14 53.33 42.68 73.57 3.23
847 44.14 30.00 56.75 50.19 3.46
848 44.70 87.96 1.67 83.67 1.24
849 44.16 26.37 65.86 43.56 2.60
850 44.34 84.43 2.73 85.47 0.67
851 44.24 34.90 47.36 39.37 5.14
852 44.44 51.17 29.33 86.62 2.87
853 44.26 18.09 41.40 33.59 2.88
854 44.32 62.22 15.15 87.52 1.68
855 44.55 24.29 45.57 63.97 2.22
856 44.55 66.62 17.14 105.89 1.72
857 44.46 75.39 4.45 106.79 0.00
858 44.33 92.92 1.06 88.10 2.21
859 44.37 95.77 0.00 64.83 2.45
860 44.54 45.52 28.80 79.77 2.78
861 44.43 47.75 26.28 62.94 3.68
862 44.64 70.87 10.06 116.39 1.15
863 44.54 41.56 45.43 68.09 3.04
864 44.62 60.07 20.03 90.79 3.66
865 44.69 57.31 24.27 106.36 3.83
866 44.90 28.23 39.86 78.82 0.65
867 44.79 32.65 55.76 63.56 3.47
868 44.82 39.11 32.05 70.70 3.43
869 44.94 72.94 3.58 106.27 0.92
870 44.89 77.46 1.12 100.93 1.01
871 44.85 14.97 38.64 74.16 0.33
872 44.98 43.58 27.89 79.00 4.12
873 44.99 10.11 34.92 57.12 0.00
874 45.00 19.82 41.14 68.78 1.22
875 45.12 22.19 26.98 77.00 1.60
876 45.17 36.55 33.33 78.77 0.80
877 45.09 55.13 20.06 121.29 2.26
878 45.56 64.20 8.44 126.71 0.69
879 45.30 92.19 2.08 100.96 1.84
880 45.50 82.85 4.19 113.50 1.75
881 45.10 94.83 2.16 106.94 1.92
882 45.04 12.38 23.18 59.99 0.06
883 45.31 17.53 25.05 76.58 0.47
884 45.29 68.59 5.90 114.25 0.27
885 45.25 47.96 20.70 95.96 3.57
886 45.52 49.93 18.03 145.87 3.45
887 45.37 52.71 15.14 126.82 3.47
888 45.44 30.47 33.75 92.54 2.26
889 45.43 26.19 20.67 95.58 1.13
890 45.27 41.32 35.17 83.42 1.64
891 45.50 61.73 4.98 138.50 2.29
892 45.61 34.39 31.01 94.41 0.63
893 45.58 59.08 15.01 147.51 2.14
894 45.66 79.91 0.83 103.96 1.28
895 45.69 74.69 1.87 118.55 0.00
896 45.79 45.92 14.88 114.45 3.11
897 45.75 90.21 7.00 103.17 1.17
898 45.87 56.62 9.14 122.55 1.72
899 45.82 70.62 1.63 115.37 0.74
900 45.83 24.22 21.21 91.42 1.45
901 45.86 66.51 3.46 133.04 1.89
902 45.80 95.35 3.22 100.30 2.61
903 45.87 40.69 19.06 89.39 3.17
904 46.27 88.86 42.47 110.72 1.04
905 46.05 11.91 10.16 84.92 0.00
906 46.04 14.43 11.74 92.60 0.00
907 45.90 16.73 10.02 87.43 0.00
908 46.01 38.58 19.84 87.29 1.99
909 46.13 28.36 9.80 106.41 0.05
910 46.15 32.13 16.78 117.25 0.98
911 46.11 76.96 4.33 112.65 0.00
912 46.35 19.18 9.10 98.10 0.00
913 46.28 21.50 12.37 109.77 0.63
914 46.16 9.84 7.06 72.87 0.00
915 46.29 43.27 9.45 114.38 2.47
916 46.25 54.34 6.47 147.66 2.16
917 46.40 72.63 11.97 130.73 1.36
918 46.45 36.55 14.39 119.99 1.04
919 46.44 47.72 12.46 134.65 2.21
920 46.54 7.74 5.87 102.92 0.00
921 46.43 51.80 5.80 138.90 0.85
922 46.50 60.37 4.06 139.82 1.83
923 46.57 68.46 3.73 134.06 0.83
924 46.71 86.82 31.48 121.62 1.55
925 46.50 25.94 10.36 105.66 0.25
926 46.81 93.26 32.09 123.19 0.84
927 46.66 58.03 7.55 153.23 1.81
928 46.64 62.33 2.49 132.75 0.00
929 46.59 82.13 29.78 132.97 0.87
930 46.63 78.84 13.89 127.94 0.04
931 46.77 30.24 13.13 135.91 1.34
932 46.85 34.32 10.90 139.27 1.63
933 46.77 40.74 11.23 113.78 2.39
934 46.92 16.95 11.74 113.15 0.00
935 46.93 23.47 8.56 137.17 0.00
936 47.04 45.57 9.06 145.40 3.07
937 46.98 66.16 8.37 156.38 1.94
938 47.04 70.54 23.95 148.34 1.76
939 46.94 74.65 15.29 143.55 0.00
940 47.04 95.98 28.52 99.20 1.18
941 47.08 55.94 8.97 162.29 2.86
942 47.14 38.45 12.12 145.52 1.68
943 47.35 12.13 10.91 107.91 0.00
944 47.77 14.73 61.73 125.42 0.03
945 47.17 27.89 7.39 127.43 0.00
946 47.32 53.60 7.49 163.93 2.89
947 47.25 63.72 16.99 146.65 1.37
948 47.32 50.89 15.04 156.08 1.70
949 47.57 47.95 35.86 180.13 1.60
950 47.33 7.13 4.00 114.67 0.00
951 47.50 20.90 21.01 137.47 0.26
952 47.42 43.20 10.10 164.39 2.12
953 47.37 76.90 41.70 142.23 0.00
954 48.12 84.76 121.06 127.52 0.88
955 47.53 4.62 5.12 90.68 0.00
956 47.79 24.68 24.09 153.98 0.26
957 47.53 61.01 23.83 161.53 0.57
958 47.62 72.61 60.17 163.33 0.99
959 48.04 78.84 137.83 126.24 0.00
960 47.94 90.85 96.06 103.78 1.77
961 47.66 36.16 36.34 134.76 3.30
962 47.66 58.33 37.43 173.95 2.46
963 47.78 40.82 33.14 140.69 3.82
964 47.77 68.25 27.12 141.84 2.76
965 47.89 30.41 26.44 162.02 0.00
966 47.78 82.14 149.59 113.79 1.15
967 48.00 33.63 40.32 164.04 0.72
968 48.09 18.06 29.75 124.96 0.00
969 48.00 65.18 41.72 173.07 1.68
970 48.10 74.96 148.44 149.95 1.49
971 48.18 87.15 127.34 100.19 2.19
972 48.12 27.16 29.77 162.21 0.42
973 48.05 55.83 45.44 175.41 2.47
974 48.25 70.39 99.30 177.11 0.00
975 48.29 62.73 138.45 177.48 3.24
976 48.18 38.68 32.16 170.08 1.73
977 48.18 52.61 33.54 161.97 2.72
978 48.18 50.02 50.80 175.25 1.22
979 48.21 82.99 140.95 127.55 1.68
980 48.51 7.41 40.26 114.02 0.00
981 48.46 10.51 48.00 134.02 0.00
982 48.42 60.38 169.59 163.74 2.65
983 48.36 43.54 52.78 190.85 3.63
984 48.61 45.61 158.59 164.79 1.80
985 48.70 66.62 135.71 176.53 1.22
986 48.66 36.39 104.58 181.71 1.07
987 48.70 58.30 154.74 167.54 2.41
988 48.73 72.51 163.43 158.04 0.90
989 48.72 54.44 148.08 164.52 1.33
990 49.05 80.73 150.67 138.02 0.23
991 48.58 20.09 100.76 148.75 1.38
992 48.59 48.03 150.09 179.27 2.85
993 48.95 22.21 123.38 164.82 0.00
994 48.76 25.10 78.48 162.14 0.76
995 48.76 41.17 111.48 177.61 3.15
996 48.92 88.13 100.46 114.47 1.21
997 49.00 16.22 133.35 160.84 0.00
998 49.06 68.59 161.16 156.38 1.79
999 48.97 27.76 188.53 168.71 0.63
1000 48.95 50.46 189.61 156.69 0.94
1001 49.05 56.46 173.07 172.41 1.52
1002 48.99 29.81 140.94 175.52 0.24
1003 49.16 64.48 171.63 174.88 1.16
1004 49.40 93.23 85.75 121.55 0.33
1005 49.09 12.22 124.20 133.49 0.00
1006 49.39 76.37 149.09 136.23 1.12
1007 49.28 39.00 185.89 171.96 2.06
1008 49.17 52.84 217.61 167.60 2.68
1009 49.42 74.39 165.27 158.22 0.00
1010 49.32 90.39 98.84 113.88 0.49
1011 49.40 32.93 188.94 164.84 0.21
1012 49.34 43.16 179.12 171.17 2.19
1013 49.29 62.09 181.46 169.88 1.58
1014 49.29 13.98 162.05 139.25 0.00
1015 49.51 70.72 140.78 151.58 0.71
1016 49.49 47.00 212.43 163.69 2.42
1017 49.55 20.20 155.87 161.90 0.37
1018 49.57 59.83 206.19 158.21 3.99
1019 49.60 95.80 47.49 105.68 2.26
1020 49.51 10.05 134.28 121.51 0.00
1021 49.56 82.79 105.31 89.33 1.76
1022 49.98 23.40 165.51 167.48 0.81
1023 49.87 30.76 189.25 159.43 2.73
1024 49.75 36.84 180.68 167.18 1.64
1025 49.91 48.87 176.27 177.56 1.88
1026 49.97 85.32 83.27 106.23 0.86
1027 49.77 6.30 77.24 115.51 0.00
1028 49.88 40.98 177.79 165.50 1.52
1029 50.05 44.77 168.28 170.96 4.39
1030 50.10 57.74 163.20 164.26 1.50
1031 50.47 97.75 1.42 50.10 0.00
1032 49.97 17.93 144.95 113.63 0.00
1033 49.90 26.39 173.08 137.05 0.41
1034 50.04 34.83 168.74 158.02 1.98
1035 50.13 55.56 157.41 174.80 1.28
1036 50.02 66.43 135.88 160.66 2.22
1037 50.20 78.38 90.60 128.68 0.00
1038 50.12 28.50 167.53 165.82 0.76
1039 50.18 50.97 157.54 185.44 1.12
1040 50.22 72.89 99.92 156.80 0.88
1041 50.10 14.86 126.79 158.83 0.00
1042 50.35 53.48 177.67 173.26 1.51
1043 50.27 63.64 136.98 168.25 1.82
1044 50.34 88.45 61.82 135.69 1.38
1045 50.37 11.75 108.67 152.49 0.00
1046 50.40 68.94 101.92 162.43 1.14
1047 50.41 61.35 179.04 171.83 1.59
1048 50.44 9.52 62.70 137.86 0.00
1049 50.72 39.44 137.22 180.23 1.58
1050 50.69 42.52 117.79 177.13 1.72
1051 50.67 81.87 70.35 135.34 0.59
1052 50.65 32.41 154.41 165.79 2.15
1053 50.92 90.95 38.63 132.99 0.65
1054 50.82 20.03 102.72 155.81 0.01
1055 50.66 25.36 165.12 155.59 0.88
1056 50.81 46.90 154.00 178.30 2.90
1057 50.79 75.74 63.52 144.22 0.48
1058 51.02 94.12 31.02 111.60 0.58
1059 50.96 37.19 133.21 180.62 2.15
1060 51.00 71.13 61.85 156.79 1.07
1061 51.17 17.05 71.17 138.95 0.01
1062 51.00 59.39 80.62 187.53 2.20
1063 51.13 13.29 74.85 164.61 0.00
1064 51.34 6.69 31.72 127.06 0.00
1065 51.21 29.96 119.52 176.98 2.01
1066 51.05 49.43 74.79 187.08 2.64
1067 51.24 65.07 63.46 178.62 0.66
1068 51.32 67.18 42.01 151.82 0.97
1069 51.17 27.51 96.58 162.19 1.26
1070 51.18 34.92 116.90 176.43 1.92
1071 51.20 52.08 71.37 172.95 1.58
1072 51.32 23.41 57.73 168.67 0.40
1073 51.26 44.18 98.84 188.31 2.50
1074 51.35 57.26 95.47 196.41 3.38
1075 51.35 86.08 32.58 105.43 1.42
1076 51.36 54.92 66.34 183.44 2.69
1077 51.47 73.58 29.74 152.66 1.17
1078 51.50 62.28 76.25 175.18 1.30
1079 51.46 78.48 27.71 131.44 0.45
1080 51.94 89.17 15.84 132.45 0.50
1081 51.81 69.26 30.62 155.58 0.65
1082 51.80 82.60 28.75 140.73 0.00
1083 51.63 9.40 36.54 139.49 0.00
1084 51.67 41.32 71.29 161.65 2.98
1085 51.88 20.89 41.73 166.76 0.00
1086 51.83 32.13 72.34 181.58 0.79
1087 51.89 39.23 71.28 190.74 1.66
1088 51.85 48.15 51.17 197.78 1.83
1089 51.86 25.70 36.94 175.92 0.00
1090 52.18 98.31 0.00 40.93 0.00
1091 51.97 45.55 57.13 194.46 2.70
1092 52.02 75.95 32.86 158.71 0.00
1093 52.08 92.74 9.89 119.47 1.08
1094 51.98 50.58 48.67 179.00 2.98
1095 52.01 59.93 51.06 213.58 2.92
1096 52.08 14.67 30.76 154.87 0.84
1097 52.13 36.95 49.43 186.26 1.57
1098 52.09 28.66 48.06 185.26 0.76
1099 52.27 34.37 51.36 189.34 0.82
1100 52.18 52.86 35.31 192.05 1.97
1101 52.30 71.55 26.60 163.36 0.48
1102 52.37 96.14 0.00 73.59 0.38
1103 52.29 43.19 50.90 186.33 2.44
1104 52.25 11.91 23.66 120.86 0.00
1105 52.42 85.20 15.99 119.85 0.47
1106 52.43 18.59 30.79 161.31 0.00
1107 52.33 64.39 22.20 186.32 1.61
1108 52.48 80.28 14.74 132.25 0.00
1109 52.59 3.85 0.56 87.59 0.00
1110 52.28 9.15 16.27 157.05 0.00
1111 52.42 57.15 29.43 189.01 2.37
1112 52.46 55.17 27.48 187.95 2.66
1113 52.54 6.36 13.86 138.49 0.00
1114 52.63 24.42 23.67 175.04 0.00
1115 52.71 87.33 10.82 117.26 0.99
1116 52.55 66.97 16.68 155.46 0.64
1117 52.76 62.28 30.38 196.78 2.93
1118 52.75 73.79 13.32 162.53 0.00
1119 52.84 27.23 16.48 178.97 0.01
1120 52.83 40.87 42.38 176.95 1.24
1121 52.80 77.82 7.51 141.85 0.00
1122 52.80 46.81 34.32 191.51 3.26
1123 52.95 49.31 15.24 182.38 1.90
1124 52.83 59.22 16.21 191.24 1.39
1125 52.97 69.59 8.87 172.32 0.00
1126 52.88 83.17 12.92 127.04 0.09
1127 53.01 21.45 15.09 155.56 0.92
1128 52.99 38.49 30.61 189.92 1.83
1129 53.04 14.53 13.37 156.10 0.00
1130 52.99 32.81 18.70 164.60 2.36
1131 53.11 51.42 22.00 182.09 1.17
1132 53.19 10.35 11.44 134.40 0.00
1133 53.47 7.83 10.76 150.87 0.00
1134 53.18 29.86 22.41 183.84 0.00
1135 53.19 91.71 4.01 111.74 0.00
1136 53.12 35.66 21.07 185.66 0.00
1137 53.28 53.52 17.43 184.05 2.98
1138 53.61 16.90 17.01 157.95 0.00
1139 54.03 45.48 18.94 169.95 1.51
1140 53.47 75.56 5.11 150.50 0.00
1141 53.33 12.39 11.67 120.09 0.59
1142 53.45 42.94 21.88 179.14 1.70
1143 53.38 64.86 10.61 175.96 1.18
1144 53.50 23.34 13.08 156.85 0.00
1145 53.68 55.36 16.81 164.36 1.64
1146 53.58 61.52 17.23 170.77 1.72
1147 53.66 57.40 12.39 164.86 1.44
1148 53.64 72.08 6.42 160.41 0.41
1149 53.61 89.05 1.40 105.55 0.57
1150 53.63 95.46 0.00 87.83 0.38
1151 54.10 19.88 26.00 147.70 0.00
1152 53.65 80.94 7.32 119.71 0.00
1153 53.44 83.74 1.65 123.67 0.82
1154 53.62 67.52 6.90 157.60 0.00
1155 53.66 86.37 4.10 117.28 0.60
1156 53.88 25.91 21.94 157.80 0.27
1157 53.78 32.06 19.30 160.56 1.29
1158 53.94 39.34 13.92 185.24 1.96
1159 53.87 59.56 9.93 192.04 1.95
1160 53.79 47.54 13.48 173.41 0.08
1161 53.94 34.10 17.88 183.61 0.00
1162 53.98 36.91 11.39 177.03 0.41
1163 54.02 28.51 17.55 172.69 1.34
1164 54.16 78.78 3.21 135.73 0.00
1165 54.26 4.81 12.15 98.16 0.00
1166 54.00 14.62 13.53 121.66 0.00
1167 54.11 50.15 12.46 176.41 0.92
1168 54.05 70.01 4.84 154.32 0.00
1169 54.25 30.55 21.37 166.38 0.00
1170 54.24 63.49 6.68 150.60 2.67
1171 54.41 83.71 1.56 122.26 0.00
1172 54.31 41.59 15.91 177.26 1.50
1173 54.48 12.08 33.68 141.03 0.00
1174 54.31 52.42 12.43 174.27 1.37
1175 54.52 73.91 3.93 143.21 0.00
1176 54.34 9.59 26.20 120.57 0.00
1177 54.52 22.56 48.72 146.28 0.38
1178 54.48 66.02 6.11 157.49 0.00
1179 54.73 91.58 0.00 98.19 0.00
1180 54.58 76.40 5.83 124.97 0.00
1181 55.25 86.03 4.84 126.37 0.00
1182 54.73 43.81 22.30 156.48 1.11
1183 54.66 61.17 9.16 147.17 1.71
1184 54.74 24.63 62.05 142.37 0.00
1185 54.77 68.51 5.16 161.07 0.00
1186 54.75 88.45 1.99 113.98 0.00
1187 54.83 16.73 55.74 137.13 0.00
1188 54.82 54.43 10.36 160.78 0.93
1189 54.83 56.44 19.82 144.52 0.30
1190 54.78 58.53 17.19 162.97 0.00
1191 54.91 33.42 63.76 163.78 0.93
1192 54.82 35.60 31.35 145.60 0.00
1193 54.97 71.46 10.93 146.50 0.00
1194 54.95 26.98 59.05 163.63 0.00
1195 54.96 48.07 13.90 159.45 1.66
1196 55.01 37.71 38.33 174.67 0.13
1197 54.94 81.20 1.03 108.10 0.37
1198 55.01 39.98 30.80 175.31 1.02
1199 55.40 8.08 89.46 134.27 0.00
1200 55.07 14.82 51.20 111.01 0.00
1201 55.14 31.57 86.62 152.03 0.01
1202 55.10 29.45 64.57 154.88 0.00
1203 55.24 50.51 27.35 142.09 0.00
1204 55.25 64.50 16.80 162.89 0.96
1205 55.56 5.09 39.74 86.44 0.00
1206 55.37 78.91 13.17 106.15 0.62
1207 55.37 42.41 40.05 150.46 1.55
1208 55.39 10.44 71.59 121.82 0.00
1209 55.42 18.76 146.59 112.73 0.00
1210 55.83 20.78 139.94 99.97 0.00
1211 55.47 62.22 41.60 145.74 1.63
1212 55.59 52.82 47.86 137.60 0.40
1213 55.57 67.22 28.31 138.40 1.47
1214 55.85 13.27 116.17 109.83 0.00
1215 55.56 46.04 51.25 149.86 2.21
1216 55.62 76.37 19.74 124.26 0.00
1217 55.70 69.62 20.87 128.56 0.00
1218 55.69 73.70 21.15 131.93 0.00
1219 55.73 28.07 183.47 127.21 0.00
1220 55.66 59.90 42.80 141.37 0.13
1221 55.74 82.11 17.57 96.79 0.15
1222 55.81 88.98 6.76 79.23 0.00
1223 55.60 35.65 134.06 106.55 0.60
1224 55.72 57.47 69.97 146.60 0.00
1225 55.86 44.47 156.64 105.32 0.54
1226 55.89 24.55 162.71 111.93 0.00
1227 55.91 38.38 191.13 123.43 0.61
1228 55.87 40.60 172.48 135.57 0.08
1229 55.82 92.62 1.90 73.92 0.28
1230 56.32 15.85 145.15 106.28 0.00
1231 55.96 30.67 188.09 105.45 0.00
1232 55.95 54.94 50.92 142.31 1.06
1233 55.87 94.23 0.00 77.69 0.55
1234 56.07 48.30 42.94 144.48 0.17
1235 56.14 71.56 58.33 135.15 0.00
1236 56.23 50.90 162.89 124.84 0.00
1237 56.23 63.44 154.88 122.24 0.61
1238 56.23 10.99 132.02 79.81 0.00
1239 56.29 65.73 73.77 135.96 0.00
1240 56.42 42.57 191.83 99.13 1.71
1241 56.45 34.55 208.58 93.59 0.00
1242 56.67 36.36 187.92 122.46 0.00
1243 56.40 61.19 130.00 137.82 0.81
1244 56.28 79.40 76.65 94.95 0.00
1245 56.44 58.82 152.67 116.50 0.04
1246 56.51 7.14 109.30 98.99 0.00
1247 56.54 18.45 150.80 97.87 0.00
1248 56.63 46.58 173.73 132.46 0.78
1249 56.47 85.18 40.55 109.99 0.00
1250 56.56 56.39 172.30 103.38 0.01
1251 56.65 26.68 160.30 104.82 0.00
1252 56.56 68.08 89.65 122.96 0.00
1253 56.50 76.21 100.53 105.68 0.81
1254 56.61 82.84 89.69 82.90 0.00
1255 56.90 90.13 31.42 91.59 0.00
1256 56.83 32.71 194.34 101.70 0.00
1257 56.82 28.95 164.51 102.40 0.00
1258 56.70 69.95 135.02 81.50 0.00
1259 56.71 73.88 134.58 100.43 0.00
1260 56.88 92.40 36.01 92.28 0.00
1261 57.01 94.43 26.48 74.10 0.10
1262 56.89 40.47 200.91 107.41 0.42
1263 56.90 24.30 155.59 128.33 0.00
1264 56.94 49.45 194.85 105.36 0.10
1265 57.04 38.35 171.86 105.07 0.00
1266 57.18 52.85 187.40 105.15 0.00
1267 57.11 44.43 190.31 101.63 0.00
1268 57.16 9.60 101.11 77.02 0.00
1269 57.15 64.75 178.15 100.63 0.00
1270 57.18 80.88 145.42 64.00 0.00
1271 57.12 30.99 162.89 90.75 0.00
1272 57.22 71.86 172.64 86.24 0.00
1273 57.17 5.76 76.16 84.69 0.00
1274 57.24 20.76 162.90 74.37 0.00
1275 57.31 62.44 178.36 97.99 0.00
1276 57.28 78.28 165.09 63.03 0.00
1277 57.30 12.37 107.66 50.64 0.00
1278 57.37 67.20 166.85 95.14 0.00
1279 57.44 85.93 114.53 90.79 0.00
1280 57.59 23.02 128.84 99.55 0.00
1281 57.40 60.07 190.51 88.32 0.32
1282 57.52 57.76 156.73 91.62 0.00
1283 57.49 75.83 178.23 88.40 0.00
1284 57.62 14.42 90.78 79.81 0.00
1285 57.77 34.88 111.42 91.61 0.00
1286 57.77 42.23 143.85 91.37 0.18
1287 57.68 48.00 169.92 105.65 0.10
1288 57.71 55.38 164.05 88.24 0.30
1289 57.91 69.34 175.99 107.13 0.00
1290 58.12 17.59 84.32 89.21 0.00
1291 57.76 27.68 108.19 79.78 0.00
1292 57.87 25.48 91.38 69.55 0.00
1293 58.15 83.16 108.04 68.91 0.00
1294 58.03 73.56 174.15 82.77 0.00
1295 58.03 88.34 91.05 69.26 0.00
1296 57.96 4.95 20.29 71.34 0.00
1297 58.07 45.67 99.40 103.66 0.02
1298 58.05 30.04 114.49 80.56 0.00
1299 58.02 39.78 116.40 87.12 0.00
1300 58.08 37.37 83.68 92.14 0.00
1301 58.10 32.34 64.17 110.36 0.00
1302 58.27 50.19 123.98 86.71 0.00
1303 58.18 65.60 185.65 80.31 0.00
1304 58.30 93.97 45.43 61.67 0.01
1305 58.30 53.17 124.20 82.13 0.00
1306 58.50 63.42 166.12 81.64 0.00
1307 58.46 71.31 135.04 84.90 0.00
1308 58.50 61.00 163.91 90.23 0.00
1309 58.74 80.64 85.52 67.63 0.00
1310 58.38 7.45 33.41 72.18 0.00
1311 58.49 21.32 78.27 98.15 0.00
1312 58.50 76.90 130.03 62.86 0.00
1313 58.64 12.75 41.95 80.34 0.00
1314 58.62 43.74 69.03 76.25 0.00
1315 58.75 58.70 135.93 92.24 0.00
1316 58.80 9.30 24.86 69.95 0.00
1317 58.80 55.98 88.03 82.19 0.00
1318 58.93 67.72 79.30 85.50 0.00
1319 58.88 47.66 68.81 89.10 0.00
1320 58.79 92.47 32.14 57.03 0.21
1321 58.95 26.06 39.89 93.87 0.00
1322 58.88 28.41 37.88 87.11 0.00
1323 58.86 34.23 38.83 82.86 0.00
1324 58.79 85.14 77.80 45.43 0.00
1325 58.93 41.17 61.12 71.89 0.00
1326 59.03 36.55 53.40 90.56 0.00
1327 59.08 5.89 10.83 57.03 0.00
1328 58.98 24.07 35.20 64.01 0.00
1329 59.52 89.90 67.60 61.47 0.00
1330 59.21 51.75 52.63 82.93 0.00
1331 59.09 31.79 41.12 84.87 0.00
1332 59.16 74.22 106.60 80.27 0.00
1333 59.15 38.86 35.49 82.41 0.00
1334 59.25 65.82 108.39 69.04 0.00
1335 59.57 69.50 71.16 89.61 0.00
1336 59.20 18.52 17.95 62.92 0.00
1337 59.49 54.11 49.99 84.41 0.10
1338 59.37 45.36 25.86 73.45 0.00
1339 59.41 49.58 58.31 78.00 0.03
1340 59.77 10.88 11.51 65.27 0.00
1341 59.53 61.88 74.88 84.08 0.00
1342 59.62 71.75 64.28 74.55 0.00
1343 59.47 86.86 77.78 43.24 0.00
1344 59.55 15.84 13.38 52.71 0.00
1345 59.73 21.37 11.88 64.85 0.00
1346 59.45 79.35 71.77 65.44 0.00
1347 60.01 83.31 63.49 44.76 0.00
1348 59.63 30.08 13.41 69.90 0.00
1349 59.78 77.03 100.99 71.04 0.00
1350 59.71 57.40 58.39 87.21 0.03
1351 59.70 42.69 12.66 69.15 0.00
1352 59.64 92.99 30.57 47.65 0.13
1353 59.79 13.71 12.52 50.74 0.00
1354 59.97 64.10 81.72 58.91 0.00
1355 60.02 59.92 55.96 77.03 0.00
1356 59.89 33.36 12.66 69.84 0.00
1357 60.20 23.60 15.07 60.14 0.00
1358 59.98 27.76 9.62 66.61 0.00
1359 60.04 35.43 11.54 61.69 0.00
1360 60.16 18.09 14.12 50.70 0.00
1361 60.23 8.90 6.04 42.12 0.00
1362 60.09 37.73 11.73 62.23 0.00
1363 60.12 40.26 11.28 64.94 0.00
1364 60.08 47.53 16.79 66.23 0.00
1365 60.07 7.02 2.98 38.65 0.00
1366 60.30 67.18 39.04 67.85 0.00
1367 60.35 74.18 72.70 64.73 0.00
1368 60.16 87.50 64.48 52.82 0.00
1369 60.35 50.20 12.30 67.56 0.00
1370 60.34 52.55 20.99 65.43 0.00
1371 60.37 55.75 19.80 70.63 0.00
1372 60.52 31.67 8.18 59.21 0.00
1373 60.35 44.78 9.32 53.35 0.06
1374 60.68 79.83 41.99 50.43 0.00
1375 60.44 86.15 63.58 47.56 0.00
1376 60.64 14.40 10.94 50.43 0.00
1377 60.76 29.71 9.71 51.29 0.00
1378 60.87 58.30 27.22 64.49 0.00
1379 60.78 62.20 28.95 73.96 0.00
1380 60.75 16.32 13.29 42.91 0.00
1381 60.88 42.56 18.10 45.50 0.00
1382 60.76 69.55 18.23 58.20 0.00
1383 60.91 71.76 19.38 62.64 0.00
1384 60.82 27.15 16.47 46.27 0.00
1385 60.98 46.40 6.07 46.37 0.00
1386 60.84 24.86 13.04 45.74 0.00
1387 61.32 22.66 57.45 26.14 0.00
1388 60.94 33.86 8.91 46.02 0.00
1389 61.02 38.12 8.43 41.56 0.00
1390 61.20 89.41 30.52 64.15 0.00
1391 61.60 11.42 65.07 24.41 0.00
1392 61.09 36.07 7.59 43.16 0.00
1393 61.13 54.53 11.95 52.26 0.00
1394 61.12 64.78 23.23 57.67 0.00
1395 61.07 40.28 8.37 44.47 0.00
1396 61.27 48.61 9.34 49.59 0.00
1397 61.35 76.53 31.05 62.87 0.00
1398 61.19 6.46 8.63 33.80 0.00
1399 61.42 85.91 26.70 50.46 0.00
1400 61.33 60.46 10.30 63.80 0.00
1401 61.43 50.59 8.25 49.75 0.00
1402 61.47 52.61 8.61 50.68 0.00
1403 61.66 19.99 88.49 18.36 0.00
1404 61.46 67.15 17.19 59.03 0.00
1405 61.47 26.39 72.24 19.63 0.00
1406 61.55 73.95 32.37 61.94 0.00
1407 61.63 56.74 7.14 50.93 0.00
1408 61.86 82.89 22.08 52.30 0.00
1409 61.91 14.96 83.63 21.94 0.00
1410 61.69 30.74 83.24 19.72 0.00
1411 62.00 8.08 53.11 20.23 0.00
1412 62.04 32.83 149.54 20.48 0.00
1413 61.82 69.12 3.10 54.11 0.00
1414 61.53 28.77 28.97 43.24 0.00
1415 61.87 62.70 16.47 61.84 0.00
1416 62.28 17.24 101.67 18.25 0.00
1417 62.24 41.28 136.08 23.81 0.00
1418 61.97 44.63 112.60 21.71 0.08
1419 62.00 71.15 6.21 49.86 0.00
1420 62.36 38.92 136.40 22.70 0.00
1421 62.03 79.88 12.99 48.50 0.00
1422 62.57 90.75 13.73 53.19 0.00
1423 62.39 27.40 127.85 22.99 0.00
1424 62.47 36.86 138.27 26.88 0.00
1425 61.93 93.40 6.32 42.55 0.00
1426 62.34 47.41 76.59 30.13 0.00
1427 62.26 58.69 6.45 41.57 0.00
1428 62.34 13.23 111.84 17.49 0.12
1429 62.48 34.83 139.87 20.20 0.00
1430 62.32 29.25 134.44 20.65 0.00
1431 62.27 54.45 9.12 38.37 0.00
1432 62.30 65.10 6.55 50.94 0.00
1433 62.48 25.41 132.32 14.81 0.00
1434 62.47 23.32 146.74 22.76 0.00
1435 62.50 60.74 3.12 40.29 0.00
1436 62.50 76.28 8.91 46.91 0.00
1437 62.72 51.36 106.11 32.46 0.00
1438 62.64 85.36 7.06 42.54 0.00
1439 63.10 49.13 147.71 21.49 0.00
1440 62.66 67.39 3.35 50.55 0.00
1441 62.61 73.66 5.94 51.11 0.00
1442 62.62 21.39 133.80 13.81 0.84
1443 62.82 56.63 14.47 30.37 0.00
1444 63.04 42.93 194.09 16.79 1.02
1445 62.94 45.51 188.75 18.86 0.00
1446 62.96 69.35 2.87 45.72 0.00
1447 62.98 19.12 126.49 17.99 0.00
1448 63.11 79.40 4.62 45.83 0.00
1449 63.01 30.78 163.95 11.96 0.00
1450 63.00 62.97 4.79 38.81 0.00
1451 63.05 11.32 88.27 10.52 0.72
1452 63.06 9.07 52.96 8.59 0.42
1453 63.19 71.46 5.44 41.50 0.00
1454 63.11 87.54 0.95 38.69 0.00
1455 63.36 14.47 95.70 10.01 3.88
1456 63.32 32.66 175.42 14.87 3.30
1457 63.59 83.99 1.42 31.61 0.00
1458 63.36 65.68 2.70 39.23 0.00
1459 63.59 53.80 109.58 21.73 0.00
1460 63.65 75.65 1.64 41.21 0.00
1461 63.64 24.38 140.80 12.59 2.03
1462 63.60 28.53 129.25 12.99 1.72
1463 63.59 22.19 103.65 9.74 3.49
1464 63.63 40.87 162.48 16.34 7.95
1465 63.69 38.52 151.50 15.13 4.51
1466 63.76 26.73 100.31 6.27 5.02
1467 63.83 46.92 154.00 14.66 1.87
1468 63.90 36.18 143.44 13.64 4.57
1469 64.01 59.45 128.91 15.53 0.00
1470 63.75 34.39 135.73 10.17 5.65
1471 63.95 57.06 165.97 13.73 0.00
1472 63.93 73.24 0.00 27.68 0.00
1473 64.02 16.22 80.90 8.89 8.98
1474 63.98 61.84 69.75 18.97 0.00
1475 63.84 68.14 9.83 35.74 0.00
1476 63.95 89.56 0.00 41.15 0.00
1477 64.07 20.80 76.42 5.15 8.51
1478 64.01 18.37 93.35 7.95 8.65
1479 63.97 44.67 147.99 11.18 3.31
1480 64.08 10.31 71.02 6.81 5.89
1481 64.12 12.66 77.43 7.18 6.36
1482 64.42 64.27 65.16 18.62 0.00
1483 64.10 30.38 120.61 12.04 13.98
1484 64.11 51.08 199.98 14.29 0.88
1485 64.15 70.31 2.61 26.37 0.00
1486 64.41 80.58 1.08 32.48 0.00
1487 64.41 76.87 0.37 23.51 0.00
1488 64.43 42.80 113.24 10.83 7.61
1489 64.44 32.29 80.09 7.17 13.46
1490 64.46 48.77 148.07 10.60 4.36
1491 64.66 85.13 1.02 29.75 0.00
1492 64.66 67.48 81.63 17.05 0.00
1493 64.70 55.29 183.28 17.33 0.53
1494 64.56 23.00 50.27 4.27 7.97
1495 64.62 40.39 97.86 11.48 20.52
1496 64.64 25.86 71.36 4.99 11.06
1497 64.60 91.72 0.00 29.75 0.00
1498 64.86 34.64 100.44 8.06 24.40
1499 64.67 38.25 101.38 9.06 14.82
1500 64.73 72.04 17.41 16.81 0.00
1501 64.70 28.38 50.29 5.39 10.87
1502 64.88 52.69 184.88 14.61 6.44
1503 65.01 45.79 98.05 9.00 13.50
1504 65.25 74.19 82.52 15.27 0.00
1505 65.25 89.59 0.00 28.49 0.00
1506 65.20 62.30 154.49 15.49 0.00
1507 65.00 20.07 37.83 1.77 22.90
1508 65.12 16.69 35.13 5.48 26.95
1509 65.23 57.83 191.90 11.13 1.51
1510 65.11 30.31 56.19 7.38 19.14
1511 65.32 60.15 170.74 12.96 0.66
1512 65.17 11.35 28.08 5.04 22.87
1513 65.41 36.92 70.26 6.58 31.02
1514 65.14 78.19 9.55 25.98 0.00
1515 65.19 50.39 112.60 10.35 7.67
1516 65.28 24.50 32.72 4.42 22.64
1517 65.42 66.18 141.06 10.55 0.00
1518 65.60 86.78 4.29 30.80 0.00
1519 65.57 91.65 0.00 23.53 0.00
1520 65.45 22.23 22.67 0.00 19.30
1521 65.58 26.98 30.09 4.71 22.10
1522 65.58 82.33 27.17 17.07 0.00
1523 65.50 32.64 39.48 5.89 30.22
1524 65.61 41.69 46.24 6.44 24.15
1525 65.74 14.08 19.47 3.51 31.78
1526 65.63 43.74 45.54 5.58 18.22
1527 66.06 48.01 58.24 8.17 17.82
1528 65.75 18.47 28.24 3.18 29.46
1529 65.71 39.28 74.06 9.34 41.79
1530 65.87 71.34 136.72 9.76 0.00
1531 65.69 54.49 129.02 8.28 8.98
1532 65.97 68.70 157.63 10.53 0.00
1533 66.23 76.16 102.31 10.20 0.00
1534 65.91 28.96 23.21 5.02 39.11
1535 66.00 52.20 100.69 7.06 9.41
1536 66.12 64.02 167.81 11.08 0.06
1537 65.90 34.86 39.45 6.24 27.69
1538 66.09 80.17 52.67 11.92 0.00
1539 66.61 56.25 94.99 7.39 10.28
1540 66.29 20.32 18.16 1.46 43.60
1541 66.20 45.63 42.34 10.19 24.31
1542 66.29 15.99 16.66 1.98 35.07
1543 66.36 24.04 21.46 3.85 48.02
1544 66.23 31.02 26.60 3.71 49.79
1545 66.38 50.20 61.42 4.00 18.10
1546 66.19 11.40 13.77 2.27 31.58
1547 66.49 59.01 136.48 8.27 9.41
1548 66.46 61.45 139.09 8.62 2.62
1549 66.50 26.11 17.87 1.33 44.26
1550 66.67 85.61 46.57 13.93 0.00
1551 66.64 36.54 23.84 1.43 42.00
1552 66.59 66.11 121.91 6.53 3.52
1553 66.95 82.54 86.97 9.43 0.00
1554 66.74 27.99 17.02 2.10 69.80
1555 66.75 13.61 18.83 2.29 51.58
1556 66.98 22.53 24.47 2.53 59.74
1557 66.66 38.48 30.72 6.84 35.81
1558 66.76 40.69 15.70 4.89 45.47
1559 66.70 43.20 17.35 6.49 36.56
1560 66.79 54.02 50.49 7.23 9.62
1561 66.71 9.14 11.20 3.17 29.08
1562 66.72 33.76 18.05 3.45 35.67
1563 67.43 17.85 74.86 2.47 49.17
1564 67.10 70.34 161.99 7.91 0.00
1565 67.04 29.96 19.06 1.56 68.14
1566 67.31 51.89 41.30 6.21 21.78
1567 67.50 88.47 50.09 13.70 0.00
1568 67.30 67.80 145.68 9.55 5.10
1569 67.65 11.13 63.85 2.01 45.36
1570 67.18 32.07 20.17 1.37 51.91
1571 67.45 72.83 140.72 6.55 3.17
1572 67.42 78.41 122.98 10.07 0.00
1573 67.29 46.40 22.86 7.39 42.90
1574 67.43 57.95 67.66 6.17 22.51
1575 67.38 63.06 81.57 5.71 8.94
1576 67.32 20.60 43.39 0.63 52.55
1577 67.58 75.72 132.71 8.93 3.29
1578 67.43 24.95 44.55 0.18 69.18
1579 67.51 35.46 18.62 2.13 47.10
1580 67.56 44.51 16.61 3.99 63.26
1581 67.55 26.74 55.29 3.53 60.82
1582 67.60 60.53 55.91 4.87 16.98
1583 67.63 65.49 75.70 6.72 10.25
1584 67.71 39.59 14.41 4.49 62.89
1585 67.63 49.43 15.19 4.73 37.64
1586 67.71 37.49 17.75 4.08 49.69
1587 67.69 41.98 14.30 6.03 56.99
1588 67.97 14.10 102.49 1.32 50.54
1589 67.82 29.09 94.96 0.54 75.04
1590 67.79 33.67 22.63 0.83 57.06
1591 68.06 47.65 13.85 3.55 48.73
1592 67.90 54.11 19.10 4.11 27.11
1593 68.04 80.57 100.27 7.80 0.00
1594 68.16 69.32 116.56 5.18 3.37
1595 68.12 84.29 87.66 12.54 0.00
1596 68.17 23.16 127.89 1.93 71.28
1597 68.24 56.40 18.82 3.94 27.02
1598 68.41 20.74 141.22 1.27 75.35
1599 68.29 51.10 13.27 3.17 31.05
1600 68.50 71.70 98.80 5.09 4.05
1601 68.41 43.47 72.91 2.31 82.63
1602 68.38 25.47 127.41 1.02 59.79
1603 68.56 58.63 24.46 4.75 33.86
1604 68.46 63.10 35.34 4.00 17.18
1605 68.55 36.16 109.72 0.31 56.86
1606 68.56 27.73 152.04 3.00 76.14
1607 68.61 67.24 37.83 4.37 11.73
1608 68.68 16.59 131.20 2.57 76.16
1609 68.58 76.93 57.85 6.45 4.48
1610 68.65 33.55 105.47 1.79 72.42
1611 68.73 38.54 57.30 1.94 74.57
1612 68.63 40.89 69.25 3.14 73.01
1613 68.72 65.30 27.67 4.45 18.77
1614 68.72 74.47 101.26 5.41 4.01
1615 68.69 60.71 23.81 2.44 25.00
1616 68.82 12.10 93.99 2.56 40.93
1617 68.77 49.46 22.16 2.42 56.85
1618 68.77 52.88 11.82 1.65 35.72
1619 68.95 30.07 156.31 1.47 77.43
1620 69.02 87.75 62.37 8.97 0.17
1621 69.15 82.88 82.27 7.27 1.17
1622 69.22 55.10 12.54 3.67 57.29
1623 69.25 78.42 67.01 3.91 3.85
1624 69.05 80.18 94.74 6.57 1.59
1625 69.16 10.20 74.00 1.68 35.50
1626 69.36 45.31 145.05 1.18 63.20
1627 69.30 21.90 165.03 1.95 82.51
1628 69.16 24.07 146.92 2.11 75.73
1629 69.38 42.53 136.46 1.36 73.02
1630 69.26 47.59 60.31 0.87 58.80
1631 69.28 14.03 114.87 2.05 65.05
1632 69.38 26.45 160.07 1.99 87.56
1633 69.39 32.19 165.58 2.04 91.51
1634 69.33 19.05 114.37 0.03 66.99
1635 69.32 51.08 19.03 0.85 71.34
1636 69.31 69.67 47.77 2.33 9.01
1637 69.47 57.39 9.97 4.13 53.48
1638 69.59 39.90 179.57 2.68 83.56
1639 69.63 34.87 173.68 2.26 81.39
1640 69.80 37.40 186.90 2.45 95.80
1641 69.61 62.06 14.83 2.58 38.01
1642 69.70 59.60 9.46 1.79 37.67
1643 69.70 64.55 12.33 2.08 31.98
1644 69.60 75.76 50.22 4.56 12.75
1645 69.78 28.66 164.30 1.67 82.42
1646 69.88 49.25 161.26 1.58 63.05
1647 70.16 52.19 116.67 1.50 62.72
1648 69.83 67.50 19.11 2.40 17.21
1649 69.74 72.63 55.18 4.47 11.87
1650 69.92 17.12 117.91 0.95 64.82
1651 70.09 11.53 70.31 1.83 53.35
1652 69.98 20.08 108.05 0.89 75.62
1653 70.16 25.00 155.28 3.44 93.72
1654 70.14 9.27 44.40 1.86 37.35
1655 70.37 30.88 155.65 3.21 103.03
1656 70.30 83.57 67.21 4.91 5.31
1657 70.64 78.21 31.32 2.66 13.56
1658 70.55 87.32 63.67 7.20 2.04
1659 70.40 44.35 187.46 2.12 75.35
1660 70.58 46.80 180.91 2.35 85.75
1661 70.48 80.58 40.22 4.12 5.04
1662 70.41 14.45 90.98 1.55 63.19
1663 70.54 32.98 151.20 2.26 100.17
1664 70.45 70.24 25.94 2.01 21.11
1665 70.50 21.00 87.03 1.44 79.76
1666 70.54 60.78 10.03 2.83 40.47
1667 70.71 23.15 93.27 1.13 86.25
1668 70.54 42.16 167.97 0.95 118.40
1669 70.73 27.31 116.78 2.06 93.10
1670 70.59 63.02 6.06 1.93 41.42
1671 70.67 66.01 9.94 2.42 42.83
1672 70.78 35.62 136.64 1.18 92.17
1673 70.75 75.38 31.99 3.24 16.05
1674 70.85 39.72 182.29 2.02 105.47
1675 70.96 73.11 29.35 2.49 25.91
1676 70.97 18.77 52.65 0.00 68.70
1677 70.96 56.32 108.11 2.19 50.73
1678 71.18 68.35 8.92 0.96 39.72
1679 71.16 29.50 74.04 1.48 94.49
1680 71.19 37.64 149.77 2.78 88.05
1681 71.30 16.92 51.15 1.30 60.77
1682 71.27 9.95 22.13 1.87 32.37
1683 71.42 49.04 198.27 0.86 93.20
1684 71.19 12.15 34.03 0.56 42.05
1685 71.41 58.67 103.89 0.51 45.13
1686 71.67 82.81 30.89 4.68 9.56
1687 71.45 25.50 70.07 1.11 89.22
1688 71.46 62.37 10.48 2.04 53.83
1689 71.47 44.54 153.48 4.14 102.16
1690 71.52 64.60 6.81 0.71 47.77
1691 71.51 33.68 77.65 0.44 110.05
1692 71.62 42.02 132.52 1.97 101.81
1693 71.70 51.58 197.51 2.03 80.41
1694 71.49 21.39 34.41 0.00 65.57
1695 71.70 86.31 26.74 7.70 6.00
1696 71.55 14.36 34.32 1.71 68.87
1697 71.72 54.34 182.45 2.09 70.19
1698 71.54 60.43 26.65 2.90 58.38
1699 71.68 70.82 9.60 1.33 42.91
1700 71.73 31.43 57.72 0.48 80.96
1701 71.92 76.38 14.57 3.15 25.15
1702 72.02 46.58 147.38 1.53 87.90
1703 71.93 66.69 5.87 1.11 54.23
1704 72.02 79.65 16.74 5.11 19.21
1705 71.95 27.84 34.61 0.31 91.84
1706 72.00 23.58 23.09 0.75 75.86
1707 72.03 39.34 74.15 1.23 103.71
1708 72.22 19.29 15.76 0.51 61.14
1709 72.14 36.13 44.09 0.84 109.73
1710 72.18 56.88 154.91 0.29 52.47
1711 72.28 11.06 11.81 1.28 36.99
1712 72.51 73.36 8.36 1.70 30.38
1713 72.53 29.88 23.77 0.84 80.40
1714 72.69 52.93 180.60 2.07 93.75
1715 72.43 62.06 103.23 1.39 68.18
1716 72.56 68.67 6.85 1.01 66.32
1717 72.45 13.80 15.92 0.44 54.25
1718 72.52 16.98 12.64 0.05 50.00
1719 72.44 33.72 51.71 1.45 89.74
1720 72.61 59.48 177.18 1.05 68.95
1721 72.58 26.05 17.59 0.91 82.85
1722 72.72 44.23 86.35 1.64 86.72
1723 72.53 64.61 33.02 1.32 75.22
1724 72.66 84.97 13.01 6.81 14.18
1725 72.53 21.56 15.02 0.12 62.49
1726 72.64 41.86 58.60 3.40 106.57
1727 72.90 48.44 118.11 1.39 91.87
1728 72.96 37.83 32.08 0.53 87.29
1729 72.90 50.80 118.37 1.48 99.63
1730 73.05 54.97 170.36 1.52 78.20
1731 73.10 31.86 14.97 0.00 72.64
1732 73.02 24.25 12.69 0.00 65.14
1733 73.08 71.16 9.32 0.10 54.72
1734 73.26 78.41 7.36 0.93 28.92
1735 73.13 39.90 26.42 2.31 92.77
1736 73.09 66.51 15.44 0.37 74.56
1737 73.17 76.05 6.74 1.83 39.34
1738 73.18 27.95 14.51 0.00 69.78
1739 73.34 36.13 22.57 0.73 91.23
1740 73.54 15.40 15.30 0.95 44.15
1741 73.36 46.11 56.27 2.31 100.93
1742 73.35 61.34 175.29 2.80 85.31
1743 73.42 57.36 163.18 2.44 87.81
1744 73.67 82.89 7.62 4.16 17.28
1745 73.34 19.72 10.94 0.81 43.76
1746 73.69 12.61 11.17 1.18 42.94
1747 73.49 21.89 12.84 0.27 62.40
1748 73.53 63.90 149.42 1.41 58.09
1749 73.55 34.00 19.20 0.54 76.37
1750 73.80 86.12 3.38 4.02 19.20
1751 73.62 42.25 24.93 1.28 81.67
1752 73.70 17.62 13.76 0.00 48.85
1753 73.67 69.30 26.99 0.00 72.60
1754 73.68 74.11 10.35 2.30 54.29
1755 73.92 30.41 11.57 0.10 58.01
1756 73.71 80.63 7.01 0.40 22.45
1757 73.82 26.34 21.45 0.60 57.53
1758 73.97 59.47 146.78 2.67 87.63
1759 73.97 50.27 60.81 2.64 81.26
1760 73.84 52.59 81.39 0.42 94.33
1761 73.98 67.43 88.20 1.46 70.17
1762 73.99 23.99 58.38 0.93 36.12
1763 74.13 44.39 41.34 2.06 82.43
1764 74.08 47.84 35.74 0.60 92.21
1765 74.11 39.63 20.58 1.83 70.61
1766 74.15 55.35 101.56 0.00 92.53
1767 74.42 37.74 11.84 0.65 62.40
1768 74.39 65.60 134.73 0.00 69.01
1769 74.16 28.33 33.17 2.13 63.23
1770 74.39 72.04 103.96 0.19 47.25
1771 74.27 32.76 12.31 0.90 60.47
1772 74.31 19.70 60.04 0.51 34.96
1773 74.51 61.38 164.06 1.51 93.63
1774 74.66 35.85 22.70 0.50 70.17
1775 74.61 80.60 6.07 3.15 32.03
1776 74.70 46.34 29.02 0.76 79.27
1777 74.76 57.53 96.30 1.26 79.48
1778 74.59 74.70 55.70 1.48 59.99
1779 74.79 25.40 131.44 1.37 26.87
1780 74.75 42.31 13.49 0.00 69.67
1781 74.79 53.61 74.19 0.63 93.40
1782 74.76 69.48 152.71 0.00 49.44
1783 74.84 16.81 82.05 0.95 31.76
1784 74.91 51.42 50.94 0.48 85.79
1785 74.98 63.33 129.77 0.63 92.70
1786 74.89 27.32 102.23 1.11 28.70
1787 75.01 23.23 110.97 0.87 27.41
1788 75.02 84.73 0.00 4.34 17.03
1789 75.00 29.81 109.26 1.22 33.37
1790 75.16 11.48 45.85 0.59 17.85
1791 75.44 20.15 134.24 1.67 27.43
1792 75.08 40.04 15.34 1.30 63.73
1793 75.22 78.74 26.90 2.76 56.34
1794 75.21 14.10 65.66 2.04 24.46
1795 75.13 48.95 25.91 1.56 83.31
1796 75.06 33.98 62.28 0.60 42.92
1797 75.57 76.55 75.62 1.34 44.26
1798 75.45 44.44 11.05 0.54 69.25
1799 75.59 67.71 153.51 0.00 64.36
1800 75.46 59.69 74.19 0.00 79.88
1801 75.42 55.48 41.91 0.26 87.60
1802 75.67 65.13 133.14 0.00 81.91
1803 75.52 73.27 120.49 1.62 48.55
1804 75.66 38.37 47.39 0.15 50.38
1805 75.79 12.01 69.80 0.07 23.07
1806 75.97 31.04 157.95 0.83 31.67
1807 75.98 33.25 154.00 0.00 32.21
1808 75.92 46.96 10.16 0.19 58.00
1809 75.87 35.72 142.51 0.00 34.48
1810 75.99 61.64 64.24 0.00 80.83
1811 75.95 28.32 179.46 1.79 24.04
1812 76.10 70.16 149.78 0.46 67.24
1813 76.00 57.67 46.22 0.00 90.01
1814 75.95 25.24 177.53 0.54 21.01
1815 76.00 53.38 25.13 0.00 84.49
1816 76.10 16.02 131.80 1.38 23.44
1817 76.12 41.00 86.70 0.28 40.02
1818 76.15 51.14 12.82 0.41 73.08
1819 76.10 49.13 7.52 0.07 63.81
1820 76.28 22.33 138.72 1.06 19.82
1821 76.41 79.44 76.65 1.47 43.75
1822 76.51 13.25 122.49 3.29 16.39
1823 76.82 83.13 49.57 3.21 37.48
1824 76.48 45.19 10.55 0.00 56.16
1825 76.45 55.64 12.69 0.00 71.72
1826 76.38 74.74 108.25 1.22 54.00
1827 76.74 37.50 156.30 0.58 33.26
1828 76.73 39.62 167.09 0.62 29.13
1829 76.72 43.22 64.43 0.00 46.04
1830 76.79 63.52 40.07 0.95 73.34
1831 76.77 66.08 77.39 0.25 79.08
1832 76.81 17.90 154.90 1.63 16.40
1833 76.92 72.78 131.30 0.79 77.13
1834 76.78 59.34 34.00 0.00 74.52
1835 76.89 26.79 167.15 0.34 16.54
1836 77.04 77.04 106.57 0.78 56.59
1837 76.86 48.52 7.53 0.00 50.10
1838 77.19 20.11 162.73 1.24 14.74
1839 77.06 32.97 170.50 0.38 15.60
1840 77.06 35.37 181.49 1.88 23.83
1841 77.09 52.56 15.54 0.00 67.49
1842 77.17 24.32 173.43 0.12 13.95
1843 77.17 29.93 188.58 1.62 16.35
1844 77.16 61.71 33.21 0.13 72.85
1845 77.15 46.68 34.04 0.00 52.74
1846 77.20 50.45 15.78 0.00 70.58
1847 77.28 54.97 9.04 0.00 64.80
1848 77.58 69.83 77.32 0.00 69.42
1849 77.67 14.10 133.23 2.26 9.43
1850 77.48 57.58 7.73 0.00 60.23
1851 77.54 45.11 98.68 0.00 27.63
1852 77.64 81.46 94.97 3.11 54.15
1853 77.74 22.27 140.32 0.71 10.96
1854 77.77 48.26 130.15 0.34 34.08
1855 78.16 78.70 115.76 2.09 50.30
1856 77.94 60.22 10.93 0.00 64.54
1857 77.82 64.94 27.13 0.64 69.16
1858 78.02 25.85 149.07 0.14 9.26
1859 78.03 37.04 183.13 0.84 15.60
1860 77.92 39.42 199.21 0.51 18.92
1861 78.19 42.57 200.16 3.38 21.95
1862 77.91 51.75 52.82 0.00 41.13
1863 78.29 74.71 101.57 2.81 84.50
1864 78.17 18.09 152.21 1.49 8.97
1865 77.99 53.98 15.63 0.86 49.95
1866 78.17 27.79 160.44 1.06 9.71
1867 78.17 62.93 16.38 0.00 71.88
1868 78.19 32.30 154.44 0.33 10.49
1869 78.22 34.58 175.80 0.03 12.09
1870 78.46 49.83 138.76 0.00 34.77
1871 78.46 67.26 35.97 0.00 81.25
1872 78.32 56.27 10.24 1.61 57.92
1873 78.46 30.07 149.81 1.02 7.00
1874 78.59 71.95 58.63 0.70 73.46
1875 78.68 20.39 134.55 1.61 6.43
1876 78.55 44.71 182.05 0.00 26.42
1877 78.65 23.94 138.24 1.34 7.47
1878 78.78 47.07 170.17 2.39 30.61
1879 78.69 58.53 7.96 0.00 50.51
1880 79.07 51.90 147.21 0.08 28.29
1881 78.99 14.06 73.18 2.12 5.07
1882 78.92 16.48 103.87 1.19 5.49
1883 78.95 40.79 182.03 0.65 14.95
1884 78.89 69.68 57.23 0.09 72.59
1885 78.84 54.28 76.81 0.00 30.93
1886 79.03 65.08 10.11 0.00 58.51
1887 79.25 81.36 94.89 3.22 51.48
1888 79.03 61.23 6.37 0.00 49.57
1889 79.04 38.58 166.06 0.51 11.46
1890 79.24 36.22 144.25 1.71 7.68
1891 79.27 56.45 69.30 0.00 33.59
1892 79.43 26.15 85.04 0.20 4.67
1893 79.32 28.27 103.10 0.90 5.62
1894 79.34 31.76 138.44 0.69 5.48
1895 79.43 34.21 131.87 0.00 5.69
1896 79.54 63.28 3.82 0.00 52.17
1897 79.80 77.21 62.31 2.33 63.17
1898 79.53 43.27 152.02 0.00 9.84
1899 79.57 18.67 92.79 0.87 5.11
1900 79.43 73.52 41.04 0.00 71.08
1901 79.78 45.54 190.44 0.95 17.30
1902 79.70 49.40 184.49 0.18 25.90
1903 79.85 24.20 73.40 0.00 4.41
1904 79.98 54.05 165.41 0.06 23.13
1905 80.03 58.09 104.83 0.54 29.62
1906 79.93 74.61 44.99 0.57 69.91
1907 79.88 67.38 7.42 0.00 63.46
1908 79.92 70.73 23.30 0.33 69.14
1909 79.81 72.28 36.89 0.59 72.62
1910 80.04 21.37 68.88 0.27 2.82
1911 80.06 15.96 64.59 1.24 3.12
1912 80.19 30.00 72.27 2.22 3.29
1913 80.23 39.60 159.74 0.99 5.27
1914 80.27 47.54 170.53 0.55 13.59
1915 80.26 41.63 132.43 0.00 8.35
1916 80.67 37.60 81.20 0.00 3.51
1917 80.44 65.67 3.75 0.00 44.61
1918 80.47 33.05 85.15 0.00 2.93
1919 80.60 51.70 162.48 0.00 16.15
1920 80.66 56.02 169.49 0.00 19.83
1921 80.51 27.81 49.43 0.00 1.78
1922 80.78 80.56 35.49 2.63 50.93
1923 80.63 18.96 59.84 0.80 2.40
1924 80.63 35.45 68.84 0.00 4.27
1925 80.82 60.37 92.76 0.00 28.43
1926 80.76 69.35 7.51 0.00 55.25
1927 80.87 25.55 43.96 0.42 2.43
1928 80.71 43.59 146.64 1.23 7.87
1929 80.75 63.93 7.66 0.00 42.21
1930 80.93 49.60 153.24 0.00 9.90
1931 80.86 23.18 39.66 0.00 3.35
1932 80.78 17.61 49.98 0.31 3.03
1933 81.50 45.31 113.39 1.19 6.05
1934 81.65 78.37 24.59 2.10 48.56
1935 81.30 73.67 21.16 1.68 56.13
1936 81.37 16.40 25.18 1.75 2.20
1937 81.30 20.90 38.86 0.40 1.70
1938 81.29 31.39 41.88 0.00 2.91
1939 81.38 67.76 2.80 0.00 45.31
1940 81.43 53.80 182.56 0.03 11.77
1941 81.45 58.33 147.16 0.00 15.34
1942 81.34 29.28 26.51 0.00 0.67
1943 81.41 40.16 85.89 0.00 3.54
1944 81.48 62.56 62.09 0.00 27.15
1945 81.76 42.49 86.45 1.01 3.58
1946 81.62 65.92 12.34 0.00 38.87
1947 81.70 47.82 128.09 0.09 5.30
1948 81.93 27.38 27.77 0.97 1.46
1949 81.85 50.88 148.87 0.07 8.53
1950 81.97 18.65 34.15 0.91 1.31
1951 82.09 56.18 164.15 0.00 10.87
1952 81.93 23.25 22.98 1.32 1.22
1953 82.00 25.14 21.69 0.00 1.94
1954 82.21 60.42 139.69 0.00 15.66
1955 82.11 70.22 2.29 0.00 41.78
1956 82.00 36.19 37.19 0.87 1.76
1957 82.39 64.49 107.69 0.00 17.43
1958 82.47 29.75 18.62 0.13 0.81
1959 82.24 31.96 20.93 0.00 2.15
1960 82.26 38.33 31.91 0.40 1.88
1961 82.69 52.11 126.50 0.50 6.10
1962 82.46 40.69 33.23 0.00 0.37
1963 82.62 21.83 18.57 0.95 1.63
1964 82.57 68.36 15.76 0.00 54.68
1965 82.42 76.57 10.46 2.14 41.41
1966 82.37 71.72 5.76 0.00 45.00
1967 82.72 49.16 66.41 0.00 2.85
1968 82.69 74.12 8.56 0.60 52.93
1969 82.71 46.86 71.94 0.00 3.71
1970 82.65 66.54 60.18 0.00 33.03
1971 82.88 58.33 142.88 0.00 11.74
1972 82.99 62.35 155.25 0.19 12.57
1973 82.86 42.76 46.74 0.00 1.18
1974 82.97 36.33 19.15 0.00 0.86
1975 82.94 44.64 31.83 0.00 2.05
1976 83.05 54.69 98.70 0.00 5.65
1977 83.06 26.09 14.96 1.23 0.61
1978 83.13 19.66 11.41 0.22 1.30
1979 83.56 32.36 17.75 0.15 0.26
1980 83.37 39.87 23.58 0.46 0.51
1981 83.42 23.90 11.28 0.12 1.77
1982 83.78 72.63 2.93 1.02 39.44
1983 83.42 28.11 12.68 0.16 1.45
1984 83.48 34.66 12.76 0.00 1.04
1985 83.47 38.09 18.05 0.00 1.34
1986 83.60 56.65 102.43 0.00 4.55
1987 83.64 60.24 140.60 0.00 9.14
1988 83.71 67.99 71.42 0.00 30.48
1989 83.75 30.31 13.69 0.00 0.90
1990 83.73 41.77 25.60 0.00 0.00
1991 84.01 48.09 24.88 0.00 1.08
1992 83.75 64.88 119.75 0.00 11.27
1993 83.82 21.96 8.67 0.12 1.56
1994 83.82 46.15 24.23 0.00 0.29
1995 83.85 52.58 71.35 0.00 2.15
1996 83.93 75.90 2.27 1.26 36.92
1997 83.85 43.72 22.92 1.19 0.74
1998 84.02 50.16 37.57 0.00 1.37
1999 84.44 37.23 12.56 0.00 0.00
2000 84.31 62.30 175.05 0.00 7.27
2001 84.23 54.73 58.57 0.00 1.84
2002 84.27 20.34 6.94 0.22 0.88
2003 84.37 58.35 76.01 0.00 4.36
2004 84.57 40.07 15.52 0.00 0.00
2005 84.67 28.42 10.10 0.00 0.04
2006 84.62 35.33 8.39 0.00 0.00
2007 84.73 23.55 7.26 0.19 1.06
2008 84.73 70.02 86.30 0.00 22.05
2009 84.66 42.32 13.41 0.00 0.00
2010 84.68 44.92 12.97 0.00 0.00
2011 84.88 32.99 7.87 0.00 0.09
2012 84.83 51.88 24.98 0.00 1.50
2013 84.93 56.45 43.04 0.00 2.55
2014 85.04 64.43 145.42 0.00 4.53
2015 84.93 30.67 9.42 1.03 0.00
2016 85.07 60.06 83.91 0.00 4.25
2017 85.06 49.83 22.32 0.00 0.45
2018 85.06 67.11 135.26 0.00 10.50
2019 85.03 77.10 0.98 0.87 20.45
2020 85.18 21.24 7.58 0.66 0.87
2021 85.24 74.33 11.08 0.95 25.80
2022 85.35 53.70 25.06 0.00 0.53
2023 85.32 25.77 9.63 0.00 1.69
2024 85.74 43.24 8.17 0.00 0.00
2025 85.62 38.87 7.70 0.00 0.00
2026 85.52 45.01 9.91 0.00 0.00
2027 85.67 36.69 9.61 0.00 0.01
2028 85.79 58.12 28.04 0.00 1.07
2029 85.79 62.19 113.64 0.00 2.53
2030 85.45 34.00 6.99 0.00 0.00
2031 85.75 41.28 8.62 1.15 0.00
2032 85.92 34.82 6.51 0.00 0.00
2033 85.72 76.91 4.21 1.81 23.91
2034 86.09 28.00 5.87 0.00 0.56
2035 86.08 23.48 6.24 0.30 0.63
2036 86.16 45.72 8.10 0.00 0.00
2037 86.18 55.09 17.44 0.00 0.00
2038 86.25 69.72 131.34 0.00 8.47
2039 86.22 72.92 68.32 0.00 15.67
2040 85.98 49.52 8.22 0.00 0.01
2041 85.96 26.22 7.91 0.00 2.03
2042 86.07 51.55 11.69 0.00 0.00
2043 86.41 65.42 124.26 0.00 4.02
2044 86.26 30.28 5.88 0.00 0.40
2045 86.55 60.20 66.69 0.00 1.15
2046 86.84 40.30 8.53 0.00 0.00
2047 86.62 75.83 38.90 0.74 14.70
2048 86.61 47.76 6.31 0.00 0.00
2049 86.70 42.33 4.92 0.00 0.00
2050 86.98 26.49 6.26 0.00 0.00
2051 86.79 56.57 15.17 0.00 0.74
2052 86.89 34.72 5.37 0.00 0.00
2053 87.08 62.91 90.43 0.00 1.31
2054 87.24 58.40 22.49 0.00 0.69
2055 87.07 31.44 4.29 0.00 0.00
2056 87.38 29.76 4.50 0.00 0.19
2057 87.08 51.99 4.68 0.00 0.00
2058 87.31 25.04 6.09 0.91 0.54
2059 87.60 22.90 2.52 2.60 0.95
2060 87.47 49.54 5.64 0.00 0.00
2061 87.36 70.74 86.81 0.00 6.65
2062 87.31 38.06 3.59 0.00 0.00
2063 87.82 73.54 77.67 0.74 9.43
2064 87.66 47.15 3.72 0.00 0.00
2065 87.72 55.80 7.72 0.00 0.00
2066 87.86 44.54 4.80 0.00 0.00
2067 88.10 68.78 100.33 0.49 2.38
2068 87.82 42.36 4.06 0.00 0.00
2069 87.96 66.16 88.63 0.00 0.35
2070 87.88 36.43 3.83 0.47 0.00
2071 87.95 53.60 3.60 0.00 0.00
2072 88.18 59.90 22.15 0.00 0.00
2073 88.00 38.80 3.06 0.00 0.00
2074 88.16 27.23 5.24 6.71 0.59
2075 88.20 40.41 3.24 0.00 0.00
2076 88.37 51.72 3.14 0.00 0.00
2077 87.91 25.84 7.41 5.18 0.00
2078 88.00 34.31 3.99 1.79 0.00
2079 88.40 31.54 4.47 8.19 0.00
2080 88.32 63.15 46.31 0.00 0.00
2081 88.44 25.03 2.75 7.05 0.22
2082 88.49 49.38 2.63 0.00 0.00
2083 88.65 28.90 5.47 11.48 0.35
2084 88.64 71.14 39.56 0.59 1.01
2085 88.70 46.86 2.87 0.00 0.00
2086 88.56 33.79 3.29 6.16 0.00
2087 88.55 23.84 3.63 5.37 1.84
2088 88.97 55.85 5.85 0.00 0.00
2089 88.88 22.19 0.49 10.46 1.22
2090 89.06 42.52 1.77 1.38 0.00
2091 89.15 44.56 2.09 0.00 0.00
2092 89.06 35.68 3.40 8.97 0.00
2093 89.14 64.38 46.60 0.00 0.00
2094 89.43 40.47 2.16 2.89 0.00
2095 89.25 60.59 17.92 0.00 0.00
2096 89.36 38.22 1.36 6.60 0.00
2097 89.09 33.85 3.36 7.57 0.25
2098 89.49 67.66 89.61 0.00 0.00
2099 89.53 24.22 3.00 15.55 1.13
2100 89.61 26.48 1.61 12.65 0.48
2101 89.43 50.76 1.60 0.00 0.00
2102 89.89 30.84 3.77 15.56 0.97
2103 89.58 28.51 4.48 14.43 0.76
2104 89.61 48.26 2.07 0.00 0.00
2105 89.69 33.15 3.48 8.78 0.00
2106 89.77 45.99 2.89 0.00 0.00
2107 89.80 52.23 2.72 0.00 0.00
2108 89.89 58.06 4.89 0.00 0.00
2109 90.19 36.59 3.28 13.92 0.00
2110 90.72 35.02 2.83 12.95 0.47
2111 90.37 43.73 1.78 0.00 0.00
2112 90.38 64.74 32.73 0.00 0.00
2113 90.34 49.80 0.26 0.00 0.00
2114 90.62 38.92 3.15 11.25 0.00
2115 90.82 41.43 2.07 11.11 0.00
2116 90.64 66.73 32.58 0.00 0.00
2117 90.38 54.15 2.58 0.00 0.00
2118 90.33 56.49 2.92 0.00 0.00
2119 90.69 59.85 6.39 0.00 0.00
2120 90.77 52.43 1.06 0.00 0.00
2121 91.05 32.41 2.89 12.30 0.98
2122 90.82 47.42 0.17 2.07 0.00
2123 90.78 55.38 2.32 0.00 0.00
2124 90.92 57.50 3.54 0.00 0.00
2125 91.10 28.93 2.66 16.47 0.33
2126 91.06 26.28 3.31 16.17 0.57
2127 91.38 45.00 2.42 1.35 0.00
2128 91.48 49.63 2.05 3.15 0.00
2129 91.57 53.01 0.00 0.00 0.00
2130 91.74 65.29 10.39 0.00 0.00
2131 91.77 43.11 0.08 5.23 0.00
2132 91.89 37.22 2.37 13.88 0.00
2133 91.82 55.03 0.65 0.00 0.00
2134 91.84 61.83 8.35 0.00 0.00
2135 91.91 57.14 0.95 0.00 0.00
2136 91.70 31.16 2.30 12.07 0.48
2137 92.07 40.17 2.36 7.85 0.00
2138 92.19 34.44 2.22 12.62 0.33
2139 92.48 27.30 2.48 15.07 0.56
2140 92.27 30.31 3.09 14.29 0.18
2141 92.17 44.79 2.15 3.63 0.00
2142 92.46 46.79 1.08 6.51 0.00
2143 92.08 58.64 0.94 0.00 0.00
2144 92.38 59.77 0.28 0.00 0.00
2145 92.72 32.32 2.37 10.03 0.69
2146 92.50 49.37 0.71 3.31 0.00
2147 92.40 51.63 2.15 0.00 0.00
2148 92.43 42.23 2.26 3.88 0.00
2149 92.82 63.84 1.87 0.00 0.00
2150 92.97 38.80 2.71 1.82 0.00
2151 93.09 44.38 0.00 5.10 0.00
2152 92.96 55.09 0.00 0.00 0.00
2153 92.80 61.59 0.00 0.00 0.00
2154 93.17 42.15 1.46 4.36 0.00
2155 92.96 58.84 0.00 0.00 0.00
2156 93.03 51.26 0.60 0.79 0.00
2157 93.49 36.00 1.96 10.86 0.00
2158 93.16 29.44 1.06 14.13 1.01
2159 93.28 60.28 0.38 0.00 0.00
2160 93.31 48.74 0.00 7.69 0.00
2161 93.58 27.85 2.51 12.25 0.62
2162 94.10 40.73 0.91 5.45 0.00
2163 93.88 30.71 2.38 10.46 0.71
2164 93.86 32.93 0.64 7.10 0.28
2165 93.76 57.17 0.00 0.00 0.00
2166 93.69 49.57 0.00 8.89 0.00
2167 94.06 47.83 0.00 6.82 0.00
2168 93.83 55.19 0.00 0.00 0.00
2169 94.34 50.51 0.00 10.40 0.00
2170 94.07 38.23 2.26 0.00 0.00
2171 94.13 45.70 0.25 0.20 0.00
2172 94.10 59.43 0.00 0.00 0.00
2173 94.48 43.60 0.73 6.22 0.00
2174 95.03 58.94 0.00 0.00 0.00
2175 94.88 52.21 0.00 4.19 0.00
2176 94.93 35.28 2.41 5.14 0.29
2177 95.04 57.23 0.00 0.00 0.00
2178 95.12 55.11 0.00 0.00 0.00
2179 95.35 45.89 0.28 0.00 0.00
2180 95.91 40.02 0.39 6.70 0.00
2181 95.54 48.48 0.00 4.56 0.00
2182 95.49 43.34 0.00 3.55 0.00
2183 95.95 42.36 0.76 2.27 0.00
2184 95.73 57.22 0.00 0.00 0.00
2185 95.92 54.65 0.00 0.00 0.00
2186 96.01 44.86 0.00 0.30 0.00
2187 96.35 52.28 0.00 4.61 0.00
2188 96.11 46.71 1.24 0.00 0.00
2189 96.35 56.70 0.00 1.23 0.00
2190 96.99 43.94 0.00 0.56 0.00
2191 96.77 54.39 0.00 0.00 0.00
2192 96.91 46.90 0.75 0.00 0.00
2193 97.04 50.63 0.00 5.55 0.00
2194 97.21 48.94 0.00 2.44 0.00
2195 97.92 45.59 0.00 3.11 0.00
2196 97.93 48.46 0.00 1.77 0.00
2197 97.68 50.09 0.00 10.32 0.00
2198 97.98 51.01 0.00 4.47 0.00

