
0 2.29 52.50 4.88 8.74 122.96
1 2.78 42.66 4.99 8.83 136.10
2 2.77 47.32 7.62 12.43 156.83
3 3.03 50.26 7.80 12.25 172.39
4 3.48 44.49 9.17 13.04 168.48
5 3.71 54.21 9.46 14.78 180.23
6 4.08 56.70 6.90 11.87 161.42
7 4.09 47.59 10.51 16.94 194.11
8 4.22 50.27 12.07 17.15 182.24
9 4.36 41.79 11.03 15.74 210.58
10 4.76 58.94 7.32 12.14 142.42
11 4.76 45.54 12.51 18.65 204.61
12 4.91 52.32 13.41 19.41 193.65
13 4.89 39.00 9.45 13.32 187.18
14 5.16 54.98 12.18 19.70 193.17
15 5.45 43.19 13.04 16.93 175.56
16 5.54 60.83 6.50 11.62 118.71
17 5.45 48.15 14.51 18.85 170.26
18 5.96 57.13 13.26 21.25 201.75
19 6.03 38.38 9.78 15.12 177.58
20 6.55 46.57 15.09 20.77 180.55
21 6.40 51.76 15.23 23.19 192.26
22 6.57 40.85 14.81 16.79 171.38
23 6.33 54.32 16.09 24.25 216.76
24 6.56 49.53 18.57 22.86 216.72
25 6.65 43.65 16.33 19.68 203.44
26 6.65 35.91 9.54 14.31 199.17
27 6.78 58.61 12.92 21.26 193.54
28 7.27 55.71 19.11 25.75 214.22
29 7.48 37.50 13.21 15.27 162.50
30 7.82 53.55 18.73 25.85 195.83
31 7.72 60.47 14.30 21.44 191.99
32 7.79 33.64 9.99 12.27 165.64
33 7.76 44.35 16.56 21.55 195.78
34 7.84 48.07 18.87 23.53 193.15
35 7.86 40.18 18.61 21.52 223.97
36 7.86 50.91 18.06 25.07 201.09
37 8.24 57.61 17.24 25.05 195.41
38 8.40 63.29 10.63 18.12 158.92
39 8.65 42.30 18.17 22.68 204.03
40 8.69 36.04 14.18 19.84 223.94
41 8.85 66.01 7.38 12.33 92.43
42 8.74 46.39 18.28 24.91 199.24
43 8.95 38.78 17.85 21.75 197.40
44 8.87 31.45 10.02 12.38 181.06
45 8.97 61.02 16.96 25.64 183.49
46 9.02 50.66 21.22 26.13 200.16
47 9.14 55.69 20.79 31.37 217.62
48 9.13 53.54 20.06 27.29 198.36
49 9.39 33.76 14.83 16.63 183.13
50 9.54 58.79 19.99 28.04 184.35
51 9.63 44.50 21.54 27.43 204.04
52 9.82 48.64 21.87 28.11 199.88
53 9.74 63.92 14.97 24.72 193.96
54 10.03 42.33 20.87 24.51 189.36
55 10.01 38.12 18.17 21.61 187.89
56 10.37 61.67 20.62 27.53 182.10
57 10.25 51.76 22.77 29.07 192.77
58 10.47 46.49 21.47 27.89 193.04
59 10.32 56.93 23.26 29.97 198.11
60 10.53 66.30 12.23 19.39 136.01
61 10.35 31.75 13.31 14.89 192.33
62 10.59 35.67 18.44 19.36 181.34
63 10.86 40.86 21.19 26.58 198.58
64 10.94 54.68 26.08 30.81 205.51
65 10.97 59.67 24.10 30.77 196.05
66 11.05 33.40 16.55 17.44 177.08
67 11.22 49.60 24.86 28.58 189.88
68 11.28 38.18 22.41 27.06 217.33
69 11.37 63.64 22.03 27.86 173.42
70 11.52 43.85 22.78 29.15 189.46
71 11.44 52.24 23.77 31.34 209.94
72 11.49 30.71 16.72 16.03 188.66
73 11.58 57.40 26.66 31.86 195.33
74 11.61 46.24 25.88 30.07 196.84
75 11.84 68.59 11.08 17.19 107.90
76 12.01 41.37 22.02 26.38 193.32
77 12.15 34.85 19.03 19.71 156.08
78 12.11 66.29 19.93 26.16 171.92
79 12.12 60.69 26.20 32.30 187.21
80 12.20 48.48 28.34 31.67 199.57
81 12.30 54.50 28.74 32.95 196.94
82 12.32 28.76 12.91 15.22 158.19
83 12.53 32.03 18.72 17.91 166.59
84 12.65 70.92 9.36 15.11 81.86
85 12.53 38.74 22.24 26.21 189.49
86 12.61 50.50 27.42 31.55 183.72
87 12.58 63.67 23.35 31.97 173.88
88 12.76 58.02 27.80 33.00 179.20
89 12.86 46.20 28.68 31.41 204.03
90 12.88 43.31 26.27 26.27 189.81
91 13.15 36.42 22.98 25.31 186.31
92 13.18 52.15 27.83 32.15 187.67
93 13.13 68.03 18.61 26.05 160.94
94 13.34 25.95 11.09 10.04 104.46
95 13.35 61.04 26.68 34.45 184.68
96 13.63 41.37 26.15 29.90 176.82
97 13.64 56.63 28.40 34.83 183.77
98 13.59 64.59 26.42 30.15 151.38
99 13.70 28.31 16.66 16.20 153.89
100 13.59 31.12 20.05 19.27 162.11
101 13.66 34.01 25.26 23.46 182.19
102 13.63 48.29 27.47 31.21 184.16
103 13.93 54.25 29.12 37.82 190.34
104 14.14 72.52 11.61 16.34 82.54
105 13.83 39.21 24.41 26.25 176.09
106 13.97 69.97 18.58 25.86 150.29
107 13.94 44.48 30.05 28.54 174.08
108 14.10 66.81 28.51 33.12 170.36
109 14.33 59.68 35.33 37.19 173.87
110 14.45 50.79 30.08 34.22 167.88
111 14.42 62.92 32.86 36.02 180.06
112 14.48 37.10 26.20 26.91 176.59
113 14.71 24.60 12.02 12.66 126.77
114 14.77 47.41 31.29 32.12 181.26
115 14.77 31.12 23.29 18.75 144.34
116 14.95 27.17 18.65 16.71 153.39
117 14.86 34.35 27.39 25.81 179.91
118 15.03 42.54 31.06 30.27 168.48
119 15.20 39.75 28.05 30.77 164.20
120 14.99 57.72 35.81 39.85 198.24
121 15.06 53.28 37.08 38.53 177.84
122 15.12 45.46 30.42 34.15 176.08
123 15.47 64.64 31.97 34.85 142.58
124 15.12 67.13 33.29 35.58 171.12
125 15.49 55.56 36.48 38.15 158.77
126 15.37 70.48 27.62 30.25 142.46
127 15.48 60.97 32.90 36.82 153.08
128 15.69 49.22 30.29 34.18 150.28
129 15.79 30.12 24.76 22.57 150.47
130 15.77 37.19 30.08 28.84 176.28
131 15.84 73.18 19.17 23.48 108.91
132 16.07 27.34 23.65 18.15 140.63
133 16.59 32.42 32.84 27.01 175.09
134 16.09 68.67 33.80 34.29 157.14
135 16.28 34.85 30.93 26.85 177.25
136 16.40 24.44 18.95 14.77 126.31
137 16.50 51.46 36.21 37.42 159.19
138 16.18 58.09 39.83 42.08 185.90
139 16.22 45.10 36.18 35.07 186.13
140 16.43 42.55 31.46 33.76 172.79
141 16.47 63.05 38.99 39.31 163.48
142 16.49 40.05 34.16 33.20 177.02
143 16.69 53.92 36.76 37.78 158.06
144 16.98 46.90 36.26 37.58 166.35
145 16.82 60.35 42.56 41.36 161.35
146 16.82 65.82 37.17 37.28 147.69
147 16.93 72.28 27.03 32.09 124.12
148 17.02 56.55 48.86 40.64 175.71
149 17.11 37.24 34.66 30.77 158.87
150 17.12 29.71 29.12 24.44 149.44
151 17.19 69.44 36.99 36.28 129.81
152 17.24 49.21 40.92 39.65 176.67
153 17.41 27.41 24.69 20.61 127.88
154 17.31 22.82 17.56 14.00 116.87
155 17.62 44.22 39.30 36.88 155.38
156 17.52 74.87 27.96 30.74 133.80
157 17.74 67.33 41.85 40.73 150.56
158 17.84 39.02 35.10 32.94 153.78
159 17.85 34.89 34.30 28.76 149.56
160 17.84 63.73 48.26 42.00 162.80
161 17.99 58.26 45.54 43.57 164.35
162 18.04 24.95 27.19 20.12 133.79
163 18.05 41.73 35.78 34.43 141.76
164 18.04 55.20 47.03 45.42 167.03
165 17.93 61.06 46.78 44.32 171.14
166 17.95 32.17 31.53 26.31 150.44
167 18.24 50.77 46.83 45.79 167.97
168 18.29 71.04 37.44 36.62 119.61
169 18.40 52.95 46.72 44.39 163.95
170 18.41 47.99 40.41 38.25 153.46
171 18.56 73.79 40.00 37.72 136.79
172 18.67 22.36 22.60 17.74 114.09
173 18.84 36.94 37.18 32.18 133.99
174 18.84 28.54 32.64 23.64 133.48
175 18.79 65.96 50.26 45.02 160.99
176 18.74 45.06 42.58 39.65 162.33
177 18.93 30.85 36.56 29.39 155.24
178 18.94 62.96 48.50 45.23 156.05
179 19.06 25.62 27.59 21.43 126.31
180 19.14 68.86 42.64 40.04 125.55
181 19.25 20.10 18.19 15.35 107.37
182 19.20 34.14 38.74 31.74 153.01
183 19.21 40.80 36.53 36.22 140.67
184 19.14 56.17 48.69 45.34 162.38
185 19.12 59.91 50.44 46.02 148.79
186 19.57 75.30 34.05 33.70 96.16
187 19.61 47.13 52.72 42.80 163.93
188 19.67 50.39 53.48 43.58 151.36
189 19.62 53.42 53.84 46.32 169.98
190 19.70 71.72 50.73 41.05 121.04
191 19.88 43.85 49.02 40.88 166.51
192 19.91 38.14 42.47 34.32 150.93
193 20.04 58.07 56.12 50.11 153.84
194 19.88 64.68 60.40 50.00 157.43
195 20.02 27.13 37.13 26.06 128.10
196 19.92 22.58 31.36 20.35 124.88
197 20.04 32.34 38.61 31.27 152.89
198 20.07 67.42 62.43 47.33 163.78
199 20.24 78.35 29.09 28.77 93.43
200 20.30 29.59 40.61 28.38 139.76
201 20.32 60.54 62.64 49.90 142.56
202 20.47 24.96 35.29 24.65 124.22
203 20.60 62.88 67.55 55.71 167.13
204 20.68 34.88 46.62 34.56 143.36
205 20.44 55.54 59.64 48.16 157.31
206 20.47 18.99 18.28 13.11 83.79
207 20.60 52.93 60.18 48.59 170.37
208 20.73 47.86 50.05 44.15 147.19
209 20.76 72.27 54.29 41.86 122.16
210 20.94 39.92 45.23 39.53 145.80
211 20.82 75.23 51.12 40.37 109.77
212 20.88 42.25 55.31 43.02 164.36
213 20.97 50.56 50.22 46.00 138.77
214 21.07 45.18 53.24 46.50 161.19
215 21.02 37.14 51.18 40.51 158.65
216 21.02 69.85 62.56 46.80 125.06
217 21.01 22.46 32.12 20.60 109.60
218 21.01 66.30 73.22 54.79 163.07
219 21.20 80.28 28.70 28.29 76.27
220 21.25 31.00 46.30 34.34 141.18
221 21.47 56.92 56.06 48.38 130.84
222 21.49 59.41 62.56 52.29 137.17
223 21.41 27.09 41.09 27.32 114.37
224 21.53 20.01 31.28 19.35 116.84
225 21.71 17.26 20.61 13.27 92.78
226 21.71 77.60 54.11 37.93 105.42
227 21.68 68.19 73.09 55.20 140.63
228 21.73 33.24 57.95 40.14 148.08
229 21.67 64.33 77.35 57.53 155.81
230 21.66 53.67 56.66 46.22 130.30
231 21.95 23.93 42.59 25.82 114.58
232 21.85 61.69 76.36 53.73 150.25
233 22.11 43.39 55.06 43.23 140.77
234 21.99 72.17 73.14 50.89 134.21
235 22.16 47.17 54.07 47.11 129.05
236 22.23 29.24 47.61 31.44 124.55
237 22.06 38.81 56.48 42.48 147.70
238 22.09 49.38 64.01 49.32 143.50
239 22.23 74.78 58.52 45.57 114.01
240 22.35 35.52 58.58 41.28 142.85
241 22.45 41.26 63.00 44.78 131.12
242 22.55 51.67 61.10 49.91 127.33
243 22.58 21.54 38.55 21.68 97.12
244 22.52 65.80 72.03 51.29 132.12
245 22.72 31.85 52.05 37.27 131.69
246 22.62 69.90 76.81 49.29 128.66
247 22.76 25.59 53.51 28.40 116.88
248 22.69 54.84 73.00 52.63 134.31
249 22.68 80.14 43.53 33.99 89.26
250 22.78 57.44 75.92 52.86 132.29
251 22.84 18.30 31.39 18.07 97.64
252 22.88 62.64 74.59 55.91 135.10
253 23.10 59.68 80.40 55.12 134.15
254 23.26 82.54 29.41 24.80 61.14
255 23.10 37.90 68.30 41.51 136.03
256 23.22 27.51 57.13 31.92 130.92
257 23.20 76.42 86.66 50.85 120.24
258 23.16 45.31 74.61 49.26 138.72
259 23.35 68.00 86.33 57.41 135.09
260 23.25 72.34 81.83 53.99 126.93
261 23.52 49.74 73.63 52.84 130.71
262 23.76 19.70 38.26 22.13 98.64
263 23.72 23.75 56.92 27.68 128.64
264 23.69 33.32 71.20 40.97 136.00
265 23.56 35.51 58.42 38.23 130.02
266 23.67 40.84 66.08 46.47 131.88
267 23.67 29.75 69.02 34.48 125.73
268 23.77 78.46 68.52 44.67 90.80
269 23.67 54.18 80.81 54.62 136.35
270 23.79 16.11 29.24 17.82 89.02
271 23.90 43.12 82.74 51.65 140.41
272 23.79 65.53 83.36 55.27 115.71
273 23.98 46.82 66.08 50.54 122.09
274 24.10 74.72 80.06 53.27 114.23
275 23.97 51.86 83.10 55.46 139.51
276 23.98 56.84 89.94 57.08 127.56
277 24.08 63.35 95.13 59.93 125.80
278 24.16 70.31 95.26 58.94 123.95
279 24.28 21.88 52.80 26.49 105.82
280 24.14 38.46 66.41 46.56 127.10
281 24.49 25.42 56.12 29.65 102.52
282 24.28 60.40 101.85 61.93 124.45
283 24.33 80.90 68.81 42.39 96.50
284 24.45 31.54 71.28 38.36 134.49
285 24.60 28.50 61.40 34.93 114.56
286 24.71 67.54 103.34 63.72 126.16
287 24.70 36.56 80.87 48.02 131.63
288 24.71 17.28 48.89 23.33 106.27
289 24.77 43.97 73.48 50.33 124.12
290 24.72 49.00 81.16 54.34 129.05
291 24.85 72.37 90.98 56.62 105.23
292 24.94 33.85 76.76 41.22 126.03
293 24.88 55.09 96.10 55.60 127.70
294 25.03 52.82 80.01 56.95 118.42
295 24.96 57.92 92.47 56.79 129.26
296 25.01 77.97 89.48 53.11 107.04
297 24.99 40.21 81.13 46.66 131.24
298 25.33 18.98 56.43 25.77 94.11
299 25.22 62.29 95.23 62.28 123.73
300 25.23 65.00 114.64 62.90 124.50
301 25.19 82.61 54.91 37.98 73.29
302 25.32 46.47 75.02 53.87 121.06
303 25.40 75.12 95.31 56.18 102.90
304 25.70 20.87 61.56 30.52 107.85
305 25.52 26.22 64.31 32.90 104.26
306 25.60 50.49 98.03 60.38 129.00
307 25.63 69.17 98.20 63.96 112.88
308 25.62 16.00 42.07 19.74 86.02
309 25.63 30.96 71.89 42.44 126.35
310 25.65 59.78 113.26 66.73 123.74
311 25.71 38.56 83.88 51.25 130.40
312 25.73 28.67 88.74 40.51 130.21
313 25.98 41.94 77.63 49.42 116.26
314 25.78 35.78 80.21 48.71 123.64
315 25.78 79.78 96.13 53.66 98.97
316 25.92 22.91 75.78 32.73 116.94
317 26.10 13.92 34.12 17.04 79.52
318 25.86 44.04 89.70 52.52 135.04
319 26.06 56.51 109.08 61.32 125.44
320 25.93 71.99 99.22 60.41 102.85
321 26.20 66.75 100.29 61.10 102.14
322 26.12 33.18 93.33 46.33 132.92
323 26.32 54.24 95.04 58.08 111.07
324 26.26 84.17 58.43 37.94 73.80
325 26.34 48.02 93.69 55.57 122.91
326 26.31 76.63 104.44 56.59 101.36
327 26.56 81.16 85.92 46.20 80.51
328 26.39 24.66 86.42 36.75 125.53
329 26.37 62.15 127.51 69.29 125.39
330 26.69 51.74 96.74 58.13 118.12
331 26.55 64.43 122.27 69.18 125.29
332 26.59 17.87 62.01 24.73 92.23
333 26.56 58.84 107.60 63.51 117.42
334 26.74 74.37 112.41 65.60 108.42
335 26.81 45.15 94.50 58.05 117.58
336 26.78 36.72 92.69 49.92 120.67
337 26.74 28.84 79.10 40.07 109.83
338 26.84 26.18 92.22 39.55 120.25
339 26.98 38.64 100.74 55.36 126.21
340 27.00 40.88 107.35 56.40 105.52
341 26.85 69.26 116.40 67.29 111.52
342 26.89 71.68 105.07 64.60 105.25
343 26.96 78.31 108.24 56.90 87.45
344 26.92 31.63 105.21 49.66 128.05
345 27.11 14.85 49.26 22.00 85.12
346 27.15 34.71 103.92 51.54 125.61
347 27.14 20.34 80.79 32.37 103.80
348 27.19 22.89 81.88 35.02 111.56
349 27.49 49.82 96.39 59.20 103.11
350 27.32 83.59 73.81 44.46 75.50
351 27.51 56.75 103.11 61.51 109.27
352 27.42 61.76 119.29 66.40 103.91
353 27.63 47.42 103.41 67.14 111.58
354 27.68 59.40 123.12 71.64 111.40
355 27.64 67.42 125.54 64.34 106.33
356 27.83 54.50 111.42 64.20 104.78
357 27.62 64.95 126.54 69.69 117.41
358 27.72 17.59 73.12 28.57 97.33
359 27.66 27.43 105.45 41.69 110.62
360 27.74 30.33 105.55 47.75 118.39
361 27.77 42.59 109.62 60.93 120.68
362 27.94 75.68 106.49 60.22 88.95
363 27.89 33.16 104.35 52.22 118.14
364 27.89 73.29 120.54 66.68 105.14
365 28.06 80.92 103.21 56.40 86.24
366 27.88 70.68 120.68 67.46 102.10
367 27.93 78.08 110.58 60.79 92.14
368 28.01 25.48 101.98 42.40 108.30
369 28.02 44.74 108.64 62.49 116.20
370 28.17 37.23 116.11 55.53 128.03
371 28.12 20.66 74.67 33.28 92.83
372 28.23 85.59 69.24 41.95 61.76
373 28.17 13.86 57.68 23.60 84.05
374 28.40 39.57 104.64 57.34 119.53
375 28.40 63.64 121.06 72.19 115.13
376 28.61 52.11 107.16 58.17 92.08
377 28.47 23.33 102.28 40.06 109.82
378 28.40 28.95 97.07 46.36 108.39
379 28.55 35.32 109.13 52.92 116.50
380 28.66 15.90 77.22 27.36 94.48
381 28.68 61.08 125.88 67.92 98.73
382 28.67 57.40 115.54 62.77 96.61
383 28.63 67.12 136.48 71.96 107.52
384 28.70 69.73 143.44 79.04 114.74
385 28.86 31.14 106.12 47.84 99.43
386 28.80 41.71 140.61 65.30 125.22
387 28.85 46.54 118.90 62.60 105.17
388 28.84 49.36 121.02 67.93 115.12
389 28.96 18.07 84.86 30.80 89.77
390 29.06 82.77 114.32 58.11 84.96
391 28.95 72.88 133.97 73.76 98.54
392 29.03 26.72 108.03 43.24 100.61
393 29.07 78.10 131.76 64.97 95.86
394 29.15 33.00 123.44 53.29 111.60
395 29.41 54.36 112.16 64.97 88.36
396 29.07 20.66 108.32 38.84 97.04
397 29.11 87.87 50.83 32.57 48.33
398 29.22 75.33 135.35 69.94 89.79
399 29.23 12.73 49.29 21.23 73.34
400 29.30 43.56 128.90 67.61 114.13
401 29.40 85.10 93.65 51.28 74.92
402 29.39 65.70 144.05 77.89 111.04
403 29.46 37.18 128.20 57.83 113.44
404 29.55 23.86 98.30 39.93 91.34
405 29.52 28.38 111.06 46.42 101.18
406 29.54 63.61 134.36 69.85 94.62
407 29.62 59.77 134.20 73.83 102.40
408 29.63 80.46 119.20 61.02 84.01
409 29.61 69.01 134.36 79.62 113.44
410 29.61 71.64 147.26 74.79 113.54
411 29.74 14.93 80.70 26.22 85.62
412 29.71 56.91 123.11 74.82 100.74
413 29.81 34.67 127.16 59.25 103.15
414 30.00 39.20 126.83 58.34 100.93
415 30.01 40.83 122.59 60.64 99.49
416 29.86 20.87 99.53 37.70 83.47
417 30.06 49.99 136.20 71.94 103.80
418 29.88 46.35 107.52 65.42 98.79
419 30.01 18.10 101.59 34.84 88.67
420 30.22 52.23 126.67 71.31 91.77
421 30.12 62.09 142.47 77.03 102.23
422 30.17 29.80 124.67 52.75 97.05
423 30.07 76.24 143.40 77.49 98.91
424 30.14 88.14 56.32 35.83 51.44
425 30.24 25.62 124.80 48.19 98.72
426 30.32 31.81 130.04 56.16 101.69
427 30.18 66.64 145.78 77.59 99.92
428 30.44 11.56 55.14 22.04 62.32
429 30.46 78.55 143.82 72.61 91.41
430 30.45 83.07 117.29 58.39 72.58
431 30.43 43.22 136.98 69.05 100.48
432 30.54 73.79 135.64 76.25 89.13
433 30.47 36.84 123.13 61.73 103.44
434 30.54 70.96 143.62 77.48 94.02
435 30.60 22.28 118.16 39.21 92.03
436 30.69 58.40 136.56 75.61 95.46
437 30.69 85.89 104.73 57.19 69.89
438 30.67 13.66 73.19 26.51 70.88
439 30.73 68.75 142.75 79.80 87.29
440 30.65 16.47 100.18 31.65 87.32
441 30.75 55.40 133.58 74.20 88.25
442 30.87 27.34 120.11 47.80 92.43
443 30.88 48.02 135.58 71.25 102.29
444 30.91 33.97 119.01 55.63 101.27
445 30.86 45.37 140.39 70.71 98.44
446 31.16 63.37 145.06 80.17 89.92
447 31.12 80.74 121.79 66.02 79.44
448 30.98 19.46 113.40 41.19 83.12
449 31.07 65.82 142.46 79.54 89.19
450 31.16 60.57 138.16 75.25 88.52
451 31.13 24.32 115.84 45.12 88.49
452 31.15 76.73 151.17 76.36 85.17
453 31.26 89.56 53.74 34.83 42.12
454 31.32 42.15 137.07 67.50 99.79
455 31.29 38.06 134.94 63.24 99.01
456 31.36 29.57 146.96 57.71 96.12
457 31.39 72.60 138.39 75.57 86.40
458 31.67 39.95 140.78 71.37 96.03
459 31.46 15.21 104.89 30.11 73.08
460 31.76 31.58 125.99 54.56 89.28
461 31.64 49.74 133.85 70.50 101.63
462 31.64 51.94 137.74 72.19 89.39
463 31.64 17.80 110.39 35.35 75.08
464 31.52 21.53 117.57 42.96 92.97
465 31.68 36.08 143.42 65.90 99.83
466 31.62 83.61 122.89 60.95 77.07
467 31.72 87.40 91.54 53.53 64.75
468 31.76 55.02 123.25 73.48 82.84
469 31.75 45.49 136.55 70.29 94.18
470 31.82 69.67 142.11 79.60 91.78
471 31.98 13.03 87.25 27.94 74.00
472 31.78 57.88 156.47 83.95 98.95
473 32.13 11.06 59.37 21.86 54.80
474 31.98 75.70 139.66 78.39 82.89
475 32.00 79.04 143.58 77.70 76.39
476 32.04 67.52 152.79 84.70 95.68
477 32.11 24.77 127.34 51.20 89.87
478 32.13 26.89 128.64 49.05 81.75
479 32.16 33.73 150.35 66.18 90.58
480 32.21 61.54 161.56 78.51 92.04
481 32.20 64.96 157.09 82.02 91.10
482 32.22 72.21 132.52 77.56 85.64
483 32.42 47.78 121.22 67.83 83.68
484 32.36 19.72 124.13 41.52 80.86
485 32.43 43.58 142.31 74.60 91.18
486 32.45 82.20 134.74 73.04 74.60
487 32.39 15.41 103.87 34.05 74.10
488 32.42 22.28 134.78 46.64 90.35
489 32.56 59.29 134.26 77.41 86.08
490 32.57 28.76 135.42 57.82 94.72
491 32.59 41.19 139.21 69.76 91.61
492 32.72 85.48 122.05 67.23 65.68
493 32.68 38.07 133.60 65.66 90.16
494 32.77 52.15 123.63 76.22 82.45
495 32.71 56.42 146.21 80.48 91.29
496 32.77 35.56 137.35 71.09 86.63
497 32.90 89.90 63.79 43.92 45.78
498 32.83 17.30 118.05 40.41 83.04
499 32.79 87.74 104.40 56.69 65.66
500 32.99 62.59 149.73 83.86 84.16
501 32.97 70.33 158.11 88.29 87.69
502 33.02 23.55 121.18 47.18 81.28
503 33.20 45.15 125.25 71.37 79.56
504 33.12 75.17 158.62 88.75 76.66
505 33.14 77.15 153.12 83.59 79.77
506 33.03 79.56 137.77 81.30 78.91
507 33.06 32.23 132.11 61.56 89.88
508 33.27 54.25 131.94 74.82 82.39
509 33.20 67.99 152.70 88.32 85.18
510 33.17 72.99 142.01 83.73 85.27
511 33.22 13.03 79.60 27.51 61.76
512 33.45 50.16 119.82 72.27 75.19
513 33.22 65.24 165.81 92.41 88.42
514 33.29 20.55 144.47 48.78 92.56
515 33.32 25.44 141.38 53.43 86.42
516 33.38 30.07 133.24 55.49 86.01
517 33.53 82.92 139.51 77.91 76.17
518 33.60 15.33 107.22 37.65 73.23
519 33.69 39.95 154.04 79.52 89.54
520 33.57 42.12 159.56 81.23 91.02
521 33.67 33.96 159.76 71.43 95.49
522 33.62 57.31 134.36 78.20 80.25
523 33.64 27.26 148.18 57.01 91.28
524 33.67 47.36 154.21 85.71 95.43
525 33.85 9.97 68.59 24.74 56.96
526 33.90 60.51 148.03 85.58 77.83
527 33.77 17.83 123.63 45.94 77.46
528 33.82 37.98 147.07 72.01 96.90
529 33.96 36.17 149.41 72.63 86.07
530 33.84 87.94 114.38 67.66 69.75
531 34.36 80.75 128.05 79.18 68.49
532 34.00 22.12 129.06 49.14 77.84
533 34.15 63.34 159.56 91.13 78.16
534 34.05 70.00 137.63 82.30 73.95
535 34.07 85.06 139.50 71.94 69.74
536 34.11 66.67 154.06 86.84 80.10
537 34.17 31.23 139.45 63.38 90.55
538 34.30 78.10 145.62 82.83 73.69
539 34.32 24.43 133.45 49.61 76.16
540 34.34 28.56 148.23 63.05 87.67
541 34.73 51.99 138.99 80.16 73.14
542 34.50 72.60 151.16 88.97 74.93
543 34.35 75.16 148.71 87.19 75.80
544 34.37 43.50 150.19 79.06 90.89
545 34.40 12.25 104.19 33.00 59.04
546 34.53 19.18 127.48 46.50 71.96
547 34.54 58.31 132.32 82.79 78.98
548 34.52 54.78 148.99 86.96 78.20
549 34.58 49.13 133.98 79.73 76.96
550 34.63 14.55 120.15 41.35 70.93
551 34.68 46.15 146.57 82.50 82.38
552 34.74 33.28 161.37 74.60 81.52
553 34.87 16.64 124.48 44.33 69.66
554 34.79 89.00 93.86 58.93 54.32
555 34.87 41.29 148.84 79.97 85.21
556 34.88 26.37 137.66 61.56 77.75
557 35.00 64.85 157.86 93.93 75.73
558 34.83 86.23 126.80 68.32 65.23
559 34.93 21.53 141.35 50.17 80.06
560 34.92 39.08 140.01 74.72 79.53
561 35.00 35.53 152.30 75.97 84.20
562 35.09 67.71 151.21 90.81 75.48
563 35.15 61.05 129.28 83.20 70.98
564 35.19 83.48 124.20 69.75 59.39
565 35.16 30.10 152.33 67.81 83.42
566 35.24 9.57 71.93 27.09 49.33
567 35.33 70.05 143.66 91.43 69.87
568 35.34 76.93 146.15 87.95 79.63
569 35.41 23.53 146.71 56.39 72.40
570 35.43 57.00 163.27 95.94 81.49
571 35.37 11.99 103.88 34.04 60.85
572 35.46 43.49 154.26 83.37 78.94
573 35.64 79.32 143.81 88.57 71.77
574 35.53 19.49 129.46 45.69 68.72
575 35.59 32.35 149.92 70.10 77.72
576 35.58 37.38 133.84 72.67 80.43
577 35.74 28.37 157.22 68.62 83.41
578 35.61 48.45 145.40 81.45 75.56
579 35.71 75.07 145.63 89.23 70.13
580 35.75 81.65 129.80 80.73 66.53
581 35.83 54.70 130.74 85.84 69.80
582 35.82 14.17 110.74 38.28 58.50
583 36.06 91.49 60.93 44.59 38.63
584 35.99 72.72 132.02 83.03 67.48
585 35.85 88.48 112.64 67.77 57.06
586 35.86 26.35 154.22 64.63 82.43
587 35.96 85.84 119.90 71.80 62.80
588 35.97 7.84 53.60 24.10 41.69
589 35.93 16.92 141.40 51.65 68.98
590 36.08 45.48 145.52 82.68 75.64
591 36.00 40.48 155.41 86.63 82.58
592 36.09 50.92 132.05 84.00 71.08
593 36.13 66.32 154.14 91.47 73.21
594 36.02 34.58 165.06 77.58 75.24
595 36.29 58.73 163.23 92.37 77.26
596 36.17 64.05 162.75 97.99 79.83
597 36.20 21.08 130.00 51.16 69.28
598 36.31 61.46 169.92 97.08 71.58
599 36.28 24.42 154.99 66.39 80.49
600 36.32 30.64 141.68 68.11 69.85
601 36.40 11.76 110.00 37.44 56.61
602 36.71 42.58 140.56 83.45 73.78
603 36.49 70.37 147.84 98.67 72.30
604 36.54 38.22 160.80 87.21 81.36
605 36.75 52.34 135.07 84.68 69.96
606 36.64 47.32 148.74 88.56 78.72
607 36.92 68.29 144.11 91.11 64.85
608 37.04 84.07 126.86 84.74 59.62
609 36.87 9.68 83.49 29.33 47.50
610 36.70 18.70 144.13 55.67 69.06
611 36.78 35.76 148.39 75.51 68.82
612 36.69 78.41 137.37 90.19 63.06
613 36.80 81.88 117.94 80.77 59.81
614 36.81 75.32 153.07 96.12 75.10
615 36.95 22.29 143.44 59.35 77.23
616 36.98 89.36 95.07 64.27 46.44
617 36.98 26.79 159.24 72.20 74.78
618 37.10 28.59 146.92 68.22 71.98
619 37.01 33.48 155.13 80.25 75.51
620 37.05 13.83 117.82 40.22 63.69
621 37.04 16.16 137.50 49.62 63.43
622 37.18 86.26 113.44 72.43 53.86
623 37.33 54.39 134.43 83.07 72.85
624 37.22 57.12 160.54 95.61 70.13
625 37.22 40.15 158.93 93.30 77.54
626 37.25 49.36 137.93 83.15 74.07
627 37.26 30.73 154.38 71.11 75.28
628 37.28 24.42 148.82 64.37 75.28
629 37.24 63.85 162.67 100.87 76.83
630 37.45 71.07 141.99 96.14 67.27
631 37.50 7.40 56.02 24.67 41.12
632 37.46 19.92 148.98 62.28 70.48
633 37.34 61.31 150.34 90.72 68.74
634 37.39 73.66 150.25 98.20 68.72
635 37.43 44.47 138.81 84.09 68.88
636 37.57 66.42 156.20 102.43 68.17
637 37.48 92.46 54.40 47.18 33.47
638 37.51 77.41 162.13 105.05 75.28
639 37.58 80.32 151.05 101.17 73.62
640 37.55 38.18 151.95 90.82 77.42
641 37.75 11.58 107.36 37.04 51.52
642 37.89 36.26 151.56 86.06 70.71
643 37.90 17.70 134.12 53.83 66.74
644 37.88 32.35 162.30 80.31 76.20
645 38.04 47.78 125.45 89.40 65.52
646 38.03 25.73 149.86 69.76 73.85
647 38.12 51.62 129.66 91.54 65.70
648 38.12 41.00 139.60 88.23 70.85
649 38.12 22.89 137.61 61.05 64.51
650 38.29 88.34 99.29 67.98 48.05
651 38.19 75.82 148.76 100.76 66.44
652 38.22 82.61 139.91 95.43 62.64
653 38.12 64.57 158.58 102.03 73.91
654 38.39 91.41 75.03 58.67 42.07
655 38.28 13.62 119.94 46.45 59.64
656 38.38 9.31 82.74 34.52 48.77
657 38.41 15.73 122.79 46.39 62.30
658 38.49 34.32 150.81 82.73 69.19
659 38.23 57.59 144.75 94.28 67.71
660 38.26 60.29 146.68 100.59 73.64
661 38.32 68.58 141.79 103.12 65.66
662 38.33 30.11 147.90 73.93 69.44
663 38.30 72.72 163.35 109.22 72.84
664 38.42 28.03 147.44 73.53 69.00
665 38.49 44.82 127.10 86.38 69.28
666 38.46 20.92 152.94 69.21 67.02
667 38.40 79.01 130.51 97.01 61.24
668 38.46 85.60 123.57 84.43 54.32
669 38.59 54.86 133.50 98.21 67.61
670 38.66 62.45 153.75 104.76 71.45
671 38.72 18.76 131.28 60.12 64.59
672 38.75 70.46 141.36 103.36 66.26
673 38.93 37.00 146.15 86.20 66.63
674 39.01 32.47 142.66 81.49 70.11
675 39.15 39.85 143.15 94.24 70.25
676 39.20 42.29 133.24 89.82 64.61
677 39.03 66.84 144.73 101.45 71.81
678 39.09 74.29 134.51 104.48 62.60
679 39.06 24.90 139.57 73.40 69.25
680 39.37 6.67 47.25 23.27 30.06
681 39.16 77.30 137.75 99.61 66.47
682 39.20 11.46 114.56 42.87 52.11
683 39.23 26.80 146.88 72.17 68.68
684 39.30 47.90 140.67 98.89 66.89
685 39.19 64.82 138.06 104.76 67.46
686 39.24 80.00 121.72 90.33 59.25
687 39.42 57.77 130.24 95.32 62.00
688 39.28 30.12 130.09 74.09 67.37
689 39.31 50.44 133.28 94.00 64.41
690 39.49 21.78 142.71 71.00 64.39
691 39.37 82.73 115.07 88.40 56.00
692 39.45 90.03 98.77 77.79 44.73
693 39.51 16.87 125.42 52.83 57.02
694 39.50 59.85 144.20 104.47 67.54
695 39.54 13.70 117.28 47.32 56.60
696 39.53 23.65 151.21 73.59 69.85
697 39.70 45.49 132.27 103.76 66.63
698 39.70 52.30 133.11 96.84 59.14
699 39.66 71.36 142.43 106.75 65.97
700 39.58 85.57 137.64 96.42 58.02
701 39.77 19.76 121.19 59.02 54.52
702 39.83 9.02 81.21 35.78 40.78
703 39.78 55.10 137.29 97.17 58.98
704 39.78 92.99 54.46 51.26 32.02
705 39.78 68.64 160.16 118.89 62.66
706 39.98 61.75 116.56 99.45 54.21
707 39.99 35.66 147.98 88.76 65.10
708 40.10 87.76 98.52 76.91 43.77
709 39.90 28.66 144.78 75.89 65.32
710 40.03 37.89 144.58 95.68 63.54
711 40.00 32.01 147.03 84.22 68.99
712 40.07 76.23 129.46 105.90 56.76
713 40.29 34.08 147.24 92.55 67.31
714 40.18 72.78 136.77 108.42 63.53
715 39.77 40.86 67.00 73.00 43.00
716 40.24 15.36 125.41 55.13 56.81
717 40.36 26.08 130.67 68.65 53.76
718 40.35 63.57 137.81 112.18 63.36
719 40.39 66.37 123.24 102.58 55.08
720 40.30 78.81 121.21 102.59 58.53
721 40.34 81.84 128.74 100.73 58.86
722 40.57 42.49 137.04 104.23 61.77
723 40.59 49.64 139.65 101.10 63.08
724 40.57 11.61 110.98 45.27 47.86
725 40.51 23.06 148.02 75.68 65.20
726 40.54 39.84 170.65 109.12 72.67
727 40.54 17.96 135.31 58.61 56.14
728 40.67 30.87 141.75 81.23 65.49
729 40.69 84.94 130.42 100.73 57.12
730 40.65 90.48 91.40 75.59 40.43
731 40.80 59.07 131.01 101.32 57.85
732 40.83 47.31 150.16 108.53 66.26
733 40.80 52.18 150.04 111.35 63.72
734 40.83 74.90 125.06 106.40 57.23
735 40.86 69.29 145.38 113.00 58.77
736 40.80 13.68 111.41 51.17 52.54
737 40.80 44.57 133.85 99.68 63.54
738 40.80 28.34 143.51 80.22 67.32
739 40.93 21.09 131.50 70.91 58.39
740 40.83 54.81 140.99 112.67 65.10
741 41.04 57.00 132.25 101.07 59.26
742 41.04 7.36 62.32 32.85 33.76
743 41.08 94.04 39.06 41.79 25.01
744 41.24 9.85 90.49 38.43 40.94
745 41.17 24.89 153.53 81.74 64.01
746 41.30 33.05 131.37 88.16 56.33
747 41.36 65.25 133.32 119.23 60.21
748 41.25 72.55 124.38 113.73 54.67
749 41.39 86.99 106.19 90.06 48.23
750 41.32 35.91 151.22 108.06 65.66
751 41.47 61.18 128.12 106.28 54.51
752 41.36 78.06 123.97 107.18 54.76
753 41.35 80.78 121.74 105.94 54.00
754 41.45 16.66 128.76 63.11 58.31
755 41.49 38.14 138.46 100.39 64.54
756 41.52 18.66 122.20 60.20 50.30
757 41.54 83.49 132.91 101.26 54.54
758 41.71 14.81 113.58 57.42 54.54
759 41.60 30.13 132.46 81.87 56.40
760 41.63 40.87 149.68 105.57 65.08
761 41.73 46.08 151.17 113.02 64.37
762 41.88 63.07 137.28 115.30 55.57
763 41.85 71.08 126.33 111.88 58.89
764 41.74 27.62 134.95 81.74 57.95
765 41.78 53.01 142.62 110.81 60.47
766 41.74 90.98 96.11 84.65 46.61
767 41.75 49.22 141.83 116.08 68.23
768 42.02 67.05 126.55 111.38 58.29
769 42.02 23.43 142.74 76.32 56.96
770 42.09 76.01 121.15 105.81 51.06
771 42.10 88.60 91.32 82.74 45.50
772 41.97 12.52 106.16 51.89 45.87
773 42.07 55.31 134.14 108.67 59.11
774 42.04 43.50 139.00 105.24 63.32
775 42.04 19.75 133.66 71.62 52.26
776 42.10 21.64 133.50 73.38 55.71
777 42.21 7.12 58.57 32.77 34.59
778 42.12 58.26 115.11 102.11 50.79
779 42.24 69.07 123.42 113.01 57.38
780 42.10 94.31 34.39 41.92 22.40
781 42.26 25.88 139.20 83.54 59.52
782 42.25 73.97 127.67 114.68 57.01
783 42.23 10.16 94.87 49.99 47.40
784 42.28 33.11 143.31 101.44 61.50
785 42.39 50.54 141.85 118.16 63.63
786 42.28 35.08 160.42 106.18 65.45
787 42.39 80.94 111.99 101.58 51.98
788 42.43 85.20 111.59 98.58 52.71
789 42.56 30.89 129.92 82.68 54.96
790 42.50 78.31 113.38 103.74 49.07
791 42.54 60.36 53.65 77.95 31.23
792 42.70 36.54 127.37 93.57 58.40
793 42.62 38.48 155.21 111.73 64.73
794 42.65 40.57 155.03 116.11 67.47
795 42.67 28.41 133.80 86.74 57.03
796 42.63 47.54 149.24 120.05 71.20
797 42.80 16.22 113.94 60.56 49.27
798 42.87 64.74 120.22 112.64 52.30
799 42.74 91.59 77.20 74.95 42.20
800 42.95 18.42 122.96 65.02 51.07
801 42.98 45.31 139.91 108.27 63.61
802 42.93 52.63 147.46 122.62 63.46
803 42.96 82.81 115.58 103.57 50.06
804 43.01 8.24 74.09 41.27 35.24
805 43.03 14.10 111.36 57.93 47.55
806 42.99 57.67 119.89 110.40 52.36
807 42.97 11.66 108.01 50.40 45.02
808 43.13 71.14 123.51 117.45 50.37
809 42.99 24.81 136.46 82.65 55.62
810 43.05 62.18 120.01 115.91 54.76
811 43.10 42.91 137.80 112.01 63.89
812 43.16 73.07 125.42 108.44 50.30
813 43.31 20.58 119.76 72.82 52.19
814 43.25 66.83 112.39 110.82 47.98
815 43.24 88.72 104.58 96.63 41.52
816 43.31 22.58 125.67 77.64 52.13
817 43.43 54.88 117.85 106.52 53.39
818 43.35 85.82 103.70 97.27 47.30
819 43.39 34.35 135.93 103.60 59.78
820 43.47 68.89 133.97 123.93 54.77
821 43.69 93.59 49.06 53.89 27.07
822 43.51 32.44 132.22 96.64 61.94
823 43.44 75.83 114.86 111.07 50.85
824 43.46 49.92 126.15 110.62 55.74
825 43.57 78.35 127.65 116.64 52.62
826 43.57 80.51 134.93 123.26 53.59
827 43.54 38.41 133.42 109.32 61.30
828 43.64 47.52 142.87 126.33 61.80
829 43.61 27.98 129.45 84.32 55.34
830 43.75 60.13 134.02 126.81 56.99
831 43.78 26.14 130.73 89.74 53.39
832 43.81 30.14 129.52 91.57 53.65
833 43.77 40.83 146.33 115.64 61.79
834 43.91 8.62 82.90 49.09 41.34
835 43.90 12.16 104.54 58.66 42.66
836 43.93 17.40 115.70 66.36 47.84
837 43.88 36.33 130.15 111.40 61.09
838 44.17 6.23 51.02 34.57 29.27
839 43.98 14.99 113.50 64.45 52.76
840 44.05 57.48 127.27 115.43 54.17
841 43.97 83.17 108.81 102.64 47.36
842 44.10 91.43 77.52 77.58 33.57
843 44.07 44.55 139.72 131.88 63.17
844 44.06 23.81 122.86 78.94 54.29
845 44.14 87.80 118.96 109.18 47.48
846 44.22 52.35 141.68 124.22 58.20
847 44.18 62.88 121.50 117.44 52.49
848 44.27 74.52 119.78 120.65 54.46
849 44.38 42.20 138.68 120.17 60.01
850 44.27 66.23 113.28 110.83 51.29
851 44.34 70.01 124.58 126.04 55.47
852 44.44 10.53 93.94 51.09 39.63
853 44.29 19.70 113.34 74.15 46.20
854 44.43 72.17 121.69 137.84 52.69
855 44.56 46.29 156.11 142.23 70.62
856 44.57 85.64 110.90 110.07 47.21
857 44.56 39.26 143.46 125.22 62.78
858 44.52 50.19 145.68 125.23 57.49
859 44.62 32.03 136.67 112.93 53.33
860 44.55 76.96 117.72 124.05 46.55
861 44.58 80.79 119.68 114.90 52.75
862 44.75 21.99 113.78 77.99 45.45
863 44.72 37.43 145.68 122.10 56.21
864 44.76 54.14 123.34 116.05 51.48
865 44.66 35.25 127.37 102.76 57.43
866 44.78 89.49 103.41 110.67 42.88
867 44.75 29.17 113.04 91.28 48.08
868 44.85 14.09 104.29 63.95 46.60
869 44.87 26.44 131.50 94.88 53.65
870 45.00 48.40 147.33 130.27 59.30
871 44.94 16.58 116.01 74.28 47.86
872 45.01 68.01 123.94 128.95 54.21
873 45.07 60.39 105.95 112.63 49.61
874 45.06 24.38 115.23 87.11 48.92
875 45.00 8.88 76.28 49.92 35.89
876 45.05 64.37 116.69 121.37 53.40
877 45.13 78.51 133.26 136.22 53.48
878 45.22 33.55 131.31 105.81 56.19
879 45.17 83.38 104.56 108.54 42.71
880 45.15 12.20 103.18 64.97 42.89
881 45.05 57.66 123.79 115.72 54.55
882 45.12 43.35 138.96 121.99 57.74
883 45.23 19.79 119.34 80.26 51.43
884 45.40 94.67 36.58 49.56 24.62
885 45.37 6.18 52.19 38.19 29.99
886 45.38 73.74 120.61 122.87 51.87
887 45.45 40.65 144.33 122.63 57.00
888 45.49 55.49 139.78 131.05 52.40
889 45.47 86.98 106.45 105.90 45.86
890 45.66 18.06 119.01 75.83 48.34
891 45.54 50.87 122.61 120.81 49.41
892 45.59 70.02 126.95 136.80 53.94
893 45.53 71.88 111.43 116.59 46.60
894 45.53 76.10 113.40 122.94 49.14
895 45.56 90.42 93.42 98.35 40.46
896 45.72 46.00 131.90 137.90 53.49
897 45.67 28.51 131.88 101.85 51.11
898 45.62 80.99 115.34 117.78 48.08
899 45.71 37.85 159.14 139.68 60.51
900 45.83 92.69 70.81 84.54 29.92
901 45.73 21.68 126.84 85.94 48.05
902 45.77 35.67 135.05 121.82 59.65
903 45.83 30.87 114.07 95.96 48.74
904 45.81 66.65 112.39 124.95 49.53
905 45.83 63.04 118.17 124.67 48.79
906 45.91 15.72 107.51 69.42 44.40
907 45.95 26.66 123.97 88.80 49.12
908 45.89 43.80 137.16 131.84 60.49
909 45.95 8.67 76.47 49.33 39.16
910 46.08 11.20 89.87 53.47 37.40
911 46.13 13.73 105.35 69.41 42.87
912 46.22 84.38 101.60 113.88 43.83
913 46.12 47.87 120.79 131.82 54.08
914 46.08 23.67 114.72 86.66 48.00
915 46.38 51.98 115.17 121.17 48.52
916 46.27 58.37 115.06 119.14 48.78
917 46.18 78.93 109.10 122.72 49.88
918 46.37 61.25 115.21 124.37 45.72
919 46.25 39.79 139.86 133.16 60.79
920 46.40 32.33 124.53 105.89 51.68
921 46.42 88.94 92.86 107.30 43.33
922 46.33 5.68 46.51 36.76 28.50
923 46.45 55.25 112.72 120.52 48.19
924 46.63 34.65 132.16 125.52 51.58
925 46.49 64.60 113.11 132.76 49.31
926 46.46 75.93 114.67 128.14 50.22
927 46.57 19.04 116.16 88.26 48.26
928 46.74 71.65 107.04 125.01 45.13
929 46.60 73.85 113.90 124.91 47.57
930 46.63 81.93 98.53 112.70 43.45
931 46.55 42.74 133.98 135.72 57.21
932 46.66 86.70 99.36 110.13 43.32
933 46.54 25.13 119.57 96.71 45.80
934 46.70 69.07 113.29 131.10 48.12
935 46.64 20.72 109.83 88.18 47.80
936 46.75 91.51 83.33 94.27 33.05
937 46.78 94.97 35.14 55.06 20.73
938 46.86 28.76 128.65 105.53 49.18
939 46.79 37.02 143.76 133.17 54.08
940 46.91 17.00 104.46 75.22 40.25
941 46.90 66.76 125.52 141.25 48.06
942 46.91 9.56 89.68 59.59 38.06
943 47.00 23.01 98.29 82.06 45.65
944 47.14 7.39 58.32 43.87 28.04
945 47.07 46.78 143.53 147.15 54.01
946 47.06 48.93 136.71 137.66 51.25
947 47.01 12.67 82.57 58.66 36.46
948 47.07 77.85 111.63 135.60 49.24
949 47.10 39.12 138.08 138.68 56.73
950 47.09 41.39 142.73 149.08 62.73
951 47.20 15.06 101.43 79.31 41.93
952 47.12 26.53 130.16 104.78 50.80
953 47.22 44.71 144.15 142.43 54.89
954 47.28 80.33 110.01 127.64 44.90
955 47.32 30.61 112.21 106.59 46.53
956 47.46 50.71 120.73 132.80 51.27
957 47.44 63.38 108.96 129.92 45.69
958 47.43 54.63 110.07 123.53 47.72
959 47.40 60.29 123.27 134.34 47.20
960 47.53 33.56 125.17 123.66 48.92
961 47.63 57.19 113.29 128.91 43.82
962 47.51 84.16 105.02 120.37 41.52
963 47.50 75.92 115.78 142.10 47.85
964 47.54 20.53 108.56 93.03 46.63
965 47.75 90.07 85.00 106.85 35.05
966 47.71 94.10 50.57 71.61 27.18
967 47.65 18.08 99.44 83.14 45.56
968 47.75 10.59 83.90 59.44 32.93
969 47.68 36.53 133.51 132.64 55.96
970 47.77 69.83 120.31 152.15 46.49
971 47.87 24.65 107.76 97.59 42.45
972 47.90 52.64 116.08 125.08 48.80
973 47.81 73.65 113.17 134.26 43.04
974 47.87 65.70 113.83 143.71 46.09
975 47.94 86.35 95.58 109.99 39.18
976 48.11 67.87 119.93 133.63 48.78
977 48.09 71.52 117.13 140.51 46.62
978 48.09 78.68 107.13 129.10 43.20
979 48.00 41.64 141.22 146.26 54.48
980 48.10 26.89 116.33 113.74 49.09
981 48.00 38.81 121.07 125.67 51.01
982 48.13 21.79 103.25 89.83 46.23
983 48.19 8.19 68.64 53.90 31.68
984 48.12 14.45 93.59 68.38 39.36
985 48.17 31.64 104.74 101.08 41.58
986 48.13 82.05 112.47 128.36 40.62
987 48.23 29.11 127.58 111.92 46.69
988 48.38 11.95 88.46 64.94 36.58
989 48.24 43.66 147.23 151.10 53.82
990 48.21 46.16 117.78 135.78 51.86
991 48.37 5.30 36.85 33.50 22.36
992 48.36 48.52 113.77 132.21 51.69
993 48.31 61.31 122.42 140.62 49.40
994 48.50 76.43 97.81 132.71 43.52
995 48.57 17.59 103.09 90.78 44.07
996 48.54 23.38 110.35 96.83 44.22
997 48.63 34.16 120.42 122.36 48.39
998 48.57 58.43 117.14 136.97 44.69
999 48.79 80.66 97.63 130.77 41.87
1000 48.63 19.83 96.12 89.68 42.93
1001 48.71 36.30 130.04 138.89 52.74
1002 48.83 63.31 117.67 141.73 49.68
1003 48.72 84.14 94.49 128.41 39.06
1004 48.72 92.94 59.11 88.72 29.22
1005 49.05 15.87 91.07 78.84 39.74
1006 49.04 55.76 105.52 127.05 41.08
1007 48.74 73.71 101.61 132.97 42.76
1008 48.88 87.83 87.27 123.15 39.45
1009 48.86 40.25 141.17 158.04 54.00
1010 48.95 50.71 117.15 140.42 47.13
1011 48.78 95.92 21.70 39.38 14.47
1012 48.85 53.35 126.24 144.50 50.09
1013 48.97 65.76 115.35 143.02 46.59
1014 48.98 90.62 79.80 112.08 35.75
1015 49.04 70.01 117.00 148.06 44.64
1016 49.12 25.32 106.45 99.85 43.79
1017 49.09 38.27 131.55 151.07 54.26
1018 49.21 8.55 70.82 57.31 29.75
1019 49.21 31.88 104.48 110.69 43.76
1020 49.20 44.40 132.82 154.58 54.79
1021 49.28 6.16 53.24 51.89 28.84
1022 49.26 12.85 85.43 77.04 37.43
1023 49.21 29.36 110.06 110.16 44.41
1024 49.27 42.43 129.04 162.00 54.41
1025 49.31 27.22 109.72 108.92 41.88
1026 49.24 46.55 139.64 164.73 51.36
1027 49.42 21.68 103.67 102.27 43.84
1028 49.38 60.58 100.52 130.64 41.72
1029 49.54 67.85 112.30 147.21 46.67
1030 49.58 10.73 80.61 70.96 35.61
1031 49.46 23.42 101.11 105.83 44.15
1032 49.53 72.06 106.24 140.45 44.70
1033 49.60 83.25 95.30 125.03 36.84
1034 49.49 19.13 94.08 85.62 38.40
1035 49.63 86.10 91.27 126.52 38.92
1036 49.63 48.50 132.82 155.82 49.54
1037 49.62 76.18 88.31 126.78 39.44
1038 49.68 79.49 95.23 131.80 39.85
1039 49.61 94.86 38.01 66.91 21.73
1040 49.74 57.31 117.45 143.90 45.74
1041 49.75 14.13 98.37 81.17 38.77
1042 49.78 34.03 106.63 121.28 42.38
1043 49.84 36.18 118.59 141.44 47.69
1044 49.85 40.40 124.48 146.84 51.34
1045 49.86 52.90 109.48 143.38 46.04
1046 50.13 62.93 96.08 131.10 40.63
1047 50.07 73.78 100.24 139.58 42.11
1048 50.02 88.84 83.38 117.33 34.08
1049 50.06 91.09 79.44 112.78 35.64
1050 50.05 38.30 131.06 163.70 55.87
1051 50.09 29.50 108.78 116.02 41.57
1052 50.16 50.38 127.76 149.95 48.74
1053 50.15 65.39 107.83 143.72 42.85
1054 50.11 46.03 141.10 173.37 56.43
1055 50.24 81.13 96.56 127.60 38.91
1056 50.19 26.03 103.67 108.76 46.60
1057 50.28 59.81 102.16 135.76 44.42
1058 50.29 69.92 113.56 159.39 41.99
1059 50.25 77.74 94.21 127.73 39.79
1060 50.24 42.60 116.97 161.35 49.85
1061 50.36 15.86 85.30 83.34 39.22
1062 50.27 20.42 103.15 99.16 40.76
1063 50.35 24.38 101.46 105.95 41.14
1064 50.39 54.67 116.25 147.17 44.31
1065 50.49 6.96 61.75 58.55 29.27
1066 50.38 9.44 69.33 63.55 28.45
1067 50.39 93.32 60.34 102.58 30.82
1068 50.44 18.08 95.92 92.78 35.62
1069 50.46 31.63 114.64 131.02 40.77
1070 50.47 4.25 29.60 34.75 20.63
1071 50.63 22.85 94.28 100.53 38.49
1072 50.61 27.90 111.62 126.86 45.03
1073 50.70 11.72 72.88 74.38 31.68
1074 50.73 85.44 84.58 125.70 37.53
1075 50.57 96.08 24.72 49.37 16.51
1076 50.72 44.06 131.57 158.38 48.28
1077 50.70 83.31 93.05 135.40 41.91
1078 50.71 67.95 103.22 148.45 41.12
1079 50.74 71.85 99.47 147.15 39.84
1080 50.63 34.02 108.65 126.04 43.34
1081 50.99 88.17 73.85 117.84 32.03
1082 50.74 13.49 90.47 83.52 39.95
1083 50.64 40.41 122.52 156.63 53.70
1084 50.79 48.62 121.73 156.89 48.48
1085 50.88 75.35 93.63 135.57 39.53
1086 50.83 37.40 119.43 156.38 49.78
1087 51.00 57.40 103.02 142.83 39.75
1088 51.01 46.39 104.08 156.01 46.30
1089 51.07 52.06 116.42 146.41 45.76
1090 51.08 21.00 91.73 99.19 37.96
1091 51.22 61.08 101.12 141.10 38.32
1092 51.17 78.03 92.57 134.25 37.12
1093 51.18 65.55 100.17 148.48 41.88
1094 51.29 91.26 71.78 119.73 33.54
1095 51.18 80.93 86.49 129.06 36.97
1096 51.25 94.37 40.80 77.47 25.98
1097 51.26 30.46 112.90 131.49 41.46
1098 51.28 35.59 111.50 148.13 44.81
1099 51.27 39.27 136.32 171.17 52.53
1100 51.27 18.18 94.70 95.57 38.21
1101 51.24 26.21 115.84 142.03 43.48
1102 51.31 73.67 107.81 161.31 45.19
1103 51.28 15.55 78.59 89.30 38.06
1104 51.55 97.41 14.99 30.67 9.23
1105 51.43 54.88 113.52 159.54 44.62
1106 51.53 8.30 59.99 64.34 29.44
1107 51.55 6.16 50.01 51.20 23.89
1108 51.45 32.71 114.16 143.60 43.52
1109 51.58 41.12 131.42 170.79 49.39
1110 51.61 10.13 70.39 68.54 30.23
1111 51.56 28.53 101.61 128.41 40.92
1112 51.60 42.75 134.08 181.54 50.34
1113 51.63 49.99 119.35 155.78 44.08
1114 51.62 63.26 101.85 154.54 41.36
1115 51.74 24.65 101.26 119.88 41.68
1116 51.58 70.70 102.46 166.78 41.86
1117 51.64 22.72 95.32 106.79 38.02
1118 51.68 68.77 106.45 160.08 40.21
1119 51.78 13.44 76.78 80.12 35.93
1120 51.89 82.57 99.30 154.78 39.12
1121 51.86 86.53 83.62 133.21 34.32
1122 51.92 44.67 118.91 158.23 46.28
1123 52.01 59.52 107.06 159.48 40.21
1124 51.91 84.51 84.19 135.42 36.00
1125 51.95 19.67 95.60 105.93 37.86
1126 51.91 37.82 123.63 167.34 45.59
1127 51.93 47.25 102.52 145.18 41.82
1128 52.02 76.72 93.05 145.74 39.80
1129 51.93 79.89 93.91 147.80 40.47
1130 52.06 72.33 104.80 158.43 40.56
1131 52.05 89.16 75.73 124.54 31.38
1132 52.10 52.93 101.87 150.14 39.79
1133 52.10 93.09 58.18 101.15 28.18
1134 52.06 16.83 88.74 96.64 34.74
1135 52.03 35.19 120.72 155.59 46.41
1136 52.15 26.70 108.02 135.32 43.32
1137 52.28 65.42 92.59 144.88 39.15
1138 52.34 67.52 101.56 156.99 39.83
1139 52.20 74.57 98.92 156.98 38.05
1140 52.21 56.88 115.68 157.98 41.18
1141 52.35 30.33 107.84 136.32 39.27
1142 52.45 4.49 35.97 44.91 21.87
1143 52.35 11.82 67.40 73.02 33.46
1144 52.26 32.70 115.03 144.48 42.99
1145 52.55 21.11 94.63 106.99 38.86
1146 52.46 39.79 127.75 167.76 44.71
1147 52.60 96.90 18.91 38.31 10.91
1148 52.56 42.28 115.27 174.58 45.29
1149 52.58 50.01 114.52 166.12 42.91
1150 52.62 69.81 104.93 160.69 41.31
1151 52.76 15.33 80.41 93.36 36.23
1152 52.69 28.54 95.48 128.73 40.17
1153 52.65 36.87 115.47 168.70 43.75
1154 52.73 9.99 71.43 76.68 29.89
1155 52.68 23.27 91.06 108.58 39.10
1156 52.75 61.29 107.44 167.32 41.36
1157 52.75 18.30 89.70 100.67 37.71
1158 52.84 63.68 93.06 145.24 41.58
1159 52.72 78.97 81.57 147.20 36.62
1160 52.90 55.38 110.46 163.32 41.25
1161 53.17 7.85 55.80 61.52 25.39
1162 52.88 81.74 87.17 145.26 36.42
1163 52.98 13.55 69.94 86.13 33.97
1164 52.82 45.10 113.21 163.17 42.86
1165 52.96 47.78 109.13 160.46 43.66
1166 52.86 86.30 76.10 135.36 33.79
1167 52.90 34.13 100.28 144.35 41.64
1168 53.14 91.60 60.20 109.38 27.11
1169 53.14 5.89 50.06 62.30 24.54
1170 52.92 72.08 91.02 166.18 38.98
1171 52.98 26.36 104.55 128.00 40.16
1172 52.97 52.87 106.89 166.61 42.41
1173 53.04 58.14 104.52 151.90 39.15
1174 53.24 83.97 81.27 138.07 34.53
1175 53.10 74.21 95.09 152.36 38.64
1176 53.15 89.29 74.97 130.54 31.73
1177 53.12 76.76 89.70 148.86 37.42
1178 53.17 93.89 47.13 90.33 27.07
1179 53.33 24.49 81.64 104.20 34.86
1180 53.18 31.63 111.03 147.90 42.94
1181 53.29 67.29 93.92 157.76 38.52
1182 53.32 42.69 118.61 176.85 47.06
1183 53.42 38.79 106.48 166.80 43.29
1184 53.38 40.49 131.45 191.24 49.31
1185 53.74 97.90 11.62 27.42 6.98
1186 53.53 16.96 74.16 96.09 34.86
1187 53.55 20.03 92.34 109.66 36.84
1188 53.45 36.81 114.82 152.89 42.66
1189 53.51 50.10 108.17 163.39 40.57
1190 53.46 69.65 97.39 163.10 36.21
1191 53.62 11.96 73.41 78.36 32.23
1192 53.53 28.16 83.25 124.30 36.75
1193 53.57 45.55 127.63 180.29 44.80
1194 53.51 78.97 88.03 156.48 42.17
1195 53.65 61.47 98.22 155.96 38.91
1196 53.72 22.01 89.36 109.74 35.37
1197 53.75 65.49 88.15 151.12 37.07
1198 53.70 87.30 84.69 149.97 33.74
1199 53.73 34.78 102.54 142.52 43.55
1200 53.73 71.69 84.68 160.73 37.18
1201 53.78 3.49 21.70 37.16 15.55
1202 53.84 9.81 67.35 76.47 29.70
1203 53.78 30.27 101.64 143.27 40.76
1204 53.73 58.77 102.97 157.25 37.52
1205 53.88 1.43 12.54 19.71 8.83
1206 53.89 18.55 86.34 109.66 37.84
1207 53.83 80.91 82.73 166.40 34.63
1208 53.93 15.21 78.71 99.25 35.26
1209 53.88 52.79 106.19 166.37 43.65
1210 53.94 75.69 87.88 153.39 36.99
1211 53.94 55.29 112.02 169.75 39.45
1212 53.99 26.25 88.84 116.69 36.34
1213 54.11 32.80 97.17 148.87 39.35
1214 54.15 47.39 110.34 174.79 40.77
1215 54.20 95.34 27.59 63.75 15.63
1216 54.14 41.75 116.36 181.98 46.90
1217 54.17 43.78 122.44 190.31 48.61
1218 54.28 63.32 93.21 151.38 35.81
1219 54.18 68.53 92.19 170.80 35.56
1220 54.27 5.53 44.10 58.61 22.53
1221 54.34 73.42 85.78 158.08 37.17
1222 54.31 90.70 67.08 122.69 28.36
1223 54.31 78.15 88.43 170.53 35.23
1224 54.49 13.41 71.56 82.18 29.70
1225 54.37 37.69 112.27 174.67 42.34
1226 54.29 49.91 97.47 164.31 38.56
1227 54.36 84.36 77.58 139.15 30.84
1228 54.47 81.79 85.16 146.89 35.91
1229 54.53 88.34 71.12 129.01 30.33
1230 54.69 93.15 50.32 105.61 24.22
1231 54.41 39.63 117.42 177.06 44.82
1232 54.45 29.24 95.56 137.25 36.55
1233 54.64 8.43 55.89 72.63 25.67
1234 54.63 24.55 87.89 123.51 34.83
1235 54.59 57.12 98.70 162.21 39.57
1236 54.62 70.21 85.73 155.73 34.34
1237 54.65 22.64 84.72 117.36 34.42
1238 54.66 59.92 87.47 151.50 34.45
1239 54.69 35.14 99.81 158.40 37.74
1240 54.72 45.66 98.10 159.12 42.01
1241 54.71 20.45 80.93 115.05 33.33
1242 54.72 16.93 84.64 110.09 35.46
1243 54.75 3.20 21.82 35.08 14.16
1244 54.76 66.70 83.01 156.47 33.57
1245 54.82 11.31 67.52 79.38 28.42
1246 54.82 52.59 102.00 167.55 40.04
1247 54.85 79.58 94.98 167.21 35.63
1248 54.88 1.50 11.22 17.41 9.16
1249 54.97 85.88 81.95 133.72 30.19
1250 54.85 31.85 92.73 142.92 36.52
1251 54.93 76.42 85.33 165.15 34.59
1252 54.98 15.27 67.11 96.95 34.23
1253 55.01 18.65 87.83 118.52 36.37
1254 55.04 26.51 89.91 128.62 32.71
1255 55.12 97.36 13.87 35.90 8.37
1256 55.11 71.99 82.98 163.06 35.59
1257 55.09 40.94 120.75 192.77 44.41
1258 55.03 48.47 106.12 180.97 42.62
1259 55.16 62.78 86.72 155.58 34.78
1260 55.18 43.24 113.06 192.11 42.12
1261 55.26 54.46 103.37 167.33 37.67
1262 55.23 5.73 45.02 60.16 22.48
1263 55.21 50.61 98.03 169.85 36.22
1264 55.41 74.74 79.81 155.32 33.26
1265 55.33 36.37 105.72 175.65 40.77
1266 55.33 82.78 71.84 145.85 34.93
1267 55.46 28.11 104.07 149.42 37.94
1268 55.36 29.96 98.60 148.66 36.09
1269 55.40 90.88 54.48 115.98 27.49
1270 55.46 65.61 85.56 166.58 33.72
1271 55.45 38.72 104.60 173.32 38.63
1272 55.53 33.04 95.33 158.52 38.79
1273 55.47 68.83 87.75 166.70 33.74
1274 55.50 21.94 82.48 115.20 35.30
1275 55.60 7.83 49.76 70.97 25.99
1276 55.65 78.02 80.45 156.63 33.89
1277 55.63 80.78 80.31 162.07 35.57
1278 55.81 88.97 62.08 133.12 27.35
1279 55.66 13.37 67.90 97.67 30.81
1280 55.62 57.05 97.49 174.92 36.58
1281 55.70 47.30 99.75 175.39 38.09
1282 55.71 94.71 27.80 76.56 18.42
1283 55.74 11.05 65.61 84.07 27.53
1284 55.78 59.58 90.79 158.42 35.16
1285 55.84 1.95 14.54 27.73 10.97
1286 55.73 16.65 63.83 93.02 30.66
1287 55.81 24.35 88.07 134.64 32.76
1288 55.89 19.47 80.79 116.06 34.35
1289 55.95 44.94 101.13 178.44 36.47
1290 55.94 87.05 65.56 136.35 28.90
1291 56.27 5.20 35.46 55.36 21.59
1292 56.04 84.29 72.14 146.30 28.89
1293 55.93 50.71 90.64 168.83 34.76
1294 55.95 72.34 81.33 170.83 33.28
1295 56.11 62.04 87.62 161.83 35.02
1296 56.22 14.74 77.68 103.10 31.18
1297 56.14 30.88 93.66 150.70 35.50
1298 56.10 34.21 94.04 156.85 36.72
1299 56.06 42.10 111.94 194.49 42.43
1300 56.14 97.99 8.85 25.47 5.03
1301 56.18 37.15 99.07 170.01 39.65
1302 56.25 40.15 102.20 185.53 39.56
1303 56.34 69.78 77.15 153.14 31.56
1304 56.31 64.34 87.25 164.20 31.67
1305 56.20 67.30 89.73 176.18 31.27
1306 56.18 54.17 92.26 168.53 35.99
1307 56.34 9.02 54.58 72.39 23.66
1308 56.37 17.72 74.16 104.82 33.91
1309 56.40 92.22 43.44 102.50 23.27
1310 56.32 21.01 83.08 116.74 34.43
1311 56.33 74.50 76.03 171.52 34.73
1312 56.44 27.60 68.14 119.69 29.88
1313 56.59 25.40 86.52 133.76 32.17
1314 56.55 81.81 79.50 154.75 31.92
1315 56.66 79.90 79.13 159.59 33.76
1316 56.53 47.66 96.28 176.07 36.61
1317 56.57 56.61 89.25 158.04 34.32
1318 56.68 52.06 96.84 173.51 36.91
1319 56.63 77.74 78.06 162.87 30.87
1320 56.64 94.69 29.11 75.86 17.13
1321 56.70 44.16 109.31 190.64 40.81
1322 56.77 22.82 73.21 119.43 28.37
1323 56.76 85.20 76.16 137.49 30.57
1324 56.85 90.14 59.68 131.48 27.33
1325 56.84 12.27 56.79 87.73 25.99
1326 56.88 75.91 76.37 174.71 34.71
1327 56.87 35.06 99.55 172.74 38.00
1328 56.89 59.67 76.18 152.01 30.68
1329 56.80 72.44 77.93 167.67 33.52
1330 56.95 49.75 96.95 185.05 36.31
1331 56.96 32.40 89.05 161.27 35.78
1332 57.14 28.55 79.88 128.25 31.89
1333 57.13 3.46 23.22 44.34 14.87
1334 57.06 38.96 106.98 188.27 37.99
1335 56.99 42.25 97.70 179.62 37.43
1336 57.05 67.18 75.53 156.65 31.02
1337 57.06 87.50 61.54 133.77 27.51
1338 57.15 9.68 57.15 80.74 26.59
1339 57.12 18.93 71.28 110.75 31.81
1340 57.12 30.39 81.46 147.85 33.66
1341 57.12 15.45 68.38 106.68 33.07
1342 57.14 37.02 99.49 173.56 36.64
1343 57.29 82.84 76.49 171.86 32.19
1344 57.29 46.55 105.75 196.79 39.22
1345 57.31 54.34 78.96 156.50 32.53
1346 57.39 61.93 78.36 157.21 32.17
1347 57.54 7.05 42.41 67.00 20.97
1348 57.40 64.38 75.47 166.11 32.48
1349 57.42 70.81 76.38 173.76 31.86
1350 57.58 13.30 67.77 105.43 29.04
1351 57.51 25.99 87.44 140.37 32.01
1352 57.65 16.96 64.84 98.04 31.76
1353 57.57 20.38 71.59 116.88 29.39
1354 57.51 22.67 80.28 125.53 31.92
1355 57.69 57.23 82.32 167.63 33.07
1356 57.69 93.48 34.64 95.61 17.76
1357 57.67 33.88 97.38 176.70 34.65
1358 57.61 41.37 100.30 182.46 40.49
1359 57.61 78.03 74.93 169.45 31.37
1360 57.59 44.64 99.46 192.84 35.55
1361 57.67 51.31 101.62 181.32 39.41
1362 57.67 75.08 77.90 174.82 33.90
1363 57.91 4.89 30.48 54.07 17.26
1364 57.86 72.77 73.78 167.50 30.99
1365 57.80 84.62 73.70 156.42 30.19
1366 57.86 48.59 87.62 168.70 34.62
1367 57.96 79.95 71.85 161.61 32.32
1368 57.80 91.17 51.59 127.12 22.98
1369 58.04 69.09 76.97 173.93 30.18
1370 57.91 66.50 79.22 148.92 33.24
1371 58.12 24.68 66.25 110.17 27.25
1372 57.93 39.28 94.39 185.52 36.23
1373 58.03 86.68 66.64 143.92 27.73
1374 58.05 10.64 54.60 86.10 23.70
1375 57.98 36.32 93.69 183.43 36.26
1376 58.11 89.02 57.37 138.80 26.27
1377 58.09 29.98 87.87 152.77 31.73
1378 58.13 59.81 81.85 157.87 31.40
1379 58.21 27.51 81.70 137.97 32.52
1380 58.12 81.78 70.98 160.69 31.58
1381 58.17 54.47 86.24 171.53 33.78
1382 58.35 76.84 72.33 154.73 28.85
1383 58.35 42.89 98.08 192.82 35.96
1384 58.39 15.16 63.47 108.70 28.17
1385 58.40 63.34 79.34 168.06 31.37
1386 58.42 21.06 66.77 124.54 33.80
1387 58.61 31.51 83.59 151.35 31.88
1388 58.53 18.90 69.78 115.98 29.55
1389 58.60 45.01 88.02 177.99 38.22
1390 58.56 47.81 85.27 178.70 35.62
1391 58.52 51.27 87.02 180.42 34.06
1392 58.81 8.90 47.75 80.80 23.64
1393 58.60 13.16 57.56 91.94 26.10
1394 58.55 22.96 68.30 123.00 31.85
1395 58.72 33.58 98.55 170.93 33.26
1396 58.70 37.71 86.79 174.72 35.41
1397 58.61 40.42 100.45 186.20 35.48
1398 58.69 74.21 76.44 174.99 28.68
1399 58.88 17.30 59.68 101.13 27.58
1400 58.91 65.65 79.89 171.98 31.29
1401 58.79 70.53 71.65 162.99 30.85
1402 58.83 84.14 62.57 149.63 26.47
1403 58.77 94.22 29.42 83.48 15.99
1404 58.83 6.70 41.23 77.85 20.46
1405 58.91 56.85 75.87 157.57 30.37
1406 58.95 91.81 45.58 116.58 21.88
1407 59.01 35.53 97.40 175.51 33.13
1408 58.97 67.74 79.62 180.36 30.24
1409 58.97 82.12 68.74 166.70 27.52
1410 59.05 53.80 83.20 171.46 33.72
1411 59.30 62.24 80.70 162.88 29.96
1412 59.07 87.04 57.79 129.47 23.41
1413 59.17 4.91 28.95 57.67 16.77
1414 59.18 11.28 56.29 98.07 24.75
1415 59.08 59.36 81.93 164.83 31.12
1416 59.10 79.56 71.49 158.74 28.78
1417 59.11 26.82 71.12 127.66 28.17
1418 59.22 76.10 76.02 184.92 31.38
1419 59.34 72.62 76.47 179.58 31.05
1420 59.26 89.62 55.11 139.77 24.81
1421 59.31 29.21 81.02 138.38 29.83
1422 59.37 19.98 64.65 116.06 28.97
1423 59.37 41.76 85.98 183.78 34.43
1424 59.35 50.62 87.80 190.49 30.89
1425 59.51 39.26 79.92 160.95 32.83
1426 59.36 95.91 16.07 46.37 11.18
1427 59.43 22.62 68.42 124.62 28.25
1428 59.52 24.79 75.51 137.87 28.67
1429 59.53 15.40 61.26 118.48 28.64
1430 59.41 47.56 83.30 177.74 33.90
1431 59.59 77.93 74.83 177.32 27.87
1432 59.71 13.43 63.80 107.68 27.17
1433 59.66 32.10 79.60 152.77 31.29
1434 59.75 43.84 86.01 186.28 34.00
1435 59.63 69.20 73.25 173.70 29.25
1436 59.88 85.75 58.48 138.06 26.22
1437 59.84 55.94 83.63 172.28 30.14
1438 59.94 81.30 69.88 176.64 27.97
1439 59.89 7.65 40.07 77.18 20.14
1440 60.05 51.97 95.90 187.67 33.68
1441 60.00 35.65 87.06 170.84 32.28
1442 59.92 37.60 92.80 180.05 34.92
1443 60.15 45.58 85.47 181.91 32.34
1444 60.04 64.66 81.47 172.78 28.86
1445 60.03 74.93 67.65 173.57 27.65
1446 60.06 18.72 71.80 133.43 29.71
1447 60.14 83.50 63.11 163.86 27.30
1448 60.08 10.54 52.15 88.48 21.63
1449 60.03 59.97 79.97 169.99 29.45
1450 60.07 67.28 71.95 172.67 29.49
1451 60.06 92.33 34.59 109.22 18.24
1452 60.09 4.52 25.58 56.08 14.25
1453 60.12 16.98 65.27 122.58 27.89
1454 60.09 71.57 67.32 166.30 28.31
1455 60.15 26.20 77.57 137.23 30.12
1456 60.19 48.52 84.16 173.37 31.13
1457 60.22 89.08 49.74 130.39 21.91
1458 60.25 95.07 18.78 64.79 12.89
1459 60.25 28.92 73.81 135.37 28.06
1460 60.49 54.43 84.75 175.17 30.10
1461 60.43 34.15 84.87 168.51 31.19
1462 60.28 41.61 94.96 194.03 33.73
1463 60.33 22.46 68.00 118.46 28.50
1464 60.45 79.20 65.88 172.31 29.58
1465 60.70 20.61 65.44 124.16 26.37
1466 60.56 31.79 86.37 161.09 30.59
1467 60.57 69.89 72.10 174.95 29.52
1468 60.64 77.01 68.54 170.15 28.41
1469 60.73 6.31 37.27 78.05 20.14
1470 60.72 12.80 49.44 94.25 24.39
1471 60.72 15.20 61.99 112.28 27.37
1472 60.72 39.59 93.09 189.88 31.52
1473 60.87 63.54 73.45 163.24 27.71
1474 60.92 8.34 41.71 77.13 19.88
1475 60.83 24.58 68.46 137.19 28.01
1476 60.82 37.89 88.63 187.25 31.75
1477 60.89 73.16 75.20 183.84 28.86
1478 60.93 57.76 77.91 163.52 31.10
1479 60.87 43.47 87.89 183.76 32.30
1480 61.05 50.58 79.58 170.89 30.21
1481 61.02 88.00 52.15 139.39 24.42
1482 60.99 60.56 76.90 166.68 28.69
1483 61.01 85.49 54.13 138.53 25.32
1484 61.05 66.54 72.00 174.99 27.72
1485 61.03 3.80 15.09 39.34 11.21
1486 61.06 80.88 66.22 163.43 27.58
1487 61.09 92.40 38.16 118.24 17.81
1488 61.21 27.65 70.01 134.67 26.06
1489 61.12 47.70 83.69 174.90 30.19
1490 61.23 9.94 48.61 87.56 23.13
1491 61.20 17.38 63.93 114.32 25.09
1492 61.21 30.14 76.34 153.99 27.29
1493 61.15 75.22 69.10 171.42 29.17
1494 61.24 36.36 80.14 172.99 29.63
1495 61.31 53.12 85.74 184.37 33.01
1496 61.34 45.50 85.80 179.96 32.45
1497 61.23 41.18 92.33 196.36 33.91
1498 61.35 83.31 61.00 165.65 26.74
1499 61.52 68.32 76.48 182.01 28.66
1500 61.44 22.97 66.86 136.92 27.05
1501 61.37 70.74 69.56 164.71 26.04
1502 61.46 90.36 44.34 132.61 22.14
1503 61.45 33.97 75.71 161.49 28.83
1504 61.66 11.94 50.40 94.44 23.67
1505 61.60 56.21 81.79 171.66 29.38
1506 61.61 78.30 67.45 164.45 27.05
1507 61.57 19.71 66.31 122.94 26.02
1508 61.79 5.99 30.81 69.55 17.21
1509 61.76 32.22 78.50 164.44 28.52
1510 61.80 62.59 74.75 168.37 27.50
1511 61.84 14.42 50.99 104.00 23.99
1512 61.81 24.98 69.29 133.42 26.60
1513 61.99 76.37 66.48 172.00 28.23
1514 62.08 38.42 80.80 187.20 32.51
1515 62.09 42.58 81.23 185.42 30.30
1516 61.91 73.42 73.73 182.98 27.04
1517 62.06 16.60 62.39 117.79 24.75
1518 62.04 26.97 71.62 134.94 26.23
1519 62.10 40.35 84.14 182.74 30.91
1520 62.13 59.57 76.05 169.27 28.73
1521 62.14 80.47 61.16 161.92 25.42
1522 62.08 87.28 49.87 140.13 22.40
1523 62.19 44.74 79.31 173.71 28.30
1524 62.08 47.99 83.35 168.93 29.93
1525 62.27 65.22 77.96 181.37 26.54
1526 62.16 4.07 17.01 41.32 10.11
1527 62.15 22.02 65.67 125.64 27.11
1528 62.19 93.80 22.03 77.89 12.17
1529 62.29 30.44 65.75 133.06 25.82
1530 62.24 9.36 47.16 93.20 20.42
1531 62.22 36.01 77.85 170.32 27.42
1532 62.28 50.78 75.04 166.31 28.83
1533 62.34 84.88 60.84 158.33 24.91
1534 62.27 53.81 79.26 160.77 29.18
1535 62.18 70.96 64.14 168.10 25.56
1536 62.29 82.58 61.76 155.98 25.32
1537 62.45 90.32 43.36 119.66 19.47
1538 62.70 7.72 32.59 68.69 17.24
1539 62.52 19.49 60.55 117.95 24.16
1540 62.49 67.68 73.00 187.60 27.88
1541 62.61 57.56 74.44 160.86 28.35
1542 62.61 33.51 73.49 161.80 26.73
1543 62.66 13.32 55.12 106.82 23.49
1544 62.72 61.54 76.71 179.21 27.19
1545 62.78 28.24 69.50 140.69 26.88
1546 62.70 73.93 64.81 168.99 27.24
1547 63.04 10.42 40.91 74.70 17.00
1548 62.85 24.49 66.27 139.74 24.42
1549 62.99 78.05 66.43 170.48 26.52
1550 62.96 69.50 67.84 184.95 26.56
1551 63.05 17.61 65.60 128.24 26.45
1552 63.01 75.93 67.23 182.41 24.34
1553 63.12 5.87 27.00 62.29 15.92
1554 63.09 22.50 66.19 131.24 24.43
1555 63.09 37.20 79.83 180.04 29.45
1556 63.09 40.18 78.50 182.50 29.62
1557 63.16 47.17 67.34 148.96 26.36
1558 63.28 42.25 78.97 180.69 30.33
1559 63.34 49.44 77.02 163.54 26.01
1560 63.20 93.59 20.56 72.41 13.68
1561 63.29 15.41 49.06 104.89 23.95
1562 63.38 55.70 70.32 150.07 24.51
1563 63.28 71.64 72.49 184.34 25.00
1564 63.21 86.93 52.32 153.81 20.41
1565 63.27 44.56 79.53 178.61 27.67
1566 63.21 80.15 63.12 161.57 28.53
1567 63.36 26.50 64.90 137.52 26.74
1568 63.34 35.06 75.43 161.95 28.94
1569 63.32 52.88 68.83 168.49 28.40
1570 63.33 63.65 72.80 166.20 25.97
1571 63.48 31.92 72.66 159.82 26.76
1572 63.33 82.87 58.34 171.43 24.84
1573 63.40 20.40 58.23 119.81 24.78
1574 63.49 67.08 68.50 169.51 26.62
1575 63.37 89.29 44.27 132.27 18.68
1576 63.61 29.46 77.27 154.42 26.08
1577 63.59 12.12 47.99 96.74 21.60
1578 63.63 60.75 71.99 177.92 27.96
1579 63.74 38.97 77.84 165.89 28.51
1580 63.80 84.88 48.20 140.01 21.75
1581 63.83 58.51 73.58 180.21 25.50
1582 63.84 91.64 31.56 109.57 15.48
1583 63.86 73.44 66.72 172.31 24.70
1584 63.91 75.54 71.11 187.32 27.16
1585 64.04 81.40 60.57 176.05 27.05
1586 64.29 7.92 33.24 74.13 16.75
1587 64.06 17.88 54.06 111.47 22.70
1588 64.21 51.17 79.98 187.17 27.57
1589 64.10 5.90 26.89 62.39 16.99
1590 64.12 25.14 65.01 138.20 25.96
1591 64.20 46.16 76.81 173.21 27.52
1592 64.16 23.02 67.91 145.83 24.30
1593 64.14 65.95 64.88 178.25 26.45
1594 64.30 69.38 65.36 165.51 25.01
1595 64.27 14.39 52.95 106.68 20.01
1596 64.28 9.88 43.64 96.63 19.87
1597 64.29 34.48 67.00 157.20 23.87
1598 64.38 41.09 71.01 165.55 26.05
1599 64.27 63.46 72.30 176.09 26.34
1600 64.42 79.52 58.55 155.30 25.83
1601 64.21 88.04 48.91 152.44 19.90
1602 64.33 21.02 60.88 119.45 22.55
1603 64.47 37.87 73.00 172.99 27.05
1604 64.48 27.42 68.15 140.07 24.12
1605 64.57 43.18 80.21 166.59 25.16
1606 64.50 53.87 77.79 166.75 25.86
1607 64.55 71.42 65.99 164.99 26.01
1608 64.55 32.14 81.06 166.02 27.49
1609 64.54 77.20 56.47 163.88 22.99
1610 64.69 57.30 68.96 170.34 25.51
1611 64.76 94.09 15.72 60.58 10.14
1612 64.82 12.71 46.73 99.49 18.97
1613 64.74 30.04 73.14 152.47 26.19
1614 64.74 49.03 72.82 174.27 26.38
1615 64.76 90.71 37.48 123.72 15.35
1616 64.82 82.90 55.95 159.46 22.35
1617 64.79 60.74 68.88 176.29 26.35
1618 64.88 85.33 49.02 146.97 21.93
1619 64.95 15.97 54.03 113.72 22.35
1620 64.94 18.99 63.98 118.22 22.60
1621 64.95 73.58 60.20 175.40 23.73
1622 65.05 36.18 69.79 163.29 25.07
1623 65.18 67.01 64.81 162.64 23.83
1624 65.19 45.47 73.85 177.55 26.40
1625 65.10 88.37 45.00 134.66 19.87
1626 65.17 23.88 61.41 135.67 23.63
1627 65.24 5.27 20.64 60.75 12.07
1628 65.35 26.10 59.57 134.56 23.48
1629 65.23 10.52 46.28 88.82 19.60
1630 65.34 63.02 74.84 172.85 25.79
1631 65.54 38.89 72.80 152.77 23.32
1632 65.40 75.33 65.15 189.21 24.80
1633 65.36 21.54 58.41 122.57 23.22
1634 65.50 33.98 68.70 153.07 22.80
1635 65.47 41.24 76.72 164.15 24.91
1636 65.48 52.10 83.94 179.29 24.87
1637 65.73 6.96 26.03 63.86 12.95
1638 65.60 48.56 76.07 172.72 25.92
1639 65.59 81.65 60.09 172.25 25.31
1640 65.45 28.68 68.70 146.62 21.58
1641 65.55 69.09 67.81 186.11 24.22
1642 65.53 77.50 66.17 178.16 24.71
1643 65.52 56.39 74.82 184.11 27.19
1644 65.66 79.62 56.42 174.20 22.30
1645 65.92 54.52 73.77 178.82 25.19
1646 65.65 92.93 21.69 85.89 11.66
1647 65.76 32.06 61.63 143.27 24.48
1648 65.78 71.01 67.42 186.72 25.52
1649 65.86 65.45 65.14 170.24 22.99
1650 65.97 8.69 38.74 89.09 16.42
1651 65.86 60.27 67.86 178.93 24.28
1652 65.89 16.63 60.40 125.22 23.73
1653 65.90 85.65 52.63 144.06 21.09
1654 66.05 91.09 27.27 106.50 14.78
1655 65.92 18.49 58.23 132.71 25.18
1656 66.05 13.08 45.31 105.04 19.88
1657 66.13 14.86 46.03 104.67 21.94
1658 66.08 4.53 12.74 38.12 9.13
1659 66.06 72.95 60.99 179.11 24.03
1660 66.20 35.88 66.20 152.42 24.10
1661 66.17 45.32 66.86 155.43 24.30
1662 66.17 88.21 43.75 133.86 18.08
1663 66.15 29.81 62.20 145.22 21.22
1664 66.25 51.01 73.32 177.46 26.12
1665 66.22 20.32 55.00 120.94 22.32
1666 66.24 58.24 72.00 182.07 24.50
1667 66.36 83.72 48.35 143.34 20.94
1668 66.27 11.03 46.00 101.82 18.87
1669 66.33 23.25 59.53 132.44 21.90
1670 66.46 27.66 55.11 127.98 21.69
1671 66.55 25.04 62.66 133.70 23.05
1672 66.46 75.01 62.37 190.26 24.63
1673 66.55 41.28 68.56 176.85 24.64
1674 66.60 77.10 53.60 152.03 21.49
1675 66.62 37.63 73.98 163.48 24.18
1676 66.57 64.13 70.88 181.20 22.57
1677 66.74 62.08 67.89 183.24 24.33
1678 66.72 48.26 66.44 167.43 23.76
1679 66.73 69.20 59.74 181.03 21.88
1680 66.67 79.63 60.96 167.84 23.13
1681 66.83 31.05 71.76 161.13 22.95
1682 66.83 33.81 65.87 154.58 22.87
1683 66.89 67.03 59.41 179.28 22.58
1684 66.93 43.38 72.94 172.12 24.81
1685 66.99 82.37 52.36 155.27 20.88
1686 66.93 17.73 45.41 113.40 21.76
1687 67.19 56.56 68.45 176.30 22.70
1688 67.03 21.27 53.80 127.16 21.53
1689 66.94 72.97 64.06 180.95 24.02
1690 67.10 5.35 14.73 45.70 8.55
1691 67.11 7.37 26.26 71.23 14.84
1692 67.08 54.02 67.87 174.18 24.64
1693 67.17 86.17 44.13 145.24 19.03
1694 67.11 9.98 33.98 82.24 16.41
1695 67.08 12.96 48.36 107.25 18.52
1696 67.25 39.87 75.45 166.32 23.41
1697 67.13 88.77 41.17 131.39 17.48
1698 67.23 50.49 68.76 175.88 24.08
1699 67.24 59.57 61.85 171.63 24.14
1700 67.31 45.75 76.95 169.54 23.70
1701 67.37 91.44 25.93 97.69 12.49
1702 67.30 26.40 54.16 125.13 22.43
1703 67.39 14.87 49.86 111.53 19.54
1704 67.54 71.45 65.46 196.92 22.86
1705 67.47 65.42 68.01 194.21 24.22
1706 67.60 29.31 61.21 145.54 20.80
1707 67.43 75.93 57.20 186.84 25.36
1708 67.65 23.59 52.65 126.03 21.30
1709 67.64 37.50 69.65 165.38 21.71
1710 67.80 20.05 52.07 121.97 20.00
1711 67.76 34.91 71.16 161.53 23.01
1712 67.74 79.28 55.44 167.14 22.08
1713 67.71 16.81 51.24 118.82 21.04
1714 67.78 32.04 66.43 150.16 23.14
1715 67.81 48.12 74.33 188.22 24.05
1716 67.92 52.45 71.39 180.18 24.50
1717 67.87 63.45 69.52 198.94 22.15
1718 67.82 69.45 63.76 185.29 23.30
1719 67.91 74.23 57.32 178.70 22.82
1720 67.96 84.86 46.19 153.91 20.37
1721 67.94 81.78 47.53 147.69 21.12
1722 67.99 42.66 69.77 166.84 22.26
1723 68.15 61.48 62.97 178.83 23.19
1724 67.98 12.28 41.99 96.76 18.74
1725 68.15 58.60 63.15 169.68 23.67
1726 68.14 77.15 59.93 182.81 20.81
1727 68.23 7.90 23.75 66.86 12.21
1728 68.15 9.73 34.30 96.93 16.25
1729 68.17 27.86 66.61 152.18 23.15
1730 68.18 92.87 13.02 52.86 8.15
1731 68.28 67.57 67.37 187.99 23.07
1732 68.15 88.51 36.72 139.97 16.01
1733 68.42 40.05 63.48 159.38 23.47
1734 68.36 55.70 66.52 185.40 24.42
1735 68.39 18.37 52.01 118.69 19.59
1736 68.40 25.73 60.28 148.31 21.06
1737 68.40 45.56 72.89 172.65 23.78
1738 68.43 14.99 44.44 111.24 17.43
1739 68.55 50.19 68.88 175.99 22.92
1740 68.42 65.24 63.02 192.05 24.74
1741 68.57 36.72 61.91 158.04 23.29
1742 68.46 23.32 54.84 126.94 21.36
1743 68.52 30.78 58.49 147.36 21.54
1744 68.62 71.84 58.13 171.10 22.76
1745 68.60 33.47 60.79 152.63 21.58
1746 68.76 20.77 55.54 125.84 20.39
1747 68.77 11.66 40.70 101.24 17.73
1748 69.05 47.38 66.79 156.06 21.96
1749 68.95 83.39 42.06 138.46 19.29
1750 68.96 86.18 42.53 153.35 17.54
1751 68.90 80.91 52.15 174.54 21.44
1752 68.88 43.00 71.59 166.48 21.92
1753 69.02 53.56 61.46 160.19 21.63
1754 68.94 74.38 55.17 173.26 21.51
1755 69.07 78.98 53.85 181.44 22.19
1756 69.00 89.55 30.45 124.19 14.00
1757 69.16 69.55 60.46 182.00 20.78
1758 69.10 76.88 51.14 172.44 23.02
1759 69.21 26.68 53.34 127.93 20.44
1760 69.29 29.11 58.27 144.23 19.15
1761 69.25 59.38 61.10 191.71 22.56
1762 69.22 64.25 61.11 179.29 22.42
1763 69.25 16.17 46.22 113.80 19.84
1764 69.29 38.88 62.82 160.36 21.63
1765 69.35 34.50 62.58 161.71 21.18
1766 69.34 57.02 64.73 181.84 22.13
1767 69.34 66.54 59.62 174.18 21.51
1768 69.40 61.85 60.38 174.06 22.29
1769 69.30 9.61 30.67 82.96 13.95
1770 69.43 13.65 45.39 113.27 17.70
1771 69.35 24.04 54.00 146.11 21.09
1772 69.37 18.85 48.09 122.42 19.67
1773 69.62 91.29 20.51 85.14 11.80
1774 69.58 6.78 16.41 58.64 10.50
1775 69.47 22.01 52.68 131.85 21.24
1776 69.46 31.75 52.92 139.87 21.04
1777 69.73 44.34 66.49 162.60 21.01
1778 69.52 50.37 61.04 161.50 21.71
1779 69.77 73.27 54.53 172.44 21.80
1780 69.78 87.21 42.34 152.75 16.32
1781 69.90 36.09 59.04 151.98 20.64
1782 69.97 41.57 59.35 151.71 20.90
1783 69.95 11.93 37.10 89.44 16.29
1784 70.02 70.98 56.76 180.46 21.77
1785 69.97 75.61 58.73 185.19 21.53
1786 70.02 81.00 52.78 173.13 20.04
1787 70.01 83.80 39.29 127.91 18.83
1788 70.07 53.33 61.84 158.77 21.21
1789 70.15 67.96 63.66 194.92 21.54
1790 70.14 24.84 52.52 127.64 19.60
1791 70.16 28.32 53.83 130.87 18.83
1792 70.19 18.03 49.16 116.29 17.96
1793 70.36 48.10 62.50 160.94 21.11
1794 70.21 8.88 26.24 71.12 12.24
1795 70.23 20.43 50.61 117.88 18.90
1796 70.30 55.89 61.71 178.06 21.19
1797 70.26 15.69 45.42 116.87 18.97
1798 70.35 78.83 48.33 162.54 19.58
1799 70.44 37.92 62.51 150.40 21.78
1800 70.35 64.08 61.22 176.68 20.46
1801 70.47 89.29 26.05 104.35 13.26
1802 70.33 30.87 56.68 143.31 20.32
1803 70.41 33.22 58.38 146.05 19.53
1804 70.34 59.76 57.02 174.88 21.07
1805 70.67 50.92 66.72 170.98 21.73
1806 70.67 45.88 70.07 173.04 21.60
1807 70.62 13.84 40.29 96.51 16.43
1808 70.67 22.24 48.76 130.50 19.69
1809 70.81 62.32 57.55 181.84 21.63
1810 70.74 66.23 58.70 186.56 22.12
1811 70.65 85.74 40.47 143.78 17.95
1812 70.71 26.73 59.23 142.77 19.77
1813 70.87 76.64 56.57 169.28 19.98
1814 70.82 82.44 45.35 141.19 16.90
1815 71.07 6.65 12.32 47.62 9.26
1816 71.02 11.05 32.70 85.22 13.67
1817 71.04 40.19 60.73 151.76 21.16
1818 71.04 57.50 54.87 177.99 20.58
1819 70.92 73.48 50.30 169.35 20.09
1820 71.23 68.93 54.68 176.96 20.51
1821 71.16 29.28 52.77 142.11 18.52
1822 71.41 43.87 63.41 162.81 19.93
1823 71.09 71.06 53.88 183.80 20.26
1824 71.17 16.82 39.20 104.98 16.58
1825 71.27 34.66 58.49 153.73 19.61
1826 71.24 19.35 44.67 118.93 18.00
1827 71.35 23.81 49.45 120.90 19.55
1828 71.39 54.17 58.78 159.82 19.80
1829 71.41 31.95 52.78 146.88 19.42
1830 71.83 36.74 50.98 146.66 19.63
1831 71.51 81.02 48.36 166.39 19.37
1832 71.43 87.31 31.60 132.90 14.03
1833 71.49 8.73 20.46 62.68 10.21
1834 71.50 84.18 39.63 155.83 15.89
1835 71.49 59.66 56.19 172.80 20.79
1836 71.70 78.84 44.71 147.10 17.78
1837 71.66 49.13 63.09 174.68 22.68
1838 71.55 14.09 35.24 95.67 15.24
1839 71.58 26.33 49.97 131.18 18.73
1840 71.64 65.13 57.02 191.87 22.34
1841 71.74 74.52 48.76 154.36 19.06
1842 71.82 51.91 55.55 164.62 21.04
1843 71.80 91.64 11.81 52.61 7.17
1844 71.90 21.00 45.66 125.88 18.43
1845 71.87 46.77 58.96 152.20 20.60
1846 72.13 41.66 57.14 149.17 20.69
1847 72.04 89.28 25.20 114.48 11.97
1848 71.95 38.56 68.53 162.68 21.13
1849 72.00 62.60 58.90 187.51 20.70
1850 72.08 17.59 42.07 116.10 16.56
1851 72.14 67.18 55.17 183.81 21.28
1852 72.13 30.00 55.35 158.01 20.13
1853 72.21 56.64 56.90 178.31 20.60
1854 72.12 71.63 58.68 189.89 19.81
1855 72.26 12.24 33.88 97.05 15.10
1856 72.20 10.46 28.36 81.61 12.83
1857 72.34 76.78 51.84 177.77 19.43
1858 72.50 81.45 40.88 142.61 17.35
1859 72.44 28.26 56.29 158.52 18.53
1860 72.41 60.65 51.95 181.45 21.41
1861 72.45 24.29 50.98 133.55 20.29
1862 72.44 32.24 57.19 153.68 17.72
1863 72.47 84.89 38.36 149.50 16.57
1864 72.44 14.66 42.96 115.74 16.15
1865 72.56 69.48 51.18 170.59 19.31
1866 72.70 35.16 55.48 143.37 19.66
1867 72.84 50.76 56.67 160.95 19.88
1868 72.89 26.58 47.46 144.97 16.77
1869 72.72 54.49 59.43 167.78 20.12
1870 72.80 22.26 45.68 130.14 18.11
1871 72.80 45.16 61.45 166.51 19.49
1872 72.78 64.38 53.20 175.49 19.24
1873 72.94 87.44 26.38 117.52 12.90
1874 72.92 39.24 58.59 164.27 20.06
1875 72.99 19.21 44.19 114.61 18.13
1876 73.03 58.83 58.14 177.31 19.32
1877 73.07 48.14 60.96 177.98 19.88
1878 73.00 74.58 46.23 180.86 19.36
1879 73.00 7.29 11.00 38.51 6.64
1880 73.08 9.12 18.48 71.74 10.57
1881 72.97 16.68 40.07 110.63 16.45
1882 72.97 90.29 13.51 64.08 7.58
1883 73.13 72.31 50.50 171.85 19.04
1884 73.15 78.68 44.55 160.33 16.99
1885 73.37 43.52 59.17 165.17 20.95
1886 73.23 68.07 54.06 187.56 20.76
1887 73.33 82.39 40.67 148.18 15.99
1888 73.29 13.61 30.52 96.73 14.58
1889 73.32 30.10 52.17 151.12 18.95
1890 73.46 65.87 58.80 192.48 19.38
1891 73.45 61.88 57.92 184.98 20.06
1892 73.50 34.39 57.52 145.08 17.93
1893 73.57 53.69 53.18 167.47 20.46
1894 73.55 11.21 27.34 76.08 11.56
1895 73.55 21.31 46.72 118.87 16.54
1896 73.61 32.22 52.45 149.34 19.05
1897 73.61 41.39 57.76 163.29 19.72
1898 73.54 84.80 31.77 137.82 15.64
1899 73.66 24.05 47.30 133.17 17.69
1900 73.72 37.63 50.35 143.45 17.83
1901 74.05 75.64 42.80 147.03 18.43
1902 73.75 56.57 57.00 181.20 20.21
1903 73.74 70.12 48.67 167.09 20.03
1904 73.92 28.12 47.90 128.06 16.24
1905 73.90 16.58 40.32 113.60 16.64
1906 74.03 46.04 56.06 161.36 19.95
1907 74.09 51.54 51.45 167.94 19.07
1908 73.97 88.33 19.44 101.04 10.47
1909 74.17 77.92 48.16 171.33 18.36
1910 74.10 18.84 40.52 110.46 15.60
1911 74.29 59.27 51.38 180.81 19.62
1912 74.19 80.55 41.43 169.25 17.86
1913 74.34 25.61 45.38 129.24 17.46
1914 74.42 49.05 57.85 174.70 19.64
1915 74.33 63.63 49.40 161.36 19.12
1916 74.27 72.52 45.69 159.28 19.05
1917 74.38 14.71 33.27 97.45 13.91
1918 74.28 8.77 12.49 48.60 8.09
1919 74.45 85.97 29.02 128.65 14.38
1920 74.67 12.37 25.27 84.58 12.46
1921 74.74 29.93 50.40 142.40 17.10
1922 74.52 35.75 50.03 150.48 17.99
1923 74.51 40.46 54.78 159.02 18.52
1924 74.52 82.82 38.36 157.48 15.46
1925 74.52 66.39 48.92 177.29 19.57
1926 74.65 69.30 55.69 182.39 18.74
1927 74.61 22.73 42.05 113.03 15.87
1928 74.70 61.20 52.30 188.76 20.05
1929 74.85 31.94 50.35 144.50 17.18
1930 75.02 43.64 49.46 144.49 18.49
1931 74.84 54.05 50.66 162.02 18.94
1932 74.90 38.08 53.83 162.00 18.11
1933 74.92 19.63 41.62 115.51 16.24
1934 75.08 34.26 46.10 143.56 17.02
1935 74.98 56.88 53.77 173.11 21.02
1936 74.97 27.51 46.58 128.21 17.11
1937 75.18 46.24 52.78 165.10 17.79
1938 75.26 79.87 37.11 132.70 15.73
1939 75.25 74.60 51.01 186.72 17.66
1940 75.21 10.15 17.28 64.55 9.33
1941 75.23 72.34 47.40 176.73 18.33
1942 75.39 21.85 41.20 125.26 15.68
1943 75.53 76.46 37.81 142.83 16.86
1944 75.52 41.80 51.40 168.91 18.07
1945 75.52 50.51 58.55 184.26 18.70
1946 75.55 67.53 47.02 152.96 17.64
1947 75.40 83.29 31.70 136.60 14.82
1948 75.63 52.49 47.78 170.12 19.75
1949 75.46 87.69 14.86 80.07 9.18
1950 75.52 15.30 32.69 101.52 13.96
1951 75.55 62.85 51.73 188.80 19.36
1952 75.62 17.53 36.33 114.24 14.36
1953 75.66 24.65 41.55 126.42 15.68
1954 75.77 64.91 54.20 188.90 18.79
1955 75.96 58.39 50.08 179.76 19.22
1956 75.74 70.08 45.40 168.24 18.30
1957 75.81 39.43 50.18 151.83 17.37
1958 75.92 85.45 26.18 115.30 12.60
1959 75.96 48.30 56.14 167.62 17.40
1960 75.91 60.73 54.42 186.20 19.70
1961 76.02 11.24 19.91 72.54 10.79
1962 76.02 29.07 40.69 136.24 15.78
1963 76.09 36.80 47.27 154.11 16.59
1964 76.03 19.75 37.72 105.05 15.67
1965 76.23 27.22 44.41 122.78 16.52
1966 76.00 31.32 41.01 138.29 15.87
1967 76.11 77.88 42.08 166.88 17.57
1968 76.14 55.16 48.04 168.97 18.07
1969 76.27 34.35 46.56 142.27 16.46
1970 76.41 13.79 26.41 79.88 11.62
1971 76.29 81.54 35.36 156.68 15.38
1972 76.21 72.88 45.05 179.72 18.61
1973 76.48 45.82 48.37 163.58 17.35
1974 76.51 22.09 38.31 114.26 15.78
1975 76.72 43.62 45.93 155.58 18.47
1976 76.68 17.14 30.11 96.78 13.98
1977 76.63 24.64 45.25 124.91 15.85
1978 76.74 41.20 45.62 153.64 17.39
1979 76.72 66.08 46.14 182.15 19.80
1980 76.85 74.77 38.61 159.45 16.90
1981 76.78 32.58 44.59 152.39 17.81
1982 76.76 50.42 47.76 170.19 18.13
1983 76.80 63.57 49.39 190.94 18.27
1984 76.72 69.96 45.71 171.41 16.38
1985 76.94 79.10 33.96 130.47 14.61
1986 77.13 86.29 15.21 84.87 9.13
1987 77.08 82.88 29.55 122.26 12.83
1988 77.00 61.24 49.75 184.76 19.30
1989 77.32 39.65 41.48 135.67 15.74
1990 77.08 58.59 46.25 164.82 19.01
1991 77.14 67.90 47.52 173.55 19.48
1992 77.17 72.15 46.25 173.52 18.53
1993 77.18 30.44 42.63 143.17 15.14
1994 77.18 55.24 54.83 178.85 18.23
1995 77.25 19.99 33.94 105.01 14.53
1996 77.27 26.75 41.53 136.22 16.01
1997 77.20 88.48 7.39 47.20 5.36
1998 77.38 11.10 12.51 54.13 9.04
1999 77.40 47.06 51.07 170.77 17.66
2000 77.36 52.79 47.98 166.16 18.04
2001 77.41 37.57 43.79 149.08 15.85
2002 77.51 76.62 39.21 157.44 16.22
2003 77.46 13.88 22.59 86.20 11.42
2004 77.49 35.01 41.24 124.46 16.54
2005 77.57 22.64 42.58 126.28 14.94
2006 77.79 15.95 29.50 91.46 12.71
2007 77.80 24.79 38.47 117.42 16.76
2008 77.83 18.43 30.37 97.51 13.09
2009 77.87 42.68 45.91 150.45 15.80
2010 77.81 63.91 45.97 173.78 18.58
2011 77.92 57.15 47.24 181.57 19.05
2012 77.92 80.87 30.13 130.90 13.26
2013 78.14 66.23 45.28 171.37 17.72
2014 78.08 84.15 19.09 102.70 10.14
2015 78.11 50.83 46.14 152.63 17.57
2016 78.08 29.86 43.99 137.26 15.59
2017 78.21 32.40 34.50 119.89 15.80
2018 78.31 48.63 45.49 169.26 18.34
2019 78.08 61.33 49.72 188.79 19.02
2020 78.21 68.73 40.92 176.57 17.16
2021 78.15 73.29 36.63 154.50 16.39
2022 78.37 45.36 42.54 151.03 16.76
2023 78.24 27.43 36.88 132.08 15.35
2024 78.41 78.70 31.94 145.98 14.46
2025 78.39 21.27 37.58 122.08 14.29
2026 78.46 13.10 17.28 75.04 10.57
2027 78.49 37.10 44.62 145.98 16.17
2028 78.66 70.69 40.65 163.03 16.81
2029 78.46 75.70 38.33 171.78 15.86
2030 78.95 39.47 44.32 148.04 15.82
2031 78.62 59.24 48.42 194.64 17.64
2032 78.73 34.24 42.89 142.09 16.35
2033 78.75 53.32 45.00 170.77 17.29
2034 78.85 55.87 46.41 173.32 17.28
2035 78.75 41.70 49.65 164.48 15.56
2036 78.88 82.43 24.51 130.06 10.71
2037 78.91 11.47 9.79 42.95 5.97
2038 78.86 16.48 22.71 77.43 11.45
2039 78.86 18.99 30.54 112.58 13.93
2040 78.79 24.80 37.96 125.14 16.44
2041 79.05 62.87 45.95 178.46 18.19
2042 79.08 65.08 44.96 188.14 18.76
2043 79.30 22.54 33.35 119.99 14.86
2044 79.15 29.65 39.86 139.79 15.69
2045 79.25 27.32 35.02 111.62 16.77
2046 79.25 73.04 39.56 158.18 16.80
2047 79.32 67.27 43.56 189.69 18.56
2048 79.32 76.25 34.61 157.58 14.72
2049 79.51 47.49 44.26 175.78 16.72
2050 79.50 80.21 27.24 129.01 12.19
2051 79.49 14.52 16.75 75.02 10.39
2052 79.69 43.31 44.21 173.53 16.46
2053 79.75 49.74 43.82 165.69 16.38
2054 79.64 52.20 44.85 172.84 17.11
2055 79.64 31.28 38.94 137.67 16.38
2056 79.66 45.42 43.19 177.80 16.84
2057 79.57 35.94 39.08 143.66 15.55
2058 79.59 59.71 45.86 193.60 17.41
2059 79.74 69.36 46.13 190.60 17.72
2060 79.78 83.09 16.99 92.44 9.83
2061 79.90 20.72 31.23 118.55 14.02
2062 79.80 24.82 35.11 125.30 14.87
2063 79.93 57.63 43.83 169.26 17.45
2064 79.94 77.72 27.67 144.72 12.60
2065 79.90 18.61 27.99 104.40 13.01
2066 79.87 61.57 51.97 202.96 19.08
2067 79.98 33.37 39.61 152.24 15.81
2068 80.05 38.02 40.58 150.53 15.73
2069 79.79 85.93 8.08 42.00 4.69
2070 80.26 54.86 40.15 155.65 15.64
2071 80.17 71.59 36.50 157.12 15.33
2072 80.20 41.28 36.91 147.09 15.24
2073 80.24 16.58 21.72 94.11 10.85
2074 80.22 13.19 10.24 46.38 7.39
2075 80.35 63.39 43.20 176.47 16.76
2076 80.29 65.47 43.22 184.36 16.70
2077 80.36 74.28 35.11 156.18 15.09
2078 80.38 27.10 34.96 117.63 14.59
2079 80.42 67.47 39.81 182.08 16.96
2080 80.61 84.56 9.23 59.00 6.60
2081 80.63 23.52 32.21 115.91 13.70
2082 80.77 79.23 24.61 114.49 11.74
2083 80.75 29.62 36.26 130.94 14.73
2084 80.67 81.50 20.82 126.31 10.45
2085 80.74 35.45 37.82 149.58 15.14
2086 80.80 52.17 40.94 168.05 15.91
2087 80.74 60.48 41.90 187.39 16.58
2088 81.03 76.71 26.55 134.67 13.78
2089 80.84 45.18 39.62 161.98 15.94
2090 80.93 47.49 39.44 164.67 14.70
2091 80.99 31.89 36.45 132.19 14.29
2092 81.03 39.50 36.49 143.51 14.95
2093 80.94 69.55 37.93 181.16 16.83
2094 81.07 21.60 29.01 102.82 13.43
2095 81.13 19.35 26.20 98.76 11.97
2096 81.20 49.53 40.04 162.68 16.16
2097 81.02 57.19 39.96 180.11 16.41
2098 81.24 15.08 13.82 67.62 8.06
2099 81.35 43.41 37.23 161.26 15.78
2100 81.36 26.55 31.07 120.15 14.64
2101 81.44 59.14 41.29 170.64 16.42
2102 81.31 71.55 34.28 157.07 15.58
2103 81.52 54.85 39.58 176.05 17.16
2104 81.56 62.04 40.12 158.19 16.53
2105 81.35 64.75 35.99 162.54 16.21
2106 81.41 74.17 31.97 141.67 15.40
2107 81.52 17.42 19.67 89.38 10.20
2108 81.62 34.25 35.29 146.06 14.51
2109 81.54 67.98 38.46 180.29 16.12
2110 81.56 83.09 9.32 65.88 7.11
2111 81.66 37.13 37.97 150.82 15.42
2112 81.68 24.60 35.53 122.53 15.15
2113 81.84 80.82 18.67 94.33 10.35
2114 81.92 41.46 36.30 152.47 15.10
2115 81.80 52.06 40.91 167.80 16.25
2116 81.89 28.42 35.06 135.73 14.12
2117 82.22 47.37 36.77 146.64 14.83
2118 82.13 66.03 36.41 161.10 15.88
2119 82.23 23.13 31.43 108.50 12.69
2120 82.40 45.30 37.35 160.42 15.03
2121 82.21 77.84 24.33 125.60 11.59
2122 82.35 32.70 39.58 144.72 14.62
2123 82.11 71.79 36.89 168.37 14.67
2124 82.30 20.60 25.36 93.74 11.13
2125 82.42 30.62 33.29 131.18 15.36
2126 82.39 38.97 39.47 148.89 14.56
2127 82.21 57.02 34.97 178.06 15.86
2128 82.33 75.34 26.46 129.45 12.71
2129 82.47 50.00 33.37 163.62 15.41
2130 82.40 69.32 31.83 164.16 14.46
2131 82.50 59.15 37.43 179.05 16.13
2132 82.57 17.98 18.56 84.73 10.65
2133 82.76 35.71 37.76 133.44 14.17
2134 82.76 42.83 36.96 155.69 14.63
2135 82.63 63.53 38.65 170.21 15.85
2136 82.92 26.03 29.90 103.65 13.41
2137 82.79 54.55 37.78 169.45 15.31
2138 82.85 61.13 36.25 165.41 15.90
2139 82.83 73.20 29.62 159.24 14.65
2140 82.87 52.54 39.04 184.56 16.02
2141 82.98 28.55 33.32 123.32 13.83
2142 83.09 80.52 14.63 84.55 9.16
2143 83.15 67.47 32.97 165.94 15.06
2144 83.32 22.08 25.71 97.24 12.67
2145 83.11 56.90 37.33 184.85 15.53
2146 83.27 78.01 20.00 110.63 10.43
2147 83.39 16.58 10.73 53.35 7.14
2148 83.36 70.22 33.59 164.80 13.99
2149 83.54 40.54 37.67 167.42 13.81
2150 83.46 49.29 37.85 163.52 15.08
2151 83.62 19.75 21.21 84.16 9.44
2152 83.51 33.66 29.65 127.30 14.54
2153 83.43 64.64 34.63 169.87 15.06
2154 83.63 44.50 32.29 162.42 14.29
2155 83.51 46.88 35.09 155.88 14.98
2156 83.78 75.70 24.42 124.81 11.56
2157 83.69 24.46 28.80 107.85 12.20
2158 83.64 37.88 35.76 135.33 14.90
2159 83.84 31.52 30.84 120.87 13.45
2160 83.97 55.33 32.15 169.15 15.42
2161 83.97 61.83 39.31 176.74 15.60
2162 83.94 73.49 25.94 148.81 12.33
2163 83.98 52.51 36.33 190.11 15.95
2164 84.10 59.79 38.37 175.90 15.48
2165 84.13 29.17 33.12 127.54 14.08
2166 84.13 42.57 33.33 164.91 15.28
2167 84.07 57.52 37.04 182.58 15.91
2168 84.22 71.34 29.90 156.94 13.65
2169 84.20 66.86 36.51 171.42 15.18
2170 84.29 35.40 27.50 121.43 14.34
2171 84.40 26.71 26.88 119.45 12.89
2172 84.33 50.55 35.37 174.54 16.23
2173 84.32 64.68 35.38 182.64 15.02
2174 84.58 46.75 32.49 142.96 14.55
2175 84.59 18.90 14.27 69.29 7.88
2176 84.66 23.52 22.15 86.53 11.65
2177 84.63 69.39 29.00 149.45 14.02
2178 84.68 77.65 17.41 103.69 9.68
2179 84.84 21.46 20.41 93.26 10.81
2180 84.80 48.96 35.21 169.26 14.64
2181 84.74 53.85 35.92 169.96 16.03
2182 84.74 39.91 34.10 148.78 14.98
2183 84.88 62.86 36.05 179.87 15.07
2184 84.94 37.40 29.72 130.64 13.91
2185 84.80 44.77 39.41 178.48 14.09
2186 84.90 32.34 27.96 110.47 13.46
2187 85.04 58.78 34.36 182.10 15.99
2188 85.07 73.20 24.80 154.47 12.43
2189 85.18 75.84 22.45 122.26 11.00
2190 85.19 56.11 32.66 168.44 14.62
2191 85.19 67.60 30.14 172.17 14.76
2192 85.38 41.97 32.77 146.18 14.50
2193 85.46 29.45 30.46 125.44 13.50
2194 85.39 65.28 30.97 170.85 14.53
2195 85.51 34.86 31.66 133.21 13.46
2196 85.46 51.94 33.01 168.99 16.16
2197 85.46 26.79 30.36 112.81 12.27
2198 85.52 60.85 33.25 168.28 15.06
2199 85.76 71.71 24.25 135.39 12.27
2200 85.71 20.22 16.17 76.49 8.90
2201 85.61 44.44 33.74 160.21 14.02
2202 85.65 78.33 9.64 73.63 7.36
2203 85.97 39.77 28.78 136.28 14.44
2204 85.96 31.70 29.02 116.47 12.53
2205 85.81 23.87 19.35 81.25 10.40
2206 85.78 49.50 31.18 174.16 15.27
2207 85.83 69.32 26.90 143.56 13.06
2208 86.14 47.53 30.38 154.91 14.98
2209 85.97 54.28 36.19 184.04 15.42
2210 85.99 57.73 34.18 166.73 14.31
2211 86.02 62.80 30.52 163.76 13.25
2212 86.04 74.57 20.55 140.50 10.51
2213 86.26 37.25 31.05 121.25 14.52
2214 86.35 76.78 12.77 85.57 8.34
2215 86.45 25.59 26.20 116.35 12.03
2216 86.46 65.40 29.48 158.75 14.22
2217 86.49 21.74 17.34 83.55 9.29
2218 86.52 34.33 26.65 131.50 13.49
2219 86.64 44.88 32.69 148.09 14.82
2220 86.58 60.14 31.41 162.49 15.16
2221 86.64 67.99 27.98 146.34 13.71
2222 86.69 52.35 34.71 175.12 15.94
2223 86.71 28.37 26.58 119.14 11.66
2224 86.79 42.36 30.63 143.23 13.81
2225 86.78 50.32 31.28 177.82 14.60
2226 86.85 56.12 33.71 184.35 14.19
2227 86.96 70.42 26.41 150.82 12.85
2228 86.90 74.17 20.35 134.21 9.76
2229 87.09 30.50 28.56 116.87 11.85
2230 86.94 62.69 31.25 167.56 14.30
2231 87.27 72.52 21.57 124.26 11.66
2232 87.20 23.08 20.60 86.36 9.92
2233 87.19 58.13 32.55 175.58 15.49
2234 87.27 32.79 28.20 134.66 13.22
2235 87.23 47.35 32.40 177.80 15.61
2236 87.29 38.10 28.97 140.00 14.33
2237 87.26 40.33 33.46 167.86 14.31
2238 87.30 54.33 31.19 179.34 15.78
2239 87.41 26.95 27.39 109.56 11.51
2240 87.64 35.23 28.97 119.84 12.46
2241 87.58 66.65 30.95 176.76 13.64
2242 87.53 76.62 9.99 62.49 6.51
2243 87.77 64.24 30.21 159.99 14.24
2244 87.60 60.27 31.64 165.70 14.27
2245 87.77 25.00 21.79 98.93 10.61
2246 87.83 49.60 34.66 181.10 14.57
2247 87.94 44.33 29.48 148.26 14.71
2248 87.98 53.00 30.90 162.85 14.71
2249 87.90 69.21 27.62 166.18 13.67
2250 88.07 75.12 12.68 80.49 7.80
2251 88.10 21.46 9.41 52.56 6.60
2252 88.00 56.88 28.26 167.14 14.33
2253 88.23 41.77 32.16 155.72 14.73
2254 88.19 28.57 24.30 112.04 11.88
2255 88.33 46.65 32.09 150.37 14.90
2256 88.30 71.13 20.46 132.53 10.14
2257 88.22 32.08 26.19 122.19 12.21
2258 88.35 61.85 30.91 185.19 14.39
2259 88.50 36.57 29.10 131.88 13.14
2260 88.49 39.18 33.69 140.29 13.45
2261 88.61 73.42 14.58 109.65 9.03
2262 88.69 24.15 14.23 76.26 7.90
2263 88.74 51.04 31.57 173.02 14.80
2264 88.59 67.33 26.26 150.64 11.63
2265 88.83 59.19 29.59 162.49 13.91
2266 89.00 27.04 19.59 93.97 10.28
2267 88.89 30.34 25.71 126.34 12.70
2268 88.85 56.06 31.08 154.67 15.59
2269 89.05 34.46 27.55 118.53 12.42
2270 88.96 64.41 27.32 165.60 14.11
2271 89.16 53.54 32.20 175.10 14.78
2272 89.41 48.24 30.50 141.12 14.26
2273 89.25 43.57 29.95 140.88 14.08
2274 89.24 69.22 23.97 148.60 11.65
2275 89.37 75.37 6.81 46.14 5.10
2276 89.44 61.85 30.92 190.55 14.12
2277 89.47 72.10 16.04 105.60 8.91
2278 89.63 32.48 24.04 118.35 12.60
2279 89.74 37.85 31.43 152.56 13.88
2280 89.76 40.75 29.36 144.36 13.75
2281 89.65 66.11 25.94 136.47 13.04
2282 89.94 45.92 29.38 121.64 13.87
2283 89.93 25.45 15.30 70.86 7.90
2284 89.93 58.23 29.71 170.94 14.67
2285 90.03 50.45 28.73 156.64 14.49
2286 90.01 55.12 28.44 158.82 14.14
2287 90.01 29.96 19.95 97.18 11.14
2288 90.17 35.33 26.00 140.78 12.29
2289 90.42 27.54 17.05 91.95 9.28
2290 90.26 69.67 18.71 126.67 10.94
2291 90.37 63.33 27.33 154.27 13.01
2292 90.55 60.78 29.24 179.79 14.45
2293 90.46 72.25 11.92 92.90 7.61
2294 90.75 67.84 21.42 128.76 11.89
2295 90.85 43.62 27.38 135.86 12.70
2296 90.79 33.31 22.68 125.64 11.71
2297 91.07 51.99 28.73 148.07 13.05
2298 90.90 65.74 24.00 145.17 11.83
2299 91.01 56.91 29.38 164.39 13.07
2300 91.04 36.99 24.44 123.34 11.39
2301 91.01 40.48 24.92 127.16 13.43
2302 91.18 47.19 27.78 131.05 13.08
2303 91.20 30.88 19.67 93.41 9.70
2304 91.39 54.34 28.73 167.98 14.52
2305 91.56 59.42 26.02 153.27 12.06
2306 91.90 49.72 27.21 124.24 13.03
2307 91.61 62.47 25.35 157.09 12.98
2308 91.50 70.51 11.64 83.59 7.26
2309 91.57 27.72 14.80 94.86 8.82
2310 91.90 34.31 22.51 113.41 10.70
2311 91.93 39.17 24.95 134.29 13.17
2312 92.02 65.26 21.11 132.64 10.95
2313 92.16 68.71 13.84 106.39 8.79
2314 92.32 43.46 23.68 110.88 11.66
2315 92.38 29.64 15.94 93.82 9.55
2316 92.46 36.43 23.48 112.83 10.78
2317 92.60 58.15 22.93 149.96 11.96
2318 92.56 32.09 17.80 109.82 11.11
2319 92.66 46.47 24.66 138.89 13.05
2320 92.90 52.46 26.28 126.05 12.79
2321 92.63 55.28 28.64 153.83 12.65
2322 92.81 60.97 22.52 159.85 11.90
2323 92.96 40.84 22.63 114.76 11.78
2324 93.07 63.47 19.62 134.32 10.83
2325 93.07 67.65 13.85 109.11 8.30
2326 93.53 49.11 25.53 119.30 11.91
2327 93.37 38.16 19.59 109.08 10.47
2328 93.58 33.00 16.61 86.61 8.43
2329 93.75 66.06 13.03 91.10 8.23
2330 93.76 56.35 22.78 136.93 11.81
2331 93.89 42.96 23.32 125.25 11.25
2332 94.14 35.67 16.27 94.47 8.81
2333 94.09 60.26 20.55 115.16 10.28
2334 94.11 46.05 20.09 113.10 11.66
2335 94.36 51.60 23.70 133.50 11.81
2336 94.46 63.69 12.81 115.72 8.22
2337 95.01 41.49 18.31 108.41 9.92
2338 94.70 38.43 17.34 109.67 10.36
2339 94.90 57.44 18.01 113.13 10.57
2340 95.26 53.63 17.57 108.56 10.43
2341 95.21 47.06 21.60 114.73 10.37
2342 95.42 61.73 12.62 93.39 8.78
2343 95.03 49.46 17.47 58.61 10.06
2344 95.47 35.48 11.66 75.36 6.76
2345 95.76 44.54 19.31 107.06 9.75
2346 96.21 58.81 11.86 97.45 8.28
2347 96.03 50.47 18.42 98.22 9.90
2348 96.12 39.33 14.22 87.41 8.06
2349 96.55 55.88 15.89 90.43 8.31
2350 96.97 48.37 14.56 94.85 8.09
2351 96.97 42.09 13.52 89.54 7.56
2352 97.15 53.05 13.61 101.11 7.93
2353 97.24 44.82 13.47 91.69 8.22
2354 97.76 55.16 6.72 31.48 4.76

