#<Embryo name> <Cleavage cycle> <Temporal class> <Genes>
ab12 14A 1 even-skipped caudal bicoid

#Quantitative data
#<Nucleus number> <A-P coordinate> <D-V coordinate> <Fluorescence intensity: channel 1 - eve, channel 2 - cad, channel 3 - bcd>
0 2.08 44.11 6.36 10.04 189.89
1 2.92 46.09 10.43 14.43 219.49
2 3.08 38.98 7.95 10.61 199.49
3 3.38 42.55 10.80 14.95 229.44
4 3.63 50.35 11.09 14.77 228.98
5 4.02 47.91 12.58 16.39 198.65
6 3.71 36.80 7.81 11.60 212.96
7 4.25 40.93 12.87 17.83 231.99
8 4.09 44.95 13.90 20.41 234.28
9 4.28 55.00 9.61 13.54 209.59
10 4.42 52.62 12.88 15.88 219.58
11 4.42 35.41 8.54 11.27 207.72
12 4.71 38.70 10.01 16.35 241.79
13 5.06 43.19 13.92 18.84 227.16
14 5.28 50.16 13.94 21.08 221.68
15 5.16 33.99 7.90 12.00 191.95
16 5.57 47.77 15.58 21.12 236.72
17 5.64 45.32 16.41 19.96 219.23
18 5.60 37.06 13.19 15.96 233.65
19 5.65 52.83 13.83 18.89 217.31
20 5.64 40.02 13.99 20.44 232.87
21 6.09 55.39 13.45 17.26 194.85
22 5.90 32.44 7.55 10.26 195.48
23 6.26 42.05 16.85 23.22 236.92
24 6.25 35.27 12.53 16.89 242.43
25 6.47 57.98 10.76 16.14 219.82
26 6.55 38.65 16.40 23.71 246.93
27 6.60 48.80 15.66 21.96 217.24
28 6.73 52.07 17.06 21.74 226.42
29 6.87 44.59 19.18 21.11 232.64
30 6.85 61.07 10.56 12.92 184.47
31 7.10 32.69 11.17 16.05 231.22
32 7.08 35.80 16.43 21.21 245.33
33 7.35 46.70 16.98 23.46 218.68
34 7.33 40.98 18.40 22.92 245.35
35 7.31 56.27 14.69 19.94 224.86
36 7.58 53.46 16.02 21.36 221.97
37 7.59 38.56 17.06 23.89 242.30
38 7.64 59.50 14.33 17.71 221.04
39 7.79 30.05 9.43 13.43 200.17
40 7.76 43.01 21.06 28.84 239.11
41 7.82 50.52 17.37 23.62 226.54
42 7.91 35.82 17.85 21.56 232.99
43 8.30 48.55 17.90 24.06 205.87
44 8.21 56.99 17.34 23.26 223.88
45 8.28 61.71 14.38 16.53 184.72
46 8.45 33.11 15.06 21.18 233.39
47 8.42 45.42 16.91 24.82 227.78
48 8.67 53.87 19.38 25.71 231.15
49 8.70 39.13 19.43 27.57 246.64
50 8.75 41.20 19.37 25.93 230.64
51 8.95 59.19 16.64 20.05 193.58
52 9.01 63.26 12.11 15.67 180.49
53 8.94 31.01 15.01 20.58 230.49
54 9.03 37.00 19.61 24.93 238.16
55 9.12 43.35 20.48 27.72 236.84
56 9.13 34.87 19.16 23.57 234.94
57 9.09 51.03 19.45 23.48 213.63
58 9.19 26.50 7.33 10.49 141.09
59 9.22 55.58 19.28 24.74 197.07
60 9.24 46.98 19.84 27.06 227.80
61 9.78 29.77 12.97 19.56 211.43
62 9.83 51.99 20.73 27.69 203.05
63 9.98 38.99 20.13 27.33 245.01
64 10.18 48.25 19.12 26.13 214.72
65 10.15 60.87 18.59 21.29 190.18
66 10.04 33.25 19.63 24.50 238.01
67 10.08 44.95 20.89 27.69 230.53
68 10.13 58.46 19.89 25.73 211.89
69 10.25 65.40 13.62 15.70 147.94
70 10.24 27.25 11.99 16.57 197.69
71 10.48 24.65 7.19 10.48 136.83
72 10.43 41.32 20.70 28.48 242.01
73 10.37 56.05 19.67 27.10 224.40
74 10.38 63.26 16.75 18.66 188.44
75 10.49 35.39 21.78 28.34 221.57
76 10.78 37.39 22.43 30.00 231.94
77 10.70 51.00 20.04 26.08 214.07
78 10.85 31.86 19.67 24.60 237.69
79 11.16 53.86 20.94 26.99 211.14
80 11.03 29.40 16.54 22.04 220.09
81 11.06 43.52 19.48 31.85 237.63
82 11.39 47.94 22.82 30.56 229.33
83 11.42 60.27 21.24 25.24 188.31
84 11.56 63.51 18.80 21.89 184.12
85 11.58 39.68 24.89 31.24 231.06
86 11.63 45.85 23.21 30.09 230.10
87 11.71 57.77 21.84 26.13 176.63
88 11.63 33.30 25.19 27.81 235.01
89 11.78 27.99 15.47 20.22 175.19
90 11.75 50.35 20.71 27.96 224.27
91 11.99 35.74 21.16 30.76 229.66
92 11.79 24.04 9.61 14.66 160.18
93 11.89 67.21 14.01 17.42 153.86
94 12.06 42.16 26.46 31.80 226.01
95 12.21 55.35 23.31 27.67 196.02
96 12.24 38.14 26.39 31.11 226.21
97 12.34 70.26 11.04 13.16 100.77
98 12.41 32.08 21.25 27.93 222.73
99 12.42 52.38 24.60 28.72 214.85
100 12.43 45.09 24.47 30.00 210.18
101 12.58 61.61 23.81 27.42 176.86
102 12.74 22.27 9.40 13.49 125.32
103 12.71 25.76 15.25 21.29 212.17
104 12.73 64.80 20.48 23.10 179.32
105 12.93 29.88 20.25 24.93 194.04
106 12.86 47.66 25.23 30.57 223.57
107 12.99 59.42 24.70 28.42 171.92
108 12.91 40.47 26.00 32.14 220.59
109 13.08 49.83 22.64 31.03 194.29
110 13.12 68.75 18.59 18.10 129.76
111 13.31 43.22 23.73 30.68 227.79
112 13.28 56.94 22.99 29.66 215.66
113 13.38 33.57 22.89 29.10 221.45
114 13.26 53.99 28.80 32.05 202.32
115 13.23 36.78 24.20 31.89 205.56
116 13.61 39.59 22.46 30.54 196.35
117 13.80 45.83 25.95 33.03 225.52
118 13.75 66.74 22.32 23.18 128.76
119 13.87 26.93 20.52 26.36 197.83
120 13.79 63.49 27.07 25.14 160.90
121 13.90 24.46 16.63 20.57 180.36
122 13.94 52.33 25.62 33.43 215.46
123 14.00 29.50 22.60 29.27 197.99
124 14.21 61.14 30.66 29.81 164.83
125 14.19 48.21 25.44 33.83 194.60
126 14.36 37.64 23.78 30.87 221.98
127 14.42 70.00 24.31 21.09 139.10
128 14.58 22.78 17.74 19.97 156.26
129 14.38 34.73 25.15 32.03 198.40
130 14.42 56.36 26.02 31.08 196.90
131 14.46 31.90 23.39 30.61 201.00
132 14.44 42.14 23.82 31.64 202.99
133 14.66 50.61 25.37 32.81 213.59
134 14.61 72.32 15.13 17.10 113.03
135 14.71 59.32 28.20 30.61 181.10
136 14.91 64.47 26.77 28.09 155.96
137 15.05 40.20 26.13 34.85 215.26
138 14.95 44.17 26.88 32.63 182.60
139 15.00 67.70 23.34 24.65 151.66
140 15.12 54.13 32.25 31.70 166.22
141 15.08 46.93 25.55 29.72 180.73
142 15.20 29.33 23.19 29.50 207.67
143 15.49 26.48 19.47 24.70 164.03
144 15.45 35.64 26.08 32.56 213.14
145 15.44 32.48 24.48 27.81 175.96
146 15.48 61.71 30.80 31.12 195.19
147 15.84 20.91 16.99 20.05 133.53
148 15.56 57.92 32.40 35.88 202.31
149 15.81 49.67 29.84 35.82 209.02
150 15.87 52.22 25.84 31.17 190.95
151 15.76 72.11 21.29 20.07 136.93
152 15.81 38.33 28.41 33.76 205.30
153 15.84 23.74 22.05 23.92 155.29
154 16.01 65.67 28.77 29.31 167.41
155 15.98 42.18 29.27 31.56 186.30
156 16.17 44.97 30.05 33.01 188.64
157 16.17 68.66 29.63 25.39 117.74
158 16.34 55.87 30.74 35.70 178.16
159 16.38 47.30 28.77 33.88 170.39
160 16.37 29.65 27.77 30.22 198.42
161 16.41 33.36 28.85 31.59 164.46
162 16.54 59.75 29.43 32.34 166.98
163 16.56 63.02 30.65 32.59 158.59
164 16.66 19.30 15.12 16.57 120.54
165 16.88 36.00 30.57 33.35 184.59
166 16.90 39.12 29.46 33.51 182.73
167 16.86 24.99 26.59 27.69 165.50
168 16.80 42.03 30.65 35.45 192.58
169 16.94 73.07 24.59 22.28 116.78
170 16.91 70.54 34.03 24.10 118.59
171 16.93 53.17 34.20 33.28 144.10
172 17.15 49.24 29.84 34.37 184.63
173 17.38 27.97 26.56 31.10 172.27
174 17.29 66.21 34.74 32.47 147.64
175 17.36 31.25 28.32 32.79 179.99
176 17.47 22.23 26.08 26.32 162.01
177 17.44 68.69 34.53 28.93 119.24
178 17.52 57.67 35.65 35.46 138.01
179 17.68 43.91 31.41 37.56 193.35
180 17.65 46.15 30.55 36.51 168.95
181 17.77 60.71 37.86 34.80 137.13
182 17.75 63.50 34.87 36.50 154.05
183 17.90 41.18 33.96 40.11 196.43
184 17.82 76.48 19.01 17.18 95.89
185 17.97 18.83 17.09 19.23 115.64
186 18.08 33.57 31.54 32.68 167.02
187 17.88 53.51 32.31 36.92 171.43
188 18.10 24.91 31.70 31.31 150.25
189 18.04 50.41 32.65 36.63 144.48
190 18.07 36.18 34.87 34.19 157.41
191 18.03 73.91 31.77 23.53 133.57
192 18.42 71.52 35.07 28.61 123.46
193 18.50 38.75 32.70 37.62 169.97
194 18.37 56.37 37.96 39.49 179.01
195 18.44 66.79 44.36 32.28 124.63
196 18.47 47.39 38.60 38.95 158.80
197 18.66 69.06 36.82 32.64 144.77
198 18.69 21.57 26.24 26.36 151.57
199 18.80 27.61 30.25 34.41 156.09
200 18.76 30.45 33.72 33.63 156.62
201 18.82 59.07 37.83 38.41 159.18
202 18.90 64.22 40.24 34.23 144.26
203 18.94 77.62 21.72 15.91 80.52
204 18.88 43.37 36.39 39.32 147.41
205 19.04 51.32 33.81 39.38 160.80
206 19.12 54.50 38.94 39.78 154.20
207 19.19 74.83 31.99 23.09 98.18
208 19.31 61.62 37.24 38.39 148.93
209 19.15 35.52 36.95 37.05 148.17
210 19.45 49.03 36.09 42.45 170.45
211 19.48 24.87 32.17 31.77 149.63
212 19.58 18.67 23.60 22.91 104.64
213 19.58 46.56 34.02 38.34 157.90
214 19.79 31.84 34.90 36.56 152.96
215 19.72 41.81 35.42 39.92 168.99
216 19.62 66.36 45.96 36.66 124.47
217 19.68 72.03 45.67 31.41 93.18
218 19.86 39.14 37.13 38.84 166.59
219 19.87 57.86 39.68 39.90 147.57
220 19.83 69.06 42.51 33.42 131.45
221 19.99 21.37 32.08 29.48 137.95
222 20.05 44.47 42.48 42.88 156.84
223 20.09 52.88 39.81 38.83 149.68
224 20.20 36.58 37.56 38.58 168.24
225 20.25 63.90 47.40 39.54 145.55
226 20.44 28.84 38.36 35.25 138.83
227 20.46 33.84 39.45 40.07 165.86
228 20.34 75.98 35.59 24.38 88.46
229 20.40 60.66 42.74 40.98 138.20
230 20.68 55.96 42.89 42.73 148.25
231 20.63 26.49 44.49 35.35 144.36
232 20.67 49.48 39.02 39.12 143.92
233 20.71 73.36 40.51 29.29 101.19
234 20.93 23.67 33.95 35.66 140.76
235 20.87 70.80 44.21 35.69 108.70
236 20.86 80.17 24.20 16.20 68.38
237 20.93 41.48 37.28 39.38 143.02
238 21.07 65.93 41.93 34.17 111.34
239 21.15 44.66 33.07 36.41 118.84
240 21.13 16.77 27.51 22.85 102.76
241 21.15 68.49 48.12 38.50 132.60
242 21.18 19.61 35.47 30.09 121.32
243 21.23 58.93 46.66 40.75 135.56
244 21.18 53.87 43.93 43.97 114.06
245 21.28 77.63 36.50 23.72 86.75
246 21.32 31.03 48.24 39.86 138.38
247 21.31 62.53 46.36 40.87 128.02
248 21.29 36.57 47.12 40.53 139.60
249 21.70 52.08 42.94 41.21 131.86
250 21.69 34.21 46.11 38.98 123.55
251 21.94 46.24 42.54 42.61 131.82
252 21.76 27.25 42.92 39.55 127.55
253 21.79 74.49 50.10 32.64 109.29
254 21.94 40.90 41.51 40.95 109.79
255 21.89 49.05 46.66 39.73 135.16
256 22.04 57.30 46.46 42.65 138.45
257 22.08 38.15 44.59 42.51 154.98
258 22.02 71.75 53.66 34.91 103.33
259 22.20 23.40 37.86 35.38 128.18
260 22.14 80.39 34.19 21.29 84.14
261 22.40 20.39 36.91 30.54 88.17
262 22.30 29.54 45.63 39.89 131.28
263 22.21 60.59 50.15 41.39 130.32
264 22.33 63.70 50.22 40.47 125.08
265 22.40 66.69 53.19 38.75 110.79
266 22.38 69.31 51.26 38.02 108.36
267 22.27 76.42 61.44 32.85 87.69
268 22.46 55.27 61.46 42.35 120.18
269 22.84 14.94 24.93 21.91 85.37
270 22.55 32.49 50.02 43.02 135.21
271 22.79 26.37 43.75 39.88 121.36
272 22.94 45.09 49.64 44.07 128.02
273 22.89 78.48 50.70 28.29 83.43
274 22.97 50.42 51.52 42.26 122.92
275 22.97 53.20 51.47 46.25 131.30
276 23.18 42.54 47.94 43.81 122.60
277 23.02 73.16 53.56 33.78 93.00
278 23.49 17.33 33.78 30.08 93.78
279 23.10 36.85 48.16 45.62 149.05
280 23.21 34.26 51.55 44.87 123.87
281 23.33 39.87 49.12 45.12 144.18
282 23.20 57.69 57.44 45.24 126.25
283 23.20 61.13 48.41 40.79 107.94
284 23.28 64.59 50.96 40.67 104.18
285 23.37 75.98 58.52 31.92 84.21
286 23.60 48.03 51.47 44.43 118.09
287 23.46 70.03 66.13 41.94 118.45
288 23.61 31.01 49.93 43.10 111.95
289 23.60 81.00 42.18 21.90 68.52
290 23.67 23.96 44.37 35.85 110.90
291 23.86 28.20 46.02 40.98 120.66
292 23.73 67.32 63.24 40.88 108.14
293 23.90 20.70 46.78 36.30 99.21
294 24.12 54.56 58.40 42.46 115.35
295 24.02 59.60 69.24 46.57 116.18
296 24.14 78.06 61.32 30.04 81.64
297 24.17 51.75 57.63 47.97 128.01
298 24.19 74.20 67.47 36.58 88.85
299 24.26 45.21 57.40 46.57 122.54
300 24.23 57.12 59.02 45.63 123.10
301 24.25 37.70 54.15 44.55 125.15
302 24.22 71.68 68.09 43.07 110.67
303 24.39 61.90 62.18 47.53 121.69
304 24.30 64.49 64.51 43.60 107.31
305 24.48 13.02 23.37 18.18 66.88
306 24.49 25.08 45.68 39.03 98.47
307 24.48 34.08 49.48 42.30 116.61
308 24.52 41.85 55.63 44.16 117.63
309 24.78 80.61 54.83 29.14 75.70
310 24.94 83.31 44.44 21.57 57.60
311 24.83 17.35 51.94 35.99 90.92
312 24.80 30.75 54.90 41.28 102.49
313 24.84 68.61 69.33 41.07 99.60
314 24.92 47.86 54.58 45.75 103.79
315 25.15 50.67 63.61 47.76 110.72
316 25.07 66.27 70.37 44.09 99.30
317 24.95 20.37 38.20 32.08 83.16
318 25.15 76.10 74.19 35.54 82.60
319 25.03 27.80 64.89 46.16 116.54
320 25.26 39.53 61.04 48.43 119.90
321 25.08 59.45 62.00 46.78 115.39
322 25.29 14.55 45.42 30.64 93.45
323 25.26 70.96 78.02 40.61 87.76
324 25.37 44.19 58.87 45.65 105.68
325 25.38 36.53 57.53 45.50 121.84
326 25.35 57.00 64.60 49.19 116.12
327 25.40 54.36 66.39 47.69 104.69
328 25.40 73.63 82.62 40.33 87.28
329 25.46 78.37 70.69 35.41 74.77
330 25.56 22.90 45.82 37.14 86.21
331 25.48 63.70 72.91 45.93 98.37
332 25.79 33.55 60.05 47.98 120.17
333 25.80 26.64 54.54 40.54 100.66
334 25.82 61.32 72.24 42.90 95.57
335 25.73 30.58 63.25 46.74 99.62
336 25.91 80.85 72.04 30.53 74.96
337 25.91 17.34 55.20 37.48 95.18
338 26.08 46.76 59.38 44.92 99.62
339 26.21 40.87 61.41 48.98 108.05
340 26.04 67.51 90.38 45.40 78.74
341 26.02 69.24 92.17 47.32 83.64
342 26.19 20.24 50.12 36.06 87.65
343 26.26 52.51 69.75 49.04 102.64
344 26.24 49.48 63.61 46.20 101.06
345 26.24 65.73 91.50 45.48 87.54
346 26.32 85.27 41.58 17.50 44.56
347 26.57 82.91 62.49 25.63 60.21
348 26.40 14.42 46.09 30.92 82.99
349 26.48 56.60 72.05 48.04 98.90
350 26.59 59.04 74.77 48.22 95.38
351 26.56 43.28 68.40 49.61 108.76
352 26.48 71.18 86.19 43.32 89.63
353 26.57 75.81 93.63 39.00 80.06
354 26.61 25.03 61.09 42.05 91.66
355 26.61 36.53 63.81 46.04 103.79
356 26.56 73.56 95.90 45.91 95.51
357 26.56 77.88 93.74 37.32 62.18
358 26.70 29.15 73.64 48.90 105.10
359 26.67 63.79 85.37 53.48 113.92
360 26.92 31.85 64.33 46.95 111.79
361 26.96 38.79 70.92 49.99 94.87
362 26.92 61.37 80.32 51.00 113.35
363 26.95 12.25 43.82 26.56 79.92
364 27.06 54.54 79.22 50.47 112.88
365 26.95 16.54 54.67 36.19 78.93
366 27.03 79.96 86.99 36.61 72.41
367 27.20 21.90 62.40 42.27 84.97
368 27.18 45.66 70.63 48.67 96.26
369 27.39 18.75 61.28 39.85 79.53
370 27.26 34.28 75.93 49.55 89.57
371 27.19 68.85 95.45 51.11 99.47
372 27.28 86.79 40.29 16.32 35.59
373 27.26 66.28 89.42 48.02 95.46
374 27.27 50.11 67.73 46.78 85.21
375 27.45 27.48 63.15 45.85 91.71
376 27.58 71.31 95.93 44.05 78.44
377 27.72 84.62 66.44 25.27 51.86
378 27.67 77.93 111.37 43.83 80.07
379 27.80 24.65 55.75 39.70 81.75
380 27.84 52.43 70.71 48.50 86.46
381 27.77 57.36 86.76 50.64 90.95
382 27.76 82.11 85.45 32.48 58.98
383 27.88 39.89 85.03 49.96 85.48
384 27.80 42.40 73.98 51.22 92.84
385 27.84 47.84 72.98 50.43 91.59
386 27.67 63.31 91.56 50.88 94.80
387 27.77 73.58 103.69 48.18 87.32
388 27.79 14.17 50.47 28.48 67.36
389 27.91 75.74 102.01 42.49 77.31
390 27.89 59.83 87.29 52.49 98.83
391 27.95 36.48 80.09 52.91 93.62
392 28.20 28.90 89.04 49.09 91.98
393 28.21 31.23 80.38 48.52 91.10
394 28.23 55.22 81.09 50.69 89.78
395 28.36 16.21 67.92 38.49 77.71
396 28.37 21.68 50.66 38.55 65.13
397 28.40 44.90 77.81 52.70 92.24
398 28.35 66.66 88.18 47.89 80.32
399 28.39 69.05 101.92 49.20 80.71
400 28.43 80.32 109.16 43.22 73.29
401 28.48 33.90 77.16 53.53 102.43
402 28.52 61.85 93.29 53.27 85.66
403 28.56 86.74 51.32 20.81 41.09
404 28.54 64.46 114.21 49.51 69.48
405 28.63 26.23 74.53 45.81 88.08
406 28.69 50.79 82.95 50.52 91.68
407 28.77 71.26 104.08 47.25 74.86
408 28.72 37.74 93.63 52.69 96.00
409 28.89 77.99 124.06 44.26 69.10
410 28.99 18.62 63.60 40.17 71.17
411 28.91 73.81 114.84 47.99 77.31
412 28.97 83.90 88.37 31.73 53.50
413 28.86 47.80 97.44 56.15 78.75
414 28.94 58.48 96.06 52.23 92.02
415 28.96 41.94 91.84 53.59 101.74
416 29.34 13.92 64.69 40.58 71.83
417 29.19 54.15 93.65 50.25 82.78
418 29.55 24.64 63.46 40.29 68.21
419 29.47 39.44 94.13 57.50 92.48
420 29.49 76.03 112.64 48.29 68.69
421 29.47 32.93 89.41 56.91 99.58
422 29.38 67.24 109.44 55.87 90.48
423 29.47 11.69 65.04 33.97 75.15
424 29.46 28.56 88.25 50.13 84.61
425 29.46 61.09 105.69 54.75 80.49
426 29.55 30.78 99.20 55.21 91.81
427 29.43 36.01 103.10 51.21 86.62
428 29.56 64.41 107.09 52.52 79.26
429 29.60 81.84 105.54 38.14 58.21
430 29.94 21.34 85.36 45.33 72.07
431 29.56 45.49 93.79 55.50 91.31
432 29.67 49.01 97.18 57.92 94.62
433 29.79 56.84 98.91 53.70 79.87
434 29.89 86.80 66.72 27.13 49.41
435 29.89 69.43 112.19 49.94 77.44
436 29.94 51.35 98.40 53.40 79.26
437 29.84 79.76 125.95 46.67 69.01
438 29.99 43.22 99.97 55.74 87.84
439 29.94 71.68 116.94 49.60 70.05
440 29.97 17.45 76.86 41.14 69.14
441 30.23 73.97 127.79 55.90 75.28
442 30.27 26.80 101.93 51.51 81.86
443 30.28 59.27 113.76 54.14 84.18
444 30.24 84.21 95.85 36.71 50.44
445 30.33 35.28 123.05 54.55 76.88
446 30.34 53.84 112.89 60.38 85.51
447 30.41 62.52 109.43 53.43 76.15
448 30.52 38.16 109.62 60.83 88.83
449 30.46 47.56 102.08 56.21 80.45
450 30.56 77.92 125.53 50.94 64.37
451 30.40 10.03 54.23 26.68 51.51
452 30.58 41.14 105.74 59.70 87.41
453 30.48 67.24 132.09 56.14 87.30
454 30.66 15.68 88.28 41.51 66.00
455 30.67 32.02 109.10 53.31 86.39
456 30.78 65.01 115.80 54.72 78.57
457 30.72 29.06 103.79 49.04 74.77
458 30.92 12.41 76.70 36.59 55.09
459 30.95 55.86 115.56 60.08 85.01
460 31.07 88.04 51.42 20.52 31.89
461 31.10 25.12 108.16 51.52 69.84
462 31.03 45.68 124.01 58.96 71.61
463 31.12 75.51 125.97 51.45 60.70
464 31.08 80.81 118.48 44.68 54.58
465 31.21 82.92 112.04 40.90 54.75
466 31.11 69.69 116.49 54.69 68.01
467 31.24 43.47 128.01 58.26 66.72
468 31.14 51.93 102.20 52.53 72.92
469 31.22 60.79 105.52 57.23 69.44
470 31.23 19.28 107.42 48.87 67.94
471 31.34 72.49 122.65 53.58 68.85
472 31.41 49.35 113.94 59.50 75.94
473 31.44 58.17 116.88 58.15 75.84
474 31.36 85.44 90.50 37.14 48.43
475 31.37 36.28 121.23 59.52 89.60
476 31.54 33.79 118.68 60.01 85.22
477 31.54 39.72 124.20 60.37 81.67
478 31.65 63.39 123.67 62.60 80.54
479 31.79 26.72 118.27 56.25 73.27
480 31.66 67.14 134.14 60.41 73.12
481 31.73 15.52 93.41 43.61 61.12
482 31.71 22.97 116.40 57.96 77.51
483 31.68 29.78 104.19 56.01 73.97
484 31.82 79.23 144.49 56.11 66.33
485 31.95 10.07 68.38 28.77 48.42
486 31.99 47.18 130.37 61.20 84.00
487 32.15 53.11 113.42 56.07 68.07
488 32.06 55.66 112.60 57.65 66.39
489 32.15 89.90 44.15 19.45 28.43
490 32.13 77.05 141.49 55.28 63.80
491 32.15 18.57 111.32 50.79 67.19
492 32.28 42.51 125.90 60.24 79.97
493 32.15 70.60 138.31 62.51 74.84
494 32.23 12.40 108.54 41.61 61.44
495 32.34 74.80 135.40 59.78 64.62
496 32.39 60.15 118.72 58.09 68.45
497 32.37 86.96 73.89 30.18 42.78
498 32.44 32.06 119.91 59.19 73.83
499 32.47 37.30 121.81 64.12 72.30
500 32.44 45.11 137.14 64.52 83.27
501 32.51 50.69 123.43 58.55 72.35
502 32.54 65.27 125.79 62.66 66.07
503 32.54 83.97 120.50 46.03 56.53
504 32.51 81.38 132.33 53.53 66.11
505 32.52 21.23 122.58 58.21 71.66
506 32.66 23.96 124.80 55.86 69.86
507 32.72 39.87 133.27 66.76 75.11
508 32.72 68.14 127.68 60.99 65.75
509 32.74 28.78 115.32 61.83 69.17
510 32.82 57.47 124.17 62.03 68.36
511 32.82 62.62 124.05 63.56 65.76
512 32.79 72.75 133.97 62.72 73.70
513 32.92 16.45 121.14 55.24 65.49
514 33.01 35.06 126.10 66.12 78.87
515 33.03 48.19 127.04 63.02 70.95
516 33.08 25.73 133.03 62.98 72.60
517 33.10 78.25 136.93 57.28 57.60
518 33.28 9.38 62.13 31.60 44.57
519 33.21 54.39 125.28 61.18 66.55
520 33.32 13.41 92.32 45.30 49.70
521 33.35 89.89 47.27 24.65 31.12
522 33.37 70.46 132.41 62.66 62.85
523 33.39 20.43 128.52 57.35 58.71
524 33.50 42.16 134.90 62.19 68.81
525 33.51 32.75 126.48 67.70 70.82
526 33.61 44.83 137.71 68.02 70.62
527 33.53 80.71 135.28 57.74 60.58
528 33.67 87.54 86.17 36.76 43.37
529 33.66 51.33 129.66 61.35 65.45
530 33.71 59.11 125.59 60.81 61.94
531 33.60 75.66 129.33 56.52 54.57
532 33.64 85.21 103.06 46.06 51.64
533 33.63 66.02 133.46 63.51 67.14
534 33.75 27.46 131.51 67.68 77.67
535 33.90 17.63 118.50 56.92 58.92
536 33.96 29.95 135.94 66.05 73.64
537 33.97 36.95 133.73 68.99 68.47
538 33.90 39.48 135.38 68.57 71.07
539 33.91 83.00 134.35 56.24 56.58
540 34.02 61.34 133.98 63.18 64.43
541 34.05 63.72 127.38 60.68 61.30
542 34.09 22.59 120.47 62.99 70.40
543 34.05 68.50 132.81 64.62 60.46
544 33.96 72.82 135.49 63.07 62.85
545 34.07 56.47 123.16 64.18 62.68
546 34.04 48.24 133.06 60.81 61.24
547 34.27 25.11 128.97 68.02 72.10
548 34.27 12.28 94.28 48.93 51.50
549 34.37 53.87 138.16 65.99 63.92
550 34.29 78.72 134.10 63.33 55.41
551 34.39 10.85 106.79 46.93 54.43
552 34.79 15.34 110.31 53.82 54.33
553 34.61 34.42 110.80 61.00 55.18
554 34.73 9.07 80.90 38.82 54.18
555 34.62 31.92 139.65 65.13 53.15
556 34.63 46.18 149.41 69.71 65.97
557 34.72 19.13 131.75 55.86 47.65
558 34.62 76.42 142.14 63.86 65.02
559 34.78 89.45 63.28 30.03 34.24
560 34.75 41.07 134.52 70.29 63.66
561 34.82 50.63 139.11 67.37 65.70
562 34.83 81.01 124.74 55.64 50.70
563 34.88 43.54 142.29 69.92 62.91
564 34.85 66.12 137.93 64.23 59.80
565 34.83 86.78 100.70 45.72 48.39
566 34.92 71.17 134.15 65.15 62.35
567 34.88 27.08 159.43 74.35 64.03
568 34.93 59.27 125.77 62.34 58.90
569 34.97 74.12 138.60 64.10 60.15
570 34.93 83.99 118.63 51.45 50.29
571 35.24 29.14 135.18 73.24 64.61
572 35.11 68.79 127.96 65.54 63.37
573 35.20 36.82 146.08 72.41 72.42
574 35.21 56.38 132.46 66.64 60.85
575 35.28 61.64 146.64 64.36 47.93
576 35.28 21.50 135.68 65.30 63.76
577 35.43 63.88 142.77 69.78 60.13
578 35.43 12.59 117.81 54.60 58.16
579 35.43 48.38 139.70 64.45 61.09
580 35.46 53.13 136.26 70.74 60.20
581 35.42 24.59 154.06 67.62 58.88
582 35.65 39.23 136.30 73.83 63.96
583 35.62 77.56 128.38 65.45 51.04
584 35.60 91.71 38.52 20.42 24.04
585 35.72 31.49 145.54 79.92 71.57
586 35.74 45.32 144.37 68.79 61.43
587 35.84 17.84 125.96 60.64 57.37
588 35.80 82.48 120.17 57.43 48.73
589 35.87 34.25 142.90 77.38 69.75
590 35.98 79.83 132.55 64.16 49.79
591 35.87 85.40 108.02 50.53 42.87
592 35.95 10.03 109.52 48.01 40.10
593 35.92 72.32 129.51 66.73 55.29
594 35.91 88.10 93.28 47.08 47.99
595 35.96 66.59 128.22 65.34 54.94
596 36.01 41.96 140.38 70.77 63.37
597 36.03 58.36 139.76 67.98 59.84
598 36.04 75.09 134.29 63.57 53.18
599 36.19 26.73 140.31 71.44 61.29
600 36.23 50.67 145.13 73.90 59.34
601 36.21 69.21 133.49 67.12 53.62
602 36.41 90.29 58.85 32.39 33.35
603 36.32 14.55 121.99 59.90 53.26
604 36.44 55.83 136.18 70.04 56.34
605 36.48 60.65 133.43 66.94 54.76
606 36.38 23.66 147.51 70.45 54.59
607 36.43 20.82 129.21 68.03 59.61
608 36.51 36.82 136.08 70.55 57.27
609 36.54 47.40 138.14 73.80 56.99
610 36.58 29.34 135.61 72.56 55.99
611 36.59 63.07 146.49 73.48 64.64
612 36.54 53.43 145.79 76.37 64.42
613 36.79 43.84 134.28 72.92 57.51
614 36.84 32.21 131.40 80.28 57.19
615 36.85 84.12 115.10 57.26 44.47
616 36.82 65.35 127.17 69.63 52.58
617 36.93 12.08 119.26 53.90 50.93
618 36.95 71.04 132.46 71.07 51.24
619 36.87 81.54 117.35 62.35 48.32
620 36.90 86.99 110.41 54.05 46.31
621 36.93 16.85 123.19 67.64 53.16
622 36.93 40.21 129.72 70.30 54.38
623 36.92 76.96 141.22 71.82 56.43
624 37.03 73.96 129.31 68.28 51.61
625 37.12 92.64 34.91 20.34 20.33
626 37.13 9.15 97.00 48.41 49.34
627 37.22 58.12 131.64 70.67 56.59
628 37.33 67.59 129.76 70.79 54.03
629 37.34 79.29 132.16 70.16 54.46
630 37.43 34.63 138.20 78.91 56.82
631 37.44 19.09 122.99 66.16 52.57
632 37.49 24.61 133.36 71.28 55.12
633 37.48 49.27 122.02 68.65 52.88
634 37.50 27.27 135.64 79.45 53.62
635 37.56 51.74 137.60 75.21 53.68
636 37.55 46.01 132.33 73.92 52.64
637 37.61 22.00 124.96 73.76 54.71
638 37.66 38.01 140.02 77.87 57.01
639 37.66 54.14 140.76 78.62 57.66
640 37.72 90.76 61.84 36.07 34.69
641 37.66 61.74 128.10 73.68 51.46
642 37.78 14.57 123.54 63.72 44.76
643 37.76 29.96 135.87 75.19 58.86
644 37.87 64.51 129.77 70.41 50.43
645 37.90 88.53 89.79 44.53 36.72
646 37.94 43.40 133.50 77.99 57.10
647 38.09 56.34 129.03 76.03 52.86
648 38.01 69.79 127.31 73.29 52.08
649 37.98 72.34 133.11 69.76 49.40
650 37.97 83.62 123.98 67.54 52.41
651 38.05 86.08 113.33 60.53 43.13
652 38.09 75.28 133.92 71.15 50.96
653 38.09 81.44 109.09 66.31 42.77
654 38.12 11.44 111.51 58.54 48.11
655 38.18 40.79 140.33 81.87 59.90
656 38.29 59.37 125.90 75.38 51.59
657 38.22 8.12 78.23 42.51 36.06
658 38.36 32.44 132.30 78.25 51.16
659 38.31 77.62 130.51 70.97 46.80
660 38.33 93.86 27.53 16.08 15.67
661 38.42 47.89 127.98 77.79 50.02
662 38.28 17.56 111.36 64.15 39.52
663 38.52 35.78 132.05 77.38 51.27
664 38.50 19.90 119.66 73.36 53.49
665 38.59 67.65 124.55 71.15 45.73
666 38.61 26.16 135.82 78.35 51.92
667 38.67 16.29 114.40 64.89 45.73
668 38.86 22.79 125.18 71.05 47.52
669 38.82 51.52 134.78 76.42 51.16
670 38.92 45.50 131.61 75.99 48.72
671 38.90 79.52 129.53 77.62 54.03
672 38.96 29.20 127.48 75.62 47.88
673 38.96 38.35 121.65 77.32 48.49
674 38.96 54.09 139.61 82.85 53.48
675 38.86 61.93 126.16 77.85 51.96
676 38.95 65.25 140.53 79.66 58.68
677 39.07 91.99 53.08 33.46 28.73
678 38.99 73.31 124.42 76.89 45.15
679 38.99 89.48 90.76 54.55 41.86
680 39.07 13.43 115.99 58.07 36.37
681 39.13 84.30 123.53 67.49 46.36
682 39.20 10.31 101.38 56.82 38.45
683 39.22 42.29 128.03 80.51 47.88
684 39.20 70.52 115.37 76.32 44.09
685 39.21 57.25 129.45 79.29 50.54
686 39.23 87.08 103.50 56.12 38.51
687 39.35 49.26 147.47 89.57 56.66
688 39.28 82.02 120.80 68.90 44.63
689 39.39 6.97 71.98 43.61 32.72
690 39.50 18.38 128.17 76.92 49.32
691 39.55 34.38 148.16 85.85 54.06
692 39.43 76.51 121.64 70.36 42.78
693 39.24 94.03 29.14 19.29 16.05
694 39.64 59.78 128.52 80.96 47.98
695 39.66 31.86 128.85 79.83 53.13
696 39.66 25.68 126.54 80.91 49.42
697 39.79 63.21 111.66 75.51 47.40
698 39.89 15.86 121.38 69.89 43.81
699 39.79 68.10 125.21 71.82 43.30
700 40.02 20.56 118.34 78.95 49.13
701 40.06 39.63 129.80 79.12 47.48
702 39.95 55.21 143.52 93.55 57.15
703 40.03 80.54 115.10 73.93 42.84
704 39.81 93.62 28.42 23.18 16.30
705 40.01 74.19 125.58 79.93 46.63
706 40.25 36.55 126.58 83.67 49.22
707 40.15 46.24 126.94 78.85 45.31
708 40.13 90.40 74.97 46.00 32.58
709 40.14 23.06 124.38 80.26 49.38
710 40.15 51.70 142.30 85.28 52.01
711 40.11 29.45 126.20 80.49 48.03
712 40.30 65.42 119.43 80.59 45.00
713 40.29 78.38 123.80 77.82 42.14
714 40.26 43.36 121.63 78.42 44.93
715 40.30 85.71 115.95 68.08 42.81
716 40.23 13.25 120.44 62.98 34.50
717 40.34 9.93 95.42 55.65 36.60
718 40.38 71.32 115.50 71.50 42.35
719 40.41 88.12 96.95 60.20 34.49
720 40.46 27.37 152.28 83.78 45.54
721 40.41 83.25 125.36 73.72 43.66
722 40.49 48.98 142.57 87.67 50.65
723 40.44 57.89 136.51 85.76 56.11
724 40.61 61.08 120.81 80.21 46.30
725 40.69 6.91 70.71 48.27 32.99
726 40.67 94.68 27.39 18.94 13.58
727 40.96 92.37 54.44 34.78 25.99
728 40.89 53.65 137.96 85.29 51.46
729 40.99 34.20 131.44 88.62 47.69
730 40.89 68.72 121.64 77.95 46.36
731 40.99 76.16 119.58 75.19 41.07
732 41.07 17.06 107.78 76.55 40.83
733 40.98 31.45 122.90 75.97 46.30
734 40.92 24.87 130.50 83.31 39.43
735 41.14 41.39 118.91 76.14 41.53
736 41.13 19.94 112.38 83.68 44.43
737 41.12 56.03 137.18 92.98 49.94
738 41.09 73.72 111.49 81.34 43.88
739 41.16 81.37 118.89 76.17 40.54
740 41.36 38.23 123.40 87.83 45.09
741 41.34 44.74 121.37 81.18 45.70
742 41.39 11.29 97.73 63.78 36.50
743 41.38 14.13 96.10 71.35 36.09
744 41.45 62.81 126.16 86.89 47.06
745 41.40 65.72 116.38 83.60 42.54
746 41.44 22.63 134.88 84.18 43.35
747 41.44 51.50 138.89 92.53 51.58
748 41.58 47.73 124.30 83.61 42.68
749 41.49 84.44 118.39 76.99 42.40
750 41.51 87.10 100.97 61.85 31.99
751 41.59 59.43 120.97 83.92 44.97
752 41.55 27.64 122.40 79.67 45.91
753 41.60 78.26 115.14 80.18 40.95
754 41.75 89.72 85.85 55.44 33.06
755 41.74 71.18 104.06 77.05 39.18
756 41.99 7.81 86.96 59.05 32.19
757 41.88 30.20 147.46 89.83 43.66
758 41.97 35.98 127.07 92.37 47.92
759 42.02 68.14 111.59 81.30 42.96
760 42.10 25.04 115.57 83.10 42.74
761 42.12 54.27 137.75 101.38 55.09
762 42.10 56.87 133.55 99.11 46.80
763 42.24 32.89 126.56 87.75 44.72
764 42.23 49.85 133.25 95.07 48.66
765 42.18 80.01 116.58 78.20 39.72
766 42.17 73.92 119.10 90.00 44.66
767 42.31 18.89 107.90 78.78 39.37
768 42.35 40.35 109.22 80.85 40.97
769 42.32 82.55 114.31 81.64 39.44
770 42.35 92.22 53.78 40.92 26.98
771 42.41 15.97 108.49 80.02 38.69
772 42.55 42.95 119.21 83.30 39.11
773 42.44 45.84 109.18 83.10 40.65
774 42.59 21.71 104.24 81.46 37.98
775 42.58 76.18 111.74 80.74 41.62
776 42.59 10.21 104.39 75.49 38.53
777 42.61 60.94 118.42 89.82 41.71
778 42.72 63.36 115.29 91.08 44.59
779 42.65 65.74 117.58 89.91 44.60
780 42.63 85.78 105.92 71.26 35.79
781 42.72 12.97 103.76 70.35 35.11
782 42.70 28.72 116.43 90.60 42.70
783 42.75 52.40 124.50 93.12 45.21
784 42.87 58.62 131.28 99.87 46.98
785 42.81 88.16 88.44 60.00 30.47
786 42.87 37.75 123.12 93.37 46.83
787 42.85 69.93 111.60 84.54 40.89
788 43.04 72.17 109.23 85.56 39.35
789 43.20 35.11 115.05 91.74 41.11
790 43.22 26.23 122.19 95.41 45.13
791 43.09 55.85 132.32 101.14 49.97
792 43.20 90.61 73.47 51.78 30.22
793 43.20 77.96 123.40 84.50 44.18
794 43.17 80.36 121.20 95.97 44.00
795 43.30 83.95 107.21 75.46 33.80
796 43.41 23.36 112.72 83.42 40.44
797 43.40 47.51 123.53 94.88 41.96
798 43.32 50.02 126.56 100.49 45.47
799 43.45 32.44 119.68 95.25 42.67
800 43.40 67.69 114.16 93.93 41.54
801 43.41 94.01 34.62 31.36 18.85
802 43.57 8.36 90.44 64.02 35.81
803 43.52 19.11 112.19 87.81 40.87
804 43.58 44.66 107.31 90.29 40.76
805 43.58 15.31 99.80 79.28 39.41
806 43.61 39.73 113.90 89.04 41.17
807 43.62 74.12 104.56 86.32 37.28
808 43.74 29.96 124.93 95.66 43.43
809 43.77 54.26 147.81 106.50 46.34
810 43.77 61.39 108.45 86.03 39.71
811 43.94 11.47 98.05 73.64 34.11
812 43.89 64.90 106.50 90.56 38.54
813 43.88 81.82 113.59 80.21 36.92
814 43.94 57.68 130.53 107.63 46.13
815 43.98 86.12 102.74 73.09 33.68
816 44.00 52.12 140.52 112.11 49.71
817 44.01 88.65 86.08 62.76 29.67
818 44.14 42.20 94.36 80.47 34.74
819 44.14 70.58 102.47 87.39 39.00
820 44.24 76.52 107.01 86.23 37.49
821 44.20 5.62 70.93 54.11 32.43
822 44.28 27.48 113.87 97.71 44.74
823 44.25 79.44 111.99 82.96 37.77
824 44.20 91.65 65.28 53.89 33.08
825 44.35 35.73 105.64 90.03 37.22
826 44.56 20.93 100.25 84.93 35.81
827 44.39 24.54 112.80 95.08 41.09
828 44.44 17.51 99.54 85.73 36.95
829 44.46 49.49 127.18 102.01 44.06
830 44.59 46.61 120.51 98.29 40.31
831 44.46 67.71 112.12 101.07 41.49
832 44.65 38.34 112.56 97.46 40.39
833 44.49 55.60 128.74 103.52 42.89
834 44.63 59.73 116.36 106.39 42.28
835 44.50 94.12 30.92 27.66 17.13
836 44.64 83.43 106.38 84.86 34.75
837 44.76 14.30 88.35 80.19 31.49
838 44.74 32.79 105.90 98.29 37.94
839 44.70 62.83 101.43 88.43 39.46
840 44.88 8.33 88.05 72.72 30.82
841 44.77 73.74 107.09 89.09 38.59
842 44.94 30.16 108.12 96.48 40.78
843 45.04 90.21 81.56 61.16 29.13
844 45.07 44.14 114.14 100.44 42.66
845 45.17 53.80 125.94 110.87 44.63
846 45.22 40.73 101.29 92.73 34.46
847 45.20 51.45 127.46 106.09 43.80
848 45.08 65.38 108.11 97.57 42.56
849 45.17 85.43 101.01 82.58 33.83
850 45.34 10.74 73.97 68.56 27.55
851 45.17 57.52 120.40 108.46 44.64
852 45.23 87.82 95.81 78.36 34.71
853 45.30 80.87 106.40 85.13 34.28
854 45.25 78.23 106.29 86.30 37.16
855 45.30 69.34 100.37 95.51 40.29
856 45.41 71.80 90.60 84.05 34.23
857 45.37 23.31 105.96 91.95 37.24
858 45.40 25.91 96.51 89.84 31.74
859 45.54 95.06 26.65 25.66 14.29
860 45.51 5.61 67.67 58.01 26.37
861 45.52 48.86 118.41 103.64 44.55
862 45.57 28.11 95.89 97.09 37.54
863 45.64 34.54 104.49 99.56 37.25
864 45.52 61.03 114.49 107.98 42.31
865 45.61 75.76 105.91 87.84 36.76
866 45.61 17.59 87.30 84.25 32.59
867 45.61 92.35 55.69 47.53 25.43
868 45.73 37.25 95.73 94.95 34.22
869 45.92 13.03 82.55 77.11 29.87
870 45.95 20.74 97.16 93.19 34.44
871 45.92 55.62 110.20 104.35 39.96
872 45.99 66.85 100.26 93.53 34.73
873 45.85 83.04 110.82 88.94 35.31
874 45.98 46.36 103.22 99.57 38.20
875 46.04 63.64 98.60 93.61 36.85
876 46.02 30.88 102.65 102.47 39.58
877 46.08 42.88 111.40 104.25 40.08
878 46.15 86.42 93.38 78.77 32.54
879 46.24 58.62 108.80 109.31 39.07
880 46.18 89.71 81.77 66.96 29.14
881 46.37 73.44 107.72 93.42 34.60
882 46.38 39.98 92.00 93.57 35.75
883 46.32 52.07 107.69 110.71 39.27
884 46.44 7.20 85.72 66.94 29.66
885 46.37 78.64 107.61 92.61 34.49
886 46.57 15.04 84.35 76.42 29.19
887 46.45 70.57 88.05 92.39 32.95
888 46.48 23.67 92.84 92.59 31.79
889 46.54 80.89 104.96 91.79 33.53
890 46.70 9.94 84.33 84.48 31.12
891 46.69 33.09 101.73 107.86 38.35
892 46.66 61.04 106.78 105.65 36.35
893 46.64 84.40 103.46 90.99 35.40
894 46.59 93.56 37.33 40.74 20.88
895 46.66 28.53 100.81 100.89 37.89
896 46.75 49.23 107.12 104.93 37.97
897 46.97 26.08 97.85 100.95 35.39
898 46.82 35.98 92.95 103.52 37.08
899 46.78 76.16 110.14 104.48 38.85
900 46.85 18.32 90.66 93.78 35.19
901 46.88 54.20 119.71 120.95 44.81
902 46.99 68.40 88.13 94.42 31.60
903 47.05 56.75 115.75 118.31 42.60
904 47.01 88.39 95.17 82.61 29.76
905 47.08 91.33 61.79 58.76 26.08
906 47.13 44.11 94.25 104.88 34.40
907 46.95 46.92 104.36 107.28 35.28
908 47.31 4.83 54.33 55.19 22.00
909 47.32 65.79 98.27 97.08 33.81
910 47.33 20.72 84.72 93.45 29.87
911 47.22 38.64 122.76 111.28 34.82
912 47.22 63.32 96.26 101.94 35.68
913 47.29 12.92 86.79 89.94 32.11
914 47.37 30.82 100.05 110.05 36.13
915 47.29 82.55 99.53 90.43 32.88
916 47.48 95.11 24.01 26.33 13.01
917 47.45 51.29 113.51 117.80 39.65
918 47.38 86.19 93.95 86.37 31.34
919 47.50 41.43 102.67 109.74 37.74
920 47.53 71.68 96.02 93.27 32.29
921 47.63 58.95 102.06 110.33 36.18
922 47.56 78.17 93.19 89.64 32.30
923 47.46 46.33 87.57 102.90 34.43
924 47.66 74.25 92.70 90.00 30.50
925 47.70 23.33 91.42 105.21 33.15
926 47.80 15.86 85.35 92.03 32.73
927 47.96 7.20 72.52 72.32 26.68
928 47.81 80.42 98.81 97.42 33.99
929 47.92 28.23 88.24 102.72 32.76
930 47.84 34.06 94.39 112.67 37.02
931 47.88 61.32 97.83 108.14 35.76
932 47.91 10.20 74.67 80.12 28.15
933 47.94 55.33 105.97 119.19 39.86
934 47.97 36.71 91.51 109.92 35.66
935 48.06 48.25 92.06 110.88 37.00
936 48.11 89.89 76.59 67.80 26.47
937 48.12 92.52 49.16 50.15 21.52
938 48.08 84.47 98.71 97.01 34.50
939 48.21 53.12 107.01 122.62 41.35
940 48.08 68.68 93.41 93.16 32.56
941 48.33 18.40 84.90 94.35 30.15
942 48.30 75.99 100.14 95.96 33.55
943 48.32 87.26 89.53 81.47 27.60
944 48.40 25.23 97.23 110.45 33.53
945 48.37 39.22 90.42 107.05 32.96
946 48.41 43.28 90.42 110.97 35.98
947 48.51 63.63 88.52 104.74 33.13
948 48.61 45.78 94.55 106.10 33.57
949 48.60 13.05 71.39 80.40 26.94
950 48.55 31.96 91.57 106.72 33.51
951 48.59 50.62 103.18 114.10 36.57
952 48.56 57.63 104.94 122.74 38.42
953 48.55 82.60 92.63 99.68 32.97
954 48.59 66.29 99.93 98.91 34.02
955 48.63 72.63 92.22 94.20 30.77
956 48.69 21.43 80.59 93.92 29.38
957 48.87 78.21 92.90 96.80 30.81
958 48.87 70.24 98.01 107.62 37.95
959 48.93 60.56 101.12 109.68 33.56
960 49.16 5.73 57.96 65.67 20.67
961 49.03 35.06 86.09 109.89 31.02
962 48.99 80.48 99.49 101.60 35.44
963 49.10 94.09 32.79 39.09 16.78
964 49.07 27.43 88.92 120.02 34.31
965 49.17 41.06 85.17 109.53 30.69
966 49.07 9.97 69.91 80.40 25.26
967 49.13 15.63 77.88 94.59 28.85
968 49.20 29.90 81.76 106.88 31.08
969 49.08 55.48 108.18 131.25 38.69
970 49.25 48.11 101.21 119.86 38.29
971 49.24 84.94 91.13 93.16 30.86
972 49.27 91.73 53.96 56.96 20.62
973 49.25 89.30 86.44 79.68 30.79
974 49.42 37.67 80.20 102.03 31.19
975 49.40 53.11 99.42 122.63 35.71
976 49.44 86.99 94.82 93.90 30.53
977 49.50 67.77 90.32 102.30 31.86
978 49.53 24.40 85.30 105.55 30.49
979 49.52 75.98 96.85 103.51 31.51
980 49.56 18.27 77.21 103.60 30.71
981 49.59 64.17 94.64 102.46 30.50
982 49.62 58.52 107.02 120.11 36.78
983 49.63 73.57 98.65 108.29 34.08
984 49.83 43.32 78.53 112.10 30.80
985 49.75 50.65 106.54 125.94 36.54
986 49.80 32.10 94.36 114.61 27.35
987 49.72 82.78 91.22 95.55 30.83
988 49.82 21.38 82.68 104.88 29.60
989 49.91 12.02 72.74 94.71 28.13
990 49.98 46.10 85.13 115.36 31.01
991 49.97 61.54 93.43 105.88 29.93
992 49.90 70.99 89.27 97.43 31.16
993 50.12 8.87 62.46 76.47 22.93
994 50.15 78.22 90.92 98.02 29.40
995 50.06 80.67 91.19 95.00 28.95
996 50.17 55.72 102.65 135.41 38.43
997 50.31 14.50 77.30 97.00 28.20
998 50.24 26.99 80.49 109.16 29.46
999 50.30 34.28 82.91 113.72 31.02
1000 50.18 94.90 26.42 32.43 14.52
1001 50.30 40.03 79.57 108.07 28.40
1002 50.34 90.24 75.67 81.67 26.34
1003 50.39 88.13 76.84 79.41 25.74
1004 50.48 5.85 55.28 71.43 22.42
1005 50.37 29.44 82.25 112.78 32.00
1006 50.42 65.63 83.10 105.72 32.19
1007 50.45 92.44 46.62 52.63 19.72
1008 50.54 49.01 96.28 128.62 34.34
1009 50.46 53.54 99.06 128.25 36.77
1010 50.56 36.76 70.09 109.38 30.44
1011 50.47 68.77 89.54 104.39 28.84
1012 50.48 84.21 91.13 101.03 33.12
1013 50.67 16.94 72.21 95.52 26.68
1014 50.60 57.84 102.59 133.62 36.97
1015 50.70 86.10 78.77 88.03 28.00
1016 50.68 19.65 73.15 104.18 28.50
1017 50.63 23.62 78.70 105.35 29.40
1018 50.63 74.87 99.89 109.08 34.36
1019 50.78 72.53 86.53 94.90 27.40
1020 50.94 51.54 93.84 127.04 33.77
1021 50.93 60.02 88.24 113.53 31.64
1022 50.96 44.07 78.40 114.88 31.20
1023 51.06 62.38 86.49 111.53 29.84
1024 50.94 81.81 96.88 107.35 34.15
1025 51.15 31.13 82.86 121.13 29.66
1026 51.12 76.95 92.75 110.29 31.59
1027 51.18 12.46 65.60 92.12 23.41
1028 51.22 46.98 85.90 119.03 30.45
1029 51.27 7.72 60.38 78.26 22.52
1030 51.22 94.24 31.44 41.92 16.38
1031 51.28 25.70 83.01 119.19 31.16
1032 51.30 70.19 87.48 106.83 30.37
1033 51.31 79.06 91.38 104.58 31.98
1034 51.41 38.89 70.94 113.87 29.45
1035 51.40 56.06 98.64 132.47 34.33
1036 51.39 67.31 85.64 106.13 28.69
1037 51.44 3.77 35.53 53.27 18.45
1038 51.42 21.45 78.12 107.45 28.26
1039 51.46 41.56 80.95 120.36 31.43
1040 51.47 33.50 77.06 124.86 32.07
1041 51.48 64.62 80.32 108.35 29.47
1042 51.57 28.41 85.67 126.48 29.67
1043 51.46 89.96 68.95 78.17 25.24
1044 51.79 9.98 64.78 90.09 22.07
1045 51.61 53.78 94.28 134.78 34.71
1046 51.54 83.91 86.11 98.87 30.42
1047 51.58 87.70 87.78 99.72 30.07
1048 51.68 36.17 77.01 120.36 29.72
1049 51.75 92.08 50.79 60.47 19.83
1050 51.77 15.72 70.35 98.43 25.65
1051 51.74 74.27 90.00 114.51 32.73
1052 51.87 18.46 75.22 107.18 27.07
1053 51.88 49.26 89.63 131.91 32.77
1054 51.87 58.73 85.67 125.52 31.84
1055 52.20 95.02 29.67 36.44 14.98
1056 51.93 80.87 86.38 103.12 29.81
1057 52.08 5.64 50.56 71.35 19.26
1058 52.16 23.16 74.36 102.57 26.98
1059 52.03 44.46 77.32 122.86 29.24
1060 52.07 51.58 84.97 131.23 33.29
1061 52.01 71.85 92.40 118.50 30.39
1062 52.17 85.49 78.50 93.53 25.45
1063 52.18 76.27 86.23 105.56 29.78
1064 52.28 61.02 87.49 124.09 33.39
1065 52.15 97.20 12.73 18.22 6.02
1066 52.34 13.18 65.30 93.17 25.01
1067 52.33 63.33 83.64 115.86 30.80
1068 52.39 25.88 75.36 114.66 27.54
1069 52.43 31.69 72.60 114.27 28.07
1070 52.37 69.04 79.48 106.61 28.72
1071 52.52 47.14 88.98 128.62 31.01
1072 52.49 66.46 89.95 116.33 31.02
1073 52.49 78.52 85.05 108.33 28.83
1074 52.41 82.75 81.29 99.37 27.04
1075 52.55 56.89 88.89 134.49 32.58
1076 52.62 34.50 70.29 122.03 27.83
1077 52.61 38.21 74.56 115.57 28.34
1078 52.50 41.25 67.06 110.32 25.83
1079 52.56 90.13 65.71 80.49 24.03
1080 52.63 20.32 76.12 114.06 29.22
1081 52.69 8.05 63.23 102.16 23.08
1082 52.72 28.82 75.98 116.32 28.30
1083 52.67 54.57 86.78 130.01 32.14
1084 52.74 87.82 76.09 96.28 24.89
1085 52.77 98.34 9.97 12.33 3.97
1086 52.85 73.73 84.11 116.24 30.62
1087 52.99 92.88 46.50 57.77 19.62
1088 52.93 15.81 69.00 107.07 24.94
1089 53.10 11.09 68.57 105.12 24.73
1090 53.05 71.27 78.18 112.60 28.55
1091 52.99 80.66 87.32 106.17 29.89
1092 53.12 50.00 85.55 135.01 31.22
1093 53.07 44.39 67.54 115.21 28.08
1094 53.10 52.39 87.55 134.30 33.25
1095 53.07 59.38 84.35 130.64 33.11
1096 53.32 97.16 12.06 19.34 6.60
1097 53.18 75.95 85.23 120.14 30.14
1098 53.26 23.90 75.44 117.94 29.00
1099 53.32 64.69 80.86 115.53 27.28
1100 53.39 18.08 71.81 107.47 25.27
1101 53.05 41.50 52.40 104.20 25.10
1102 53.26 83.53 82.13 104.24 27.18
1103 53.31 85.80 80.14 110.37 29.63
1104 53.34 5.76 53.13 80.99 21.00
1105 53.48 62.26 82.17 125.63 31.63
1106 53.43 68.73 76.14 106.19 24.46
1107 53.57 21.49 67.56 109.51 25.60
1108 53.56 26.65 69.40 116.07 26.76
1109 53.61 36.34 73.17 114.62 27.13
1110 53.57 30.95 71.75 121.19 26.28
1111 53.59 47.67 82.70 137.22 31.17
1112 53.66 95.11 22.54 34.11 12.03
1113 53.61 90.73 56.67 77.93 23.86
1114 53.70 13.79 65.35 100.58 23.13
1115 53.69 39.67 71.76 120.31 27.21
1116 53.58 56.80 86.69 137.50 34.01
1117 53.61 78.45 80.07 109.36 27.33
1118 53.76 8.93 62.52 95.79 23.44
1119 53.74 33.56 71.35 129.15 29.35
1120 53.75 54.31 83.14 141.86 32.95
1121 53.84 87.98 67.50 86.76 23.56
1122 53.99 42.63 65.59 119.69 25.78
1123 54.05 66.66 75.81 113.11 27.78
1124 53.97 72.75 80.72 115.37 29.37
1125 53.94 81.07 81.38 110.84 27.65
1126 54.23 28.64 73.96 123.77 26.24
1127 54.06 59.65 82.28 132.71 30.47
1128 54.20 45.32 75.01 132.72 28.02
1129 54.19 52.22 82.96 146.25 31.82
1130 54.16 75.74 80.46 113.12 27.51
1131 54.26 93.16 37.54 62.32 19.14
1132 54.32 83.25 82.82 113.90 26.31
1133 54.49 97.46 11.63 17.69 5.33
1134 54.44 4.58 48.18 78.83 19.81
1135 54.44 11.35 60.67 96.05 21.81
1136 54.37 19.74 68.46 115.76 25.86
1137 54.40 24.98 65.84 113.46 23.10
1138 54.41 49.91 75.99 138.12 30.00
1139 54.39 69.99 78.89 115.87 27.00
1140 54.44 17.01 67.43 111.42 24.36
1141 54.39 85.46 79.09 110.75 28.21
1142 54.54 7.09 54.69 86.27 19.35
1143 54.63 37.97 65.11 120.10 25.31
1144 54.68 22.55 77.01 123.52 24.62
1145 54.59 55.21 84.87 137.96 29.99
1146 54.62 61.73 79.92 136.96 30.11
1147 54.61 77.66 80.50 125.91 28.92
1148 54.55 89.84 61.01 80.79 21.64
1149 54.68 57.70 77.99 131.74 28.04
1150 54.86 63.98 78.86 122.42 27.99
1151 54.75 31.34 68.00 127.11 27.06
1152 54.73 34.30 66.28 130.03 24.36
1153 54.76 14.34 66.77 105.92 23.40
1154 54.78 47.55 69.89 125.40 25.94
1155 54.87 40.91 70.74 119.00 26.76
1156 54.94 79.66 84.14 116.56 26.24
1157 54.88 73.91 77.56 118.27 27.12
1158 54.92 87.48 69.34 108.06 25.22
1159 55.15 9.36 58.30 101.34 19.60
1160 55.22 26.67 67.88 120.26 24.66
1161 55.23 94.53 27.26 44.75 15.64
1162 55.16 66.30 75.77 118.32 25.83
1163 55.26 71.42 80.60 128.29 28.48
1164 55.27 81.76 80.68 111.20 24.26
1165 55.28 44.27 69.42 129.78 25.69
1166 55.23 52.07 77.92 142.83 27.58
1167 55.43 68.55 79.82 123.34 26.46
1168 55.29 92.08 46.30 71.88 19.41
1169 55.38 84.01 71.83 103.48 24.48
1170 55.44 29.14 67.28 133.02 26.56
1171 55.49 60.36 76.59 135.31 28.01
1172 55.47 20.08 64.75 118.75 23.83
1173 55.46 75.92 69.61 112.52 24.75
1174 55.49 17.18 63.62 120.35 23.55
1175 55.69 36.96 59.28 115.38 23.94
1176 55.53 55.03 77.83 143.98 29.85
1177 55.61 96.72 13.69 23.83 7.67
1178 55.70 23.86 65.55 120.10 22.89
1179 55.62 6.67 51.90 93.34 20.86
1180 55.72 12.06 58.76 107.03 22.14
1181 55.67 49.27 74.49 137.07 29.10
1182 55.67 89.52 59.53 88.96 21.44
1183 55.89 46.69 71.62 132.12 27.06
1184 55.81 86.35 66.11 100.29 23.44
1185 55.83 34.43 66.27 132.16 24.72
1186 55.79 58.05 72.74 140.46 27.79
1187 55.91 4.26 37.74 69.10 17.04
1188 55.80 77.99 76.30 131.88 29.22
1189 55.86 14.54 64.42 120.26 22.63
1190 55.84 73.42 74.80 126.95 29.25
1191 56.05 31.78 57.98 116.82 23.20
1192 55.99 39.52 65.82 122.90 24.06
1193 56.00 42.11 69.62 128.17 24.51
1194 56.14 63.04 79.51 132.04 28.39
1195 56.30 65.42 75.08 128.68 26.72
1196 56.30 9.60 52.49 96.16 19.59
1197 56.25 51.45 72.26 139.84 26.35
1198 56.27 80.74 74.56 113.50 25.84
1199 56.41 21.35 59.16 117.68 22.52
1200 56.29 70.58 74.15 121.84 27.81
1201 56.31 93.69 32.31 54.60 15.40
1202 56.41 25.87 62.84 118.68 22.95
1203 56.55 53.75 73.30 145.05 27.19
1204 56.48 18.59 60.03 120.92 21.62
1205 56.51 29.04 59.02 127.85 23.26
1206 56.53 56.28 72.14 145.55 28.33
1207 56.43 84.08 69.18 106.49 22.78
1208 56.58 68.03 71.01 124.73 27.51
1209 56.54 75.98 73.68 126.19 27.42
1210 56.55 91.52 50.10 84.65 20.80
1211 56.62 44.84 68.74 135.69 26.27
1212 56.58 60.60 77.66 131.34 27.81
1213 56.68 97.16 11.58 22.26 6.26
1214 56.71 7.15 44.51 87.15 18.10
1215 56.79 16.15 61.45 118.74 22.52
1216 56.69 89.02 65.58 104.10 23.99
1217 56.78 49.28 71.95 144.87 27.73
1218 56.80 78.56 70.49 117.08 24.89
1219 56.86 2.71 23.39 46.92 13.43
1220 56.79 73.50 74.11 126.14 25.51
1221 56.91 37.22 59.81 124.79 25.37
1222 56.95 86.66 66.30 99.64 21.94
1223 56.95 13.38 51.80 100.04 20.20
1224 57.04 34.39 63.55 129.85 23.71
1225 57.03 23.07 64.11 122.80 21.42
1226 57.13 58.55 70.51 142.24 25.86
1227 57.12 82.25 71.94 111.63 23.04
1228 57.27 39.97 62.27 131.11 23.77
1229 57.18 42.60 67.68 132.18 25.92
1230 57.32 5.30 39.55 75.52 16.11
1231 57.23 10.77 56.55 106.30 20.41
1232 57.23 31.42 62.09 130.57 24.40
1233 57.35 27.40 61.54 126.74 23.09
1234 57.36 47.03 66.96 131.68 26.44
1235 57.27 71.20 71.79 129.03 25.56
1236 57.36 61.95 74.96 142.00 26.17
1237 57.27 94.52 26.83 51.15 14.71
1238 57.40 52.18 74.56 151.69 28.15
1239 57.45 66.24 66.93 127.92 26.20
1240 57.56 19.25 52.17 116.21 21.18
1241 57.62 24.82 62.96 129.38 23.00
1242 57.53 84.58 77.25 127.36 29.23
1243 57.60 56.09 77.65 151.95 27.13
1244 57.50 75.96 72.82 125.82 25.77
1245 57.62 90.44 54.39 89.62 19.61
1246 57.93 63.96 73.72 127.12 24.46
1247 57.67 80.22 74.33 123.19 26.73
1248 57.77 68.86 73.53 133.13 26.22
1249 57.77 1.52 14.74 30.30 7.86
1250 57.92 92.72 38.14 65.32 17.27
1251 57.97 8.87 42.18 86.20 18.12
1252 57.80 14.75 55.20 113.08 20.08
1253 57.84 21.72 69.00 126.62 20.33
1254 57.78 78.10 79.60 129.38 24.02
1255 58.05 44.37 67.19 140.02 24.86
1256 57.90 50.02 68.88 134.84 26.22
1257 57.97 88.11 61.05 94.61 19.55
1258 58.04 29.25 57.47 128.12 23.25
1259 57.99 73.93 66.22 128.86 24.64
1260 58.04 3.64 26.75 54.27 12.79
1261 58.25 17.04 53.31 116.42 20.48
1262 58.07 37.26 57.11 136.04 25.06
1263 58.15 53.97 68.81 152.87 27.14
1264 58.21 34.58 60.47 142.84 23.70
1265 58.23 95.49 18.72 37.36 11.68
1266 58.27 12.24 50.14 103.87 18.77
1267 58.21 82.73 70.24 116.06 23.57
1268 58.24 58.41 68.73 145.94 26.37
1269 58.34 32.10 57.14 135.07 23.10
1270 58.38 60.83 74.18 146.56 25.52
1271 58.33 71.84 66.83 129.77 25.03
1272 58.38 6.69 46.70 104.90 18.39
1273 58.43 41.87 63.41 130.15 24.09
1274 58.46 85.60 64.55 114.02 23.53
1275 58.58 46.51 68.93 140.03 25.03
1276 58.56 26.34 56.99 132.66 22.89
1277 58.65 39.40 59.15 132.04 23.72
1278 58.46 76.11 78.25 130.69 23.80
1279 58.77 23.48 55.11 122.74 22.40
1280 58.62 67.12 67.84 141.31 27.58
1281 58.72 20.21 53.99 116.28 21.74
1282 58.83 48.91 63.41 137.76 25.06
1283 58.78 80.56 67.03 126.44 26.68
1284 58.73 78.37 75.93 129.44 26.03
1285 58.72 90.75 56.25 101.06 21.14
1286 58.87 56.29 69.78 145.52 25.33
1287 58.98 2.29 18.53 43.20 10.37
1288 58.94 69.76 64.56 139.24 25.47
1289 58.94 14.85 51.57 121.25 21.52
1290 59.08 51.28 65.24 138.50 24.66
1291 59.04 64.86 69.87 150.37 26.59
1292 59.12 29.71 55.62 134.87 23.02
1293 59.16 10.79 53.06 114.63 20.15
1294 59.21 35.79 59.40 132.37 23.95
1295 59.13 93.42 33.21 62.91 14.55
1296 59.24 62.36 65.68 134.38 23.99
1297 59.19 53.51 69.23 150.38 25.27
1298 59.23 74.95 67.61 121.74 24.18
1299 59.31 89.02 53.72 97.85 19.99
1300 59.28 5.19 34.73 82.66 16.77
1301 59.26 82.43 72.42 126.09 25.61
1302 59.33 95.43 18.32 38.90 10.94
1303 59.32 8.11 43.36 96.05 16.68
1304 59.22 58.58 73.80 150.65 24.49
1305 59.38 17.45 57.23 129.09 20.80
1306 59.43 72.54 68.33 127.89 23.92
1307 59.52 32.92 53.75 134.74 22.81
1308 59.48 86.75 60.33 112.45 20.81
1309 59.55 44.90 61.58 123.87 22.51
1310 59.62 84.41 63.28 122.08 23.31
1311 59.67 38.31 57.75 132.26 22.91
1312 59.72 13.50 52.41 112.56 19.57
1313 59.60 26.56 59.00 138.82 23.12
1314 59.64 41.88 55.37 124.01 22.51
1315 59.66 67.55 67.65 140.60 26.10
1316 59.66 77.49 71.64 121.39 24.03
1317 59.72 22.18 55.82 139.87 24.25
1318 59.81 19.65 51.68 123.76 20.67
1319 59.84 60.09 64.08 146.75 23.15
1320 59.95 47.64 59.11 143.83 23.83
1321 59.80 91.76 42.07 84.96 18.45
1322 60.09 54.96 66.17 154.35 24.79
1323 60.04 79.90 67.60 130.45 25.83
1324 60.01 57.13 67.94 154.01 25.67
1325 59.98 64.35 76.68 146.26 24.45
1326 60.18 70.10 64.80 134.53 23.95
1327 60.24 24.41 58.26 136.25 21.04
1328 60.22 28.38 56.32 145.19 21.04
1329 60.18 9.74 48.36 105.11 17.14
1330 60.31 30.97 53.27 138.44 21.80
1331 60.26 50.24 60.39 152.67 26.22
1332 60.26 6.45 38.63 89.73 15.61
1333 60.36 75.33 71.82 143.78 24.61
1334 60.38 35.25 54.90 136.99 21.34
1335 60.50 52.77 59.05 150.91 24.16
1336 60.32 16.76 61.00 127.13 20.20
1337 60.44 82.29 70.04 126.45 23.44
1338 60.42 62.17 64.28 156.05 26.00
1339 60.50 90.31 41.83 86.46 16.63
1340 60.46 93.96 23.26 54.67 14.07
1341 60.58 88.00 51.71 97.54 18.63
1342 60.58 72.88 67.75 134.43 25.65
1343 60.61 12.24 48.60 120.33 19.05
1344 60.63 40.42 56.18 138.18 23.19
1345 60.60 66.66 61.84 137.22 23.82
1346 60.63 85.33 58.51 114.29 20.96
1347 60.65 43.78 56.17 132.37 22.90
1348 60.68 58.81 69.34 152.55 23.90
1349 60.81 37.45 55.92 149.84 24.75
1350 60.81 77.75 67.66 129.22 22.08
1351 60.74 21.88 59.33 141.38 19.44
1352 61.03 14.71 45.96 116.66 17.51
1353 60.92 19.66 52.43 121.87 19.11
1354 61.06 33.40 58.61 143.76 22.59
1355 60.94 95.82 12.79 29.71 7.46
1356 61.03 64.39 70.53 157.57 26.18
1357 61.16 25.94 55.87 135.91 20.37
1358 61.06 47.05 61.51 150.16 25.72
1359 61.21 56.05 59.81 150.71 24.00
1360 61.22 8.82 38.38 94.45 15.99
1361 61.32 92.08 36.90 75.22 14.36
1362 61.37 61.20 66.40 153.76 23.89
1363 61.28 70.07 70.56 147.02 25.25
1364 61.34 80.80 63.97 130.56 24.68
1365 61.33 28.55 55.51 135.02 21.51
1366 61.45 6.33 36.50 96.28 16.35
1367 61.47 17.44 47.05 111.00 18.85
1368 61.52 49.27 56.10 140.75 23.33
1369 61.59 23.16 52.40 130.14 20.36
1370 61.65 31.14 52.68 138.97 21.16
1371 61.55 51.68 57.14 152.83 23.72
1372 61.56 75.06 69.40 138.37 24.69
1373 61.63 83.43 58.63 107.50 21.59
1374 61.59 11.14 40.15 99.01 15.78
1375 61.56 67.46 68.29 146.99 23.53
1376 61.60 44.74 53.01 142.20 22.99
1377 61.62 58.46 61.77 151.47 22.89
1378 61.69 41.59 56.27 134.41 22.09
1379 61.65 72.62 66.53 138.21 25.88
1380 61.67 88.95 51.98 96.63 18.23
1381 61.74 38.72 52.82 133.95 19.24
1382 61.65 86.06 54.13 113.44 22.44
1383 61.86 53.97 61.11 154.77 25.13
1384 61.79 94.34 20.88 49.13 11.24
1385 61.80 78.60 67.06 137.69 22.71
1386 61.87 35.57 56.35 138.62 19.67
1387 62.01 64.86 67.25 149.01 23.87
1388 62.17 13.57 45.10 117.48 18.64
1389 62.07 19.97 60.36 128.47 18.01
1390 62.13 33.37 63.98 152.53 20.04
1391 62.27 25.70 54.73 142.10 20.01
1392 62.33 62.61 67.66 156.92 25.00
1393 62.42 16.06 51.46 121.92 16.83
1394 62.38 46.32 53.39 149.86 22.99
1395 62.45 56.06 62.53 159.11 22.35
1396 62.35 68.74 70.19 157.29 22.86
1397 62.40 70.98 66.04 145.72 23.12
1398 62.41 28.57 56.32 141.37 20.00
1399 62.44 76.39 64.86 138.20 22.43
1400 62.47 91.21 38.82 91.16 16.73
1401 62.40 43.10 58.19 155.92 20.79
1402 62.36 60.20 75.02 169.56 23.39
1403 62.39 81.23 76.18 129.46 22.16
1404 62.60 6.94 32.52 90.45 13.31
1405 62.52 9.51 41.41 99.50 15.47
1406 62.52 21.98 49.65 140.24 17.02
1407 62.62 87.40 58.14 112.27 19.99
1408 62.67 51.66 60.48 155.02 22.55
1409 62.67 37.05 56.00 148.43 20.11
1410 62.73 49.08 56.27 151.18 22.97
1411 62.60 66.56 74.83 149.65 22.81
1412 62.74 85.05 56.91 120.38 19.79
1413 62.89 4.66 26.62 67.87 12.20
1414 62.83 58.14 63.99 161.55 23.92
1415 62.81 39.10 54.35 150.63 20.61
1416 62.93 30.82 56.17 151.96 21.48
1417 62.97 79.17 62.47 120.79 21.11
1418 62.83 82.60 67.00 130.07 19.67
1419 62.99 93.30 24.95 59.23 13.03
1420 62.94 41.07 53.64 156.64 22.70
1421 62.97 72.79 57.60 133.83 23.77
1422 62.93 11.93 44.89 110.44 17.27
1423 63.02 18.58 50.64 138.12 19.63
1424 63.15 24.14 48.52 133.36 19.45
1425 63.14 33.21 59.56 150.58 21.86
1426 63.13 53.89 72.42 165.00 22.34
1427 63.23 89.41 47.67 100.62 16.73
1428 63.24 44.47 55.93 155.55 20.53
1429 63.26 63.72 63.01 155.52 23.48
1430 63.40 74.94 62.90 137.74 22.70
1431 63.35 27.33 52.71 143.44 19.29
1432 63.34 60.57 61.01 152.51 24.11
1433 63.36 69.23 62.12 137.34 22.43
1434 63.29 35.55 53.20 146.89 21.83
1435 63.40 47.04 53.79 157.34 23.43
1436 63.46 21.21 48.01 147.43 20.23
1437 63.47 66.04 72.29 160.44 23.11
1438 63.54 55.77 63.71 153.30 20.20
1439 63.62 8.35 42.58 108.45 16.58
1440 63.75 13.80 46.24 129.64 17.69
1441 63.69 16.38 45.62 126.22 17.74
1442 63.72 77.24 65.21 132.98 21.59
1443 63.80 81.12 59.46 120.28 20.51
1444 63.76 83.89 59.34 114.92 20.33
1445 63.78 42.39 46.10 139.76 19.97
1446 63.78 38.63 58.74 146.77 20.81
1447 63.72 51.32 53.26 152.24 22.83
1448 63.83 29.62 59.86 154.86 19.62
1449 64.01 86.39 56.00 114.14 18.24
1450 64.00 11.01 40.29 117.54 16.79
1451 63.82 36.40 40.22 129.38 20.08
1452 64.00 58.03 61.21 161.73 21.78
1453 64.17 5.49 24.01 73.30 11.43
1454 64.10 49.00 53.35 156.29 22.07
1455 64.11 62.32 71.56 168.22 22.38
1456 64.17 90.91 34.79 77.82 14.75
1457 64.15 72.76 67.91 153.18 24.24
1458 64.23 25.31 49.25 144.70 18.12
1459 64.20 88.37 51.83 112.53 18.00
1460 64.22 53.44 55.66 162.51 23.40
1461 64.23 33.81 53.50 147.36 21.12
1462 64.33 70.40 60.56 148.99 21.52
1463 64.29 67.75 59.96 154.36 25.34
1464 64.39 19.16 42.78 120.10 16.25
1465 64.40 22.45 44.93 128.93 17.56
1466 64.44 31.24 55.72 158.63 18.97
1467 64.44 93.07 22.65 50.33 11.47
1468 64.40 45.83 55.99 157.85 21.18
1469 64.44 65.01 56.53 145.43 23.07
1470 64.48 78.88 69.97 154.27 21.86
1471 64.58 40.64 52.01 154.00 20.28
1472 64.54 60.06 60.10 141.45 21.97
1473 64.61 28.00 54.92 148.44 19.51
1474 64.61 55.61 60.67 155.93 22.83
1475 64.63 75.38 67.81 149.14 20.86
1476 64.86 7.53 37.09 106.76 13.93
1477 64.74 43.27 60.78 165.08 20.55
1478 64.84 14.94 43.76 114.43 15.05
1479 64.90 36.08 46.30 144.52 19.16
1480 64.87 38.39 54.88 158.00 20.34
1481 64.84 82.39 66.31 137.51 21.85
1482 64.78 51.14 67.88 158.07 21.75
1483 64.97 84.72 57.42 113.26 19.13
1484 65.08 9.99 41.06 119.94 16.19
1485 65.24 12.62 45.18 110.45 15.55
1486 65.06 47.67 55.32 164.70 21.25
1487 65.14 63.11 65.77 164.99 24.32
1488 65.27 17.26 42.33 125.62 15.37
1489 65.09 89.20 47.89 95.47 16.40
1490 65.27 67.24 63.09 155.82 21.04
1491 65.18 33.83 50.29 163.22 16.73
1492 65.39 87.04 54.53 109.79 17.60
1493 65.41 53.08 61.74 158.72 22.35
1494 65.38 57.00 65.90 170.18 21.86
1495 65.41 80.01 63.07 137.39 20.84
1496 65.44 21.03 48.43 127.45 16.63
1497 65.45 71.51 61.71 142.73 21.77
1498 65.44 73.77 68.11 148.23 21.24
1499 65.42 23.39 44.76 140.40 17.02
1500 65.50 25.86 45.16 137.30 17.16
1501 65.48 91.54 27.64 67.03 14.22
1502 65.47 94.45 13.42 32.72 7.26
1503 65.56 31.88 53.42 158.72 21.02
1504 65.45 44.70 58.17 163.84 19.72
1505 65.47 49.70 64.78 173.27 20.68
1506 65.49 69.46 73.05 161.00 22.02
1507 65.55 77.14 66.26 138.85 20.34
1508 65.66 29.30 56.07 156.62 19.88
1509 65.68 58.96 59.34 157.75 21.57
1510 65.53 41.80 57.52 148.00 19.43
1511 65.68 61.27 67.08 159.89 22.23
1512 65.74 65.01 61.34 158.16 21.23
1513 65.93 37.32 45.15 150.94 20.25
1514 66.11 55.19 56.74 161.78 21.86
1515 66.07 18.86 47.04 128.23 15.86
1516 65.96 47.28 63.84 167.87 19.72
1517 66.12 82.60 59.32 117.92 19.89
1518 66.16 8.80 36.12 101.64 13.91
1519 66.04 34.94 52.42 154.88 19.22
1520 66.18 40.02 47.21 140.00 18.36
1521 66.01 89.05 44.56 93.15 15.91
1522 66.17 85.20 56.91 120.70 18.81
1523 66.23 15.30 43.69 127.98 16.28
1524 66.33 51.06 61.83 170.59 20.76
1525 66.33 11.83 42.04 115.42 15.16
1526 66.35 68.30 69.97 161.60 21.58
1527 66.38 27.08 53.14 164.93 18.92
1528 66.32 44.96 63.58 171.48 19.48
1529 66.44 42.97 59.33 164.45 18.22
1530 66.56 23.41 43.81 132.94 17.79
1531 66.58 62.99 63.47 153.82 20.40
1532 66.62 75.90 66.81 137.13 20.72
1533 66.49 80.12 67.37 144.71 20.88
1534 66.54 70.69 65.16 153.99 22.70
1535 66.57 73.73 67.20 149.53 19.78
1536 66.61 92.95 19.44 49.06 9.94
1537 66.64 66.12 56.80 145.17 20.17
1538 66.77 20.84 42.99 135.92 17.30
1539 66.62 87.11 56.63 110.28 17.43
1540 66.73 31.78 54.19 162.87 19.62
1541 66.85 53.29 60.28 159.59 20.67
1542 66.85 78.12 62.67 140.03 19.74
1543 66.77 90.48 38.06 84.18 15.00
1544 66.87 48.71 55.98 166.61 21.52
1545 66.74 34.24 50.71 148.69 18.52
1546 66.80 59.26 59.79 158.99 19.98
1547 66.92 29.33 50.65 158.52 18.95
1548 67.05 56.54 62.62 159.76 20.98
1549 66.99 4.67 22.44 63.22 10.16
1550 67.04 17.50 43.74 122.42 15.49
1551 67.04 38.02 48.91 144.03 18.29
1552 67.14 6.67 33.16 82.62 10.59
1553 67.15 46.09 55.89 166.12 21.14
1554 67.22 25.27 44.67 130.00 16.10
1555 67.10 41.38 52.30 161.32 18.52
1556 67.19 84.11 63.71 118.41 18.58
1557 67.28 14.02 44.61 136.71 16.09
1558 67.40 10.82 36.39 112.52 14.16
1559 67.50 61.31 60.56 160.67 21.02
1560 67.42 81.45 55.34 116.61 19.00
1561 67.41 72.31 61.99 149.30 22.03
1562 67.56 88.60 44.63 91.38 15.15
1563 67.62 64.60 59.39 148.66 20.48
1564 67.53 69.48 58.96 147.25 19.75
1565 67.58 43.14 58.24 156.61 18.54
1566 67.62 51.25 55.26 154.23 21.38
1567 67.66 67.26 66.34 154.51 21.08
1568 67.64 86.26 52.00 116.72 17.86
1569 67.79 27.57 47.58 149.05 17.26
1570 67.71 33.69 50.42 162.98 18.61
1571 67.73 36.03 54.74 175.41 17.46
1572 67.76 19.54 48.50 138.70 16.03
1573 67.83 76.68 60.88 136.47 18.59
1574 67.91 58.62 64.75 169.15 22.33
1575 67.89 79.10 68.05 137.60 18.37
1576 67.92 91.22 27.19 61.57 10.44
1577 68.04 22.15 39.26 128.84 15.04
1578 67.99 30.94 52.50 159.34 19.45
1579 67.97 54.00 57.28 156.47 20.87
1580 68.11 74.33 66.15 142.69 20.55
1581 68.11 8.57 33.10 91.98 11.22
1582 68.04 16.18 37.72 135.89 16.67
1583 68.11 40.71 52.24 163.40 18.78
1584 68.03 48.81 54.51 155.53 18.94
1585 68.09 44.96 53.22 167.54 20.43
1586 68.24 38.33 48.73 164.78 18.53
1587 68.34 56.07 55.79 168.03 21.40
1588 68.22 83.21 59.04 132.35 19.73
1589 68.49 5.68 23.49 66.84 9.92
1590 68.38 12.27 36.76 111.82 13.18
1591 68.35 24.99 45.46 149.90 17.56
1592 68.45 62.98 65.08 154.54 20.08
1593 68.37 71.20 64.55 155.01 20.16
1594 68.65 86.45 53.77 112.86 14.74
1595 68.77 47.11 63.21 167.87 18.61
1596 68.72 66.86 65.63 159.71 20.80
1597 68.71 79.81 62.75 130.56 17.68
1598 68.77 19.43 40.38 122.30 14.53
1599 68.78 28.91 48.66 153.82 18.01
1600 68.81 35.91 52.67 158.90 16.67
1601 68.75 52.09 55.65 154.41 21.06
1602 68.88 60.64 62.15 157.00 18.59
1603 68.86 33.03 44.49 157.76 16.89
1604 68.90 42.18 52.07 165.15 19.69
1605 69.10 88.33 41.69 100.65 14.83
1606 68.97 90.20 33.67 81.08 14.19
1607 69.03 58.12 65.01 166.69 20.50
1608 69.03 69.22 67.03 145.76 17.85
1609 68.91 77.23 61.53 131.16 19.46
1610 69.15 92.40 18.47 42.76 8.31
1611 69.19 14.52 40.02 128.57 14.45
1612 69.12 81.97 56.42 127.20 18.50
1613 69.16 17.00 38.43 134.78 15.37
1614 69.24 49.63 59.04 163.89 19.12
1615 69.12 9.84 33.74 106.10 11.12
1616 69.17 44.69 49.06 169.33 20.33
1617 69.27 74.09 65.91 148.15 20.40
1618 69.17 7.81 31.85 90.59 9.87
1619 69.31 22.62 44.38 135.39 16.14
1620 69.43 65.01 70.69 176.11 19.55
1621 69.32 84.40 54.70 121.87 16.38
1622 69.45 25.77 42.53 148.24 15.41
1623 69.40 71.75 70.42 162.11 20.12
1624 69.37 38.69 45.63 148.71 18.41
1625 69.41 55.53 67.47 174.18 18.85
1626 69.47 53.68 66.09 167.53 19.67
1627 69.62 12.06 33.50 114.44 13.41
1628 69.71 31.07 42.87 152.79 17.25
1629 69.69 62.61 66.33 166.74 19.72
1630 69.86 33.86 48.27 157.70 17.90
1631 69.84 67.31 62.58 157.06 19.14
1632 69.97 80.36 51.88 126.00 16.86
1633 69.93 19.09 37.57 138.91 14.78
1634 69.88 28.59 44.50 154.05 16.64
1635 70.05 41.19 52.38 161.72 18.44
1636 69.98 46.69 49.08 151.14 18.02
1637 69.97 75.69 62.62 140.46 18.26
1638 69.99 78.11 61.42 135.38 18.20
1639 70.12 36.14 43.73 167.42 16.85
1640 70.04 59.95 60.24 165.20 20.63
1641 70.04 86.32 45.91 113.07 15.55
1642 70.14 6.63 22.61 71.71 9.00
1643 70.18 51.84 57.37 164.86 19.06
1644 70.18 90.22 23.71 58.79 10.36
1645 70.25 43.69 50.71 160.60 17.93
1646 70.16 57.49 61.43 176.54 20.38
1647 70.15 69.94 57.28 147.55 19.38
1648 70.23 9.79 28.97 105.18 11.79
1649 70.53 16.77 35.13 122.73 14.24
1650 70.44 49.04 53.81 170.71 19.33
1651 70.27 20.59 39.65 145.41 15.71
1652 70.41 83.53 50.71 111.95 16.82
1653 70.54 38.40 44.45 155.22 16.70
1654 70.58 14.26 34.07 114.22 13.89
1655 70.47 21.85 39.74 136.55 15.48
1656 70.65 24.30 43.97 152.05 15.60
1657 70.63 55.09 61.22 168.72 19.21
1658 70.51 72.29 71.03 154.39 17.39
1659 70.71 27.05 38.22 161.67 16.07
1660 70.81 88.22 32.37 74.97 11.58
1661 70.70 64.92 66.87 165.71 20.55
1662 70.77 74.12 68.97 153.45 18.61
1663 70.81 61.89 63.42 166.36 20.61
1664 70.80 67.86 61.71 161.33 19.44
1665 70.83 32.45 50.05 166.57 17.38
1666 71.00 81.48 55.83 133.90 18.83
1667 71.17 29.92 42.27 149.96 17.09
1668 71.14 45.15 47.06 168.18 18.23
1669 71.09 91.22 15.03 40.43 8.33
1670 71.14 11.56 29.36 103.04 12.45
1671 71.09 76.69 57.36 133.85 17.52
1672 71.24 8.38 29.22 96.94 10.69
1673 71.17 58.85 56.96 170.61 19.55
1674 71.26 85.42 46.36 117.61 15.16
1675 71.27 35.52 43.20 157.60 16.19
1676 71.26 52.85 53.26 173.08 19.60
1677 71.30 70.33 62.56 153.68 18.81
1678 71.34 78.99 57.07 131.20 18.29
1679 71.25 19.91 40.56 146.31 14.23
1680 71.37 40.21 45.46 163.82 16.71
1681 71.51 47.40 49.01 163.68 17.80
1682 71.62 42.68 44.43 157.80 17.48
1683 71.56 50.40 52.82 168.57 18.10
1684 71.72 6.58 21.81 73.85 8.59
1685 71.63 22.46 41.06 148.70 14.78
1686 71.63 56.48 63.29 181.53 19.96
1687 71.62 17.84 38.81 130.76 14.06
1688 71.71 14.90 34.62 108.58 13.61
1689 71.78 25.75 43.16 158.22 16.84
1690 71.90 62.86 63.88 163.18 19.59
1691 71.87 33.22 41.56 150.94 15.24
1692 71.91 65.26 61.02 166.22 18.91
1693 71.86 74.79 58.25 145.92 16.53
1694 71.84 83.13 52.67 128.34 15.93
1695 72.00 38.07 43.25 164.50 16.82
1696 72.01 60.51 62.15 173.61 19.00
1697 71.82 67.52 59.09 163.59 19.81
1698 72.08 71.98 61.27 161.09 20.08
1699 71.93 87.53 34.86 95.28 13.01
1700 71.99 10.32 33.18 110.07 11.43
1701 72.26 28.30 39.06 153.98 15.80
1702 72.15 54.18 56.87 182.70 17.45
1703 72.20 80.52 49.42 126.63 15.79
1704 72.39 12.55 34.15 123.24 11.92
1705 72.42 19.51 35.16 140.79 13.10
1706 72.48 78.08 56.63 137.18 16.24
1707 72.54 44.55 44.88 167.41 18.81
1708 72.42 84.96 48.48 111.51 13.60
1709 72.65 58.03 53.15 171.92 19.15
1710 72.54 68.80 57.71 146.28 17.49
1711 72.66 35.99 48.07 164.70 15.71
1712 72.70 49.09 49.57 169.47 17.85
1713 72.68 88.93 24.46 59.26 10.23
1714 72.69 30.61 41.09 159.20 16.99
1715 72.66 51.97 51.57 179.01 19.02
1716 72.65 6.43 15.04 54.63 7.21
1717 72.75 9.19 27.03 94.78 10.34
1718 72.80 22.78 38.88 142.20 14.71
1719 72.79 41.03 46.41 167.37 17.54
1720 72.87 15.19 35.94 137.01 14.10
1721 72.97 17.58 38.29 133.06 12.41
1722 73.06 46.63 49.42 175.48 17.20
1723 72.90 25.37 38.46 157.70 15.89
1724 72.88 73.62 57.75 146.94 17.33
1725 73.03 55.49 50.17 169.78 18.56
1726 73.02 76.15 59.80 141.74 16.54
1727 72.96 81.97 53.55 136.75 16.49
1728 73.02 33.25 43.32 163.66 15.92
1729 73.06 63.45 58.54 159.55 18.65
1730 73.02 65.90 61.33 161.33 18.48
1731 73.32 69.89 62.37 160.12 18.22
1732 73.37 59.87 57.87 170.98 19.68
1733 73.28 86.12 36.59 97.02 13.94
1734 73.31 10.95 30.20 121.13 11.46
1735 73.41 20.22 38.67 156.33 14.24
1736 73.47 83.68 46.66 111.61 14.61
1737 73.64 43.57 43.98 161.55 17.54
1738 73.53 79.11 53.34 132.83 16.90
1739 73.64 90.54 14.69 38.08 6.61
1740 73.60 27.29 43.01 158.26 14.23
1741 73.69 39.43 42.63 173.60 16.73
1742 73.56 6.80 18.15 59.98 8.16
1743 73.59 67.34 60.56 162.95 18.20
1744 73.76 71.97 60.83 160.25 16.80
1745 73.74 37.03 44.06 173.24 16.49
1746 73.79 29.44 36.46 163.09 14.59
1747 73.81 52.53 48.68 164.32 17.96
1748 73.81 61.83 63.30 184.79 19.11
1749 73.85 50.37 54.03 186.85 18.12
1750 74.01 12.78 31.72 116.94 11.89
1751 74.03 31.87 37.71 165.58 14.44
1752 73.99 57.24 52.04 186.79 18.51
1753 73.97 74.40 53.83 143.37 16.17
1754 73.96 9.10 19.34 76.53 8.72
1755 74.04 15.81 33.66 134.70 12.49
1756 74.04 24.85 38.82 154.93 15.25
1757 73.96 47.93 50.43 180.90 17.70
1758 74.08 87.50 25.73 67.63 10.56
1759 74.11 22.23 31.90 137.76 13.67
1760 74.17 34.63 41.09 159.33 15.28
1761 74.07 81.14 47.00 124.92 15.18
1762 74.11 64.88 52.77 172.10 18.75
1763 74.16 18.41 37.10 148.52 14.19
1764 74.23 54.98 48.15 179.51 18.47
1765 74.20 76.83 56.40 148.80 18.06
1766 74.46 41.32 39.69 168.80 16.91
1767 74.48 69.58 57.76 163.29 17.51
1768 74.47 84.30 40.75 105.82 13.95
1769 74.60 46.07 45.57 179.26 17.49
1770 74.72 58.68 48.27 171.03 17.70
1771 74.82 67.41 56.48 160.86 17.47
1772 74.81 90.11 11.91 32.33 6.02
1773 74.85 26.68 37.11 146.41 14.08
1774 74.98 60.97 46.77 156.99 17.13
1775 74.84 63.12 55.68 179.88 19.10
1776 74.82 10.11 24.60 97.84 9.89
1777 74.84 29.68 37.95 156.41 14.78
1778 74.89 78.58 51.66 135.29 15.62
1779 74.88 37.51 35.14 155.59 15.53
1780 74.97 43.76 40.90 174.85 17.23
1781 74.84 49.30 40.71 168.94 17.02
1782 74.98 72.06 52.44 151.86 15.83
1783 74.98 53.32 48.68 185.45 18.54
1784 75.10 81.44 50.59 121.53 14.57
1785 75.04 74.55 54.29 156.57 16.34
1786 75.07 14.74 30.06 128.18 12.02
1787 75.06 19.05 35.33 145.48 12.93
1788 75.06 32.96 37.20 160.75 15.83
1789 75.06 12.47 29.17 130.54 10.81
1790 75.17 21.24 33.09 150.07 13.08
1791 75.24 7.61 16.37 74.28 7.93
1792 75.24 23.98 39.98 157.52 13.20
1793 75.23 87.01 27.51 78.27 11.17
1794 75.34 65.47 53.04 172.01 17.78
1795 75.50 16.87 29.47 128.76 12.35
1796 75.46 55.66 47.88 178.54 16.69
1797 75.60 51.41 40.56 176.62 16.90
1798 75.61 40.61 37.64 165.06 15.37
1799 75.63 70.00 57.75 158.42 17.09
1800 75.60 84.39 33.13 93.36 11.80
1801 75.69 46.05 40.99 180.80 16.88
1802 75.62 75.80 55.70 134.70 17.41
1803 75.92 34.66 35.64 165.51 15.27
1804 75.81 48.30 40.14 184.10 18.00
1805 75.83 28.45 34.61 164.08 14.35
1806 75.80 57.52 46.85 177.08 17.59
1807 75.88 31.36 36.90 169.58 14.99
1808 75.88 37.41 38.80 178.10 15.67
1809 76.03 63.59 48.71 165.35 17.00
1810 75.95 77.80 49.38 140.01 15.87
1811 76.14 9.27 18.93 90.60 8.66
1812 75.97 25.70 36.78 163.64 14.26
1813 76.00 12.14 27.61 111.42 9.88
1814 76.12 59.65 48.23 171.84 16.87
1815 76.18 43.60 38.89 166.70 15.99
1816 76.17 68.10 51.82 164.49 17.24
1817 76.16 72.34 51.22 157.34 16.51
1818 76.15 82.35 37.68 107.86 13.37
1819 76.26 54.19 46.02 182.57 17.27
1820 76.34 79.95 49.49 140.55 15.63
1821 76.35 14.73 27.24 135.11 12.04
1822 76.25 21.42 29.33 131.82 12.89
1823 76.45 18.45 30.46 135.60 12.89
1824 76.33 74.52 46.33 134.31 14.53
1825 76.57 86.35 23.15 65.52 8.83
1826 76.61 61.70 49.57 179.30 19.18
1827 76.66 49.92 40.89 176.96 16.22
1828 76.68 65.89 53.21 166.52 16.95
1829 76.66 41.51 42.10 174.78 13.73
1830 76.78 23.77 33.21 156.79 14.57
1831 76.78 38.54 34.14 168.90 15.67
1832 76.85 56.27 46.70 185.06 16.61
1833 76.86 76.60 45.97 133.43 14.33
1834 76.92 46.52 36.91 172.75 15.84
1835 77.01 52.28 43.12 187.28 16.98
1836 77.11 26.53 33.30 153.84 13.88
1837 76.87 28.98 28.38 140.11 12.95
1838 76.98 31.96 34.42 159.84 13.88
1839 76.96 70.59 53.53 158.49 16.39
1840 77.12 34.78 35.06 163.13 14.46
1841 77.10 58.12 46.49 185.57 17.88
1842 77.21 83.90 32.56 90.96 11.19
1843 77.35 12.96 23.84 99.45 10.14
1844 77.23 72.82 49.49 162.09 15.60
1845 77.34 8.95 16.63 87.48 8.25
1846 77.27 44.12 43.43 185.34 15.39
1847 77.33 63.84 45.90 177.90 16.64
1848 77.34 68.24 48.16 149.67 15.84
1849 77.47 15.89 26.56 143.71 12.97
1850 77.47 78.40 45.63 137.33 15.52
1851 77.47 81.18 37.05 106.41 12.83
1852 77.54 20.82 28.09 157.50 13.41
1853 77.46 40.58 38.51 168.53 15.35
1854 77.59 60.01 42.88 181.12 16.97
1855 77.66 75.05 42.92 146.59 16.06
1856 77.65 54.22 40.38 184.71 16.94
1857 77.73 48.64 39.90 184.18 15.17
1858 77.85 18.40 32.07 133.42 11.44
1859 77.81 37.73 32.07 166.14 14.70
1860 78.16 11.10 22.35 97.62 9.88
1861 77.93 23.23 27.12 149.07 12.69
1862 77.94 29.93 32.87 165.51 13.93
1863 77.96 85.96 20.21 59.97 9.07
1864 78.05 66.12 41.60 166.28 16.20
1865 78.06 61.57 50.91 183.91 16.57
1866 78.12 42.36 33.61 177.56 15.75
1867 78.05 69.71 42.46 145.68 15.01
1868 78.14 51.33 41.01 181.87 16.89
1869 78.17 45.36 35.07 177.78 14.67
1870 78.33 32.44 28.69 148.31 12.38
1871 78.32 55.99 39.89 190.82 16.37
1872 78.42 25.26 30.35 155.57 13.28
1873 78.26 58.03 39.82 190.76 17.63
1874 78.41 35.17 31.86 167.42 13.62
1875 78.29 73.09 41.05 147.73 14.79
1876 78.44 83.00 28.87 91.53 10.30
1877 78.57 27.58 30.45 154.55 13.25
1878 78.47 63.42 42.52 174.13 16.17
1879 78.48 79.00 40.65 137.10 13.87
1880 78.74 76.74 40.58 119.98 13.00
1881 78.67 16.01 24.77 131.36 11.09
1882 78.92 40.66 32.94 172.41 14.18
1883 78.87 47.17 35.74 167.71 15.45
1884 78.89 71.08 42.90 150.75 15.17
1885 78.92 13.63 22.51 106.09 9.99
1886 78.92 53.22 36.60 180.42 16.01
1887 79.03 22.04 26.69 149.62 12.73
1888 78.95 37.98 33.18 171.06 13.78
1889 79.16 19.66 27.85 124.41 10.95
1890 78.98 59.58 38.91 181.29 15.47
1891 78.96 68.49 40.58 146.14 14.91
1892 79.05 80.81 37.64 124.67 12.42
1893 79.10 49.78 34.33 167.77 14.94
1894 79.23 85.05 16.51 56.35 8.57
1895 79.27 43.99 32.24 176.58 15.44
1896 79.16 66.22 41.26 167.94 15.19
1897 79.31 29.55 30.31 157.65 13.45
1898 79.29 74.49 42.40 138.83 13.81
1899 79.32 61.63 41.76 183.36 15.18
1900 79.58 32.33 30.32 166.66 13.10
1901 79.46 55.55 40.27 190.29 17.42
1902 79.60 10.23 14.73 63.24 7.68
1903 79.53 25.98 33.94 163.68 12.28
1904 79.61 35.16 31.20 167.00 13.65
1905 79.57 63.75 42.09 173.80 16.89
1906 79.59 17.44 30.18 132.85 10.74
1907 79.72 12.37 18.95 110.72 9.41
1908 79.85 57.79 38.25 193.51 16.78
1909 79.85 78.85 34.88 122.07 12.77
1910 79.92 23.41 29.89 153.54 12.19
1911 79.78 82.19 23.50 84.55 11.00
1912 79.83 52.01 36.83 180.02 16.00
1913 79.97 72.26 39.45 158.04 14.76
1914 80.00 47.36 30.86 170.21 14.49
1915 80.09 70.02 37.43 154.59 14.26
1916 80.06 15.13 21.40 126.73 11.09
1917 80.04 38.13 30.47 178.14 13.46
1918 80.09 41.74 30.75 163.95 13.53
1919 80.07 67.91 38.51 154.99 14.67
1920 80.24 76.74 39.98 129.40 13.35
1921 80.03 59.80 36.82 172.91 16.59
1922 80.17 49.90 33.42 186.12 14.86
1923 80.25 86.05 10.08 36.78 5.60
1924 80.29 65.49 34.52 166.71 15.86
1925 80.32 53.60 33.42 181.22 15.36
1926 80.35 44.99 33.19 183.52 14.81
1927 80.30 61.57 40.52 178.36 14.57
1928 80.42 26.66 27.33 163.63 12.36
1929 80.43 20.82 27.21 131.71 11.84
1930 80.44 29.23 29.73 161.53 13.84
1931 80.46 74.42 38.99 149.12 15.42
1932 80.61 83.57 16.80 61.95 9.63
1933 80.59 17.75 24.39 138.18 11.30
1934 80.58 55.85 35.48 184.37 15.80
1935 80.56 80.66 26.60 91.75 12.05
1936 80.73 32.77 28.46 159.58 12.74
1937 80.67 11.44 17.43 82.50 7.78
1938 80.80 35.61 27.92 168.47 14.14
1939 80.87 14.38 19.75 116.39 10.46
1940 80.93 40.20 34.53 175.74 14.23
1941 81.00 63.47 34.52 160.92 14.84
1942 80.83 58.90 33.90 175.80 15.20
1943 80.99 23.57 26.90 148.81 12.32
1944 81.15 68.39 34.54 155.31 14.63
1945 81.18 50.38 35.00 187.88 14.50
1946 81.19 70.75 33.25 151.59 14.84
1947 81.18 77.98 28.89 106.68 12.72
1948 81.20 47.79 31.83 174.01 13.23
1949 81.24 44.22 31.81 180.26 14.50
1950 81.37 37.92 29.99 173.84 14.09
1951 81.35 52.69 34.58 195.77 14.35
1952 81.20 61.27 38.45 179.72 14.03
1953 81.30 66.07 36.25 169.53 15.44
1954 81.41 30.54 28.26 158.49 12.44
1955 81.20 54.57 34.48 189.12 13.85
1956 81.39 18.89 25.34 157.52 11.61
1957 81.48 72.65 38.38 137.46 13.10
1958 81.38 74.93 35.60 137.12 13.49
1959 81.50 21.07 24.91 155.53 10.57
1960 81.50 25.75 27.97 153.23 11.27
1961 81.44 57.14 32.58 177.37 14.65
1962 81.59 81.50 17.98 71.89 8.91
1963 81.77 10.81 13.20 79.00 7.65
1964 81.76 28.04 26.06 168.36 12.44
1965 81.85 13.48 18.89 113.55 9.38
1966 81.84 42.36 28.06 167.66 14.38
1967 81.75 79.36 24.12 97.29 10.09
1968 81.78 84.06 11.06 41.24 6.70
1969 81.83 34.15 27.98 164.42 13.29
1970 81.80 16.57 20.48 120.70 10.71
1971 81.90 59.22 32.31 169.60 14.71
1972 81.89 55.21 32.87 176.69 16.00
1973 82.03 46.39 31.58 183.40 14.52
1974 82.06 64.47 36.65 169.10 14.29
1975 82.10 68.93 31.92 153.04 14.42
1976 82.17 23.05 25.06 141.37 12.15
1977 82.10 61.56 35.01 186.59 13.54
1978 82.13 75.46 30.29 125.41 12.12
1979 82.27 40.30 28.79 177.94 13.00
1980 82.23 49.88 30.21 176.57 15.14
1981 82.36 36.86 28.83 158.20 13.40
1982 82.35 66.35 36.13 177.70 14.70
1983 82.55 32.02 26.79 156.55 12.34
1984 82.36 52.31 38.43 192.02 14.85
1985 82.43 19.05 25.12 139.59 10.15
1986 82.44 57.46 33.92 192.77 14.42
1987 82.50 71.64 30.69 141.24 13.25
1988 82.54 78.33 21.89 92.67 10.44
1989 82.66 25.35 24.97 152.10 12.13
1990 82.71 28.96 26.30 158.34 12.42
1991 82.72 16.14 21.05 122.89 9.78
1992 82.65 53.92 34.53 179.79 14.08
1993 82.75 45.07 29.92 187.31 14.10
1994 82.71 63.14 36.90 170.46 14.29
1995 82.78 81.23 15.09 60.74 7.92
1996 82.86 55.83 36.04 187.96 13.63
1997 82.81 59.42 36.10 188.56 14.15
1998 82.97 73.66 29.40 122.77 12.34
1999 82.92 48.00 29.63 179.88 14.14
2000 83.17 21.49 24.03 143.10 11.53
2001 83.03 42.55 30.84 175.28 13.39
2002 83.07 76.42 26.92 117.82 11.36
2003 83.16 13.64 15.72 101.18 8.40
2004 83.06 69.66 32.06 158.25 14.37
2005 83.18 34.89 26.47 169.64 12.20
2006 83.06 38.82 29.58 168.41 12.12
2007 83.16 67.27 35.16 154.67 14.61
2008 83.29 60.88 30.43 172.06 14.06
2009 83.30 50.83 31.14 186.22 14.32
2010 83.38 64.60 28.69 156.83 13.27
2011 83.64 26.86 24.35 157.80 12.20
2012 83.59 18.69 24.30 139.10 10.67
2013 83.56 53.14 29.52 182.67 14.43
2014 83.55 78.74 19.23 80.86 9.61
2015 83.59 58.00 29.58 167.25 15.64
2016 83.80 24.09 24.71 155.61 11.72
2017 83.74 30.18 24.96 161.12 12.70
2018 83.56 44.90 31.65 188.77 12.52
2019 83.71 40.49 24.97 171.07 13.46
2020 83.79 32.70 26.26 171.07 12.97
2021 83.72 82.68 7.83 32.85 5.68
2022 83.73 55.47 29.86 175.67 14.47
2023 83.92 71.09 27.74 147.70 11.85
2024 83.88 37.03 24.86 170.22 12.54
2025 83.91 62.34 30.68 170.85 14.21
2026 84.07 16.53 19.72 121.70 8.68
2027 83.80 47.20 27.80 186.02 15.00
2028 84.11 75.18 24.76 122.79 11.00
2029 84.04 49.43 30.31 180.58 13.82
2030 84.04 80.47 11.42 46.58 7.19
2031 84.16 73.02 31.25 140.33 12.08
2032 84.19 66.00 32.07 157.08 13.60
2033 84.21 68.30 30.65 154.20 13.53
2034 84.31 42.65 25.73 164.84 12.49
2035 84.43 77.33 20.64 95.52 9.59
2036 84.39 14.11 16.77 107.75 8.92
2037 84.39 54.33 30.77 192.03 13.84
2038 84.54 22.11 22.06 137.93 11.00
2039 84.56 28.38 25.96 151.66 11.30
2040 84.41 51.63 32.69 181.33 13.63
2041 84.48 45.13 29.23 185.31 13.07
2042 84.50 57.70 26.66 181.13 14.31
2043 84.66 19.63 20.75 135.12 10.53
2044 84.71 61.23 30.35 164.80 13.26
2045 84.62 63.92 32.92 153.96 12.68
2046 84.74 33.79 24.99 162.28 12.09
2047 84.63 39.67 25.52 168.72 12.95
2048 84.68 47.76 30.39 172.86 13.32
2049 84.87 59.45 28.07 161.86 14.05
2050 84.94 25.55 24.34 144.34 11.58
2051 84.85 36.43 26.03 167.80 12.09
2052 85.04 30.72 24.06 152.50 11.14
2053 84.99 69.94 28.32 153.45 12.28
2054 85.13 78.57 13.88 67.08 7.61
2055 85.14 55.78 32.00 185.35 15.15
2056 85.13 50.15 29.97 177.10 13.24
2057 85.20 52.89 27.49 179.65 14.35
2058 85.28 74.54 20.47 106.07 10.76
2059 85.30 65.89 29.03 155.12 13.39
2060 85.38 72.06 25.90 131.86 11.37
2061 85.38 15.61 19.75 101.81 8.43
2062 85.34 42.02 26.66 179.48 12.65
2063 85.49 18.19 21.52 139.33 10.16
2064 85.50 12.88 12.22 73.09 6.79
2065 85.47 68.02 32.30 145.43 12.49
2066 85.47 44.64 27.62 187.03 13.56
2067 85.52 38.87 28.46 170.41 13.45
2068 85.48 46.92 26.95 176.74 12.78
2069 85.65 23.23 26.12 143.09 10.86
2070 85.56 63.69 28.49 152.19 12.20
2071 85.67 57.64 29.55 178.65 14.17
2072 85.77 80.26 8.30 40.86 6.14
2073 85.70 27.92 25.40 157.27 12.08
2074 85.68 32.95 26.34 175.14 11.57
2075 85.76 61.53 28.00 163.88 14.10
2076 85.92 20.59 22.49 134.50 10.74
2077 85.81 35.79 27.96 172.24 11.52
2078 86.00 48.78 29.57 182.03 12.60
2079 85.97 54.36 26.00 181.32 13.80
2080 85.92 51.55 24.97 178.82 13.24
2081 86.12 59.53 27.50 176.50 13.45
2082 86.17 76.44 16.45 82.94 8.73
2083 86.35 69.92 23.86 128.22 11.36
2084 86.25 30.97 28.01 157.45 12.35
2085 86.36 25.42 23.93 146.45 11.78
2086 86.34 40.17 24.82 177.32 13.01
2087 86.31 43.09 26.18 176.17 13.42
2088 86.32 65.48 32.83 167.67 13.43
2089 86.42 17.02 17.78 111.71 8.28
2090 86.48 72.52 21.42 118.52 10.55
2091 86.53 45.91 25.88 166.80 12.87
2092 86.62 67.65 26.87 146.86 12.81
2093 86.64 37.08 26.43 163.68 11.98
2094 86.62 34.03 25.34 165.98 11.47
2095 86.58 50.71 27.04 187.68 12.66
2096 86.64 52.88 28.68 180.47 13.85
2097 86.83 14.60 13.40 83.04 8.05
2098 86.88 78.84 8.29 42.10 6.43
2099 86.77 22.68 22.75 143.69 10.89
2100 86.75 28.23 23.27 147.29 11.33
2101 86.75 61.87 29.31 167.95 13.23
2102 86.84 55.39 27.36 184.64 13.66
2103 87.03 64.10 29.91 167.95 13.05
2104 86.91 48.46 25.71 174.90 13.17
2105 87.14 74.99 15.73 83.27 8.42
2106 87.22 20.30 20.71 126.36 9.98
2107 87.16 59.28 28.60 167.74 12.62
2108 87.21 31.52 27.10 164.99 12.36
2109 87.17 41.79 26.69 189.26 11.86
2110 87.38 17.71 16.93 118.21 8.16
2111 87.40 39.32 22.84 169.66 11.42
2112 87.32 44.17 25.36 174.85 12.22
2113 87.50 25.63 23.45 149.77 10.80
2114 87.38 50.30 27.62 160.76 13.57
2115 87.43 66.13 26.54 145.46 12.52
2116 87.47 53.18 27.21 171.98 13.44
2117 87.58 70.72 23.48 114.44 10.42
2118 87.56 73.04 20.91 105.64 9.70
2119 87.65 34.18 25.17 165.49 11.59
2120 87.61 47.55 26.58 184.15 13.37
2121 87.70 36.73 25.29 174.36 11.68
2122 87.60 57.41 27.33 180.58 13.60
2123 87.75 68.44 23.92 128.47 11.46
2124 87.72 28.64 24.69 156.14 12.28
2125 87.74 61.17 28.40 158.62 11.24
2126 87.77 55.55 25.58 174.20 14.25
2127 87.91 77.08 8.14 46.61 6.32
2128 87.85 62.97 27.90 156.02 12.38
2129 87.95 22.96 25.13 139.89 10.44
2130 88.20 45.68 27.91 190.06 12.90
2131 88.14 43.01 23.94 182.44 12.48
2132 88.06 58.68 24.55 165.24 11.86
2133 88.15 31.56 22.78 162.94 11.14
2134 88.17 49.98 27.22 192.60 13.69
2135 88.25 52.27 26.90 174.69 13.27
2136 88.15 40.74 27.18 189.23 11.86
2137 88.30 64.93 27.67 144.43 12.31
2138 88.32 19.28 18.48 116.81 8.94
2139 88.41 38.57 25.94 175.86 11.78
2140 88.52 72.44 15.78 95.01 9.59
2141 88.64 25.46 23.09 137.82 9.99
2142 88.53 60.68 25.71 161.43 12.74
2143 88.74 75.08 9.84 59.89 6.57
2144 88.62 54.96 28.54 179.92 13.33
2145 88.74 28.31 22.48 161.38 11.12
2146 88.75 35.81 25.15 159.85 11.90
2147 88.79 33.51 23.53 152.55 12.61
2148 88.82 47.63 24.63 173.24 12.32
2149 88.81 57.01 27.34 184.43 11.91
2150 88.68 68.14 24.63 135.00 11.03
2151 88.86 21.51 18.10 131.70 9.20
2152 88.80 59.01 26.13 165.93 11.73
2153 88.97 70.16 22.19 113.60 10.08
2154 88.95 62.68 24.22 155.28 12.82
2155 89.01 66.45 23.85 145.24 12.06
2156 89.04 40.86 26.32 168.85 11.63
2157 88.98 43.70 25.69 187.81 12.08
2158 89.22 17.74 13.14 94.51 7.45
2159 89.01 50.80 25.25 196.34 13.47
2160 89.19 30.63 24.07 157.87 11.82
2161 89.19 53.65 29.75 187.78 12.04
2162 89.34 38.14 23.20 166.67 11.92
2163 89.62 23.43 19.45 130.68 10.19
2164 89.60 73.42 11.50 62.79 7.77
2165 89.61 60.23 26.50 159.46 12.14
2166 89.68 26.63 22.06 148.25 10.33
2167 89.66 49.54 28.33 192.05 13.05
2168 89.58 58.23 23.62 164.10 12.10
2169 89.67 45.05 25.65 182.21 12.98
2170 89.81 64.33 25.42 157.10 11.50
2171 89.81 32.98 24.75 163.28 11.54
2172 89.72 52.02 29.02 203.49 12.59
2173 89.81 56.02 25.45 172.29 13.39
2174 89.87 35.69 24.53 169.15 10.90
2175 89.76 41.94 28.77 203.73 12.71
2176 89.79 47.28 26.97 193.36 13.24
2177 89.96 20.70 16.57 110.15 8.20
2178 89.89 68.64 23.11 107.89 8.92
2179 89.90 71.23 13.39 79.42 8.59
2180 90.02 61.94 24.49 166.06 11.44
2181 90.09 66.48 19.51 129.87 11.39
2182 90.24 28.97 22.72 152.10 11.09
2183 90.23 39.45 24.14 157.54 12.28
2184 90.25 53.74 25.94 172.17 12.88
2185 90.34 58.69 22.47 156.40 10.71
2186 90.49 43.01 24.99 169.99 12.21
2187 90.52 24.96 18.43 143.35 9.25
2188 90.57 51.48 26.98 177.31 12.52
2189 90.74 31.26 22.55 157.07 10.72
2190 90.64 45.53 27.54 175.74 11.85
2191 90.66 48.76 26.11 177.50 12.94
2192 90.82 19.31 12.70 88.31 7.14
2193 90.76 37.08 24.95 154.77 12.39
2194 90.85 60.45 22.51 149.69 12.91
2195 90.98 69.69 13.17 85.84 7.23
2196 90.77 34.19 23.09 162.60 11.40
2197 90.97 57.12 28.84 173.09 12.64
2198 90.92 72.29 9.45 51.55 6.11
2199 90.85 63.72 23.51 149.20 11.13
2200 91.07 22.13 15.19 116.03 8.64
2201 91.02 55.00 25.32 183.24 12.90
2202 91.14 27.21 23.31 157.01 9.67
2203 91.16 66.97 21.07 121.76 9.41
2204 91.13 40.80 23.45 163.14 12.18
2205 91.51 24.90 18.52 123.49 9.11
2206 91.47 51.78 24.98 184.20 11.72
2207 91.59 30.05 23.01 146.98 10.68
2208 91.66 38.69 21.59 169.27 11.70
2209 91.56 33.29 25.76 166.10 10.24
2210 91.67 42.94 24.35 185.50 11.43
2211 91.65 45.24 26.78 184.40 12.37
2212 91.70 49.76 28.81 190.54 12.01
2213 91.67 61.63 22.39 150.22 11.24
2214 91.76 58.60 23.72 162.05 11.90
2215 91.77 64.72 20.81 121.24 9.61
2216 91.87 35.97 22.46 163.97 10.92
2217 91.92 47.60 27.97 177.60 11.47
2218 91.86 53.61 25.34 180.43 13.23
2219 92.10 22.55 14.66 111.19 8.52
2220 92.21 55.67 26.55 164.05 12.01
2221 92.20 67.94 12.39 87.80 7.79
2222 92.26 28.27 18.89 146.82 9.07
2223 92.41 41.07 21.74 160.27 10.65
2224 92.69 26.03 14.92 113.48 8.16
2225 92.35 62.54 17.33 129.61 10.27
2226 92.47 32.99 21.20 147.34 10.51
2227 92.65 59.44 25.57 149.41 11.80
2228 92.79 69.99 6.92 42.27 4.97
2229 92.80 30.56 19.43 142.09 9.03
2230 92.82 37.50 21.85 158.50 11.14
2231 92.95 44.20 21.81 152.47 11.64
2232 92.79 50.16 24.70 170.37 11.67
2233 92.92 52.44 23.65 165.20 11.69
2234 92.88 64.26 14.41 105.64 9.07
2235 92.96 46.75 28.58 167.20 11.59
2236 92.95 57.16 25.08 153.80 11.77
2237 92.91 61.25 23.34 137.56 9.62
2238 93.12 66.36 10.93 67.62 7.38
2239 93.17 24.05 12.71 91.26 6.46
2240 93.25 54.48 25.33 167.03 11.97
2241 93.45 34.20 18.89 142.64 9.63
2242 93.51 39.96 23.73 150.39 10.47
2243 93.60 28.49 17.20 126.43 8.13
2244 93.71 42.20 22.02 156.01 10.80
2245 93.70 48.20 25.27 170.54 10.62
2246 93.83 62.32 16.62 111.56 8.85
2247 93.87 59.54 17.80 135.70 9.72
2248 94.02 30.86 16.32 113.90 7.98
2249 93.96 50.51 22.91 165.25 12.35
2250 93.97 57.37 20.28 149.49 11.24
2251 94.10 38.06 18.44 133.76 9.50
2252 94.17 55.19 23.75 156.45 11.20
2253 94.23 65.66 8.26 49.46 5.55
2254 94.19 52.74 20.88 150.75 10.38
2255 94.44 45.90 23.74 136.34 9.67
2256 94.49 35.02 15.56 124.01 8.37
2257 94.55 27.59 11.00 75.62 6.64
2258 94.56 63.44 9.44 73.56 8.22
2259 94.76 43.33 17.53 136.85 9.66
2260 94.93 40.65 18.74 122.39 9.76
2261 94.93 60.64 15.37 104.32 9.22
2262 95.08 31.52 12.29 82.26 6.67
2263 95.08 50.57 19.64 150.43 10.30
2264 95.03 56.21 19.00 126.93 9.20
2265 95.27 47.88 17.50 134.24 9.88
2266 95.20 53.74 18.53 127.29 9.19
2267 95.39 37.76 15.00 99.88 7.57
2268 95.45 58.33 13.60 96.95 7.97
2269 95.30 34.01 10.25 79.77 6.73
2270 95.70 43.69 17.25 108.65 8.73
2271 95.98 41.08 14.82 81.64 8.05
2272 96.02 35.93 8.25 57.89 5.89
2273 96.06 60.57 8.57 55.02 6.11
2274 96.20 45.50 12.96 93.82 8.38
2275 96.15 51.30 15.79 119.33 8.46
2276 96.09 55.64 15.60 108.87 7.98
2277 96.42 34.40 10.86 58.64 7.16
2278 96.40 38.96 9.26 52.93 6.23
2279 96.66 48.28 13.95 92.65 8.39
2280 97.00 42.31 12.83 66.46 6.76
2281 97.00 51.96 11.99 95.32 7.33
2282 97.16 54.52 9.79 83.86 6.17
2283 97.28 45.53 9.67 59.16 7.33

