8.74
8.83
12.43
12.25
13.04
14.78
11.87
16.94
17.15
15.74
12.14
18.65
19.41
13.32
19.7
16.93
11.62
18.85
21.25
15.12
20.77
23.19
16.79
24.25
22.86
19.68
14.31
21.26
25.75
15.27
25.85
21.44
12.27
21.55
23.53
21.52
25.07
25.05
18.12
22.68
19.84
12.33
24.91
21.75
12.38
25.64
26.13
31.37
27.29
16.63
28.04
27.43
28.11
24.72
24.51
21.61
27.53
29.07
27.89
29.97
19.39
14.89
19.36
26.58
30.81
30.77
17.44
28.58
27.06
27.86
29.15
31.34
16.03
31.86
30.07
17.19
26.38
19.71
26.16
32.3
31.67
32.95
15.22
17.91
15.11
26.21
31.55
31.97
33
31.41
26.27
25.31
32.15
26.05
10.04
34.45
29.9
34.83
30.15
16.2
19.27
23.46
31.21
37.82
16.34
26.25
25.86
28.54
33.12
37.19
34.22
36.02
26.91
12.66
32.12
18.75
16.71
25.81
30.27
30.77
39.85
38.53
34.15
34.85
35.58
38.15
30.25
36.82
34.18
22.57
28.84
23.48
18.15
27.01
34.29
26.85
14.77
37.42
42.08
35.07
33.76
39.31
33.2
37.78
37.58
41.36
37.28
32.09
40.64
30.77
24.44
36.28
39.65
20.61
14
36.88
30.74
40.73
32.94
28.76
42
43.57
20.12
34.43
45.42
44.32
26.31
45.79
36.62
44.39
38.25
37.72
17.74
32.18
23.64
45.02
39.65
29.39
45.23
21.43
40.04
15.35
31.74
36.22
45.34
46.02
33.7
42.8
43.58
46.32
41.05
40.88
34.32
50.11
50
26.06
20.35
31.27
47.33
28.77
28.38
49.9
24.65
55.71
34.56
48.16
13.11
48.59
44.15
41.86
39.53
40.37
43.02
46
46.5
40.51
46.8
20.6
54.79
28.29
34.34
48.38
52.29
27.32
19.35
13.27
37.93
55.2
40.14
57.53
46.22
25.82
53.73
43.23
50.89
47.11
31.44
42.48
49.32
45.57
41.28
44.78
49.91
21.68
51.29
37.27
49.29
28.4
52.63
33.99
52.86
18.07
55.91
55.12
24.8
41.51
31.92
50.85
49.26
57.41
53.99
52.84
22.13
27.68
40.97
38.23
46.47
34.48
44.67
54.62
17.82
51.65
55.27
50.54
53.27
55.46
57.08
59.93
58.94
26.49
46.56
29.65
61.93
42.39
38.36
34.93
63.72
48.02
23.33
50.33
54.34
56.62
41.22
55.6
56.95
56.79
53.11
46.66
25.77
62.28
62.9
37.98
53.87
56.18
30.52
32.9
60.38
63.96
19.74
42.44
66.73
51.25
40.51
49.42
48.71
53.66
32.73
17.04
52.52
61.32
60.41
61.1
46.33
58.08
37.94
55.57
56.59
46.2
36.75
69.29
58.13
69.18
24.73
63.51
65.6
58.05
49.92
40.07
39.55
55.36
56.4
67.29
64.6
56.9
49.66
22
51.54
32.37
35.02
59.2
44.46
61.51
66.4
67.14
71.64
64.34
64.2
69.69
28.57
41.69
47.75
60.93
60.22
52.22
66.68
56.4
67.46
60.79
42.4
62.49
55.53
33.28
41.95
23.6
57.34
72.19
58.17
40.06
46.36
52.92
27.36
67.92
62.77
71.96
79.04
47.84
65.3
62.6
67.93
30.8
58.11
73.76
43.24
64.97
53.29
64.97
38.84
32.57
69.94
21.23
67.61
51.28
77.89
57.83
39.93
46.42
69.85
73.83
61.02
79.62
74.79
26.22
74.82
59.25
58.34
60.64
37.7
71.94
65.42
34.84
71.31
77.03
52.75
77.49
35.83
48.19
56.16
77.59
22.04
72.61
58.39
69.05
76.25
61.73
77.48
39.21
75.61
57.19
26.51
79.8
31.65
74.2
47.8
71.25
55.63
70.71
80.17
66.02
41.19
79.54
75.25
45.12
76.36
34.83
67.5
63.24
57.71
75.57
71.37
30.11
54.56
70.5
72.19
35.35
42.96
65.9
60.95
53.53
73.48
70.29
79.6
27.94
83.95
21.86
78.39
77.7
84.7
51.2
49.05
66.18
78.51
82.02
77.56
67.83
41.52
74.6
73.04
34.05
46.64
77.41
57.82
69.76
67.23
65.66
76.22
80.48
71.09
43.92
40.41
56.69
83.86
88.29
47.18
71.37
88.75
83.59
81.3
61.56
74.82
88.32
83.73
27.51
72.27
92.41
48.78
53.43
55.49
77.91
37.65
79.52
81.23
71.43
78.2
57.01
85.71
24.74
85.58
45.94
72.01
72.63
67.66
79.18
49.14
91.13
82.3
71.94
86.84
63.38
82.83
49.61
63.05
80.16
88.97
87.19
79.06
33
46.5
82.79
86.96
79.73
41.35
82.5
74.6
44.33
58.93
79.97
61.56
93.93
68.32
50.17
74.72
75.97
90.81
83.2
69.75
67.81
27.09
91.43
87.95
56.39
95.94
34.04
83.37
88.57
45.69
70.1
72.67
68.62
81.45
89.23
80.73
85.84
38.28
44.59
83.03
67.77
64.63
71.8
24.1
51.65
82.68
86.63
84
91.47
77.58
92.37
97.99
51.16
97.08
66.39
68.11
37.44
83.45
98.67
87.21
84.68
88.56
91.11
84.74
29.33
55.67
75.51
90.19
80.77
96.12
59.35
64.27
72.2
68.22
80.25
40.22
49.62
72.43
83.07
95.61
93.3
83.15
71.11
64.37
100.87
96.14
24.67
62.28
90.72
98.2
84.09
102.43
47.18
105.05
101.17
90.82
37.04
86.06
53.83
80.31
89.4
69.76
91.54
88.23
61.05
67.98
100.76
95.43
102.03
58.67
46.45
34.52
46.39
82.73
94.28
100.59
103.12
73.93
109.22
73.53
86.38
69.21
97.01
84.43
98.21
104.76
60.12
103.36
86.2
81.49
94.24
89.82
101.45
104.48
73.4
23.27
99.61
42.87
72.17
98.89
104.76
90.33
95.32
74.09
94
71
88.4
77.79
52.83
104.47
47.32
73.59
103.76
96.84
106.75
96.42
59.02
35.78
97.17
51.26
118.89
99.45
88.76
76.91
75.89
95.68
84.22
105.9
92.55
108.42
73
55.13
68.65
112.18
102.58
102.59
100.73
104.23
101.1
45.27
75.68
109.12
58.61
81.23
100.73
75.59
101.32
108.53
111.35
106.4
113
51.17
99.68
80.22
70.91
112.67
101.07
32.85
41.79
38.43
81.74
88.16
119.23
113.73
90.06
108.06
106.28
107.18
105.94
63.11
100.39
60.2
101.26
57.42
81.87
105.57
113.02
115.3
111.88
81.74
110.81
84.65
116.08
111.38
76.32
105.81
82.74
51.89
108.67
105.24
71.62
73.38
32.77
102.11
113.01
41.92
83.54
114.68
49.99
101.44
118.16
106.18
101.58
98.58
82.68
103.74
77.95
93.57
111.73
116.11
86.74
120.05
60.56
112.64
74.95
65.02
108.27
122.62
103.57
41.27
57.93
110.4
50.4
117.45
82.65
115.91
112.01
108.44
72.82
110.82
96.63
77.64
106.52
97.27
103.6
123.93
53.89
96.64
111.07
110.62
116.64
123.26
109.32
126.33
84.32
126.81
89.74
91.57
115.64
49.09
58.66
66.36
111.4
34.57
64.45
115.43
102.64
77.58
131.88
78.94
109.18
124.22
117.44
120.65
120.17
110.83
126.04
51.09
74.15
137.84
142.23
110.07
125.22
125.23
112.93
124.05
114.9
77.99
122.1
116.05
102.76
110.67
91.28
63.95
94.88
130.27
74.28
128.95
112.63
87.11
49.92
121.37
136.22
105.81
108.54
64.97
115.72
121.99
80.26
49.56
38.19
122.87
122.63
131.05
105.9
75.83
120.81
136.8
116.59
122.94
98.35
137.9
101.85
117.78
139.68
84.54
85.94
121.82
95.96
124.95
124.67
69.42
88.8
131.84
49.33
53.47
69.41
113.88
131.82
86.66
121.17
119.14
122.72
124.37
133.16
105.89
107.3
36.76
120.52
125.52
132.76
128.14
88.26
125.01
124.91
112.7
135.72
110.13
96.71
131.1
88.18
94.27
55.06
105.53
133.17
75.22
141.25
59.59
82.06
43.87
147.15
137.66
58.66
135.6
138.68
149.08
79.31
104.78
142.43
127.64
106.59
132.8
129.92
123.53
134.34
123.66
128.91
120.37
142.1
93.03
106.85
71.61
83.14
59.44
132.64
152.15
97.59
125.08
134.26
143.71
109.99
133.63
140.51
129.1
146.26
113.74
125.67
89.83
53.9
68.38
101.08
128.36
111.92
64.94
151.1
135.78
33.5
132.21
140.62
132.71
90.78
96.83
122.36
136.97
130.77
89.68
138.89
141.73
128.41
88.72
78.84
127.05
132.97
123.15
158.04
140.42
39.38
144.5
143.02
112.08
148.06
99.85
151.07
57.31
110.69
154.58
51.89
77.04
110.16
162
108.92
164.73
102.27
130.64
147.21
70.96
105.83
140.45
125.03
85.62
126.52
155.82
126.78
131.8
66.91
143.9
81.17
121.28
141.44
146.84
143.38
131.1
139.58
117.33
112.78
163.7
116.02
149.95
143.72
173.37
127.6
108.76
135.76
159.39
127.73
161.35
83.34
99.16
105.95
147.17
58.55
63.55
102.58
92.78
131.02
34.75
100.53
126.86
74.38
125.7
49.37
158.38
135.4
148.45
147.15
126.04
117.84
83.52
156.63
156.89
135.57
156.38
142.83
156.01
146.41
99.19
141.1
134.25
148.48
119.73
129.06
77.47
131.49
148.13
171.17
95.57
142.03
161.31
89.3
30.67
159.54
64.34
51.2
143.6
170.79
68.54
128.41
181.54
155.78
154.54
119.88
166.78
106.79
160.08
80.12
154.78
133.21
158.23
159.48
135.42
105.93
167.34
145.18
145.74
147.8
158.43
124.54
150.14
101.15
96.64
155.59
135.32
144.88
156.99
156.98
157.98
136.32
44.91
73.02
144.48
106.99
167.76
38.31
174.58
166.12
160.69
93.36
128.73
168.7
76.68
108.58
167.32
100.67
145.24
147.2
163.32
61.52
145.26
86.13
163.17
160.46
135.36
144.35
109.38
62.3
166.18
128
166.61
151.9
138.07
152.36
130.54
148.86
90.33
104.2
147.9
157.76
176.85
166.8
191.24
27.42
96.09
109.66
152.89
163.39
163.1
78.36
124.3
180.29
156.48
155.96
109.74
151.12
149.97
142.52
160.73
37.16
76.47
143.27
157.25
19.71
109.66
166.4
99.25
166.37
153.39
169.75
116.69
148.87
174.79
63.75
181.98
190.31
151.38
170.8
58.61
158.08
122.69
170.53
82.18
174.67
164.31
139.15
146.89
129.01
105.61
177.06
137.25
72.63
123.51
162.21
155.73
117.36
151.5
158.4
159.12
115.05
110.09
35.08
156.47
79.38
167.55
167.21
17.41
133.72
142.92
165.15
96.95
118.52
128.62
35.9
163.06
192.77
180.97
155.58
192.11
167.33
60.16
169.85
155.32
175.65
145.85
149.42
148.66
115.98
166.58
173.32
158.52
166.7
115.2
70.97
156.63
162.07
133.12
97.67
174.92
175.39
76.56
84.07
158.42
27.73
93.02
134.64
116.06
178.44
136.35
55.36
146.3
168.83
170.83
161.83
103.1
150.7
156.85
194.49
25.47
170.01
185.53
153.14
164.2
176.18
168.53
72.39
104.82
102.5
116.74
171.52
119.69
133.76
154.75
159.59
176.07
158.04
173.51
162.87
75.86
190.64
119.43
137.49
131.48
87.73
174.71
172.74
152.01
167.67
185.05
161.27
128.25
44.34
188.27
179.62
156.65
133.77
80.74
110.75
147.85
106.68
173.56
171.86
196.79
156.5
157.21
67
166.11
173.76
105.43
140.37
98.04
116.88
125.53
167.63
95.61
176.7
182.46
169.45
192.84
181.32
174.82
54.07
167.5
156.42
168.7
161.61
127.12
173.93
148.92
110.17
185.52
143.92
86.1
183.43
138.8
152.77
157.87
137.97
160.69
171.53
154.73
192.82
108.7
168.06
124.54
151.35
115.98
177.99
178.7
180.42
80.8
91.94
123
170.93
174.72
186.2
174.99
101.13
171.98
162.99
149.63
83.48
77.85
157.57
116.58
175.51
180.36
166.7
171.46
162.88
129.47
57.67
98.07
164.83
158.74
127.66
184.92
179.58
139.77
138.38
116.06
183.78
190.49
160.95
46.37
124.62
137.87
118.48
177.74
177.32
107.68
152.77
186.28
173.7
138.06
172.28
176.64
77.18
187.67
170.84
180.05
181.91
172.78
173.57
133.43
163.86
88.48
169.99
172.67
109.22
56.08
122.58
166.3
137.23
173.37
130.39
64.79
135.37
175.17
168.51
194.03
118.46
172.31
124.16
161.09
174.95
170.15
78.05
94.25
112.28
189.88
163.24
77.13
137.19
187.25
183.84
163.52
183.76
170.89
139.39
166.68
138.53
174.99
39.34
163.43
118.24
134.67
174.9
87.56
114.32
153.99
171.42
172.99
184.37
179.96
196.36
165.65
182.01
136.92
164.71
132.61
161.49
94.44
171.66
164.45
122.94
69.55
164.44
168.37
104
133.42
172
187.2
185.42
182.98
117.79
134.94
182.74
169.27
161.92
140.13
173.71
168.93
181.37
41.32
125.64
77.89
133.06
93.2
170.32
166.31
158.33
160.77
168.1
155.98
119.66
68.69
117.95
187.6
160.86
161.8
106.82
179.21
140.69
168.99
74.7
139.74
170.48
184.95
128.24
182.41
62.29
131.24
180.04
182.5
148.96
180.69
163.54
72.41
104.89
150.07
184.34
153.81
178.61
161.57
137.52
161.95
168.49
166.2
159.82
171.43
119.81
169.51
132.27
154.42
96.74
177.92
165.89
140.01
180.21
109.57
172.31
187.32
176.05
74.13
111.47
187.17
62.39
138.2
173.21
145.83
178.25
165.51
106.68
96.63
157.2
165.55
176.09
155.3
152.44
119.45
172.99
140.07
166.59
166.75
164.99
166.02
163.88
170.34
60.58
99.49
152.47
174.27
123.72
159.46
176.29
146.97
113.72
118.22
175.4
163.29
162.64
177.55
134.66
135.67
60.75
134.56
88.82
172.85
152.77
189.21
122.57
153.07
164.15
179.29
63.86
172.72
172.25
146.62
186.11
178.16
184.11
174.2
178.82
85.89
143.27
186.72
170.24
89.09
178.93
125.22
144.06
106.5
132.71
105.04
104.67
38.12
179.11
152.42
155.43
133.86
145.22
177.46
120.94
182.07
143.34
101.82
132.44
127.98
133.7
190.26
176.85
152.03
163.48
181.2
183.24
167.43
181.03
167.84
161.13
154.58
179.28
172.12
155.27
113.4
176.3
127.16
180.95
45.7
71.23
174.18
145.24
82.24
107.25
166.32
131.39
175.88
171.63
169.54
97.69
125.13
111.53
196.92
194.21
145.54
186.84
126.03
165.38
121.97
161.53
167.14
118.82
150.16
188.22
180.18
198.94
185.29
178.7
153.91
147.69
166.84
178.83
96.76
169.68
182.81
66.86
96.93
152.18
52.86
187.99
139.97
159.38
185.4
118.69
148.31
172.65
111.24
175.99
192.05
158.04
126.94
147.36
171.1
152.63
125.84
101.24
156.06
138.46
153.35
174.54
166.48
160.19
173.26
181.44
124.19
182
172.44
127.93
144.23
191.71
179.29
113.8
160.36
161.71
181.84
174.18
174.06
82.96
113.27
146.11
122.42
85.14
58.64
131.85
139.87
162.6
161.5
172.44
152.75
151.98
151.71
89.44
180.46
185.19
173.13
127.91
158.77
194.92
127.64
130.87
116.29
160.94
71.12
117.88
178.06
116.87
162.54
150.4
176.68
104.35
143.31
146.05
174.88
170.98
173.04
96.51
130.5
181.84
186.56
143.78
142.77
169.28
141.19
47.62
85.22
151.76
177.99
169.35
176.96
142.11
162.81
183.8
104.98
153.73
118.93
120.9
159.82
146.88
146.66
166.39
132.9
62.68
155.83
172.8
147.1
174.68
95.67
131.18
191.87
154.36
164.62
52.61
125.88
152.2
149.17
114.48
162.68
187.51
116.1
183.81
158.01
178.31
189.89
97.05
81.61
177.77
142.61
158.52
181.45
133.55
153.68
149.5
115.74
170.59
143.37
160.95
144.97
167.78
130.14
166.51
175.49
117.52
164.27
114.61
177.31
177.98
180.86
38.51
71.74
110.63
64.08
171.85
160.33
165.17
187.56
148.18
96.73
151.12
192.48
184.98
145.08
167.47
76.08
118.87
149.34
163.29
137.82
133.17
143.45
147.03
181.2
167.09
128.06
113.6
161.36
167.94
101.04
171.33
110.46
180.81
169.25
129.24
174.7
161.36
159.28
97.45
48.6
128.65
84.58
142.4
150.48
159.02
157.48
177.29
182.39
113.03
188.76
144.5
144.49
162.02
162
115.51
143.56
173.11
128.21
165.1
132.7
186.72
64.55
176.73
125.26
142.83
168.91
184.26
152.96
136.6
170.12
80.07
101.52
188.8
114.24
126.42
188.9
179.76
168.24
151.83
115.3
167.62
186.2
72.54
136.24
154.11
105.05
122.78
138.29
166.88
168.97
142.27
79.88
156.68
179.72
163.58
114.26
155.58
96.78
124.91
153.64
182.15
159.45
152.39
170.19
190.94
171.41
130.47
84.87
122.26
184.76
135.67
164.82
173.55
173.52
143.17
178.85
105.01
136.22
47.2
54.13
170.77
166.16
149.08
157.44
86.2
124.46
126.28
91.46
117.42
97.51
150.45
173.78
181.57
130.9
171.37
102.7
152.63
137.26
119.89
169.26
188.79
176.57
154.5
151.03
132.08
145.98
122.08
75.04
145.98
163.03
171.78
148.04
194.64
142.09
170.77
173.32
164.48
130.06
42.95
77.43
112.58
125.14
178.46
188.14
119.99
139.79
111.62
158.18
189.69
157.58
175.78
129.01
75.02
173.53
165.69
172.84
137.67
177.8
143.66
193.6
190.6
92.44
118.55
125.3
169.26
144.72
104.4
202.96
152.24
150.53
42
155.65
157.12
147.09
94.11
46.38
176.47
184.36
156.18
117.63
182.08
59
115.91
114.49
130.94
126.31
149.58
168.05
187.39
134.67
161.98
164.67
132.19
143.51
181.16
102.82
98.76
162.68
180.11
67.62
161.26
120.15
170.64
157.07
176.05
158.19
162.54
141.67
89.38
146.06
180.29
65.88
150.82
122.53
94.33
152.47
167.8
135.73
146.64
161.1
108.5
160.42
125.6
144.72
168.37
93.74
131.18
148.89
178.06
129.45
163.62
164.16
179.05
84.73
133.44
155.69
170.21
103.65
169.45
165.41
159.24
184.56
123.32
84.55
165.94
97.24
184.85
110.63
53.35
164.8
167.42
163.52
84.16
127.3
169.87
162.42
155.88
124.81
107.85
135.33
120.87
169.15
176.74
148.81
190.11
175.9
127.54
164.91
182.58
156.94
171.42
121.43
119.45
174.54
182.64
142.96
69.29
86.53
149.45
103.69
93.26
169.26
169.96
148.78
179.87
130.64
178.48
110.47
182.1
154.47
122.26
168.44
172.17
146.18
125.44
170.85
133.21
168.99
112.81
168.28
135.39
76.49
160.21
73.63
136.28
116.47
81.25
174.16
143.56
154.91
184.04
166.73
163.76
140.5
121.25
85.57
116.35
158.75
83.55
131.5
148.09
162.49
146.34
175.12
119.14
143.23
177.82
184.35
150.82
134.21
116.87
167.56
124.26
86.36
175.58
134.66
177.8
140
167.86
179.34
109.56
119.84
176.76
62.49
159.99
165.7
98.93
181.1
148.26
162.85
166.18
80.49
52.56
167.14
155.72
112.04
150.37
132.53
122.19
185.19
131.88
140.29
109.65
76.26
173.02
150.64
162.49
93.97
126.34
154.67
118.53
165.6
175.1
141.12
140.88
148.6
46.14
190.55
105.6
118.35
152.56
144.36
136.47
121.64
70.86
170.94
156.64
158.82
97.18
140.78
91.95
126.67
154.27
179.79
92.9
128.76
135.86
125.64
148.07
145.17
164.39
123.34
127.16
131.05
93.41
167.98
153.27
124.24
157.09
83.59
94.86
113.41
134.29
132.64
106.39
110.88
93.82
112.83
149.96
109.82
138.89
126.05
153.83
159.85
114.76
134.32
109.11
119.3
109.08
86.61
91.1
136.93
125.25
94.47
115.16
113.1
133.5
115.72
108.41
109.67
113.13
108.56
114.73
93.39
58.61
75.36
107.06
97.45
98.22
87.41
90.43
94.85
89.54
101.11
91.69
31.48
