#<Embryo name> <Cleavage cycle> <Temporal class> <Genes>
rf12 14A 2 even-skipped Kruppel hunchback

#Quantitative data
#<Nucleus number> <A-P coordinate> <D-V coordinate> <Fluorescence intensity: channel 1 - eve, channel 2 - Kr, channel 3 - hb>
0 2.23 47.80 10.65 15.84 89.86
1 2.93 50.12 10.94 16.46 95.87
2 3.37 44.22 12.22 19.64 98.31
3 3.49 46.94 11.67 17.81 109.60
4 3.93 52.47 10.53 16.35 92.64
5 4.11 39.06 10.49 18.22 111.93
6 4.26 42.11 11.54 20.62 118.09
7 4.31 49.88 12.34 21.53 118.91
8 4.38 55.24 10.05 16.09 94.15
9 4.82 44.72 13.26 19.60 119.62
10 4.86 47.45 12.68 21.18 116.25
11 5.31 40.29 12.43 19.82 125.46
12 5.29 57.43 11.79 16.06 97.04
13 5.38 51.78 13.49 20.79 127.68
14 5.59 54.30 13.44 19.23 113.39
15 5.85 36.80 13.12 19.41 129.62
16 5.94 42.98 14.90 22.80 140.15
17 5.91 49.09 13.75 23.15 141.26
18 6.16 46.14 15.45 23.99 148.81
19 6.43 34.07 10.70 17.62 137.77
20 6.52 39.30 13.62 22.66 149.64
21 6.66 57.23 13.57 18.88 129.17
22 6.81 59.60 12.06 17.51 119.48
23 6.87 51.44 14.53 23.13 131.10
24 6.85 54.78 15.44 21.32 125.06
25 7.27 44.83 15.30 24.15 158.12
26 7.21 48.36 15.92 27.83 164.40
27 7.33 42.05 14.78 22.42 146.53
28 7.43 61.88 11.90 15.11 123.61
29 7.44 36.63 14.71 21.86 166.98
30 7.64 33.53 14.35 20.72 171.08
31 7.79 39.49 16.33 24.06 156.78
32 7.90 53.56 15.90 22.52 152.67
33 7.99 57.47 15.80 21.93 145.15
34 8.33 46.60 17.23 28.00 193.58
35 8.41 51.23 17.32 28.00 158.08
36 8.33 29.69 12.26 18.45 149.52
37 8.41 60.01 15.23 20.92 166.54
38 8.61 43.67 15.80 24.89 171.07
39 8.61 48.96 16.84 26.92 178.64
40 8.76 55.54 16.95 23.69 162.31
41 8.86 32.04 14.46 23.03 175.63
42 8.83 34.87 13.89 20.79 169.59
43 8.77 62.90 14.57 17.96 147.68
44 8.82 37.82 16.11 23.28 173.17
45 8.94 40.98 16.29 28.59 184.16
46 9.54 53.10 17.95 28.88 178.31
47 9.52 58.42 17.48 23.04 159.82
48 9.61 45.64 18.59 28.48 188.47
49 9.65 28.52 13.01 20.03 163.82
50 9.83 60.94 15.75 21.75 159.28
51 9.92 48.15 18.41 28.32 183.71
52 10.08 50.68 18.29 28.20 180.54
53 10.16 43.11 17.48 27.55 181.95
54 10.14 63.72 15.72 18.64 155.84
55 10.17 35.78 16.38 25.72 193.68
56 10.13 38.33 17.50 29.19 188.51
57 10.12 56.49 17.14 24.62 165.69
58 10.31 30.63 14.84 21.76 177.80
59 10.26 33.16 15.76 26.36 194.22
60 10.36 26.20 12.83 19.58 176.45
61 10.26 40.70 16.95 28.21 194.01
62 10.41 68.33 11.65 14.66 139.10
63 10.75 65.70 15.01 16.39 149.57
64 10.70 54.43 18.28 23.78 177.45
65 10.91 45.25 17.04 29.05 190.98
66 11.07 61.42 17.05 22.41 174.94
67 11.16 58.45 17.46 24.83 167.54
68 11.21 47.69 18.31 31.46 205.89
69 11.34 28.64 16.73 24.64 199.23
70 11.34 52.39 18.59 27.20 188.80
71 11.45 34.92 19.51 29.03 202.21
72 11.56 50.03 17.83 29.38 186.07
73 11.43 37.70 18.17 28.22 201.85
74 11.45 40.89 18.36 27.93 195.82
75 11.66 31.92 16.95 24.78 200.15
76 11.90 43.65 20.70 31.59 207.09
77 11.83 55.84 19.15 26.85 182.01
78 11.87 25.97 13.98 19.25 168.97
79 11.88 68.67 15.37 16.79 165.08
80 12.10 63.58 17.39 21.22 170.92
81 11.95 66.14 15.79 20.35 171.87
82 12.32 23.79 12.41 16.88 149.95
83 12.26 46.07 19.63 31.41 208.91
84 12.29 60.65 18.00 25.27 180.40
85 12.50 39.38 18.46 29.44 203.44
86 12.53 53.44 20.49 29.48 192.10
87 12.53 58.05 20.19 26.60 182.01
88 12.67 28.56 17.20 25.09 197.42
89 12.75 33.97 18.62 29.62 198.44
90 12.77 36.83 18.29 29.62 206.01
91 12.78 41.89 19.27 31.94 210.76
92 12.81 48.40 19.61 27.64 190.86
93 12.85 50.92 20.91 29.41 197.33
94 12.97 70.09 15.39 15.48 154.13
95 12.92 31.00 18.27 26.71 198.39
96 13.21 66.14 18.71 22.48 173.97
97 13.35 55.20 19.59 26.71 185.07
98 13.38 26.40 16.38 20.82 178.86
99 13.36 62.69 20.46 26.11 189.00
100 13.52 43.83 21.63 33.68 218.93
101 13.52 46.06 20.24 31.59 223.54
102 13.58 60.24 21.22 27.68 198.72
103 13.81 23.76 14.99 19.48 163.96
104 13.67 57.53 20.37 28.04 189.87
105 13.79 38.75 19.80 31.03 211.52
106 13.90 35.01 21.51 29.11 208.30
107 14.07 52.71 21.09 30.39 194.92
108 14.09 41.23 21.33 30.54 213.99
109 14.12 67.72 19.60 22.30 171.02
110 14.18 50.32 23.91 34.13 218.95
111 14.19 32.00 17.46 27.48 200.95
112 14.19 48.07 22.90 32.56 217.50
113 14.23 71.48 17.72 15.87 158.53
114 14.24 29.14 19.15 25.03 199.45
115 14.35 64.33 19.75 24.15 181.94
116 14.51 21.38 14.70 18.01 169.54
117 14.69 36.92 21.98 33.01 224.38
118 14.70 54.80 21.18 29.49 197.89
119 14.82 26.12 18.85 23.46 186.55
120 14.74 43.69 24.10 34.08 232.89
121 14.84 57.19 23.54 28.85 197.40
122 14.78 59.71 23.06 29.37 201.36
123 15.01 46.11 23.00 32.86 219.16
124 15.16 61.93 23.22 26.84 188.24
125 15.21 73.68 15.45 14.51 156.67
126 15.14 69.42 19.46 20.71 176.18
127 15.16 34.28 21.01 30.55 216.43
128 15.31 39.03 23.88 30.47 221.17
129 15.38 41.45 21.88 31.01 215.63
130 15.42 66.67 21.60 24.99 180.66
131 15.50 23.36 17.25 21.89 181.54
132 15.50 51.13 25.48 33.10 205.24
133 15.49 48.59 25.76 35.48 231.21
134 15.65 31.67 22.35 30.83 216.24
135 15.57 28.72 20.04 26.83 208.48
136 15.70 64.13 24.09 25.29 188.78
137 15.83 20.50 15.84 17.17 170.42
138 15.82 53.43 24.48 30.60 211.13
139 15.97 44.29 25.94 36.37 236.61
140 15.97 56.05 24.70 31.34 202.91
141 15.95 58.79 23.85 30.43 197.48
142 16.07 71.26 20.34 18.50 182.00
143 15.99 36.76 23.46 32.16 227.94
144 16.14 75.93 17.53 13.83 150.54
145 16.43 25.32 20.06 25.12 186.16
146 16.43 46.67 27.32 34.02 226.50
147 16.50 34.47 22.57 30.53 223.43
148 16.55 68.30 22.92 22.06 184.79
149 16.56 39.44 26.20 35.50 228.27
150 16.53 42.16 24.91 33.42 225.24
151 16.78 60.38 24.04 27.96 197.47
152 16.82 18.89 16.92 18.09 171.11
153 16.75 27.94 21.39 27.11 210.42
154 16.74 49.18 27.86 35.61 228.86
155 16.87 62.88 26.01 26.81 194.12
156 16.84 65.73 25.63 24.48 187.97
157 16.86 51.81 28.28 32.88 219.36
158 17.05 30.29 21.73 28.84 207.36
159 16.98 73.12 22.22 18.21 171.81
160 17.10 21.95 19.08 23.51 191.49
161 17.05 54.45 27.35 32.39 212.38
162 17.20 32.67 23.16 31.66 220.21
163 17.06 57.42 26.52 31.70 211.33
164 17.17 77.98 17.92 12.72 140.85
165 17.25 36.63 24.74 31.11 225.36
166 17.31 44.70 28.73 38.94 231.62
167 17.49 70.06 23.43 23.32 188.31
168 17.71 75.23 23.08 17.22 171.08
169 17.63 41.36 26.92 33.41 224.35
170 17.81 24.15 21.49 26.09 196.59
171 17.83 38.97 26.37 33.78 228.65
172 17.84 47.42 29.13 35.51 230.84
173 17.85 26.85 22.99 28.03 210.52
174 17.94 50.01 29.96 34.97 230.33
175 18.03 61.42 27.62 28.33 209.30
176 18.02 64.46 28.04 26.93 195.86
177 18.04 56.00 27.58 33.18 214.68
178 18.11 67.02 28.98 24.77 191.77
179 18.08 52.41 30.31 36.60 230.10
180 18.20 58.75 28.60 29.88 207.78
181 18.19 18.93 19.76 19.03 174.55
182 18.28 33.94 27.14 32.74 228.56
183 18.36 43.09 30.66 35.37 232.93
184 18.44 31.15 27.27 31.77 231.63
185 18.43 36.44 26.08 33.43 225.26
186 18.43 72.04 27.85 21.66 186.46
187 18.48 77.42 21.68 14.10 155.22
188 18.72 28.45 23.52 28.45 211.10
189 18.64 45.30 31.54 36.09 228.44
190 18.80 21.78 21.46 23.54 185.44
191 18.77 69.02 27.68 25.70 190.30
192 18.87 54.05 33.58 34.75 229.52
193 19.00 48.85 31.49 35.49 230.22
194 19.13 79.94 20.79 12.61 137.59
195 19.04 39.15 30.93 34.18 235.89
196 18.99 63.30 30.41 29.18 207.10
197 19.02 24.93 24.32 29.05 220.27
198 19.28 41.51 32.18 36.02 226.81
199 19.17 74.23 28.86 18.53 171.54
200 19.29 51.26 35.14 37.75 230.40
201 19.26 56.33 31.44 34.07 222.24
202 19.27 60.49 30.14 32.62 211.52
203 19.47 65.67 35.42 28.40 226.60
204 19.58 18.67 23.39 22.76 192.36
205 19.60 34.39 31.49 36.93 238.85
206 19.53 46.65 34.93 36.89 229.42
207 19.69 32.05 30.55 34.18 235.05
208 19.57 36.88 32.11 33.41 237.12
209 19.81 58.29 30.35 31.40 206.02
210 19.73 71.09 31.92 23.70 195.68
211 19.76 29.40 27.65 29.76 223.73
212 19.62 77.69 27.44 16.05 174.36
213 19.87 43.91 38.40 39.48 237.44
214 19.95 26.76 25.24 27.62 215.80
215 19.93 76.32 30.12 18.65 164.69
216 20.05 15.61 20.92 18.32 164.46
217 19.97 68.41 32.13 25.53 201.92
218 19.96 53.52 35.59 37.70 226.74
219 20.08 62.83 32.82 31.64 221.95
220 20.24 23.88 27.00 27.07 213.73
221 20.24 48.91 39.06 39.43 235.58
222 20.42 21.18 23.94 22.71 187.85
223 20.35 38.84 31.98 35.00 230.75
224 20.42 79.99 27.28 13.80 145.08
225 20.45 73.04 34.15 20.94 194.54
226 20.59 51.30 39.50 40.33 237.05
227 20.61 55.77 38.71 35.61 226.93
228 20.60 60.49 35.89 30.27 217.10
229 20.55 41.42 35.94 37.78 240.04
230 20.61 46.07 38.17 36.94 232.15
231 20.70 36.15 35.86 39.76 240.80
232 20.66 66.19 35.99 27.73 194.66
233 20.74 30.58 31.65 33.60 233.94
234 20.98 75.67 35.71 19.82 186.51
235 20.91 18.25 24.42 21.07 178.65
236 20.99 33.75 35.26 38.17 238.99
237 21.08 58.09 38.89 35.61 225.68
238 21.15 70.24 42.96 27.17 211.65
239 21.08 53.57 42.95 38.54 233.68
240 21.15 63.28 40.15 33.60 219.86
241 21.11 26.88 28.35 28.92 217.47
242 21.18 43.45 44.09 40.37 244.61
243 21.50 77.99 39.13 17.36 172.74
244 21.46 15.06 22.21 18.85 175.46
245 21.44 47.95 43.88 41.26 238.22
246 21.55 23.88 28.57 28.08 207.95
247 21.47 38.96 44.17 41.62 243.65
248 21.68 50.00 40.96 37.92 230.95
249 21.64 67.70 45.31 29.56 215.21
250 21.64 72.98 44.05 25.16 207.04
251 21.80 20.79 26.91 25.92 195.83
252 21.79 29.26 33.40 33.36 233.17
253 21.71 31.94 38.22 35.50 244.40
254 21.78 45.65 46.77 42.03 244.81
255 21.78 80.83 35.26 13.75 155.60
256 21.87 59.88 41.76 33.54 221.19
257 21.85 65.20 44.00 30.62 211.63
258 21.87 36.28 40.04 39.77 244.55
259 21.95 41.33 47.94 38.91 242.54
260 21.99 52.08 48.51 40.79 234.99
261 21.91 56.45 41.96 33.26 226.07
262 22.15 54.34 47.28 39.89 230.30
263 22.27 61.93 42.11 30.80 208.57
264 22.35 18.17 29.79 22.76 183.77
265 22.44 26.20 31.23 32.03 229.24
266 22.41 75.23 47.61 22.55 190.51
267 22.54 34.00 42.60 35.70 239.29
268 22.47 43.66 52.03 39.57 244.22
269 22.56 69.35 47.81 26.41 206.95
270 22.65 12.28 24.02 15.20 164.96
271 22.63 39.03 47.63 39.91 243.99
272 22.67 47.60 51.24 41.22 233.74
273 22.68 82.58 44.04 12.84 147.38
274 22.78 58.06 52.26 35.87 232.87
275 22.76 23.20 31.39 27.47 209.51
276 22.79 71.61 52.43 25.26 210.76
277 22.76 78.86 50.59 17.97 172.15
278 22.76 14.48 26.87 19.15 188.42
279 22.86 64.04 47.90 32.17 220.56
280 22.87 15.96 27.35 20.50 170.72
281 22.83 31.21 46.33 36.52 243.59
282 22.89 28.60 39.73 32.66 236.33
283 22.96 50.69 54.72 38.81 233.35
284 22.97 66.68 53.65 31.93 221.43
285 23.08 36.62 48.31 38.34 241.10
286 23.15 55.83 54.04 37.08 227.03
287 23.26 53.16 54.29 35.46 215.45
288 23.26 41.66 52.80 37.66 239.90
289 23.38 20.91 32.58 25.19 201.64
290 23.28 45.19 54.86 40.65 239.92
291 23.38 59.86 60.05 36.33 227.01
292 23.20 81.28 45.44 14.03 146.86
293 23.52 73.46 60.02 24.74 191.06
294 23.62 76.71 64.22 22.19 184.74
295 23.65 62.07 58.96 36.48 222.15
296 23.67 48.97 57.70 40.17 231.21
297 23.73 17.74 34.07 23.50 186.69
298 23.63 24.91 40.33 32.64 233.07
299 23.84 32.59 54.28 39.22 243.40
300 23.91 34.85 56.01 38.05 244.53
301 23.90 83.91 60.62 13.81 160.26
302 23.88 27.68 42.68 32.12 229.17
303 23.85 39.07 56.49 36.87 234.83
304 23.92 70.37 66.90 27.65 198.30
305 23.95 11.59 28.31 16.40 166.12
306 24.09 30.18 50.32 34.13 237.38
307 24.05 65.03 63.96 35.45 223.62
308 24.07 79.55 67.36 18.72 171.82
309 24.07 46.78 65.53 40.87 238.62
310 24.08 67.77 66.79 30.62 220.05
311 24.15 57.69 63.56 36.68 224.46
312 24.19 13.83 31.64 21.02 178.96
313 24.17 15.28 34.85 21.19 180.29
314 24.29 43.81 66.50 42.26 241.08
315 24.23 55.16 59.68 35.82 227.68
316 24.30 50.83 64.60 40.36 234.95
317 24.53 36.84 66.55 37.28 240.89
318 24.51 41.39 66.47 39.51 243.62
319 24.63 23.14 45.88 31.81 230.26
320 24.64 53.02 69.41 40.35 228.41
321 24.47 74.67 74.56 25.76 199.51
322 24.63 81.90 84.89 16.02 168.93
323 24.74 20.36 41.34 27.30 213.18
324 24.69 60.13 72.88 36.73 225.97
325 24.77 62.68 72.28 36.34 224.47
326 24.73 25.92 53.08 31.16 225.28
327 24.99 71.90 79.90 26.46 199.57
328 25.07 17.40 42.26 24.90 198.29
329 25.06 77.47 90.13 22.09 194.72
330 25.09 48.70 86.81 41.26 236.39
331 25.07 31.71 65.52 35.49 234.88
332 25.10 39.08 75.99 39.12 242.08
333 25.17 28.49 60.84 33.27 229.23
334 25.17 34.31 79.36 42.06 244.30
335 25.20 11.95 35.01 17.40 171.50
336 25.10 46.18 84.21 39.77 236.90
337 25.26 66.77 77.67 29.77 214.58
338 25.26 69.29 88.16 31.48 223.24
339 25.33 55.76 69.97 37.68 226.52
340 25.41 58.12 81.14 39.54 232.80
341 25.37 64.48 81.40 35.87 230.91
342 25.61 83.58 80.37 15.16 152.38
343 25.57 43.29 89.00 41.35 239.60
344 25.51 51.12 91.77 42.16 238.93
345 25.36 14.02 43.81 20.25 178.25
346 25.72 80.25 95.60 18.67 181.00
347 25.52 74.35 99.94 26.65 205.28
348 25.77 15.09 44.30 23.07 183.15
349 25.71 36.79 101.20 44.96 245.73
350 25.83 53.58 89.11 43.53 240.07
351 25.88 60.84 86.10 37.45 231.14
352 25.79 25.75 67.33 33.08 228.16
353 25.83 41.03 89.29 39.72 238.18
354 25.93 22.99 58.08 29.47 221.71
355 26.12 20.26 57.69 28.94 216.74
356 26.12 30.02 93.72 39.61 244.15
357 26.07 45.63 102.35 41.37 242.04
358 26.13 32.58 101.16 40.23 244.90
359 26.24 48.20 108.84 40.52 236.74
360 26.34 62.87 91.59 37.32 233.27
361 26.32 76.08 118.98 25.82 212.57
362 26.40 17.57 57.68 26.44 200.42
363 26.38 70.43 111.05 29.59 210.97
364 26.43 38.98 121.24 43.91 248.10
365 26.49 67.84 98.84 32.26 221.07
366 26.43 34.91 122.26 42.38 245.83
367 26.40 56.34 93.72 39.97 235.03
368 26.55 27.76 92.30 38.28 243.38
369 26.50 65.28 97.33 33.99 225.01
370 26.58 72.98 107.35 28.47 202.31
371 26.62 58.79 97.78 39.22 228.12
372 26.56 12.71 50.87 19.24 171.35
373 26.54 50.96 108.46 41.69 239.70
374 26.74 78.36 110.41 22.60 202.62
375 26.74 84.64 93.47 15.22 153.38
376 26.84 43.97 125.92 43.05 244.32
377 26.90 25.13 94.09 37.22 242.17
378 26.89 41.42 126.72 43.56 240.31
379 26.92 53.84 107.22 42.54 234.97
380 27.05 36.90 136.68 42.67 243.85
381 27.04 81.19 113.97 20.30 184.02
382 27.17 87.65 79.78 11.55 118.56
383 27.12 31.42 108.48 37.41 243.32
384 27.29 15.23 59.84 23.92 186.08
385 27.19 22.25 77.82 31.61 223.38
386 27.37 46.44 124.76 42.49 242.94
387 27.32 60.86 106.06 38.82 234.82
388 27.37 48.97 114.22 41.02 233.42
389 27.49 33.75 125.82 39.22 240.00
390 27.47 10.97 68.02 20.34 184.90
391 27.52 19.65 74.89 30.23 217.32
392 27.55 29.27 122.58 37.91 243.99
393 27.46 56.43 112.88 42.51 233.84
394 27.58 63.27 110.94 37.17 229.93
395 27.55 75.08 128.50 26.12 200.25
396 27.59 66.00 112.42 35.95 229.89
397 27.57 71.41 128.17 30.43 205.46
398 27.60 51.61 121.89 41.04 238.01
399 27.71 68.78 132.50 33.35 222.05
400 27.70 38.85 157.58 42.40 244.56
401 27.85 26.89 113.95 34.24 232.92
402 27.96 58.52 122.53 38.01 227.12
403 27.83 78.30 128.67 23.71 190.81
404 27.95 85.69 108.84 15.33 160.71
405 27.93 43.24 142.00 40.03 242.68
406 28.03 24.14 102.71 33.20 226.33
407 28.03 41.03 154.99 43.99 245.64
408 28.09 82.86 121.57 18.72 173.35
409 28.10 17.33 86.56 28.35 207.40
410 28.13 35.68 141.01 39.07 239.97
411 28.08 54.09 125.75 42.38 234.86
412 28.29 31.84 137.75 38.31 236.84
413 28.39 45.17 152.07 45.21 243.92
414 28.48 8.79 69.92 15.49 160.80
415 28.55 49.58 124.54 40.96 229.82
416 28.54 73.22 147.36 30.07 220.59
417 28.52 60.75 123.54 39.86 229.84
418 28.57 88.17 82.85 12.22 121.85
419 28.71 14.70 92.90 23.47 188.93
420 28.58 64.34 132.15 39.03 229.33
421 28.67 21.07 99.53 29.61 205.60
422 28.76 47.30 158.93 44.83 240.86
423 28.71 11.88 84.69 21.39 188.42
424 28.73 56.03 140.25 44.84 230.31
425 28.71 67.17 124.30 34.75 219.13
426 28.77 37.53 163.76 41.25 240.85
427 28.72 51.95 125.88 41.38 232.91
428 28.80 79.63 125.13 23.19 190.68
429 28.83 29.32 131.62 32.15 226.84
430 28.81 70.08 130.35 32.91 217.73
431 28.81 76.36 141.65 28.14 201.18
432 28.97 39.95 157.71 40.64 239.76
433 29.03 26.55 138.82 33.67 233.37
434 29.21 34.84 153.75 39.07 230.44
435 29.17 58.15 129.44 39.92 223.85
436 29.20 17.75 105.61 28.08 209.22
437 29.12 23.96 121.66 34.66 226.14
438 29.16 42.73 165.32 43.11 242.18
439 29.32 62.47 138.67 42.38 231.70
440 29.40 85.32 108.62 16.51 164.60
441 29.43 53.70 135.50 40.00 227.12
442 29.40 82.68 126.51 21.22 188.43
443 29.43 32.17 153.46 38.99 231.84
444 29.60 45.14 159.76 45.49 241.58
445 29.68 65.73 132.24 36.45 220.64
446 29.74 71.94 134.11 30.98 214.43
447 29.77 60.02 131.29 39.97 229.18
448 29.79 74.47 144.40 30.28 217.42
449 29.73 50.71 138.03 45.32 237.80
450 29.89 87.64 93.91 14.14 147.77
451 29.89 10.44 96.54 19.52 171.84
452 29.88 38.28 162.04 40.24 236.68
453 29.84 48.13 144.69 45.89 235.67
454 29.97 19.69 118.76 29.48 207.60
455 29.97 69.23 134.47 32.98 211.42
456 30.04 13.98 106.79 24.45 188.22
457 29.99 22.12 122.38 32.86 211.42
458 30.05 27.55 158.13 38.21 230.56
459 30.06 41.00 159.08 40.96 241.20
460 30.05 56.03 146.28 44.61 237.77
461 29.96 80.05 141.30 24.84 198.50
462 30.11 30.13 159.95 35.63 229.64
463 30.24 76.70 128.68 26.96 189.21
464 30.33 24.56 135.82 33.69 223.30
465 30.38 63.55 134.44 40.36 230.45
466 30.35 34.22 160.61 41.38 235.23
467 30.47 16.92 119.94 26.62 198.58
468 30.63 36.50 155.69 39.35 237.96
469 30.56 43.51 151.73 42.20 238.05
470 30.61 58.15 143.15 47.04 236.52
471 30.64 61.28 134.96 41.90 227.00
472 30.70 67.43 132.00 37.05 222.66
473 30.63 53.87 154.67 42.59 232.97
474 30.72 46.27 152.07 42.49 235.61
475 30.77 89.09 74.78 12.89 128.65
476 30.74 51.46 143.41 45.23 235.82
477 30.83 8.51 91.80 17.47 158.04
478 30.81 32.13 170.03 37.78 237.17
479 30.92 82.51 113.77 21.70 181.59
480 30.95 85.64 96.16 17.14 168.27
481 31.03 48.89 150.08 45.60 236.08
482 30.98 71.16 149.10 34.09 221.44
483 31.13 73.81 136.70 30.20 203.90
484 31.23 65.12 146.38 40.39 232.19
485 31.09 21.06 128.29 31.88 213.86
486 31.17 26.31 162.69 35.35 225.93
487 31.20 28.94 167.08 41.10 236.52
488 31.13 38.99 161.50 42.23 240.26
489 31.08 79.40 132.77 27.16 204.37
490 31.33 11.61 104.16 22.09 165.35
491 31.20 41.43 166.35 47.87 245.35
492 31.38 14.50 105.21 26.59 184.81
493 31.47 55.70 149.04 47.10 231.65
494 31.66 76.42 131.73 28.52 199.57
495 31.60 17.91 113.93 28.58 193.59
496 31.66 60.34 139.23 44.64 227.26
497 31.71 23.97 145.54 33.97 216.96
498 31.66 34.05 154.56 41.80 237.34
499 31.71 62.90 136.67 41.32 226.53
500 31.79 69.10 149.82 39.08 227.56
501 31.80 44.48 150.47 44.13 229.83
502 31.76 53.02 147.31 47.78 238.42
503 31.78 57.92 151.58 45.87 239.18
504 31.86 31.33 179.20 42.80 242.72
505 31.85 36.64 163.45 41.96 235.63
506 31.92 46.92 146.13 42.03 233.38
507 31.95 50.35 141.45 44.96 231.86
508 32.13 83.36 108.93 21.95 179.80
509 31.94 88.71 75.73 14.22 144.19
510 32.10 66.76 125.96 38.42 220.65
511 32.16 7.98 92.81 17.44 142.95
512 32.20 20.67 136.52 31.67 206.38
513 32.21 42.06 158.15 44.31 239.00
514 32.35 71.39 142.74 37.16 220.43
515 32.19 78.77 124.60 28.17 199.18
516 32.30 26.91 147.66 37.31 231.45
517 32.52 86.02 99.29 19.79 179.82
518 32.38 39.36 151.70 43.12 230.34
519 32.47 29.39 155.18 41.97 233.84
520 32.51 16.16 114.97 28.51 194.30
521 32.65 74.16 129.36 31.51 192.74
522 32.75 10.86 99.45 22.25 155.97
523 32.73 64.36 130.14 42.12 212.46
524 32.83 80.61 106.99 27.36 185.58
525 32.73 56.37 135.26 46.50 234.42
526 32.78 61.58 132.17 44.26 225.12
527 32.89 22.58 139.15 33.90 208.32
528 32.80 48.57 143.68 43.87 235.87
529 32.83 54.16 140.55 47.46 233.70
530 32.82 59.18 140.24 44.15 224.45
531 32.83 34.77 165.39 42.00 233.32
532 33.09 13.59 107.21 26.59 180.47
533 32.89 32.56 157.14 42.12 230.61
534 32.91 51.73 131.06 45.94 229.48
535 33.02 37.05 166.61 43.65 227.82
536 33.11 19.02 123.35 31.09 198.74
537 33.08 25.04 140.12 35.73 221.24
538 33.07 68.07 125.32 38.73 211.66
539 33.11 43.61 145.75 46.49 237.07
540 33.11 45.94 144.44 44.48 219.96
541 33.24 77.35 116.00 30.27 190.10
542 33.46 88.25 80.25 17.92 157.33
543 33.48 41.24 136.17 44.13 222.26
544 33.53 28.19 135.81 39.20 225.76
545 33.55 30.93 152.17 41.29 235.36
546 33.65 8.44 83.25 19.70 148.16
547 33.73 70.44 124.93 35.87 201.35
548 33.65 82.64 97.40 25.95 181.91
549 33.75 65.67 131.01 45.38 210.60
550 33.69 38.74 146.23 45.37 233.82
551 33.81 72.82 120.45 34.78 192.22
552 33.77 50.02 133.05 48.01 229.14
553 33.73 57.73 139.03 51.43 234.10
554 33.77 16.47 104.00 28.60 189.72
555 33.82 62.60 120.43 46.11 221.12
556 34.02 55.17 127.74 46.29 222.01
557 33.96 85.28 81.16 22.27 167.53
558 34.01 47.35 126.76 45.39 222.34
559 34.13 60.23 130.03 50.16 225.38
560 34.10 75.41 128.03 33.35 195.69
561 34.01 34.89 148.38 41.82 221.97
562 34.11 52.73 131.39 46.46 227.55
563 34.21 20.46 111.67 32.32 207.02
564 34.14 23.20 122.88 34.86 211.50
565 34.14 26.03 130.86 38.16 221.89
566 34.25 79.61 104.09 29.08 188.29
567 34.34 11.29 95.23 23.54 159.35
568 34.26 68.25 125.74 40.96 205.38
569 34.29 43.85 137.20 50.23 230.77
570 34.50 89.70 67.51 16.99 135.26
571 34.53 32.69 129.01 41.48 225.96
572 34.57 30.03 135.57 41.42 227.29
573 34.62 37.03 133.54 47.11 234.34
574 34.73 14.47 96.12 29.06 180.79
575 34.61 39.91 139.95 48.20 233.75
576 34.73 63.75 120.18 48.22 219.07
577 34.84 17.86 95.00 31.02 191.23
578 34.82 57.64 129.35 48.49 218.70
579 34.95 77.43 111.77 32.84 184.20
580 35.00 50.77 118.27 51.02 224.17
581 34.99 66.40 114.33 44.91 207.44
582 35.04 27.78 118.63 41.38 217.34
583 35.06 82.27 95.16 28.84 174.03
584 35.05 85.94 82.15 24.03 162.82
585 35.10 48.25 124.25 51.06 226.07
586 35.11 71.68 115.46 42.94 203.56
587 35.22 41.72 124.20 47.68 224.47
588 35.16 45.84 122.86 48.31 226.24
589 35.27 7.39 73.75 19.87 145.30
590 35.23 25.00 114.71 39.74 214.16
591 35.30 74.41 115.86 35.95 192.60
592 35.34 55.66 133.47 51.44 226.82
593 35.42 61.71 111.49 50.36 210.15
594 35.41 22.33 103.38 35.33 208.15
595 35.41 53.37 122.12 53.01 227.67
596 35.38 69.27 112.56 47.32 206.54
597 35.47 59.51 128.90 53.78 227.04
598 35.52 35.63 115.32 45.82 232.09
599 35.48 91.57 52.71 17.68 116.32
600 35.64 10.15 77.29 24.35 151.34
601 35.60 31.24 107.90 44.70 224.04
602 35.72 33.51 105.68 46.45 228.56
603 35.64 38.49 126.52 49.38 231.93
604 35.80 79.55 102.33 34.38 176.22
605 35.76 19.74 93.81 34.03 202.32
606 35.82 43.81 128.49 55.58 234.86
607 35.92 13.29 80.77 28.26 165.03
608 35.80 64.64 117.92 48.73 206.33
609 36.02 16.62 89.06 31.35 183.94
610 35.99 87.83 73.28 23.61 147.54
611 35.83 90.39 55.39 18.17 128.17
612 36.13 29.27 106.75 43.90 223.37
613 36.16 76.43 107.47 38.59 187.24
614 36.21 84.05 83.05 31.41 157.78
615 36.24 67.49 114.77 48.51 203.67
616 36.25 26.63 101.51 41.25 213.78
617 36.31 57.53 117.38 53.80 212.91
618 36.23 48.38 131.40 55.10 229.22
619 36.19 50.94 116.18 50.50 217.27
620 36.37 72.50 110.48 45.19 184.05
621 36.42 24.14 95.15 40.51 211.55
622 36.41 41.57 114.00 50.70 213.36
623 36.57 55.03 116.65 60.10 223.82
624 36.58 45.95 125.97 57.91 226.04
625 36.61 6.78 56.10 19.50 127.49
626 36.61 60.30 117.09 53.57 208.67
627 36.71 70.01 101.30 46.28 177.80
628 36.63 36.82 103.60 48.30 219.32
629 36.69 62.77 111.99 54.36 201.12
630 36.74 81.07 94.80 34.03 167.22
631 36.70 39.43 108.18 49.00 208.13
632 36.78 31.72 100.71 46.27 219.52
633 36.87 52.70 127.18 60.23 229.58
634 36.88 20.53 82.61 37.83 200.73
635 36.96 34.22 96.97 49.77 209.08
636 36.90 65.31 107.13 52.39 190.07
637 37.01 90.28 62.16 21.94 123.21
638 36.96 11.11 64.99 25.05 138.55
639 37.16 74.15 105.14 44.35 182.32
640 37.19 14.70 79.40 32.90 180.57
641 37.18 43.84 125.52 58.70 225.93
642 37.24 17.89 76.98 33.72 181.57
643 37.25 77.36 108.98 41.45 188.42
644 37.20 28.15 96.44 47.69 216.06
645 37.33 86.51 73.92 28.74 142.30
646 37.32 22.74 88.63 41.92 212.60
647 37.39 48.01 129.52 60.14 224.14
648 37.39 50.26 121.89 62.89 230.04
649 37.44 58.54 118.37 65.03 205.74
650 37.52 67.59 104.38 53.47 186.58
651 37.34 84.67 81.70 32.10 164.13
652 37.62 25.58 94.11 45.30 210.68
653 37.64 83.06 84.03 34.56 157.69
654 37.72 56.35 123.26 65.03 208.49
655 37.77 8.68 58.90 23.73 140.37
656 37.74 41.30 116.94 59.76 218.36
657 37.83 30.24 93.04 48.53 214.04
658 37.74 61.46 109.88 61.97 193.22
659 37.79 38.54 104.70 53.47 218.94
660 37.80 54.06 124.98 63.75 214.81
661 37.79 36.00 98.85 55.35 209.69
662 37.90 79.79 99.99 40.52 171.78
663 37.86 64.16 111.40 57.04 193.67
664 37.93 70.11 103.64 52.79 173.34
665 38.10 46.40 131.41 67.77 221.45
666 38.04 32.59 99.54 50.74 210.52
667 38.18 51.77 119.17 67.55 208.80
668 38.31 11.77 62.94 28.06 128.80
669 38.43 21.00 82.37 41.22 189.43
670 38.37 72.32 104.24 55.45 169.20
671 38.22 75.00 106.65 48.20 170.96
672 38.36 89.15 68.02 28.18 122.04
673 38.40 15.25 69.86 33.90 146.70
674 38.45 23.81 88.30 43.79 198.56
675 38.37 27.56 94.83 50.24 204.67
676 38.39 43.95 117.53 63.38 205.36
677 38.44 59.33 112.14 65.40 191.54
678 38.46 18.23 69.79 38.34 172.67
679 38.54 66.23 111.34 62.42 174.79
680 38.63 49.26 128.30 69.59 209.77
681 38.58 85.49 79.04 32.28 136.46
682 38.72 77.33 94.75 46.80 151.79
683 38.82 34.60 96.83 55.28 199.98
684 38.85 81.52 81.32 39.31 143.24
685 38.88 57.04 126.92 74.46 197.58
686 38.90 63.37 108.18 65.34 177.64
687 38.93 37.25 105.65 57.97 200.13
688 38.92 39.74 101.05 59.31 187.30
689 38.94 68.68 108.74 65.64 170.56
690 38.97 54.57 124.52 79.88 211.40
691 39.03 61.17 117.76 67.07 184.39
692 39.08 93.36 49.37 21.26 80.68
693 39.03 7.99 54.04 25.00 129.17
694 39.04 29.43 91.65 54.27 208.81
695 39.16 42.20 114.36 65.24 197.91
696 39.29 32.15 99.90 54.68 200.78
697 39.22 52.23 130.39 73.35 199.03
698 39.26 25.94 97.26 51.00 198.71
699 39.29 45.80 117.35 74.18 203.23
700 39.41 90.73 68.03 28.32 115.05
701 39.51 13.62 65.49 33.88 144.60
702 39.55 70.82 105.29 67.67 159.76
703 39.40 74.32 105.54 59.05 152.97
704 39.58 5.68 48.78 21.65 111.48
705 39.63 23.00 88.05 50.88 195.63
706 39.58 17.86 68.82 40.58 162.59
707 39.73 48.28 129.03 84.35 200.60
708 39.67 65.30 104.94 72.37 167.64
709 39.84 10.50 59.37 31.68 137.43
710 39.75 58.62 127.00 75.72 181.28
711 39.83 78.54 104.41 53.53 160.01
712 39.76 84.04 90.58 43.57 149.53
713 39.87 86.63 78.15 36.52 127.80
714 39.76 88.27 75.02 35.03 124.47
715 40.06 20.46 83.00 51.25 198.60
716 40.05 50.55 130.24 85.51 201.05
717 40.04 55.63 118.65 80.99 177.54
718 40.03 67.74 100.50 76.72 156.74
719 40.08 35.08 105.43 59.73 186.25
720 40.02 37.90 110.91 70.95 195.49
721 40.16 27.90 99.17 59.01 187.46
722 40.09 60.66 112.10 82.15 168.64
723 40.16 30.34 98.62 64.57 202.92
724 40.22 43.77 109.27 74.90 173.80
725 40.24 63.03 111.23 81.24 158.49
726 40.32 81.07 95.99 49.86 135.40
727 40.24 40.61 103.88 72.22 184.79
728 40.34 53.18 125.73 87.30 184.55
729 40.40 15.69 67.85 42.63 159.65
730 40.38 25.25 92.61 60.07 189.98
731 40.38 72.69 110.34 73.98 155.69
732 40.48 75.93 99.37 65.58 144.45
733 40.45 8.20 56.58 26.55 122.08
734 40.41 92.89 58.35 30.79 93.05
735 40.47 46.35 110.13 88.40 189.70
736 40.60 32.69 105.89 67.46 200.74
737 40.72 57.30 117.73 83.97 167.39
738 40.85 4.94 49.13 26.05 106.08
739 40.79 6.77 55.06 26.69 116.47
740 40.99 70.41 108.15 89.70 152.87
741 40.80 90.65 72.57 35.11 108.57
742 40.96 12.24 62.57 38.39 139.61
743 40.94 65.51 105.46 89.95 146.07
744 41.09 22.12 87.27 54.60 168.36
745 41.10 18.19 68.78 50.67 153.90
746 41.05 48.42 118.82 93.10 175.94
747 41.05 89.29 75.93 37.86 113.76
748 41.04 83.80 86.70 46.88 128.02
749 40.84 87.86 74.16 39.24 119.12
750 41.06 36.85 102.58 74.12 181.30
751 41.10 60.81 116.86 94.07 152.67
752 41.20 68.05 104.96 95.16 147.91
753 41.27 78.84 98.76 66.37 144.14
754 41.24 86.63 80.03 44.22 114.34
755 41.25 42.23 110.30 87.96 178.94
756 41.35 50.76 119.92 99.96 163.71
757 41.51 39.31 111.03 85.03 181.24
758 41.52 55.58 110.26 97.74 140.55
759 41.50 27.66 96.23 71.04 186.04
760 41.39 30.24 99.44 65.21 176.67
761 41.44 73.73 105.90 85.31 145.80
762 41.49 25.01 98.90 68.99 183.92
763 41.50 34.14 99.80 75.95 182.31
764 41.50 63.18 110.14 107.26 148.09
765 41.52 45.48 114.86 98.43 180.07
766 41.48 53.14 119.53 98.57 157.24
767 41.60 58.40 119.74 98.99 147.18
768 41.62 14.92 66.29 44.95 135.55
769 41.64 93.75 52.17 33.56 77.64
770 41.73 9.21 60.57 33.69 117.29
771 41.71 91.57 53.74 34.72 82.08
772 41.88 76.38 98.80 73.84 129.68
773 41.97 81.35 82.26 63.52 121.36
774 42.12 19.18 70.74 59.63 146.56
775 42.18 66.29 102.08 102.79 128.08
776 42.28 5.31 53.60 32.21 105.51
777 42.28 31.95 99.36 84.39 176.71
778 42.35 72.03 98.51 94.81 119.99
779 42.30 23.29 86.67 73.64 164.21
780 42.20 36.57 107.98 93.05 176.24
781 42.23 48.64 127.38 107.46 152.72
782 42.22 60.41 113.29 118.18 143.51
783 42.37 43.62 114.75 99.75 165.52
784 42.29 85.19 75.28 55.91 111.72
785 42.27 88.62 72.23 49.35 101.50
786 42.35 68.96 99.82 102.29 123.07
787 42.43 41.14 105.88 90.64 153.82
788 42.56 12.48 60.54 43.19 117.90
789 42.55 64.13 105.49 121.69 136.92
790 42.57 51.55 113.18 113.97 139.88
791 42.53 54.01 118.10 116.97 136.25
792 42.73 15.95 67.53 55.71 127.40
793 42.66 26.51 93.47 77.68 160.92
794 42.67 29.25 94.95 81.12 166.67
795 42.72 46.36 120.18 110.20 145.16
796 42.85 78.24 86.61 79.43 114.31
797 42.91 21.20 84.20 77.48 166.23
798 42.83 34.18 99.26 92.40 162.23
799 42.84 57.92 107.52 116.78 121.22
800 42.91 38.80 105.13 98.19 157.81
801 43.00 55.86 110.93 127.60 122.62
802 42.95 94.03 51.56 41.88 68.76
803 43.01 8.00 59.21 36.39 104.67
804 43.02 62.09 101.33 117.89 118.65
805 43.03 74.82 95.94 100.96 113.36
806 43.00 91.30 58.99 46.06 83.03
807 42.99 82.57 85.56 65.50 103.39
808 43.33 49.93 120.50 138.51 135.40
809 43.33 70.57 102.66 110.51 119.85
810 43.49 18.45 79.06 70.84 135.41
811 43.48 59.97 102.09 128.86 110.32
812 43.48 36.38 106.62 102.58 147.80
813 43.54 67.68 99.71 114.85 108.01
814 43.52 31.17 99.86 96.62 159.82
815 43.50 44.43 121.60 122.21 146.51
816 43.56 65.29 100.45 124.78 112.85
817 43.63 80.41 81.04 77.10 95.40
818 43.61 87.93 74.00 63.15 87.09
819 43.67 10.80 67.90 51.37 116.24
820 43.62 25.45 92.82 85.43 153.14
821 43.59 41.66 109.00 119.72 148.81
822 43.75 23.15 86.97 81.01 146.21
823 43.72 47.76 113.28 134.57 136.10
824 43.59 53.45 109.85 122.93 118.01
825 43.56 86.24 72.87 62.50 89.57
826 43.51 83.67 77.16 70.42 94.42
827 43.80 28.10 97.13 104.06 167.70
828 43.84 84.88 77.49 71.41 93.36
829 43.99 14.73 66.44 61.03 105.00
830 44.10 72.64 101.25 111.05 98.60
831 44.00 33.89 97.22 98.48 138.65
832 44.13 39.11 95.90 112.80 126.39
833 44.15 62.99 100.35 140.92 106.82
834 44.18 56.51 100.16 130.50 101.05
835 44.27 51.35 102.28 134.46 107.45
836 44.26 75.53 87.42 101.96 89.48
837 44.40 8.20 53.53 44.81 95.54
838 44.38 20.86 77.20 84.70 129.40
839 44.18 93.53 48.24 54.65 57.54
840 44.61 78.14 80.60 98.98 80.74
841 44.43 59.08 98.53 140.90 100.06
842 44.48 90.32 58.10 65.50 68.12
843 44.49 69.32 94.13 121.08 97.69
844 44.48 45.13 103.28 140.34 120.90
845 44.57 36.55 93.15 116.77 121.72
846 44.66 42.49 105.82 137.79 130.63
847 44.84 83.50 79.03 87.01 80.57
848 44.76 17.78 67.30 72.28 104.80
849 44.77 29.65 94.93 109.35 130.15
850 44.71 66.24 90.79 135.72 95.99
851 44.81 31.91 88.01 113.22 124.85
852 44.73 53.63 104.05 146.43 99.68
853 44.81 11.72 57.81 52.60 85.18
854 44.90 27.14 89.77 105.27 132.56
855 44.86 24.66 89.76 101.49 135.04
856 44.79 47.38 98.16 144.75 110.44
857 44.86 86.61 74.85 76.62 74.43
858 45.10 49.59 97.79 149.78 100.52
859 44.95 80.87 79.07 93.19 79.31
860 45.09 60.99 91.25 147.22 91.01
861 45.05 4.98 47.21 48.54 78.49
862 45.24 71.32 97.89 131.64 88.44
863 45.28 63.53 85.89 137.60 83.33
864 45.23 34.37 91.44 125.85 121.04
865 45.31 39.99 95.66 137.49 108.28
866 45.39 15.02 60.00 64.47 89.31
867 45.34 55.77 93.30 147.17 90.35
868 45.41 73.79 94.07 122.03 77.53
869 45.61 22.74 78.39 98.71 114.42
870 45.55 58.13 95.72 157.94 88.24
871 45.46 92.37 50.21 67.41 53.72
872 45.54 37.50 91.51 136.81 108.77
873 45.61 51.72 90.44 155.30 89.90
874 45.74 20.22 69.30 88.46 105.67
875 45.58 44.77 97.60 155.60 100.24
876 45.68 67.79 90.73 145.30 80.66
877 45.89 76.05 79.32 121.69 71.91
878 45.90 9.27 52.83 57.50 72.03
879 45.88 42.53 103.44 155.06 103.75
880 45.88 47.32 97.71 166.04 87.76
881 46.00 65.37 89.43 144.99 74.92
882 45.94 88.68 60.54 74.41 54.85
883 46.02 12.55 53.57 67.30 78.02
884 46.02 30.36 82.87 129.85 102.95
885 46.07 25.53 83.65 123.24 121.51
886 46.01 53.82 90.73 161.13 83.51
887 46.06 85.07 71.11 92.27 62.56
888 46.12 78.88 79.23 110.05 66.18
889 46.13 6.48 47.44 61.16 71.10
890 46.18 17.66 64.06 82.72 89.16
891 46.19 28.05 80.39 123.99 99.64
892 46.15 32.92 79.04 132.88 101.06
893 46.22 70.10 92.12 144.17 69.62
894 46.14 81.86 70.35 97.81 61.01
895 46.18 61.61 93.33 147.55 75.45
896 46.30 35.45 82.55 142.00 96.08
897 46.48 40.51 95.51 169.57 99.75
898 46.54 50.23 88.63 163.56 76.57
899 46.57 59.16 86.65 159.96 73.91
900 46.65 72.64 92.19 143.16 73.93
901 46.66 55.65 90.20 161.78 73.11
902 46.53 91.33 52.42 79.02 49.88
903 46.60 38.08 84.24 154.38 94.91
904 46.69 45.09 88.26 165.05 76.15
905 47.01 14.84 56.87 85.24 70.95
906 46.91 63.67 87.18 146.60 68.37
907 46.99 94.36 36.84 73.77 32.41
908 47.05 23.55 77.09 125.18 102.90
909 46.91 47.95 86.39 164.65 75.17
910 46.99 68.14 88.37 148.18 64.44
911 46.88 92.45 39.94 75.29 35.88
912 47.04 52.62 96.06 175.15 74.56
913 47.09 21.07 64.44 106.12 83.58
914 47.16 77.03 78.28 123.57 52.14
915 47.12 31.58 73.66 147.33 85.08
916 47.23 83.53 68.81 103.26 49.13
917 47.23 11.54 53.40 77.89 57.04
918 47.17 42.48 96.46 184.70 87.21
919 47.34 7.98 47.75 74.06 54.18
920 47.32 66.00 83.34 152.20 64.38
921 47.27 26.04 70.87 133.44 89.49
922 47.38 28.94 75.30 144.48 82.34
923 47.45 57.13 89.69 161.39 64.99
924 47.40 79.96 76.19 115.39 51.70
925 47.42 86.55 61.40 98.90 44.79
926 47.39 17.97 56.96 100.74 67.63
927 47.43 61.36 95.91 154.44 63.93
928 47.43 89.43 55.51 95.85 44.15
929 47.52 74.36 85.11 135.71 59.42
930 47.52 33.91 74.64 145.72 73.91
931 47.41 36.46 82.33 171.84 86.32
932 47.56 70.48 82.49 147.46 58.57
933 47.53 39.35 85.51 169.13 76.16
934 47.65 45.53 93.79 178.43 73.57
935 47.81 50.11 86.99 169.48 61.87
936 47.88 59.17 85.30 163.25 57.93
937 48.04 55.00 89.65 168.08 61.07
938 48.03 47.81 86.54 175.41 60.43
939 48.22 92.15 45.11 82.78 29.57
940 48.18 43.43 87.72 185.15 69.43
941 48.20 63.74 85.99 149.92 52.65
942 48.14 52.60 87.73 169.94 54.27
943 48.35 13.71 51.01 96.64 54.83
944 48.24 31.49 76.26 162.44 69.01
945 48.25 72.36 85.86 147.21 52.58
946 48.34 20.67 59.20 116.51 62.08
947 48.27 26.84 71.76 139.35 63.85
948 48.28 41.12 83.51 174.13 63.94
949 48.36 95.14 31.76 73.45 20.19
950 48.40 23.57 66.45 131.54 61.78
951 48.45 68.88 86.15 154.08 54.25
952 48.47 76.31 85.90 123.54 44.38
953 48.37 81.72 73.61 114.14 42.88
954 48.50 9.89 44.26 89.02 43.16
955 48.40 35.47 80.01 168.12 63.51
956 48.54 17.28 57.36 107.84 57.47
957 48.47 38.53 85.17 176.60 67.96
958 48.45 66.34 84.27 155.70 52.40
959 48.65 84.72 67.40 111.19 38.66
960 48.58 88.03 53.21 91.50 31.89
961 48.62 6.04 35.86 83.66 39.59
962 48.73 29.48 73.28 161.72 63.21
963 48.73 78.87 80.41 118.85 39.09
964 48.64 61.20 89.83 156.89 53.44
965 48.72 45.82 90.40 179.44 52.47
966 48.60 89.67 45.61 85.03 30.42
967 48.86 57.77 83.85 152.88 48.72
968 49.12 33.47 81.97 163.72 57.53
969 49.00 50.64 93.90 176.12 51.19
970 49.09 73.90 90.82 141.95 45.51
971 49.21 48.24 91.69 171.30 47.65
972 49.02 7.13 33.89 86.44 42.11
973 49.36 25.07 69.65 147.48 58.71
974 49.22 37.09 76.44 164.19 52.02
975 49.30 52.98 89.09 166.92 47.09
976 49.30 71.18 84.23 153.44 46.29
977 49.32 55.66 85.75 155.02 46.60
978 49.35 27.55 70.02 152.05 55.02
979 49.35 41.71 95.06 178.39 53.12
980 49.40 44.00 86.35 172.91 50.75
981 49.48 65.34 82.99 159.08 43.15
982 49.52 15.32 48.07 105.82 39.35
983 49.52 63.15 91.03 158.01 44.67
984 49.58 90.98 44.75 82.41 22.94
985 49.57 19.33 55.28 120.00 46.79
986 49.68 22.31 63.84 139.08 52.34
987 49.60 93.59 41.88 81.05 20.42
988 49.57 67.96 85.89 150.55 40.80
989 49.60 87.07 60.37 101.92 29.15
990 49.59 11.75 43.17 101.15 37.63
991 49.71 60.44 89.06 161.33 41.80
992 49.73 31.52 75.63 164.37 51.83
993 49.67 39.32 89.03 174.50 50.83
994 49.65 81.24 72.02 111.25 33.71
995 49.86 78.11 77.79 132.02 38.45
996 49.81 35.15 75.91 168.85 52.07
997 49.87 7.95 36.58 91.35 33.52
998 49.96 75.35 79.95 129.42 36.66
999 49.95 46.19 80.93 174.15 40.03
1000 49.97 83.93 64.85 105.82 29.39
1001 50.02 89.39 49.39 86.94 24.52
1002 50.19 29.47 71.75 165.05 44.88
1003 50.16 49.82 85.22 179.73 43.26
1004 50.10 58.07 85.00 161.62 41.82
1005 50.23 54.38 89.59 165.85 41.39
1006 50.29 70.07 87.71 153.33 38.30
1007 50.47 27.12 67.58 157.35 45.48
1008 50.41 37.00 80.27 175.59 42.79
1009 50.50 72.79 82.10 146.81 37.40
1010 50.56 16.94 48.44 124.04 37.55
1011 50.42 41.52 90.03 180.30 43.49
1012 50.61 51.91 88.15 177.03 42.19
1013 50.51 66.34 90.49 152.71 39.16
1014 50.56 43.89 92.46 180.17 42.25
1015 50.68 24.68 65.88 151.12 41.25
1016 50.79 33.57 79.44 170.05 41.73
1017 50.64 47.73 79.72 182.40 38.37
1018 50.61 62.50 90.87 159.34 38.57
1019 50.74 13.81 48.04 112.86 32.46
1020 50.80 86.97 61.47 99.87 23.64
1021 50.77 94.80 37.04 78.12 14.35
1022 50.77 5.40 31.78 96.02 24.13
1023 50.82 10.76 42.38 102.42 29.16
1024 50.83 19.80 52.26 126.12 32.71
1025 50.93 56.39 87.64 171.05 38.46
1026 50.87 91.99 47.41 85.42 20.23
1027 50.90 39.07 91.71 181.82 38.60
1028 50.96 80.54 72.55 123.13 29.31
1029 51.01 31.40 75.19 175.43 42.76
1030 51.02 59.91 84.18 158.25 33.76
1031 51.09 22.24 61.36 135.44 38.02
1032 51.01 77.51 72.77 124.18 29.10
1033 50.94 3.75 28.00 95.59 21.54
1034 51.15 68.17 90.86 158.52 35.31
1035 51.17 83.83 64.83 105.47 25.08
1036 51.32 1.88 16.99 73.38 9.11
1037 51.24 7.42 39.16 99.89 23.95
1038 50.97 9.10 38.15 100.55 23.60
1039 51.30 64.57 89.46 159.49 32.82
1040 51.23 89.43 54.42 92.40 21.03
1041 51.35 35.57 83.17 178.67 40.43
1042 51.36 75.16 75.31 136.74 30.06
1043 51.40 45.98 86.14 185.33 37.49
1044 51.39 53.91 98.67 187.16 41.03
1045 51.45 70.82 83.52 148.81 31.87
1046 51.45 97.18 18.77 56.42 5.60
1047 51.52 29.34 74.55 160.47 35.25
1048 51.54 49.16 82.08 173.54 32.25
1049 51.52 41.06 87.01 175.97 34.27
1050 51.69 26.68 69.74 157.41 32.53
1051 51.64 43.75 83.43 178.51 34.09
1052 51.89 58.08 91.35 165.08 32.07
1053 51.78 62.23 85.83 165.50 32.85
1054 51.84 16.45 48.63 118.72 26.15
1055 51.85 37.93 85.66 174.22 33.89
1056 51.88 51.46 80.94 174.21 30.33
1057 51.95 73.06 79.01 152.44 30.80
1058 51.99 13.40 44.76 110.98 23.55
1059 52.06 24.30 63.16 146.00 30.95
1060 52.11 19.22 54.08 125.27 25.67
1061 52.01 86.16 60.23 105.22 20.79
1062 52.11 94.07 35.07 78.34 11.83
1063 52.05 4.68 31.87 94.46 17.38
1064 52.14 10.11 43.90 113.71 24.46
1065 52.13 82.24 69.66 110.74 21.82
1066 52.13 78.77 65.33 118.74 23.91
1067 52.16 31.90 74.59 167.15 31.59
1068 52.22 55.73 79.97 172.65 32.22
1069 52.26 66.02 76.93 156.42 27.80
1070 52.12 91.80 43.13 87.35 14.79
1071 52.24 68.80 84.64 154.90 29.82
1072 52.42 33.81 81.06 168.04 31.84
1073 52.37 47.38 79.92 171.97 29.15
1074 52.45 21.70 58.94 137.13 29.19
1075 52.39 90.09 44.28 84.43 14.60
1076 52.44 60.35 86.36 168.99 30.06
1077 52.41 36.04 88.56 184.61 33.85
1078 52.61 97.70 13.67 49.99 2.88
1079 52.51 1.58 16.02 64.85 6.65
1080 52.56 28.40 73.11 166.23 31.09
1081 52.57 39.79 78.03 171.07 28.74
1082 52.59 42.39 78.42 171.43 28.31
1083 52.70 53.52 82.76 175.00 29.38
1084 52.62 75.50 68.89 143.80 24.96
1085 52.79 7.17 41.22 102.47 17.19
1086 52.71 44.97 78.36 175.51 28.36
1087 52.86 63.31 76.61 163.52 28.16
1088 52.92 71.61 74.73 147.47 23.73
1089 53.01 87.61 54.52 100.46 17.69
1090 53.02 30.56 82.94 169.52 30.76
1091 53.08 49.03 78.41 171.30 26.56
1092 53.15 26.42 70.40 150.86 24.95
1093 53.09 51.36 72.79 171.90 27.51
1094 53.01 84.54 59.62 103.98 19.92
1095 53.27 2.82 25.81 85.90 11.69
1096 53.18 57.80 79.91 166.16 26.75
1097 53.17 12.35 44.21 108.83 19.78
1098 53.13 16.27 52.84 121.65 22.31
1099 53.18 81.51 65.79 116.80 19.22
1100 53.33 24.09 66.53 145.60 24.81
1101 53.35 92.93 38.54 91.05 12.80
1102 53.36 37.73 84.52 171.95 28.48
1103 53.29 78.61 63.96 120.57 20.55
1104 53.44 66.77 80.13 151.22 23.33
1105 53.50 95.54 25.65 78.22 7.82
1106 53.39 69.23 71.98 154.52 25.88
1107 53.68 19.07 57.92 137.73 19.80
1108 53.44 35.32 83.96 169.71 27.10
1109 53.58 55.45 79.20 171.00 26.64
1110 53.52 60.28 77.00 170.64 28.47
1111 53.81 90.10 44.74 86.50 12.51
1112 53.69 32.81 78.90 169.74 26.00
1113 53.73 21.88 63.64 142.66 23.27
1114 53.62 40.72 77.17 167.90 25.15
1115 53.78 73.64 63.10 127.69 20.24
1116 53.75 9.42 41.19 110.34 17.15
1117 53.73 43.48 76.25 170.86 26.64
1118 53.74 28.65 67.80 165.68 26.70
1119 53.80 46.08 71.02 163.44 23.96
1120 53.46 88.56 39.86 89.43 15.14
1121 53.88 64.64 77.58 157.84 24.41
1122 53.84 76.04 60.61 135.02 20.74
1123 53.77 97.80 10.29 47.75 2.53
1124 54.04 53.15 73.33 170.02 24.85
1125 54.18 62.19 78.44 158.98 24.47
1126 54.20 5.55 30.40 98.42 12.51
1127 54.11 14.61 48.62 119.20 17.91
1128 54.15 84.11 53.96 112.27 17.41
1129 54.29 48.15 68.21 161.11 22.97
1130 54.26 50.48 72.88 160.69 23.56
1131 54.33 71.32 65.46 138.01 21.51
1132 54.31 80.71 66.62 125.01 19.39
1133 54.35 30.69 69.32 167.35 24.24
1134 54.43 12.01 42.69 110.17 16.37
1135 54.43 26.17 60.58 148.31 20.78
1136 54.46 87.27 48.48 94.26 12.85
1137 54.60 57.00 76.10 163.40 23.51
1138 54.42 16.24 46.49 120.20 15.83
1139 54.53 39.39 68.46 165.51 21.88
1140 54.55 59.30 79.30 164.88 23.63
1141 54.54 68.45 70.38 141.46 21.37
1142 54.47 34.86 75.89 178.42 24.57
1143 54.60 37.33 72.81 170.11 22.98
1144 54.70 92.72 37.29 82.56 9.18
1145 54.71 78.31 62.91 124.46 17.59
1146 54.80 23.56 54.47 139.61 19.73
1147 54.79 98.11 8.67 46.01 1.67
1148 54.67 20.55 51.66 134.14 18.93
1149 54.76 42.01 71.51 162.54 21.68
1150 54.73 95.63 24.43 75.80 6.71
1151 54.87 44.69 71.80 162.58 21.96
1152 55.00 65.95 75.45 148.42 20.69
1153 54.92 28.51 61.09 154.58 19.77
1154 55.10 17.97 49.10 121.80 15.51
1155 55.05 54.73 80.13 168.53 23.48
1156 54.98 8.35 34.87 106.02 13.04
1157 55.12 32.62 69.24 166.28 19.59
1158 55.08 63.60 82.03 157.80 22.50
1159 55.12 75.77 62.44 136.51 18.79
1160 55.22 73.34 63.65 134.20 18.19
1161 55.19 89.66 44.12 90.05 12.78
1162 55.21 52.07 73.40 165.05 21.73
1163 55.17 82.96 55.75 105.64 14.71
1164 55.35 47.05 70.97 166.77 22.33
1165 55.47 61.05 73.18 147.98 20.35
1166 55.41 13.44 44.23 118.56 15.28
1167 55.47 49.39 73.26 162.43 20.79
1168 55.53 70.15 65.81 135.71 19.91
1169 55.54 5.41 29.25 99.83 10.13
1170 55.60 26.24 57.26 150.15 19.34
1171 55.50 34.84 68.84 178.32 21.11
1172 55.72 10.67 38.04 111.38 12.47
1173 55.63 40.65 66.06 162.02 20.19
1174 55.74 86.92 46.95 94.29 12.36
1175 55.79 30.82 62.40 161.62 19.04
1176 55.77 80.49 61.40 113.51 15.33
1177 55.93 15.52 41.67 108.10 12.58
1178 55.71 20.92 48.59 123.18 15.91
1179 55.76 58.14 74.26 154.55 19.83
1180 55.82 67.72 69.83 140.06 18.75
1181 55.87 38.80 62.55 161.58 20.45
1182 55.96 36.80 67.19 168.51 19.54
1183 55.96 43.05 74.07 160.05 20.05
1184 55.94 77.89 63.96 125.13 16.45
1185 55.91 92.43 36.76 79.94 9.14
1186 55.92 94.36 30.65 72.22 5.32
1187 56.00 95.90 20.91 65.80 4.68
1188 56.04 23.69 52.57 138.46 16.20
1189 56.16 55.75 78.42 154.85 19.54
1190 56.13 45.55 69.29 161.06 19.74
1191 56.13 28.65 58.62 159.31 18.61
1192 56.24 53.20 78.07 161.93 20.85
1193 56.19 63.69 82.06 150.90 18.24
1194 56.25 71.99 67.01 135.80 16.72
1195 56.16 90.74 40.96 81.30 8.26
1196 56.33 83.87 50.83 94.76 13.28
1197 56.48 17.94 50.14 127.00 14.34
1198 56.41 75.20 65.34 124.72 14.86
1199 56.50 8.80 33.36 101.72 11.79
1200 56.48 50.84 73.15 155.38 19.53
1201 56.49 34.21 64.31 162.60 18.56
1202 56.68 65.82 78.09 146.40 18.38
1203 56.65 59.69 79.72 149.45 19.17
1204 56.68 48.44 77.73 151.61 18.38
1205 56.53 3.77 24.72 82.56 6.91
1206 56.53 7.07 33.69 101.80 9.66
1207 56.78 89.26 44.37 81.64 9.88
1208 56.80 5.25 25.32 90.17 8.06
1209 56.75 32.17 62.91 153.51 16.91
1210 56.87 12.47 38.76 97.28 10.33
1211 56.86 41.08 73.24 154.07 17.61
1212 56.97 61.88 86.82 143.38 18.34
1213 56.92 20.56 49.39 124.60 14.31
1214 56.98 25.30 55.56 140.17 15.03
1215 56.87 93.56 33.30 74.94 6.84
1216 56.93 81.32 57.21 102.09 13.27
1217 57.09 68.09 77.10 135.82 16.44
1218 57.17 57.34 76.39 142.01 17.51
1219 57.21 70.32 79.69 132.73 16.10
1220 57.12 86.50 48.14 88.03 11.75
1221 57.22 23.02 51.52 131.57 13.85
1222 57.13 27.44 57.63 145.54 16.49
1223 57.28 30.17 58.96 152.08 16.25
1224 57.12 44.11 79.01 147.65 18.05
1225 57.05 77.92 65.87 116.81 14.47
1226 57.13 36.64 68.88 157.90 17.83
1227 57.20 38.94 75.83 153.87 18.26
1228 57.23 73.22 73.14 125.68 15.36
1229 57.27 46.55 80.31 154.12 18.66
1230 57.24 54.19 78.34 156.55 17.23
1231 57.43 15.30 42.01 106.04 10.70
1232 57.27 32.80 57.36 153.82 15.36
1233 57.63 64.01 84.18 138.33 15.87
1234 57.75 91.94 40.30 75.07 7.12
1235 57.74 52.13 76.43 142.82 17.51
1236 57.67 34.27 68.81 162.64 16.44
1237 57.87 95.04 29.73 64.13 4.08
1238 57.71 9.79 40.62 103.25 9.82
1239 57.72 83.53 56.77 92.70 11.54
1240 57.82 18.12 46.85 113.73 12.34
1241 57.79 49.81 89.30 151.23 17.45
1242 57.86 75.12 71.62 114.90 13.70
1243 57.86 6.64 33.12 89.29 8.90
1244 57.90 42.57 92.56 154.18 16.84
1245 57.91 59.69 86.64 138.37 16.67
1246 57.87 79.58 63.88 101.69 11.99
1247 58.02 66.32 79.91 129.97 16.14
1248 58.09 55.61 83.55 139.48 16.41
1249 58.11 89.07 53.10 80.12 8.34
1250 58.23 21.08 49.95 116.01 11.11
1251 58.20 26.18 58.03 136.27 14.49
1252 58.29 32.39 73.05 149.53 15.04
1253 58.14 40.41 88.56 145.12 16.97
1254 58.37 12.90 44.19 95.47 10.05
1255 58.30 47.55 98.84 140.86 15.86
1256 58.32 61.80 85.76 130.26 15.55
1257 58.25 71.74 78.22 119.06 15.54
1258 58.30 28.57 60.59 137.58 14.41
1259 58.24 37.92 80.45 150.63 15.73
1260 58.35 44.83 98.68 145.58 16.17
1261 58.36 77.28 67.93 98.93 11.75
1262 58.50 24.03 55.65 128.19 13.75
1263 58.47 68.91 79.09 119.14 13.47
1264 58.45 35.77 77.04 154.91 15.79
1265 58.51 86.37 56.15 86.75 9.98
1266 58.50 57.69 94.53 138.64 15.78
1267 58.81 16.05 47.67 109.28 11.12
1268 58.74 30.48 69.30 138.16 13.87
1269 58.84 53.79 86.24 127.25 15.34
1270 58.74 81.18 61.93 94.80 11.05
1271 58.90 63.96 92.14 124.71 14.57
1272 58.86 50.87 90.27 135.89 16.16
1273 58.92 9.51 42.23 93.80 8.71
1274 59.02 91.77 53.70 71.16 6.28
1275 59.10 73.33 78.42 116.77 12.83
1276 59.03 83.71 67.83 89.87 11.39
1277 59.13 19.37 49.03 106.02 9.66
1278 59.04 42.36 118.94 148.30 17.04
1279 59.12 75.74 83.92 111.31 12.97
1280 59.19 66.29 98.49 125.92 13.81
1281 59.26 33.88 78.31 138.35 14.35
1282 59.21 95.05 32.18 55.83 3.31
1283 59.21 39.79 109.21 142.80 15.36
1284 59.30 59.14 87.25 131.86 14.15
1285 59.42 48.57 107.39 134.49 15.04
1286 59.37 37.17 92.39 144.80 14.78
1287 59.33 46.15 111.03 135.30 14.70
1288 59.49 56.41 94.01 127.68 14.59
1289 59.52 88.43 60.68 76.23 7.83
1290 59.43 22.34 57.27 110.93 10.16
1291 59.31 27.76 69.62 124.55 12.57
1292 59.55 78.33 82.39 97.88 11.52
1293 59.47 70.72 85.06 114.70 12.80
1294 59.48 25.55 62.60 125.55 12.63
1295 59.69 6.88 39.39 71.62 6.16
1296 59.59 61.69 90.10 120.21 14.36
1297 59.79 31.70 75.78 130.72 12.34
1298 59.71 12.19 46.74 90.78 8.99
1299 59.75 68.19 93.50 115.11 12.89
1300 59.83 52.45 91.88 127.62 15.24
1301 59.91 43.94 116.74 135.01 14.43
1302 59.90 15.04 52.70 97.69 9.24
1303 59.89 85.33 69.24 82.13 9.11
1304 59.96 81.52 69.74 88.36 10.57
1305 59.94 28.67 84.23 127.51 14.45
1306 59.81 5.56 33.07 72.00 5.87
1307 60.10 17.85 54.57 97.78 9.26
1308 60.05 64.26 95.30 119.36 12.69
1309 60.10 50.06 98.17 118.03 14.20
1310 60.18 9.34 45.94 83.55 7.99
1311 60.13 35.60 87.65 126.68 12.84
1312 60.22 41.62 108.50 130.55 13.62
1313 60.29 54.77 98.57 122.97 14.95
1314 60.29 92.55 56.09 62.18 5.14
1315 60.25 39.33 97.28 127.96 14.59
1316 60.18 75.07 96.82 103.68 11.39
1317 60.32 72.30 90.06 105.03 11.72
1318 60.48 20.71 61.06 101.26 9.73
1319 60.36 59.33 90.01 119.52 13.55
1320 60.35 90.33 62.96 62.55 6.40
1321 60.50 23.78 65.62 105.92 11.36
1322 60.34 46.36 111.23 126.20 13.81
1323 60.52 29.79 85.25 127.41 13.34
1324 60.52 26.46 75.20 116.64 11.41
1325 60.63 33.25 74.59 120.85 12.64
1326 60.77 66.29 102.74 99.70 11.74
1327 60.76 69.30 97.70 105.75 11.90
1328 60.69 79.32 83.07 80.31 10.09
1329 60.90 56.95 95.53 114.12 13.56
1330 60.86 61.65 99.54 113.06 13.05
1331 60.66 87.58 64.89 62.54 6.82
1332 60.83 37.62 95.07 121.91 13.18
1333 60.90 83.39 69.52 76.79 9.36
1334 60.97 76.52 95.92 82.41 10.41
1335 61.00 14.33 52.49 81.23 8.72
1336 61.12 48.07 103.27 116.73 12.88
1337 61.02 52.93 98.23 110.33 11.94
1338 60.96 86.32 63.33 70.02 8.80
1339 61.05 43.29 110.43 124.32 12.52
1340 61.14 50.57 102.78 111.76 12.80
1341 61.25 6.82 45.68 60.32 5.18
1342 60.88 7.63 48.56 68.78 6.11
1343 61.28 11.49 46.83 78.11 7.40
1344 61.22 63.95 99.06 96.61 11.74
1345 61.28 17.35 55.37 89.27 9.05
1346 61.21 35.28 90.88 111.19 12.88
1347 61.33 73.63 96.22 90.30 9.99
1348 61.34 27.76 83.95 114.43 10.37
1349 61.29 31.08 88.03 105.98 11.19
1350 61.36 45.69 112.95 120.06 13.33
1351 61.30 40.45 102.53 111.08 13.59
1352 61.28 8.57 43.65 65.89 5.70
1353 61.55 70.96 100.93 90.17 10.07
1354 61.44 59.13 97.47 108.74 12.49
1355 61.59 91.10 60.25 59.39 5.46
1356 61.72 19.98 66.09 93.54 9.13
1357 61.69 22.80 69.86 87.42 8.94
1358 61.62 25.14 83.11 92.05 9.88
1359 61.69 54.80 102.14 109.65 13.21
1360 61.81 80.77 77.47 69.07 9.08
1361 61.76 33.10 96.15 105.34 11.08
1362 61.85 67.54 100.13 94.41 10.71
1363 61.91 78.26 88.50 72.53 9.18
1364 61.94 93.40 46.66 51.94 3.69
1365 62.14 88.56 64.97 50.41 5.86
1366 61.94 38.77 102.42 100.98 11.78
1367 61.86 85.26 68.42 62.80 7.42
1368 61.95 36.67 100.42 102.82 11.88
1369 62.15 62.19 95.82 92.00 11.99
1370 62.04 83.07 72.99 63.63 8.41
1371 62.14 29.42 98.61 111.71 11.25
1372 62.06 41.92 113.73 108.61 12.24
1373 62.11 51.92 112.45 97.04 12.32
1374 62.19 75.64 95.85 72.69 9.56
1375 62.06 86.68 70.56 60.35 7.53
1376 62.12 14.64 51.48 68.95 7.20
1377 62.20 44.26 117.90 105.02 10.54
1378 62.18 49.36 112.39 102.96 12.36
1379 62.27 65.00 103.04 87.69 10.53
1380 62.36 56.70 94.16 92.35 11.78
1381 62.31 9.04 51.67 60.98 5.97
1382 62.43 26.80 91.70 99.49 10.11
1383 62.50 46.77 128.26 104.90 12.00
1384 62.47 72.52 99.53 80.05 8.85
1385 62.40 59.37 99.89 96.11 10.85
1386 62.54 69.29 93.75 80.79 9.80
1387 62.48 17.83 58.07 76.94 7.96
1388 62.49 31.52 95.55 111.19 10.72
1389 62.55 34.41 89.73 100.73 11.42
1390 62.60 11.84 52.76 55.15 6.39
1391 62.74 39.79 111.09 96.80 11.60
1392 62.75 21.15 65.15 76.41 8.15
1393 62.82 53.94 109.82 88.56 12.50
1394 62.91 24.14 79.41 75.15 8.45
1395 63.03 91.07 64.25 45.43 4.55
1396 62.95 37.03 102.48 89.72 10.80
1397 63.04 85.64 71.80 47.09 6.84
1398 63.25 66.36 98.48 72.85 9.57
1399 63.21 80.32 75.67 56.58 8.66
1400 63.20 77.65 80.69 57.75 8.47
1401 63.22 83.06 79.88 54.63 7.79
1402 63.21 28.57 92.82 85.32 9.95
1403 63.21 42.05 122.73 86.53 11.74
1404 63.23 51.14 121.12 87.79 11.69
1405 62.99 12.91 44.77 53.54 5.31
1406 63.17 15.45 59.06 66.18 7.08
1407 63.29 60.66 100.91 79.60 10.77
1408 63.28 74.44 93.41 70.76 8.41
1409 63.22 48.65 112.24 92.16 12.00
1410 63.35 63.62 106.08 72.22 9.94
1411 63.27 44.56 140.79 100.67 12.42
1412 63.42 10.35 50.56 44.56 5.72
1413 63.45 33.02 102.05 90.63 10.68
1414 63.51 57.86 92.52 78.02 10.63
1415 63.47 71.07 90.02 64.67 9.12
1416 63.47 8.44 55.52 45.75 4.62
1417 63.61 18.99 62.49 63.21 7.29
1418 63.51 30.74 99.29 82.27 9.71
1419 63.61 26.32 88.38 75.41 8.90
1420 63.66 68.65 92.68 74.47 10.31
1421 63.79 55.38 94.26 74.15 10.43
1422 63.84 87.64 66.65 41.88 5.57
1423 63.60 21.70 70.44 68.82 9.10
1424 63.75 35.19 98.19 81.38 10.06
1425 63.80 39.38 119.47 83.88 10.91
1426 63.91 46.75 122.94 87.66 12.55
1427 63.99 13.20 57.48 48.74 6.50
1428 63.94 7.34 50.65 41.88 4.45
1429 64.00 52.83 101.65 70.88 10.32
1430 63.97 37.25 101.90 74.78 9.88
1431 64.13 16.34 62.64 55.19 6.22
1432 64.24 61.84 101.22 61.61 8.50
1433 64.21 24.52 81.77 63.48 8.37
1434 64.27 73.05 88.00 57.71 8.46
1435 64.21 75.91 87.51 57.00 7.88
1436 64.15 91.73 48.62 35.90 3.10
1437 64.21 43.47 133.60 78.89 10.35
1438 64.28 49.40 110.38 73.26 10.51
1439 64.29 84.76 71.43 41.05 6.22
1440 64.31 28.71 84.89 73.78 8.55
1441 64.38 41.23 128.21 77.42 10.42
1442 64.54 59.24 89.48 61.61 10.32
1443 64.43 81.27 76.31 43.38 6.98
1444 64.46 78.40 79.72 52.74 7.69
1445 64.41 22.04 74.39 57.83 7.37
1446 64.51 64.87 94.68 64.81 8.90
1447 64.52 67.43 96.56 63.99 8.69
1448 64.40 11.20 54.50 37.25 4.91
1449 64.53 31.14 93.96 71.84 8.91
1450 64.82 9.42 57.83 36.03 4.16
1451 64.61 33.62 95.16 73.67 9.93
1452 64.68 70.33 86.33 53.68 8.30
1453 64.80 45.13 131.32 80.38 11.35
1454 64.53 19.93 64.50 51.62 6.31
1455 64.88 56.36 92.04 60.40 9.12
1456 65.31 7.28 51.81 28.21 3.46
1457 64.86 18.80 67.81 48.47 6.55
1458 64.94 26.74 83.54 59.94 7.93
1459 64.86 38.17 115.58 71.20 9.80
1460 64.96 51.08 104.92 66.53 10.23
1461 64.69 89.12 60.55 35.55 5.06
1462 65.07 35.87 102.34 68.20 9.72
1463 65.08 53.66 90.22 62.66 9.44
1464 65.12 47.16 114.15 81.46 9.72
1465 65.22 62.84 100.72 57.74 8.45
1466 65.12 90.23 52.38 34.89 3.14
1467 65.21 16.34 59.41 40.13 5.80
1468 65.38 86.00 74.37 33.59 5.93
1469 65.14 87.85 60.59 31.86 5.24
1470 65.28 12.14 53.66 33.61 5.21
1471 65.12 13.97 51.11 30.66 5.20
1472 65.40 76.27 85.87 46.53 7.37
1473 65.36 42.69 137.93 70.59 10.47
1474 65.38 73.57 91.27 49.64 8.07
1475 65.46 21.62 78.20 46.46 6.14
1476 65.47 24.22 74.86 51.00 6.84
1477 65.45 40.13 121.00 62.89 9.50
1478 65.50 92.21 39.29 26.79 2.57
1479 65.40 29.00 85.00 54.71 8.46
1480 65.52 66.68 96.41 54.14 8.00
1481 65.45 82.44 82.04 37.38 6.92
1482 65.69 49.05 104.36 59.36 9.01
1483 65.75 60.50 101.30 53.24 8.68
1484 65.63 31.32 83.47 56.23 7.76
1485 65.70 58.18 94.38 51.51 8.59
1486 65.66 79.51 79.41 37.83 6.79
1487 65.66 33.47 88.43 58.31 8.36
1488 65.78 69.16 89.52 46.99 8.00
1489 65.89 18.86 66.90 47.06 7.38
1490 66.14 64.91 94.48 47.88 8.06
1491 66.02 45.10 121.22 67.34 10.17
1492 66.09 71.63 89.91 44.43 6.99
1493 66.10 10.22 53.35 26.48 3.77
1494 66.09 37.92 95.38 52.88 8.39
1495 66.20 51.14 97.00 53.70 8.63
1496 66.29 56.24 85.48 48.02 8.14
1497 66.19 89.66 58.36 24.44 3.52
1498 66.18 26.40 78.20 48.51 7.78
1499 66.14 35.44 93.66 52.95 8.28
1500 66.20 53.79 87.25 52.69 8.59
1501 66.29 13.94 55.94 31.51 4.68
1502 66.20 12.36 54.00 25.58 4.85
1503 66.39 47.08 116.33 63.41 9.58
1504 66.13 84.16 76.83 29.33 6.12
1505 66.44 62.76 100.04 47.22 8.11
1506 66.48 16.43 57.79 35.45 4.96
1507 66.46 43.01 122.86 60.66 9.20
1508 66.48 77.35 81.35 37.30 6.44
1509 66.43 28.93 84.41 51.03 7.68
1510 66.58 74.58 87.84 40.07 7.13
1511 66.60 40.50 110.81 52.27 9.53
1512 66.45 82.80 76.44 30.26 5.74
1513 66.58 87.48 70.34 27.17 4.29
1514 66.64 20.87 75.07 38.28 6.08
1515 66.44 81.22 71.26 29.63 6.70
1516 66.60 85.24 75.00 27.32 5.37
1517 66.60 23.85 79.21 42.92 6.04
1518 66.74 67.44 93.57 44.70 7.70
1519 66.75 31.18 90.76 50.59 8.45
1520 66.97 7.92 51.30 21.28 3.19
1521 66.91 33.23 91.58 45.51 8.46
1522 66.80 91.96 46.62 19.50 2.05
1523 67.06 58.71 96.30 48.50 7.83
1524 67.09 60.88 100.93 46.00 7.44
1525 67.16 48.94 103.68 53.09 8.55
1526 67.12 69.78 88.21 38.83 6.74
1527 67.16 10.54 48.99 22.84 3.62
1528 67.14 35.30 100.32 48.71 8.58
1529 67.19 79.27 76.99 33.38 5.67
1530 67.11 12.50 48.78 23.89 4.14
1531 67.18 37.68 101.76 46.66 8.72
1532 67.06 82.19 75.65 31.42 6.25
1533 67.37 72.52 101.48 38.42 6.78
1534 67.32 18.43 65.15 32.90 5.39
1535 67.29 51.55 101.60 46.91 8.54
1536 67.39 44.39 120.85 53.22 8.74
1537 67.39 54.25 91.65 45.38 8.08
1538 67.34 25.60 90.45 44.92 6.63
1539 67.32 90.97 48.40 18.30 1.87
1540 67.49 28.60 81.99 40.85 7.12
1541 67.46 65.65 96.70 40.93 7.20
1542 67.58 14.92 57.28 24.89 5.62
1543 67.58 56.52 102.33 44.96 8.28
1544 67.57 46.75 108.00 53.06 10.07
1545 67.58 22.00 77.88 34.99 5.50
1546 67.67 63.19 103.68 42.08 7.40
1547 67.60 41.85 106.06 44.30 9.21
1548 67.64 86.99 63.92 19.10 4.20
1549 67.70 75.83 81.17 31.85 6.79
1550 67.76 84.51 69.04 24.36 5.67
1551 67.89 88.61 61.63 17.57 3.40
1552 67.76 31.04 85.98 41.96 8.11
1553 67.91 39.17 111.65 45.67 7.83
1554 68.08 81.58 77.81 26.91 5.46
1555 68.22 67.77 93.66 37.77 6.81
1556 68.19 33.28 84.93 37.68 7.12
1557 68.17 8.48 54.08 17.86 2.70
1558 68.24 23.90 87.41 37.80 6.53
1559 68.23 35.75 94.87 41.38 8.45
1560 68.25 70.48 96.23 34.36 6.16
1561 68.27 26.90 84.12 39.51 6.49
1562 68.36 17.38 63.62 25.01 5.07
1563 68.34 50.11 100.74 44.12 7.96
1564 68.26 60.57 92.99 40.38 7.51
1565 68.31 52.55 92.39 42.21 8.24
1566 68.46 90.36 50.37 16.17 2.17
1567 68.38 12.06 49.38 20.79 3.86
1568 68.42 20.31 76.58 33.97 5.29
1569 68.41 78.43 80.01 27.30 5.90
1570 68.51 58.10 105.28 41.60 6.55
1571 68.62 45.51 92.22 42.05 8.12
1572 68.65 73.27 90.19 33.10 6.12
1573 68.63 43.23 110.85 40.90 8.10
1574 68.65 48.01 97.04 40.44 7.87
1575 68.61 65.27 90.66 39.85 6.84
1576 68.65 40.66 107.90 43.80 8.36
1577 68.67 55.41 102.64 39.45 7.10
1578 68.80 37.50 103.22 39.67 8.15
1579 68.69 86.38 65.77 18.09 3.35
1580 68.70 30.76 86.89 32.21 7.33
1581 68.81 62.74 97.07 39.28 6.68
1582 68.87 75.98 85.08 29.67 6.23
1583 68.82 15.27 59.02 21.49 4.74
1584 69.09 27.95 82.09 34.91 6.45
1585 69.24 25.31 77.01 31.61 6.07
1586 69.13 84.38 65.40 17.23 4.90
1587 69.23 14.00 55.36 19.66 4.83
1588 69.24 22.78 79.97 31.39 6.28
1589 69.25 53.33 102.18 41.45 7.79
1590 69.26 80.80 73.25 24.92 5.08
1591 69.43 10.19 56.11 17.46 3.05
1592 69.26 34.29 90.81 33.04 6.72
1593 69.33 68.45 96.41 37.90 7.12
1594 69.20 82.82 69.36 20.08 4.33
1595 69.28 11.85 55.00 19.20 3.84
1596 69.41 60.07 102.21 39.65 7.34
1597 69.37 71.05 96.41 32.94 6.62
1598 69.52 50.88 107.28 39.36 7.36
1599 69.48 19.90 73.10 25.45 5.28
1600 69.60 38.97 103.93 36.51 6.54
1601 69.64 17.19 63.26 23.12 4.85
1602 69.62 41.54 108.13 35.28 6.95
1603 69.60 64.82 103.99 36.32 7.31
1604 69.72 46.56 93.28 37.45 7.62
1605 69.67 57.45 101.41 36.51 7.25
1606 69.76 89.70 50.50 13.70 2.10
1607 69.64 29.76 93.59 33.62 6.13
1608 69.78 32.33 97.54 33.10 7.07
1609 69.68 36.24 108.00 37.12 7.11
1610 69.77 44.13 94.11 37.73 7.23
1611 69.72 78.09 84.04 23.63 5.66
1612 69.87 48.85 109.58 39.45 7.65
1613 69.84 74.57 85.51 27.02 6.00
1614 69.90 86.91 64.53 14.55 3.07
1615 69.92 54.98 105.11 35.03 7.01
1616 69.90 62.35 104.03 35.22 6.78
1617 70.24 66.75 100.64 34.42 6.82
1618 70.13 13.64 55.75 19.25 4.25
1619 70.17 27.14 88.03 30.67 6.24
1620 70.24 21.88 79.45 25.83 5.14
1621 70.32 12.20 53.73 16.55 4.21
1622 70.36 72.54 95.31 28.99 5.96
1623 70.01 14.55 59.00 17.67 5.33
1624 70.37 52.53 96.85 35.02 8.31
1625 70.43 79.90 87.24 19.08 4.72
1626 70.49 69.87 94.62 30.62 5.92
1627 70.40 8.42 58.26 14.72 2.39
1628 70.59 24.53 79.38 27.55 5.11
1629 70.59 84.36 69.05 15.80 3.85
1630 70.62 34.97 101.97 33.79 6.57
1631 70.56 19.54 70.43 21.63 4.88
1632 70.65 37.44 117.01 33.93 7.22
1633 70.67 40.08 110.04 33.89 6.59
1634 70.60 58.55 103.14 34.42 6.39
1635 70.72 29.90 106.89 30.44 6.90
1636 70.72 60.95 109.54 33.71 7.00
1637 70.73 42.46 108.06 36.27 7.60
1638 70.75 63.89 109.22 32.32 6.66
1639 70.78 76.77 90.15 22.89 5.92
1640 70.78 10.25 56.47 16.27 2.44
1641 70.92 15.68 61.83 18.59 4.35
1642 71.01 81.95 80.37 17.59 4.44
1643 70.87 45.04 98.21 34.48 6.78
1644 70.88 47.75 101.94 32.91 6.83
1645 70.99 50.31 108.98 37.24 7.35
1646 70.91 55.48 105.34 33.88 6.56
1647 70.89 32.38 95.85 31.30 6.37
1648 71.17 87.15 62.55 12.18 2.96
1649 71.25 27.70 93.92 28.36 5.55
1650 71.26 67.89 107.12 29.69 6.15
1651 71.35 74.28 89.89 23.40 5.94
1652 71.39 13.06 59.60 15.52 3.56
1653 71.40 52.84 102.30 33.77 6.45
1654 71.38 21.40 82.74 24.13 4.58
1655 71.59 65.52 119.89 29.25 6.53
1656 71.55 57.54 109.98 31.47 6.59
1657 71.50 71.65 96.41 25.33 5.53
1658 71.63 25.51 90.10 27.50 6.01
1659 71.65 33.98 99.65 29.88 6.19
1660 71.69 38.54 113.36 35.35 7.41
1661 71.45 78.75 87.37 19.41 5.48
1662 71.78 40.77 108.64 32.87 6.96
1663 71.71 60.35 105.96 30.58 6.72
1664 71.79 36.07 105.48 29.70 6.93
1665 71.78 43.17 104.56 34.76 6.59
1666 71.84 46.27 99.37 31.90 6.64
1667 71.80 10.15 51.29 12.95 2.98
1668 71.89 18.13 75.46 21.25 4.83
1669 71.86 31.25 100.31 29.35 6.79
1670 71.91 62.91 104.00 29.16 6.36
1671 71.91 79.82 81.18 17.00 4.44
1672 72.00 85.15 61.73 12.76 3.46
1673 72.04 48.53 111.80 31.77 6.34
1674 72.13 69.87 107.76 24.70 5.98
1675 72.04 76.68 89.87 19.70 5.37
1676 72.02 55.10 106.21 33.27 6.69
1677 72.16 23.25 82.49 24.85 4.84
1678 72.20 28.79 94.68 28.21 6.01
1679 72.27 50.63 101.56 32.22 6.66
1680 72.34 15.32 63.54 18.39 3.97
1681 72.30 81.91 77.81 15.64 4.04
1682 72.49 52.74 111.80 33.65 6.77
1683 72.60 67.76 93.68 24.60 5.96
1684 72.54 73.30 93.26 22.78 5.62
1685 72.46 12.01 62.31 13.95 3.64
1686 72.56 44.55 109.28 30.25 6.31
1687 72.54 58.15 109.86 31.04 7.00
1688 72.70 20.71 79.18 22.15 4.73
1689 72.63 37.55 113.03 31.24 6.38
1690 72.74 25.99 78.32 23.13 4.87
1691 72.69 65.18 113.01 26.07 6.08
1692 72.67 13.69 62.22 15.59 3.81
1693 72.72 41.57 112.64 32.54 7.08
1694 72.76 60.86 106.87 30.43 6.04
1695 72.70 33.50 99.72 29.00 6.06
1696 72.98 87.49 57.76 10.14 2.43
1697 73.02 56.07 109.67 31.43 6.84
1698 73.08 78.74 91.85 17.79 5.05
1699 72.97 30.87 92.62 28.12 5.82
1700 73.08 47.27 108.47 29.58 6.25
1701 73.12 35.68 103.34 27.99 6.07
1702 73.12 39.45 109.70 30.25 6.72
1703 73.19 17.63 72.13 19.66 4.48
1704 73.19 63.09 103.30 27.91 5.71
1705 73.28 75.79 87.00 20.63 5.15
1706 73.30 28.11 84.29 24.55 5.27
1707 73.25 10.60 57.66 12.36 2.75
1708 73.28 23.19 81.40 22.71 5.29
1709 73.31 53.87 111.54 29.45 6.34
1710 73.32 71.01 94.99 23.41 5.33
1711 73.34 49.55 101.67 29.14 5.71
1712 73.39 81.51 83.27 13.95 3.55
1713 73.56 84.26 70.02 11.99 3.41
1714 73.53 43.01 110.93 28.85 6.45
1715 73.54 45.21 111.67 28.51 6.88
1716 73.57 59.13 114.06 30.99 6.25
1717 73.80 14.35 63.50 15.03 3.84
1718 73.71 51.67 101.53 28.39 5.59
1719 73.77 32.71 89.41 27.19 5.66
1720 73.71 67.82 101.96 23.91 6.04
1721 73.90 65.16 101.49 24.73 6.11
1722 73.96 73.82 87.26 20.40 5.26
1723 73.89 20.35 76.91 20.89 5.26
1724 73.99 25.29 77.64 22.15 5.35
1725 73.91 37.68 113.32 30.43 5.82
1726 73.98 41.02 107.18 29.49 6.49
1727 74.01 61.33 117.56 28.00 6.21
1728 74.12 57.21 99.75 26.11 5.38
1729 74.04 29.78 81.91 24.53 4.78
1730 74.14 35.01 95.51 26.93 5.50
1731 74.23 54.99 101.61 27.67 6.33
1732 74.34 46.85 96.46 28.87 6.61
1733 74.31 77.39 90.43 18.34 5.11
1734 74.13 16.03 62.92 17.00 4.15
1735 74.45 70.28 92.39 22.72 5.60
1736 74.38 49.06 103.41 27.54 6.27
1737 74.45 79.84 83.90 15.87 4.67
1738 74.38 11.73 54.38 13.10 3.40
1739 74.52 17.43 62.21 15.53 4.03
1740 74.54 22.64 74.85 20.48 5.26
1741 74.62 27.58 85.91 24.01 5.59
1742 74.49 44.43 102.58 28.70 5.85
1743 74.68 63.12 89.97 22.99 5.38
1744 74.77 52.99 97.12 27.03 6.10
1745 74.96 83.56 71.19 10.75 3.01
1746 74.73 31.06 84.69 25.00 6.09
1747 74.71 81.44 78.34 13.85 3.55
1748 74.72 59.31 109.56 27.29 5.46
1749 74.79 66.85 94.42 23.74 5.51
1750 74.86 40.07 102.06 28.24 6.10
1751 75.03 72.85 92.84 18.65 5.39
1752 74.93 50.98 98.79 28.69 6.04
1753 75.07 86.15 68.79 9.36 1.92
1754 75.02 33.04 85.35 24.38 5.57
1755 74.98 37.76 108.70 28.83 6.33
1756 75.06 42.65 90.88 26.81 5.86
1757 75.09 13.92 52.67 13.51 3.29
1758 75.10 35.83 92.90 27.24 5.17
1759 75.25 75.79 85.66 17.75 5.81
1760 75.30 19.94 60.05 19.38 5.00
1761 75.24 55.95 94.88 27.35 6.20
1762 75.26 25.12 71.72 21.92 4.51
1763 75.37 47.91 94.32 27.31 5.61
1764 75.54 60.76 100.64 24.83 6.49
1765 75.51 64.98 81.86 23.21 5.78
1766 75.58 68.53 81.94 21.99 5.70
1767 75.49 45.50 92.00 26.63 6.03
1768 75.64 78.76 82.91 14.88 4.47
1769 75.72 58.22 104.68 25.83 5.62
1770 75.58 16.90 55.54 14.92 4.44
1771 75.66 27.84 77.92 22.57 5.75
1772 75.80 22.65 63.70 18.58 5.14
1773 75.77 30.58 79.88 25.05 5.86
1774 75.91 53.88 90.67 24.95 5.86
1775 75.85 34.38 88.03 23.63 5.31
1776 75.82 39.09 88.30 26.61 5.11
1777 75.96 71.22 85.38 20.05 5.24
1778 75.96 50.02 90.38 26.15 5.73
1779 76.03 81.57 74.24 13.10 3.56
1780 75.91 41.31 96.60 29.50 6.29
1781 75.98 11.20 46.49 10.42 1.97
1782 75.79 12.99 47.73 12.73 2.09
1783 76.08 62.81 92.31 22.56 5.74
1784 76.23 43.60 88.76 28.90 5.99
1785 76.29 74.08 91.09 17.15 5.35
1786 76.36 84.94 68.90 8.96 2.46
1787 76.46 37.45 84.62 25.43 6.08
1788 76.56 14.43 47.06 13.88 3.23
1789 76.43 56.37 90.49 25.63 5.15
1790 76.59 76.51 86.08 15.74 4.64
1791 76.40 25.17 61.51 20.27 5.39
1792 76.48 48.03 92.75 26.45 6.16
1793 76.53 51.99 81.20 25.55 5.76
1794 76.60 32.76 75.22 24.40 5.85
1795 76.61 45.86 91.27 27.19 6.42
1796 76.67 65.08 83.76 22.28 5.72
1797 76.73 18.02 51.61 15.61 4.51
1798 76.45 20.40 55.00 16.20 4.50
1799 76.73 21.37 52.17 17.63 4.93
1800 76.68 83.65 68.50 10.06 1.92
1801 76.72 28.12 69.18 21.72 6.06
1802 76.74 35.32 80.53 23.16 5.88
1803 76.88 67.67 78.51 20.69 5.80
1804 76.86 59.22 92.30 23.87 5.55
1805 76.85 40.07 87.25 27.44 5.82
1806 77.02 61.61 92.13 24.65 5.63
1807 77.02 70.02 77.26 19.30 5.42
1808 76.96 30.52 64.05 22.15 4.88
1809 76.98 78.96 76.30 14.57 4.35
1810 77.22 42.17 85.29 26.31 5.60
1811 77.26 72.58 85.89 17.35 5.35
1812 77.23 54.73 80.06 24.76 6.28
1813 77.04 81.57 66.36 11.24 3.91
1814 77.36 22.93 49.27 17.22 4.60
1815 77.28 49.85 77.35 27.31 5.69
1816 77.42 25.87 48.39 19.16 5.33
1817 77.50 44.35 74.00 24.09 5.50
1818 77.56 47.29 71.10 23.41 5.71
1819 77.59 38.13 72.47 23.65 6.11
1820 77.53 82.77 68.83 10.49 2.70
1821 77.64 52.63 77.97 27.66 6.18
1822 77.63 57.14 88.75 25.29 5.90
1823 77.89 19.32 48.63 15.00 4.62
1824 77.75 33.69 69.31 22.61 5.15
1825 77.81 35.88 66.31 22.45 5.03
1826 77.83 65.96 79.36 21.64 5.38
1827 77.85 75.06 82.94 16.07 4.89
1828 77.87 16.09 44.51 12.74 3.87
1829 77.96 63.48 84.90 22.02 5.96
1830 78.00 29.14 52.56 20.06 5.19
1831 78.13 12.93 36.09 10.61 2.51
1832 78.04 31.66 58.65 20.46 5.31
1833 78.05 40.34 78.73 26.92 5.37
1834 78.26 77.21 73.24 15.11 4.61
1835 78.08 84.30 58.57 9.41 1.98
1836 78.22 61.38 85.87 21.72 5.22
1837 78.22 68.90 78.08 18.61 5.53
1838 78.34 79.71 72.34 11.80 3.79
1839 78.29 50.61 67.44 25.07 5.39
1840 78.39 59.44 74.80 21.32 5.48
1841 78.43 24.00 46.76 17.92 5.36
1842 78.45 26.90 45.55 19.19 5.28
1843 78.54 55.10 73.96 25.04 5.86
1844 78.46 71.95 77.75 16.64 5.36
1845 78.46 43.24 70.03 26.55 5.88
1846 78.54 45.73 65.97 24.91 5.75
1847 78.56 48.39 64.69 24.30 6.01
1848 78.46 21.60 43.78 16.87 4.91
1849 78.72 37.34 62.44 24.97 5.96
1850 78.83 57.24 77.93 25.12 5.82
1851 78.72 52.80 68.90 23.58 5.06
1852 78.94 82.49 57.42 9.65 2.54
1853 78.88 34.46 63.01 22.22 5.22
1854 78.95 66.69 69.87 19.51 5.27
1855 79.10 15.76 40.23 12.60 3.43
1856 79.13 41.62 63.66 24.43 5.66
1857 79.13 39.37 60.62 23.84 5.34
1858 79.23 17.99 41.49 13.18 4.66
1859 79.20 74.92 67.92 14.82 4.82
1860 78.99 21.04 42.39 16.50 5.18
1861 79.23 64.21 69.44 19.67 6.16
1862 79.19 29.31 46.38 19.34 5.56
1863 79.18 31.95 49.10 20.97 5.80
1864 79.26 19.68 41.25 15.00 4.36
1865 79.35 50.43 69.86 25.71 5.30
1866 79.46 61.67 73.69 22.43 5.36
1867 79.45 69.32 69.40 19.03 5.52
1868 79.41 77.08 63.25 12.39 3.41
1869 79.45 25.40 44.53 16.47 5.00
1870 79.52 46.55 60.91 23.73 5.99
1871 79.70 59.16 72.21 21.79 5.35
1872 79.55 43.69 58.95 24.22 5.77
1873 79.51 71.16 67.03 16.42 5.27
1874 79.78 22.25 39.80 15.61 5.16
1875 79.73 36.05 52.35 20.38 5.23
1876 79.53 23.75 41.95 15.90 4.30
1877 79.85 54.65 59.33 21.05 5.34
1878 79.78 72.77 64.40 15.97 6.08
1879 79.79 80.48 48.71 9.12 2.86
1880 79.85 52.59 64.28 22.62 5.01
1881 79.88 48.60 62.52 23.95 6.11
1882 79.90 56.68 71.25 24.11 5.08
1883 80.06 38.21 53.41 22.73 5.80
1884 79.87 78.19 58.05 11.74 3.42
1885 80.12 33.63 47.79 21.00 5.24
1886 80.17 67.13 63.75 19.10 6.00
1887 79.99 17.43 35.55 12.91 6.27
1888 80.24 30.87 44.86 19.16 5.44
1889 80.25 40.76 54.40 23.58 6.13
1890 80.35 14.35 30.91 9.36 2.98
1891 80.12 27.94 44.75 19.44 5.27
1892 80.41 45.24 63.31 26.13 6.09
1893 80.40 20.53 36.02 15.03 5.32
1894 80.40 16.23 33.20 11.41 3.27
1895 80.48 65.02 62.78 20.29 6.23
1896 80.50 74.92 58.40 14.08 4.51
1897 80.38 18.63 35.18 13.09 5.15
1898 80.59 51.00 64.17 23.03 5.17
1899 80.62 62.64 58.24 19.80 5.28
1900 80.57 70.54 62.79 16.10 5.22
1901 80.78 43.10 63.38 22.80 5.82
1902 80.80 60.30 65.04 22.01 5.65
1903 80.68 77.48 52.58 11.41 3.27
1904 80.53 26.95 43.21 19.42 5.05
1905 80.93 47.25 54.43 23.18 5.69
1906 80.95 57.83 65.71 23.24 5.78
1907 81.04 36.41 51.37 20.72 6.44
1908 81.03 49.20 59.43 24.25 5.65
1909 81.07 53.35 64.28 23.07 5.81
1910 81.26 34.26 47.81 20.19 6.06
1911 81.11 38.82 55.58 23.07 6.46
1912 81.18 55.58 55.30 21.20 5.00
1913 81.23 29.13 41.61 18.29 6.38
1914 81.45 73.27 55.64 13.70 4.82
1915 81.35 31.87 50.20 20.43 6.55
1916 81.42 68.74 58.70 16.13 5.02
1917 81.54 21.61 38.75 15.05 5.82
1918 81.43 41.14 55.18 21.52 5.13
1919 81.57 66.22 57.56 18.09 6.37
1920 81.72 17.39 32.27 10.95 5.23
1921 81.62 26.98 37.69 17.60 6.49
1922 81.62 15.52 32.02 10.32 3.51
1923 81.72 45.20 62.06 20.93 5.85
1924 81.70 78.22 40.35 8.33 2.56
1925 81.82 63.59 59.29 18.46 6.05
1926 81.68 23.03 39.52 15.86 6.76
1927 81.98 51.97 56.59 21.94 6.14
1928 81.94 24.73 38.93 16.32 6.79
1929 81.97 61.09 57.94 19.26 5.17
1930 82.19 58.69 56.50 19.56 5.57
1931 81.97 37.40 46.89 20.41 6.91
1932 82.10 49.76 58.73 21.81 5.53
1933 82.33 75.46 41.66 11.02 3.91
1934 82.26 42.84 55.73 21.02 6.94
1935 82.29 47.22 56.89 21.05 5.85
1936 82.37 54.10 55.87 19.69 6.31
1937 82.38 71.40 52.82 13.37 4.62
1938 82.40 30.29 43.98 18.98 7.95
1939 82.46 56.29 54.06 20.75 5.72
1940 82.50 33.05 45.52 17.57 6.75
1941 82.80 35.26 52.06 20.23 7.79
1942 82.64 68.18 51.35 15.43 5.90
1943 82.69 19.21 35.35 12.16 6.21
1944 82.64 27.66 37.00 18.68 7.33
1945 82.85 65.30 53.11 17.21 5.86
1946 82.48 77.92 40.42 8.33 3.92
1947 82.71 23.15 35.76 13.32 7.52
1948 82.84 21.57 35.47 13.70 7.49
1949 83.02 45.10 57.62 21.80 6.73
1950 83.14 25.14 35.92 14.77 8.41
1951 83.04 62.83 56.09 18.76 6.32
1952 83.23 38.17 48.54 19.62 6.99
1953 83.21 51.73 61.28 21.58 6.70
1954 83.28 40.75 48.74 20.10 6.36
1955 83.11 49.08 58.37 20.94 5.77
1956 83.29 60.25 56.21 18.85 6.28
1957 83.35 73.07 45.73 12.28 4.74
1958 83.09 78.56 32.68 8.32 2.32
1959 83.32 30.50 45.23 18.03 10.10
1960 83.50 57.33 62.14 20.92 7.96
1961 83.58 42.69 57.18 22.25 7.24
1962 83.56 54.31 63.76 19.95 7.06
1963 83.47 31.73 43.75 19.56 8.59
1964 83.82 47.18 56.19 20.81 6.64
1965 83.79 66.90 48.01 16.32 6.35
1966 83.71 28.35 40.87 17.23 8.29
1967 83.69 74.73 40.22 11.19 4.41
1968 83.98 33.57 52.83 18.33 7.72
1969 84.03 76.61 34.88 9.38 3.97
1970 83.89 19.45 33.70 11.32 6.81
1971 83.82 17.53 30.45 9.71 4.93
1972 83.99 22.45 34.06 13.27 7.59
1973 83.69 68.53 47.64 13.55 5.18
1974 83.65 20.39 38.67 11.00 8.67
1975 83.78 35.81 49.92 17.42 9.25
1976 83.93 63.56 55.43 16.59 6.05
1977 84.19 36.99 51.06 19.30 7.89
1978 84.08 49.85 54.32 21.65 6.84
1979 84.06 44.60 57.93 20.93 7.07
1980 84.32 39.82 52.23 20.02 9.00
1981 84.41 61.55 55.18 16.93 6.67
1982 84.54 56.09 58.99 19.53 7.07
1983 84.41 58.78 56.69 18.84 7.78
1984 84.56 51.94 65.03 21.47 7.52
1985 84.38 64.56 55.81 16.12 6.54
1986 84.52 30.26 43.79 17.88 8.00
1987 84.68 68.71 48.98 13.38 6.30
1988 84.78 42.09 49.71 19.72 9.08
1989 84.72 74.05 35.08 10.39 5.61
1990 84.87 54.03 59.92 19.81 7.45
1991 85.07 45.90 55.60 21.45 7.94
1992 84.85 20.46 31.38 11.84 8.24
1993 85.00 35.25 48.85 18.38 9.60
1994 85.10 48.10 51.93 20.99 7.64
1995 85.17 71.54 45.15 12.60 6.03
1996 84.98 28.34 41.86 16.56 9.42
1997 85.09 66.01 50.76 15.65 6.72
1998 85.26 32.54 46.24 18.42 9.66
1999 85.05 18.85 29.33 8.85 10.67
2000 85.19 24.67 37.19 12.88 10.74
2001 85.50 76.05 29.88 8.22 4.40
2002 85.54 63.27 53.53 15.09 7.89
2003 85.40 60.25 54.40 17.28 7.59
2004 85.62 36.96 49.18 18.37 11.63
2005 85.42 39.52 50.24 19.53 11.60
2006 85.64 22.27 34.82 12.54 10.84
2007 85.66 28.01 40.02 15.87 9.87
2008 85.83 57.69 59.27 18.10 8.01
2009 85.89 43.89 50.42 20.16 10.24
2010 85.76 30.46 42.27 17.04 9.11
2011 85.69 50.46 54.80 20.25 8.66
2012 85.78 68.19 51.14 13.74 6.88
2013 85.95 55.16 64.32 18.43 9.08
2014 86.01 52.49 61.98 19.60 11.34
2015 86.14 41.49 45.57 17.98 12.88
2016 86.34 70.41 41.15 11.23 7.25
2017 86.14 74.23 33.80 9.09 6.06
2018 85.99 24.62 36.03 12.83 10.80
2019 86.42 26.25 36.50 13.94 13.23
2020 86.28 34.49 42.92 16.17 10.78
2021 86.23 65.46 51.65 15.38 8.02
2022 86.26 20.20 32.27 10.78 12.29
2023 86.28 47.15 51.95 19.27 10.53
2024 86.07 72.50 39.60 9.94 6.57
2025 86.35 61.27 57.58 15.68 8.84
2026 86.61 32.33 39.94 17.00 11.64
2027 86.62 49.76 51.20 19.42 10.93
2028 86.68 38.67 48.04 18.77 14.17
2029 86.45 68.87 47.56 11.78 5.89
2030 86.74 62.37 54.82 16.32 7.43
2031 86.70 71.92 39.35 10.08 7.19
2032 86.72 28.29 33.62 13.59 12.86
2033 87.08 21.95 36.06 10.92 15.12
2034 86.67 30.96 42.15 16.31 9.46
2035 86.84 67.05 49.84 13.14 8.34
2036 86.90 23.12 34.71 10.75 14.00
2037 87.06 30.05 37.64 15.78 11.00
2038 87.05 36.16 46.55 17.85 13.62
2039 87.01 45.49 49.32 18.01 11.78
2040 87.04 53.24 61.33 17.51 11.04
2041 87.12 58.96 55.38 15.81 9.77
2042 87.27 55.77 65.48 18.23 11.35
2043 86.91 73.52 33.00 8.12 8.24
2044 87.12 43.12 47.00 17.82 13.48
2045 87.00 24.17 36.60 10.50 15.40
2046 87.44 40.92 47.41 17.20 13.48
2047 87.61 64.46 48.60 13.52 10.43
2048 87.49 25.38 37.50 13.19 16.12
2049 87.46 69.36 42.92 9.75 7.82
2050 87.73 71.47 36.63 9.74 8.38
2051 87.64 47.61 47.86 16.87 11.62
2052 87.51 49.85 48.49 17.24 10.84
2053 87.47 31.29 42.77 16.08 16.15
2054 87.86 61.73 52.84 15.99 10.79
2055 87.93 34.19 40.18 16.49 16.48
2056 87.64 23.44 34.74 10.32 16.26
2057 88.03 51.88 54.82 17.93 12.66
2058 87.91 32.19 38.05 17.34 16.39
2059 88.12 37.35 42.28 17.64 14.06
2060 87.71 44.17 49.61 15.94 11.61
2061 87.93 29.22 38.64 15.41 14.68
2062 88.32 45.27 50.19 18.12 13.95
2063 88.31 21.78 33.66 9.94 17.74
2064 88.18 24.31 32.53 11.19 17.31
2065 88.05 66.46 47.22 11.67 8.78
2066 88.50 59.25 50.71 15.56 10.66
2067 88.49 54.27 51.14 16.26 11.26
2068 88.77 39.75 39.91 16.42 13.65
2069 88.75 42.73 43.71 17.10 13.92
2070 88.51 56.64 52.25 16.17 11.93
2071 88.38 25.97 30.26 11.44 15.44
2072 88.38 47.41 45.77 17.03 13.05
2073 88.89 49.87 46.64 17.01 14.58
2074 88.61 68.71 42.49 10.00 7.42
2075 88.64 65.99 47.10 11.62 9.58
2076 88.57 28.67 35.16 12.66 14.91
2077 88.74 63.99 46.38 12.41 12.17
2078 89.05 35.06 35.83 14.85 16.01
2079 88.91 71.46 33.40 8.97 9.51
2080 88.98 26.75 30.51 11.92 14.25
2081 88.76 48.51 50.21 14.43 13.93
2082 89.19 61.42 54.65 13.98 12.40
2083 88.75 33.05 36.10 15.20 15.80
2084 89.30 24.09 28.79 10.76 18.06
2085 89.09 56.57 48.95 15.38 14.90
2086 89.51 37.88 36.11 16.07 13.54
2087 89.67 47.67 41.67 16.65 13.95
2088 89.58 29.10 30.30 14.02 17.30
2089 89.74 44.93 41.00 16.11 14.24
2090 89.84 51.44 42.30 16.17 14.28
2091 89.52 53.70 46.57 15.68 13.62
2092 89.85 59.00 48.20 14.43 14.43
2093 89.63 66.28 41.20 10.68 11.07
2094 89.99 69.09 37.77 9.18 11.39
2095 89.85 55.69 46.98 15.22 11.30
2096 90.01 63.78 42.04 11.85 14.19
2097 90.20 25.78 23.00 10.39 14.52
2098 90.22 43.10 34.71 14.50 11.40
2099 90.35 37.22 31.00 14.45 14.17
2100 90.44 30.51 28.12 12.40 14.49
2101 90.45 56.71 41.69 16.26 11.94
2102 90.77 61.53 39.81 11.68 13.39
2103 90.76 38.94 30.52 15.02 12.93
2104 90.52 66.50 33.79 8.53 11.09
2105 90.63 33.57 29.68 13.58 14.75
2106 90.55 40.16 31.83 14.80 12.83
2107 90.92 45.70 36.54 15.76 15.25
2108 90.82 35.91 31.00 13.88 15.31
2109 90.89 41.61 29.30 14.55 11.93
2110 90.96 48.52 33.06 15.36 14.08
2111 91.18 58.42 37.25 12.94 11.27
2112 90.96 52.98 35.44 15.93 13.08
2113 91.01 29.43 26.96 11.17 12.43
2114 91.22 43.07 30.64 16.26 14.10
2115 91.28 51.14 32.46 13.69 13.46
2116 91.14 32.64 29.38 14.85 14.00
2117 91.36 64.75 31.06 10.38 11.98
2118 91.58 56.10 34.89 13.46 11.97
2119 91.57 25.71 18.50 9.50 12.92
2120 91.54 27.85 21.41 10.91 12.92
2121 91.68 31.56 25.35 12.55 14.63
2122 92.04 33.81 23.35 12.29 12.41
2123 91.49 37.93 28.62 13.88 13.25
2124 91.68 36.66 26.51 13.51 11.46
2125 91.79 40.43 27.18 14.46 11.18
2126 92.07 60.31 32.67 11.70 10.71
2127 91.70 44.12 30.89 14.56 13.11
2128 91.69 62.89 29.35 9.85 13.60
2129 91.95 49.55 30.62 14.83 12.98
2130 92.40 52.08 30.15 13.00 12.26
2131 92.15 45.05 29.50 15.89 13.08
2132 92.62 38.74 25.40 13.81 10.26
2133 92.41 62.92 28.58 9.61 10.64
2134 92.62 43.23 27.66 13.04 11.93
2135 92.57 58.31 29.83 12.17 10.35
2136 92.47 47.19 30.03 15.21 14.08
2137 92.44 36.58 25.17 13.77 11.70
2138 92.89 54.72 31.52 13.35 10.62
2139 92.86 29.05 19.47 10.38 12.59
2140 92.77 49.64 28.89 13.13 13.16
2141 93.01 35.73 23.77 12.75 10.84
2142 93.04 64.55 23.54 8.78 11.73
2143 93.11 61.06 26.69 9.31 12.69
2144 93.49 33.56 19.37 11.60 11.51
2145 93.48 62.68 23.53 8.58 10.76
2146 93.57 31.72 18.88 9.91 11.50
2147 93.65 47.23 26.56 13.75 10.99
2148 93.45 50.66 26.20 13.07 10.58
2149 93.56 52.94 25.13 12.08 11.38
2150 93.92 38.92 21.22 11.37 9.05
2151 94.20 55.97 24.15 10.98 9.68
2152 93.75 61.44 25.88 8.59 11.47
2153 94.13 57.82 22.52 9.08 9.19
2154 94.65 36.79 19.69 10.22 8.21
2155 94.18 29.79 17.02 8.43 10.91
2156 94.57 40.60 22.99 12.24 7.85
2157 94.52 43.37 26.44 12.49 11.65
2158 94.29 46.25 25.29 11.00 7.86
2159 94.41 59.57 20.21 8.86 10.64
2160 94.85 46.00 22.51 12.23 9.81
2161 95.21 51.16 23.52 11.05 8.69
2162 95.02 58.75 19.00 8.83 8.31
2163 95.22 53.81 23.29 10.38 10.13
2164 95.51 56.65 18.09 8.69 8.65
2165 95.63 43.63 22.48 10.93 9.16
2166 95.32 45.31 21.74 10.74 10.74
2167 95.75 47.84 21.52 9.69 7.97
2168 96.17 45.92 21.49 10.92 7.69
2169 96.07 52.51 21.00 11.31 9.06
2170 96.30 53.84 18.19 9.29 9.73
2171 96.62 37.51 16.69 8.90 6.15
2172 96.86 51.14 19.40 8.33 7.35
2173 97.36 44.15 18.33 8.32 7.60
2174 97.60 40.69 16.01 8.43 6.05
2175 98.36 45.90 16.35 8.11 6.40

