#<Embryo name> <Cleavage cycle> <Temporal class> <Genes>
rf7 14A 6 even-skipped Kruppel hunchback

#Quantitative data
#<Nucleus number> <A-P coordinate> <D-V coordinate> <Fluorescence intensity: channel 1 - eve, channel 2 - Kr, channel 3 - hb>
0 2.68 46.27 8.68 14.23 53.32
1 2.52 51.26 8.62 15.46 54.55
2 2.37 48.70 9.29 13.37 49.39
3 3.19 48.54 9.40 15.12 56.37
4 3.73 52.58 9.92 16.03 69.22
5 3.85 42.07 9.26 16.98 62.27
6 4.22 45.06 9.33 15.69 63.06
7 4.18 49.96 9.59 15.32 68.38
8 4.26 55.31 8.61 15.56 70.39
9 4.54 47.51 9.60 16.22 62.09
10 4.90 39.80 9.06 17.75 61.55
11 5.17 52.52 9.66 17.92 80.73
12 5.15 42.93 9.69 17.28 66.25
13 5.73 49.93 8.50 17.50 73.80
14 6.02 46.78 9.25 18.08 66.27
15 5.86 54.87 8.77 18.02 90.98
16 5.92 58.09 8.79 18.78 87.96
17 6.38 41.64 11.14 21.50 71.77
18 6.36 39.27 11.13 21.46 70.70
19 6.43 44.28 10.17 19.52 78.33
20 6.55 60.85 8.79 18.33 82.73
21 6.90 52.57 9.69 18.33 90.52
22 7.12 37.18 9.59 20.84 79.44
23 7.03 49.28 9.70 19.74 85.17
24 7.05 56.37 10.30 20.66 108.94
25 7.70 45.51 10.24 17.88 74.75
26 7.77 59.30 8.74 19.12 108.76
27 7.76 42.73 11.03 21.75 84.31
28 7.74 62.79 8.21 16.21 74.86
29 7.91 40.14 10.90 23.48 82.25
30 8.15 55.23 9.48 20.64 116.58
31 8.15 34.97 9.08 21.94 78.18
32 8.32 47.52 11.20 21.92 104.27
33 8.31 50.32 10.87 20.28 96.23
34 8.59 52.75 10.27 20.98 109.67
35 8.57 37.77 10.43 22.98 89.34
36 9.10 57.64 10.13 21.46 133.15
37 9.02 61.12 9.66 18.39 131.26
38 9.13 43.37 10.76 20.84 91.29
39 9.39 64.31 8.72 18.41 118.74
40 9.39 40.23 11.43 24.03 95.75
41 9.51 34.04 9.99 22.29 85.93
42 9.64 46.18 11.21 23.37 108.69
43 9.70 49.40 11.44 23.46 113.22
44 9.78 55.17 11.34 23.32 130.92
45 9.88 37.01 10.57 21.89 98.60
46 10.13 52.44 11.87 21.20 128.25
47 10.24 59.26 11.18 21.73 145.92
48 10.16 62.18 10.67 20.43 158.52
49 10.54 42.20 10.59 22.74 114.13
50 10.74 32.32 9.32 22.98 90.13
51 10.76 39.40 11.38 23.95 109.91
52 10.92 44.94 11.62 23.10 122.41
53 11.03 65.32 8.98 16.49 141.87
54 11.17 29.47 9.07 21.03 72.48
55 11.07 35.07 10.40 21.42 102.56
56 10.76 47.82 12.14 19.57 128.77
57 10.81 62.31 10.78 23.78 146.16
58 11.09 68.53 8.75 14.92 100.19
59 11.21 50.70 11.40 23.12 144.24
60 11.41 58.26 10.63 25.21 151.56
61 11.27 54.80 11.80 25.48 148.10
62 11.73 37.51 11.78 24.20 115.67
63 11.47 47.75 11.72 20.83 129.52
64 11.96 61.68 11.19 23.31 172.43
65 12.14 40.47 11.72 21.97 121.87
66 12.09 43.15 11.83 24.45 125.29
67 12.40 70.72 8.56 12.82 92.04
68 12.21 31.92 10.04 23.41 109.24
69 12.45 52.55 12.93 22.22 152.34
70 12.38 46.17 11.89 22.58 142.36
71 12.50 49.22 12.26 20.21 154.51
72 12.54 56.50 12.65 23.32 162.75
73 12.63 67.54 9.99 14.07 144.92
74 12.59 64.62 9.88 15.75 170.22
75 12.64 34.77 10.49 20.33 109.48
76 13.02 29.36 9.79 18.34 102.58
77 13.09 59.67 11.38 20.35 170.31
78 13.07 38.20 10.27 20.79 120.17
79 13.48 41.78 12.25 20.16 128.42
80 13.65 54.08 13.11 21.64 162.89
81 13.66 44.62 11.69 23.40 142.38
82 13.72 62.34 12.75 17.10 178.43
83 13.70 50.43 12.41 21.70 168.79
84 13.83 32.43 10.03 21.33 120.03
85 13.96 47.35 12.69 23.82 168.02
86 13.97 69.09 11.18 13.27 140.52
87 14.05 72.12 8.62 12.84 101.20
88 13.96 57.27 12.87 21.40 169.06
89 13.98 35.98 11.80 23.34 123.56
90 14.21 64.99 10.98 14.69 164.74
91 14.29 25.82 8.50 17.09 82.89
92 14.55 39.55 12.91 22.19 132.46
93 14.43 28.99 10.12 18.67 124.34
94 14.85 60.15 11.97 17.34 178.96
95 14.97 51.87 12.63 20.45 179.42
96 14.95 42.40 13.00 22.08 155.37
97 15.12 67.49 10.40 12.84 164.30
98 15.13 34.30 10.99 22.66 135.75
99 15.13 48.95 12.25 22.35 168.85
100 15.23 54.77 12.57 18.51 172.68
101 15.20 45.23 13.11 24.90 168.80
102 15.41 31.37 10.90 19.62 131.68
103 15.33 37.26 12.05 22.64 137.17
104 15.35 57.34 12.88 19.19 189.47
105 15.78 62.40 11.81 17.68 176.86
106 15.54 24.31 7.91 15.45 86.35
107 15.56 71.07 10.65 12.01 131.03
108 15.55 27.38 10.35 15.65 105.46
109 15.88 65.06 10.97 16.08 174.83
110 15.98 28.91 10.72 17.58 117.04
111 16.23 40.76 12.37 20.16 152.42
112 16.30 47.01 12.76 25.02 176.23
113 16.40 53.11 12.78 21.11 191.72
114 16.28 75.67 8.55 10.25 64.46
115 16.57 43.66 12.83 20.15 153.33
116 16.48 50.33 12.79 23.59 176.15
117 16.41 58.88 12.04 16.46 179.48
118 16.62 34.90 11.63 20.06 136.41
119 16.62 37.95 11.77 18.50 149.53
120 16.74 67.54 11.31 13.95 167.58
121 16.67 25.85 10.02 16.78 121.47
122 16.87 32.08 11.40 18.35 142.34
123 17.05 73.05 10.34 11.64 119.79
124 17.02 55.63 13.34 20.33 180.40
125 16.98 70.29 11.95 12.94 151.82
126 17.33 61.17 12.99 15.47 174.67
127 17.43 22.51 8.39 15.21 96.28
128 17.04 29.64 11.80 17.31 132.16
129 17.30 64.39 12.59 15.41 170.75
130 17.40 28.38 10.66 15.61 127.25
131 17.65 45.95 14.27 20.41 178.46
132 17.63 48.88 13.55 25.16 177.99
133 17.76 41.98 12.68 19.94 169.21
134 17.85 39.31 13.04 20.04 155.54
135 17.79 75.91 8.97 10.49 87.76
136 17.80 57.97 12.77 16.05 182.43
137 17.80 52.19 13.05 18.70 181.08
138 18.13 36.62 13.67 18.36 152.28
139 18.09 25.31 11.00 16.27 129.01
140 18.25 33.76 11.75 16.78 149.67
141 18.17 68.96 11.73 14.06 154.67
142 18.44 30.95 10.82 16.86 137.86
143 18.50 66.38 12.74 15.11 158.43
144 18.69 54.24 13.02 18.08 172.11
145 18.71 43.95 13.11 19.02 166.14
146 18.64 63.13 12.99 14.79 172.21
147 18.65 71.68 12.87 12.57 151.27
148 18.72 28.17 11.25 15.09 134.31
149 18.82 60.12 13.62 15.68 171.15
150 18.92 47.38 13.05 18.45 179.12
151 19.04 50.28 13.68 18.64 184.67
152 19.13 56.94 13.10 15.13 167.49
153 19.03 76.94 9.18 10.46 73.86
154 19.06 22.56 9.55 13.97 117.52
155 19.21 40.61 14.21 18.53 158.01
156 19.27 74.08 11.23 12.12 117.74
157 19.54 35.06 12.37 17.01 158.28
158 19.70 38.14 13.80 17.76 155.46
159 19.70 25.88 10.61 13.83 128.18
160 19.67 68.54 12.10 13.11 144.12
161 19.79 32.02 12.04 15.19 150.09
162 19.79 65.09 14.10 15.15 171.15
163 19.96 51.95 14.08 17.68 181.55
164 19.97 20.03 8.27 13.64 96.28
165 20.06 42.63 13.11 16.94 172.14
166 20.02 45.34 13.45 18.09 181.49
167 20.10 62.26 14.29 15.32 171.91
168 20.19 28.99 12.29 14.50 148.05
169 20.38 54.53 14.54 17.13 179.20
170 20.29 59.61 14.05 15.82 179.53
171 20.28 71.69 11.97 12.66 137.70
172 20.29 47.92 13.94 17.94 182.41
173 20.26 77.38 10.23 10.83 73.24
174 20.49 22.60 9.87 13.10 125.73
175 20.53 57.08 13.40 16.29 184.18
176 20.73 74.57 11.51 11.15 110.33
177 20.53 24.26 10.05 14.02 118.60
178 20.80 36.19 13.54 17.05 158.91
179 20.82 80.10 9.08 9.28 63.96
180 21.04 66.86 14.05 13.73 155.99
181 21.24 41.19 13.67 17.83 158.59
182 21.21 49.79 15.66 17.76 182.63
183 21.04 33.33 12.46 15.87 156.46
184 21.11 69.47 14.14 13.10 146.72
185 21.46 38.88 13.49 16.62 162.71
186 21.26 64.15 13.44 15.30 160.69
187 21.26 26.82 11.85 13.66 133.46
188 21.35 44.20 13.64 18.74 177.76
189 21.44 30.47 12.19 14.93 136.88
190 21.41 52.44 13.51 18.29 186.28
191 21.58 61.48 14.37 15.67 174.16
192 21.70 20.63 9.57 12.09 110.50
193 21.59 47.06 14.25 18.44 182.70
194 21.63 77.20 12.97 12.10 108.05
195 21.77 58.66 13.89 16.69 178.13
196 21.56 72.39 13.04 12.34 136.91
197 21.82 55.63 14.21 17.19 177.80
198 21.80 23.85 11.22 13.95 138.70
199 22.21 80.41 10.68 9.73 68.04
200 22.16 35.95 12.89 17.07 167.98
201 22.12 71.22 12.33 12.17 129.07
202 22.37 74.43 13.50 11.69 125.53
203 22.34 17.45 8.69 11.58 91.51
204 22.40 33.13 12.98 16.20 166.74
205 22.42 68.46 13.13 14.49 130.70
206 22.55 28.73 12.59 15.30 148.36
207 22.56 65.24 15.04 14.91 155.23
208 22.70 50.62 14.68 17.84 184.52
209 22.58 42.39 14.49 16.30 169.86
210 22.77 45.33 14.43 17.84 181.48
211 22.71 53.16 14.89 17.73 187.93
212 22.87 25.86 11.30 14.14 141.23
213 22.87 48.01 15.23 17.47 179.56
214 22.98 60.37 14.12 15.39 172.33
215 22.91 62.73 16.00 15.73 161.76
216 23.00 38.10 13.50 16.97 173.69
217 23.15 22.69 10.03 12.96 137.88
218 22.88 77.39 15.23 11.46 115.84
219 23.11 57.82 14.59 16.45 173.55
220 23.28 31.41 12.57 15.38 156.46
221 23.29 55.26 15.10 17.09 176.14
222 23.23 71.83 15.34 12.85 124.09
223 23.60 40.54 14.61 17.70 175.48
224 23.47 19.68 9.34 12.76 115.07
225 23.56 67.04 15.98 14.86 164.26
226 23.62 35.18 14.13 16.64 171.08
227 23.79 16.47 9.11 12.50 100.22
228 23.79 79.38 16.68 10.09 88.34
229 23.82 75.63 14.63 11.55 113.03
230 23.87 43.50 14.48 17.71 183.77
231 24.07 27.51 13.14 15.23 154.38
232 24.01 49.46 15.20 18.02 187.75
233 24.09 63.82 16.29 15.57 157.02
234 24.09 52.28 14.82 17.86 178.05
235 24.31 69.15 16.57 13.55 139.75
236 24.06 82.34 13.59 9.76 57.90
237 24.16 46.43 15.03 17.66 185.83
238 24.45 29.95 14.21 15.64 159.94
239 24.39 24.64 11.59 13.46 149.14
240 24.36 58.86 18.68 16.93 181.14
241 24.46 61.38 16.16 16.83 170.93
242 24.46 38.17 14.95 16.26 168.59
243 24.43 56.15 16.04 17.48 177.78
244 24.44 71.36 17.68 14.53 149.08
245 24.64 32.82 13.92 15.42 168.79
246 24.68 21.62 11.10 13.11 132.80
247 24.84 73.59 20.73 12.86 131.48
248 24.74 65.67 17.58 15.35 165.30
249 24.98 35.49 14.40 17.24 161.97
250 24.97 41.95 16.00 17.56 183.65
251 25.11 18.66 12.16 13.06 125.41
252 25.13 53.94 15.71 16.66 180.20
253 25.23 15.62 9.34 12.25 100.21
254 25.16 76.17 23.74 11.94 120.68
255 25.17 78.64 24.75 11.16 101.81
256 25.20 44.76 17.30 18.44 181.75
257 25.25 47.73 16.00 18.05 185.05
258 25.19 50.36 15.66 18.14 172.75
259 25.26 81.48 21.41 10.61 70.19
260 25.38 67.49 19.72 15.66 158.33
261 25.63 39.74 15.46 18.07 172.06
262 25.50 27.28 11.77 15.20 149.79
263 25.66 62.90 18.63 15.93 166.29
264 25.53 59.60 17.55 16.90 164.07
265 25.74 56.60 16.25 18.17 172.58
266 25.71 70.77 22.84 13.69 139.67
267 25.79 24.01 13.05 13.26 141.50
268 25.83 30.72 13.12 15.64 160.03
269 26.05 36.85 15.74 17.71 169.28
270 26.13 33.57 15.60 16.49 166.87
271 25.98 52.02 16.86 17.50 193.72
272 26.20 20.68 11.36 12.11 125.21
273 26.16 65.21 20.30 15.17 158.80
274 26.19 74.18 37.25 13.35 133.20
275 26.23 43.07 16.64 17.08 172.54
276 26.35 79.91 50.91 11.47 93.94
277 26.42 46.00 17.27 18.14 178.62
278 26.37 48.94 17.43 17.97 183.72
279 26.39 68.27 25.47 14.71 162.97
280 26.67 17.83 11.03 12.02 117.29
281 26.55 54.15 18.81 17.82 183.40
282 26.41 82.95 44.03 10.08 51.97
283 26.60 60.92 19.94 16.25 159.76
284 26.65 76.92 57.25 11.11 117.72
285 26.71 58.21 20.21 18.61 174.11
286 26.80 28.90 14.23 15.43 152.89
287 26.74 26.16 14.03 13.82 145.84
288 26.86 71.83 45.59 14.15 146.54
289 26.94 40.38 15.45 17.96 168.21
290 27.21 15.00 9.99 10.99 104.59
291 27.24 38.03 16.96 17.60 173.34
292 27.14 51.47 19.03 18.41 171.21
293 27.18 22.52 12.64 12.71 120.29
294 27.34 84.33 62.52 9.40 40.84
295 27.29 64.13 25.86 16.12 156.57
296 27.20 35.29 16.72 17.16 176.24
297 27.35 31.62 13.91 16.23 148.26
298 27.35 55.68 20.62 17.73 180.27
299 27.27 82.25 89.44 10.52 70.02
300 27.38 66.63 34.96 15.10 163.15
301 27.43 69.29 48.88 15.17 160.56
302 27.43 42.70 17.65 18.60 177.79
303 27.51 74.25 100.82 13.61 132.26
304 27.66 46.76 18.22 17.55 180.16
305 27.62 49.10 19.48 18.47 175.97
306 27.68 61.84 26.86 16.26 165.78
307 27.54 78.79 136.04 14.33 161.92
308 27.66 81.21 114.92 10.42 85.72
309 28.02 44.58 19.10 17.80 171.21
310 27.84 25.17 15.30 14.84 152.36
311 28.01 59.59 26.05 18.41 169.99
312 28.05 53.59 23.02 17.86 181.67
313 28.03 57.36 24.63 17.74 179.54
314 28.37 20.38 14.60 12.52 119.63
315 28.05 28.65 15.38 14.65 146.07
316 28.19 17.47 12.92 11.36 116.18
317 28.22 34.15 16.71 15.97 161.50
318 28.13 71.01 114.93 15.40 151.17
319 28.30 76.53 148.22 12.61 121.52
320 28.34 39.97 17.61 18.21 166.41
321 28.43 36.79 17.74 18.10 169.54
322 28.44 51.05 23.60 18.10 176.97
323 28.72 23.11 15.19 13.74 134.34
324 28.56 65.57 57.79 16.31 163.00
325 28.61 63.16 41.61 16.10 170.33
326 28.72 67.95 93.30 14.68 153.78
327 28.66 79.99 126.23 11.31 103.32
328 28.69 84.14 96.12 10.75 61.05
329 28.79 32.17 16.84 14.67 152.09
330 28.71 42.41 20.37 18.16 178.02
331 28.68 73.02 155.65 14.13 133.93
332 28.94 14.34 13.20 11.00 104.71
333 28.84 48.30 22.47 18.50 171.49
334 29.03 55.57 28.55 18.23 176.17
335 28.92 26.45 17.19 15.09 142.90
336 29.15 45.89 21.48 17.99 175.73
337 28.84 87.36 46.43 8.74 25.43
338 29.26 60.52 51.44 16.59 164.84
339 29.25 58.06 36.84 17.95 180.02
340 29.26 29.78 18.53 15.79 149.74
341 29.26 52.99 26.68 18.20 178.03
342 29.33 69.99 155.49 15.54 146.04
343 29.41 38.48 19.82 17.37 174.27
344 29.48 75.04 161.60 14.23 131.30
345 29.53 77.90 151.11 13.09 125.93
346 29.64 19.05 15.89 12.93 134.88
347 29.58 35.35 20.82 17.98 162.18
348 29.62 50.34 31.36 19.73 210.58
349 29.86 16.39 16.51 11.48 119.55
350 29.77 43.47 24.92 18.83 183.64
351 29.77 40.87 24.44 19.05 165.47
352 29.70 65.18 108.81 16.17 163.07
353 29.84 87.00 45.90 9.64 37.09
354 30.00 21.83 17.31 13.35 129.08
355 29.83 62.60 116.42 18.49 166.76
356 29.95 24.85 20.90 14.95 146.50
357 29.94 72.12 170.58 15.36 147.76
358 30.14 11.75 15.30 10.33 68.60
359 30.08 27.74 20.13 14.39 146.18
360 30.10 67.58 167.58 17.18 161.48
361 30.04 80.49 123.53 12.47 112.62
362 30.06 83.92 88.01 11.43 81.39
363 30.06 47.98 32.28 19.37 181.85
364 30.08 32.59 20.13 15.74 154.14
365 30.29 55.03 54.34 18.33 177.47
366 30.36 52.67 46.76 18.62 186.57
367 30.39 57.65 81.19 18.60 182.48
368 30.53 37.66 25.81 17.67 160.51
369 30.49 45.53 39.25 18.49 178.54
370 30.62 30.02 23.43 15.05 137.22
371 30.52 60.29 129.30 18.19 171.10
372 30.74 13.96 21.33 12.01 106.28
373 30.76 70.04 167.29 15.46 149.61
374 30.81 77.03 122.57 13.12 126.92
375 30.75 74.07 168.10 14.42 139.83
376 30.81 34.89 28.73 17.24 153.47
377 30.79 50.52 51.90 18.48 189.80
378 30.93 65.54 174.47 18.20 160.68
379 30.93 63.03 170.66 17.43 180.60
380 30.95 40.27 35.23 18.88 165.96
381 30.95 43.02 43.50 17.95 176.01
382 31.04 82.38 85.13 12.39 115.42
383 31.10 19.20 26.12 13.55 122.52
384 31.05 24.03 26.99 15.27 133.84
385 31.21 26.75 32.17 15.34 145.47
386 31.18 47.66 75.64 18.78 184.44
387 31.30 16.41 32.10 13.61 124.70
388 31.37 79.78 93.65 13.04 129.46
389 31.42 85.53 44.16 10.97 71.29
390 31.48 21.60 31.21 13.67 127.98
391 31.30 32.32 35.52 16.84 155.23
392 31.43 55.89 129.35 19.63 182.95
393 31.53 67.74 162.95 16.63 158.68
394 31.48 58.47 152.61 19.17 187.17
395 31.46 53.06 91.81 19.48 188.36
396 31.68 72.43 139.96 15.80 151.64
397 31.65 11.36 29.52 9.80 77.25
398 31.61 36.92 43.88 17.78 161.70
399 31.70 60.91 165.51 19.26 177.38
400 31.77 44.92 81.84 20.14 172.79
401 31.83 29.32 50.50 16.99 150.68
402 31.82 49.71 132.38 20.40 196.94
403 31.93 75.34 95.19 15.37 131.88
404 31.93 41.89 90.64 19.36 181.26
405 32.12 39.26 69.15 18.61 164.98
406 31.96 64.23 171.55 17.62 173.03
407 32.10 34.51 68.19 17.70 158.22
408 32.12 70.09 143.26 16.97 156.57
409 32.29 87.79 26.83 10.44 49.80
410 32.23 14.21 51.28 11.56 109.74
411 32.26 23.85 54.14 15.42 137.26
412 32.41 78.34 66.23 14.34 128.25
413 32.25 47.13 175.43 21.38 184.86
414 32.31 82.29 55.22 12.97 115.87
415 32.41 17.84 62.93 13.45 117.48
416 32.40 31.73 78.73 18.38 160.95
417 32.52 51.53 188.46 20.72 176.73
418 32.48 26.42 68.51 15.76 139.51
419 32.45 54.26 173.71 20.23 180.91
420 32.59 57.01 170.88 19.50 181.02
421 32.69 59.20 172.63 19.33 183.24
422 32.78 66.50 126.20 17.71 173.04
423 32.70 62.13 167.90 19.23 178.37
424 32.77 20.70 67.96 14.12 119.06
425 32.76 43.80 174.55 19.96 176.61
426 32.74 36.91 126.69 18.40 172.27
427 33.03 72.71 80.14 16.40 147.59
428 33.19 84.60 38.57 12.86 100.02
429 32.96 48.90 200.38 21.39 195.19
430 33.00 28.85 128.29 16.69 145.27
431 33.00 40.82 147.82 19.69 175.98
432 33.10 69.05 107.64 18.13 166.96
433 33.10 75.63 62.35 15.37 150.24
434 33.22 64.22 161.56 19.08 181.96
435 33.20 33.92 150.76 17.46 143.07
436 33.36 46.12 187.35 21.72 171.79
437 33.35 15.26 114.36 14.11 107.15
438 33.46 80.83 43.50 13.72 126.31
439 33.39 23.38 116.31 15.59 135.55
440 33.47 31.44 148.09 18.44 156.88
441 33.57 55.56 184.52 20.19 181.77
442 33.69 38.30 179.81 19.15 166.49
443 33.62 53.17 179.72 20.13 174.36
444 33.65 60.56 160.01 20.57 164.27
445 33.72 18.16 139.93 14.15 118.72
446 33.75 87.41 31.31 12.10 74.69
447 33.73 42.82 187.16 21.21 178.39
448 33.73 26.01 147.91 15.73 136.03
449 33.82 77.73 47.87 15.59 130.81
450 33.87 35.89 195.83 19.20 160.35
451 33.84 50.83 186.75 21.36 190.92
452 34.04 58.18 156.31 21.66 176.85
453 33.97 71.26 70.58 18.02 150.17
454 34.12 21.13 154.38 15.92 122.88
455 34.13 67.53 70.40 18.86 166.71
456 34.15 48.41 183.38 21.24 177.94
457 34.35 12.67 123.31 13.22 83.19
458 34.17 40.42 206.75 21.51 166.99
459 34.18 28.78 178.58 17.90 149.69
460 34.33 62.70 112.54 19.45 177.10
461 34.33 65.17 94.83 19.55 172.73
462 34.37 74.55 46.49 16.46 146.17
463 34.48 33.93 186.44 18.88 148.53
464 34.52 44.79 181.38 21.07 181.46
465 34.67 82.57 41.27 16.01 120.67
466 34.57 31.15 192.87 18.63 157.59
467 34.73 16.00 143.91 13.73 109.92
468 34.76 79.72 41.58 16.22 135.18
469 34.76 85.32 33.49 13.45 84.62
470 34.82 23.79 165.02 16.42 121.94
471 34.75 56.34 120.48 21.18 153.98
472 34.86 69.55 56.91 18.14 177.60
473 35.02 88.55 35.64 14.09 55.72
474 34.94 26.84 182.05 17.78 138.82
475 34.88 53.85 136.09 21.40 181.08
476 35.02 37.20 195.07 20.21 165.46
477 34.99 60.46 97.52 20.77 173.56
478 35.08 18.81 145.37 15.33 120.11
479 35.02 42.31 177.96 21.45 179.27
480 35.08 47.05 162.43 22.64 182.87
481 35.16 51.51 151.57 21.14 186.00
482 35.18 72.18 50.93 18.81 164.06
483 35.14 76.99 41.75 18.20 147.02
484 35.31 39.66 183.50 21.90 176.74
485 35.47 49.38 137.59 22.23 197.02
486 35.56 21.23 155.86 14.92 126.68
487 35.61 58.39 81.60 21.74 187.70
488 35.54 67.17 54.57 19.71 187.78
489 35.78 8.79 86.35 11.90 43.86
490 35.61 29.77 179.19 18.86 143.97
491 35.56 32.62 177.94 19.47 146.98
492 35.56 64.71 57.53 20.44 184.26
493 35.72 14.08 129.89 13.44 100.62
494 35.71 62.52 61.37 20.96 178.78
495 35.76 35.28 187.60 21.37 163.09
496 36.02 11.37 107.58 14.12 69.52
497 35.90 74.85 42.67 19.64 161.11
498 35.95 25.24 175.95 19.11 135.98
499 35.94 45.24 133.64 21.27 180.29
500 35.92 55.81 73.26 21.60 180.84
501 36.02 83.86 72.54 18.47 127.75
502 36.03 80.78 56.26 18.62 137.21
503 36.24 89.63 49.66 15.40 34.23
504 36.22 86.46 90.83 18.01 92.95
505 36.19 43.03 124.48 21.97 185.90
506 36.10 69.88 43.24 18.94 171.62
507 36.23 53.09 89.07 22.47 175.10
508 36.43 16.94 121.92 15.41 111.22
509 36.31 27.76 161.90 18.54 141.05
510 36.31 77.90 56.95 20.41 155.34
511 36.52 22.96 133.83 16.30 126.14
512 36.42 38.21 140.19 20.36 165.60
513 36.44 40.74 140.46 22.23 184.12
514 36.40 47.71 97.97 22.23 184.68
515 36.41 60.37 59.08 22.00 183.97
516 36.46 72.54 44.44 20.54 166.12
517 36.44 91.59 35.44 12.08 17.10
518 36.63 50.38 78.21 22.18 178.57
519 36.67 19.64 118.66 16.20 126.93
520 36.78 65.01 47.50 23.03 182.62
521 36.74 31.08 148.54 19.52 140.87
522 36.82 33.61 138.48 18.95 153.41
523 36.89 67.67 44.50 20.60 172.21
524 36.97 57.67 57.01 22.91 176.17
525 37.13 62.60 43.49 22.21 170.07
526 37.12 36.06 119.48 21.85 158.90
527 37.13 14.22 95.85 13.99 108.14
528 37.14 55.05 56.61 21.90 179.10
529 37.19 75.56 59.65 21.47 157.97
530 37.19 82.09 131.02 22.82 140.18
531 37.21 45.58 86.40 24.16 186.55
532 37.40 8.58 55.32 12.12 40.68
533 37.26 25.98 141.09 18.49 139.89
534 37.47 87.58 105.31 21.28 73.70
535 37.56 29.13 106.83 19.60 139.80
536 37.38 70.31 47.50 21.97 177.35
537 37.44 79.13 109.97 24.10 154.29
538 37.44 43.17 91.31 23.50 180.09
539 37.43 52.52 57.78 22.76 182.33
540 37.61 11.33 83.91 14.69 80.51
541 37.91 84.31 122.20 23.32 109.06
542 37.68 40.73 82.51 23.59 178.14
543 37.65 47.90 63.87 23.18 189.15
544 37.55 59.85 48.75 23.53 186.81
545 37.85 21.21 86.36 16.32 125.39
546 37.66 72.87 66.15 23.59 177.07
547 37.82 38.20 79.48 22.29 160.32
548 37.88 18.44 94.01 17.69 121.89
549 37.96 23.90 105.62 17.41 129.86
550 37.93 31.96 91.66 19.66 152.29
551 37.96 50.37 52.66 22.38 177.28
552 37.87 65.85 42.52 23.12 179.47
553 38.25 16.21 81.62 17.52 115.19
554 38.23 55.96 50.12 23.44 182.18
555 38.30 34.78 82.90 23.59 165.79
556 38.30 68.47 64.61 24.47 178.40
557 38.36 76.91 114.04 25.90 156.89
558 38.52 63.76 50.98 24.42 185.73
559 38.39 27.06 112.20 20.05 151.16
560 38.43 58.14 50.10 24.57 182.57
561 38.42 61.53 48.99 24.05 191.47
562 38.43 45.42 54.58 23.50 176.41
563 38.61 74.27 123.57 26.56 169.53
564 38.63 13.34 70.63 15.38 102.23
565 38.45 80.56 145.86 28.24 132.48
566 38.53 53.24 45.47 23.33 173.20
567 38.56 82.20 115.60 25.53 141.47
568 38.75 42.64 55.90 24.20 171.76
569 38.77 70.97 91.47 27.85 183.35
570 38.68 89.38 74.88 24.29 50.30
571 38.91 9.40 48.42 13.68 67.02
572 38.89 39.95 54.11 21.77 163.04
573 38.87 48.44 53.71 26.66 186.05
574 39.01 86.52 111.76 28.56 89.46
575 38.97 30.07 81.59 19.78 143.23
576 39.05 37.26 60.11 23.32 168.80
577 39.04 66.27 63.77 26.66 189.31
578 39.16 22.15 66.96 18.16 129.32
579 39.34 19.10 55.33 16.48 107.38
580 39.33 78.29 146.56 29.13 149.92
581 39.29 24.87 65.15 17.86 132.28
582 39.18 32.78 68.39 22.66 165.24
583 39.26 50.44 48.23 26.11 185.08
584 39.31 59.74 58.27 26.22 193.29
585 39.52 46.52 45.61 26.48 196.48
586 39.34 83.74 112.11 31.45 119.12
587 39.53 55.28 56.86 27.46 188.86
588 39.59 15.96 53.77 16.62 106.93
589 39.61 27.56 60.11 19.37 140.27
590 39.62 68.79 117.77 32.92 178.94
591 39.61 72.75 175.52 33.89 168.49
592 39.81 34.82 47.62 22.99 149.84
593 39.83 57.60 80.04 28.80 207.69
594 39.79 89.44 69.02 32.26 56.09
595 39.76 44.19 47.97 25.82 176.63
596 39.69 52.85 51.00 29.01 185.54
597 39.76 61.89 89.40 28.36 201.52
598 39.71 80.90 144.21 36.59 150.43
599 39.88 64.18 86.29 28.58 199.55
600 39.84 75.52 146.68 33.26 169.02
601 39.99 12.23 49.80 16.09 108.76
602 39.99 41.82 51.09 27.78 181.84
603 40.14 39.44 47.42 25.19 170.96
604 40.29 29.81 54.94 23.06 155.00
605 40.40 8.96 35.61 14.55 72.31
606 40.49 48.18 57.09 29.22 195.02
607 40.23 66.35 114.93 33.91 188.29
608 40.48 70.96 165.39 35.58 176.72
609 40.41 32.22 52.24 24.55 161.88
610 40.28 21.00 58.85 23.38 135.12
611 40.34 36.98 52.41 27.95 175.03
612 40.46 85.71 101.04 42.34 100.08
613 40.41 91.82 35.02 31.08 29.57
614 40.61 23.20 45.23 21.62 144.26
615 40.44 50.62 56.64 29.59 195.95
616 40.61 25.60 52.34 23.34 139.30
617 40.53 87.38 71.54 39.65 89.24
618 40.86 59.85 164.06 31.96 188.76
619 40.78 79.38 125.47 44.85 152.95
620 40.94 16.78 41.25 18.31 115.59
621 40.85 45.78 68.76 31.59 199.27
622 40.99 14.03 37.38 17.76 119.02
623 41.06 19.26 44.58 20.06 129.54
624 40.92 55.24 90.45 31.65 196.88
625 40.88 73.68 161.49 42.24 172.89
626 40.86 68.28 155.90 40.45 185.62
627 40.94 52.80 82.92 32.62 201.90
628 41.00 76.68 140.22 46.22 164.47
629 41.01 82.25 111.61 46.98 130.83
630 41.01 27.65 52.39 23.93 153.34
631 41.02 43.45 57.61 30.53 180.80
632 40.87 62.37 156.20 37.23 200.49
633 41.07 57.50 149.48 34.94 206.17
634 41.18 35.13 50.30 25.76 152.20
635 41.20 65.19 168.76 43.11 195.99
636 41.30 40.73 61.51 28.51 172.15
637 41.35 89.78 40.17 42.79 44.52
638 41.58 11.03 36.15 18.96 103.29
639 41.40 38.30 56.68 27.19 187.97
640 41.56 29.93 54.25 26.54 151.45
641 41.77 21.32 38.65 19.43 118.66
642 41.79 84.51 83.47 55.54 110.65
643 41.64 92.68 14.77 33.84 14.61
644 41.66 32.59 52.71 28.00 159.88
645 41.83 7.97 28.95 16.95 63.65
646 41.64 50.26 117.78 35.36 191.71
647 41.82 87.22 63.45 49.85 76.85
648 41.79 70.13 160.51 56.35 189.14
649 41.92 24.32 53.80 25.00 139.51
650 41.82 47.03 120.35 37.49 186.98
651 41.89 63.17 194.87 47.33 210.36
652 42.13 72.44 144.98 58.76 174.21
653 42.07 78.48 99.87 57.77 144.51
654 42.01 53.69 157.50 36.88 197.78
655 42.00 67.49 166.18 52.63 204.84
656 42.16 60.94 196.06 49.80 208.66
657 42.12 75.10 114.73 64.89 171.00
658 42.15 27.13 51.69 24.54 143.93
659 42.11 42.22 122.94 36.26 194.29
660 42.25 58.73 187.11 41.70 203.03
661 42.21 15.13 49.53 22.03 127.47
662 42.28 56.20 184.18 46.62 214.50
663 42.37 37.02 109.55 35.43 187.80
664 42.41 44.55 136.79 37.30 191.43
665 42.41 18.06 46.70 23.36 134.60
666 42.40 81.62 72.97 60.28 127.27
667 42.51 34.38 78.09 29.84 167.74
668 42.59 65.07 172.69 54.82 201.51
669 42.67 48.99 182.95 43.46 198.03
670 42.63 30.94 75.55 26.52 149.34
671 42.69 39.75 114.63 37.48 183.02
672 42.70 91.41 22.49 51.57 28.64
673 42.80 12.62 54.62 23.50 118.92
674 42.82 51.67 166.24 44.38 195.68
675 42.88 88.63 34.76 62.04 54.19
676 43.00 22.22 61.61 28.74 141.41
677 42.97 69.22 138.64 70.64 197.00
678 43.03 76.81 71.47 71.10 132.05
679 43.04 9.55 57.14 22.77 90.66
680 43.16 46.67 189.12 43.73 198.52
681 43.11 25.76 88.92 31.71 159.55
682 43.21 62.71 155.81 61.80 204.50
683 43.20 85.68 51.58 68.32 80.30
684 43.23 28.49 104.42 31.14 161.97
685 43.20 54.11 169.84 53.55 201.16
686 43.37 19.58 62.16 26.29 141.45
687 43.29 42.27 156.17 43.35 190.71
688 43.36 66.90 133.08 74.97 202.34
689 43.39 71.40 92.88 78.22 162.12
690 43.37 73.84 82.28 78.78 157.46
691 43.30 57.52 186.58 59.43 211.94
692 43.47 60.21 174.35 67.78 205.28
693 43.50 79.39 61.31 77.93 122.05
694 43.52 15.25 66.50 24.77 122.69
695 43.58 35.50 148.63 43.02 186.38
696 43.67 37.70 157.19 43.54 186.00
697 43.74 33.02 117.26 34.23 170.00
698 43.60 82.93 56.73 75.53 101.44
699 43.81 30.63 152.57 41.66 168.94
700 43.93 24.10 115.26 35.05 147.88
701 43.85 44.61 191.71 53.88 197.55
702 43.93 92.69 13.78 50.34 15.53
703 43.95 48.96 158.16 53.27 187.20
704 44.07 64.80 129.53 81.90 197.14
705 43.97 39.93 174.90 50.97 191.18
706 44.12 51.37 157.85 62.24 186.88
707 44.13 55.89 158.88 61.89 183.08
708 44.00 90.17 26.38 69.91 36.99
709 44.22 11.71 91.14 26.87 115.63
710 44.12 75.73 57.14 97.43 136.33
711 44.11 69.38 80.72 95.78 163.41
712 44.34 8.51 78.02 25.55 82.40
713 44.36 94.68 6.70 32.86 4.43
714 44.44 17.08 93.97 35.34 148.36
715 44.36 26.30 143.84 41.20 163.72
716 44.30 87.48 37.56 75.12 51.91
717 44.49 22.15 125.48 39.69 156.61
718 44.43 58.63 158.53 82.77 188.92
719 44.62 46.66 154.16 61.43 194.62
720 44.51 62.71 122.40 86.05 196.55
721 44.67 28.42 143.23 42.09 172.08
722 44.48 53.77 171.97 86.65 201.90
723 44.56 81.07 45.19 88.53 104.10
724 44.51 42.55 185.58 61.63 197.75
725 44.63 72.47 51.65 100.50 131.43
726 44.71 19.64 116.76 35.03 146.99
727 44.62 67.11 69.65 90.36 159.48
728 44.72 78.03 44.71 104.31 109.23
729 44.74 84.32 42.78 86.96 67.99
730 44.80 34.82 166.51 55.02 185.64
731 44.96 13.92 114.01 33.91 130.98
732 44.85 60.80 114.65 103.28 180.72
733 44.93 37.57 169.64 56.60 183.82
734 45.05 30.48 171.78 53.70 182.12
735 45.34 32.38 155.29 66.61 168.79
736 45.08 40.37 186.73 74.09 189.94
737 45.13 44.50 171.70 88.11 188.38
738 45.24 92.17 23.83 63.38 14.08
739 45.15 69.72 49.15 116.69 135.93
740 45.27 48.82 137.35 75.75 178.46
741 45.30 75.46 45.24 113.09 108.25
742 45.43 24.59 115.31 44.88 147.94
743 45.38 52.40 125.18 83.78 192.64
744 45.41 57.20 102.13 94.30 177.15
745 45.52 89.87 46.54 76.78 24.42
746 45.48 65.09 63.29 123.42 159.16
747 45.69 10.52 87.63 35.96 109.92
748 45.62 54.96 107.18 100.62 177.70
749 45.61 87.38 49.07 88.60 45.56
750 45.83 7.43 71.01 33.29 62.16
751 45.82 27.34 136.29 56.09 162.19
752 45.62 59.36 83.44 122.26 176.64
753 45.85 15.46 115.90 42.71 140.05
754 45.72 21.93 125.49 52.05 156.77
755 45.60 79.73 49.88 110.38 78.31
756 45.80 62.84 59.38 120.27 167.15
757 45.84 94.20 16.81 43.22 4.66
758 45.99 17.69 123.91 52.03 142.79
759 45.85 73.27 48.43 118.79 100.43
760 45.71 67.45 50.96 131.61 136.10
761 45.83 82.21 55.04 102.21 66.63
762 45.88 42.40 116.65 86.13 175.01
763 46.09 36.19 111.81 75.37 168.37
764 46.02 70.87 49.24 128.10 100.01
765 46.00 38.92 140.18 88.01 175.03
766 46.11 45.44 104.26 91.02 186.94
767 46.10 77.55 54.03 121.38 80.04
768 46.29 19.97 122.23 56.27 149.35
769 46.12 50.60 114.19 114.23 176.46
770 46.14 33.91 157.17 82.35 178.47
771 46.30 29.91 115.79 67.40 165.58
772 46.34 60.79 54.32 132.22 154.78
773 46.25 85.06 85.44 95.68 48.04
774 46.54 13.24 85.22 51.48 124.64
775 46.42 48.14 104.55 110.60 176.64
776 46.51 56.55 69.28 137.40 170.67
777 46.66 25.78 111.88 78.93 167.22
778 46.64 67.97 52.43 135.36 104.09
779 46.82 23.46 93.30 71.30 145.87
780 46.67 53.30 70.80 108.71 158.40
781 46.78 91.89 46.58 65.38 10.76
782 46.76 58.46 51.11 129.46 145.53
783 46.72 65.18 49.61 134.73 122.96
784 46.79 75.26 69.95 127.90 75.21
785 46.81 96.07 11.28 30.11 1.15
786 46.80 79.94 94.76 119.00 56.61
787 47.04 31.98 91.64 89.25 153.14
788 47.00 41.54 85.05 114.50 165.75
789 46.95 88.70 87.76 81.63 24.20
790 47.08 82.58 131.20 104.93 43.58
791 47.04 8.01 60.42 48.70 57.46
792 47.04 10.24 70.38 49.23 73.03
793 47.23 43.72 61.47 122.25 161.69
794 47.03 62.43 48.15 152.77 124.23
795 47.16 6.38 48.39 38.70 40.52
796 47.15 39.07 65.25 98.51 154.77
797 47.10 72.79 73.15 140.33 85.58
798 47.20 94.42 20.19 39.53 2.43
799 47.40 27.73 83.84 86.91 139.16
800 47.16 70.26 59.39 133.53 85.26
801 47.22 46.46 70.40 126.00 158.53
802 47.50 15.51 73.42 68.71 110.44
803 47.34 55.54 56.60 150.70 147.04
804 47.49 21.23 80.86 84.42 137.39
805 47.35 34.30 94.90 109.63 149.72
806 47.32 36.65 77.49 120.16 152.94
807 47.40 51.08 55.62 130.92 137.95
808 47.47 18.54 80.33 68.25 115.34
809 47.48 85.73 143.47 90.09 29.90
810 47.53 77.29 124.52 121.34 50.30
811 47.63 29.82 88.95 110.73 153.93
812 47.55 48.96 55.51 151.03 127.68
813 47.55 60.06 51.53 146.33 116.83
814 47.77 63.75 60.95 164.51 104.92
815 47.75 67.64 88.38 153.11 85.58
816 47.98 12.22 58.14 73.18 108.78
817 47.88 25.33 74.62 106.39 142.33
818 47.88 53.36 59.71 165.53 122.41
819 48.04 65.57 96.54 166.92 74.25
820 48.20 57.82 66.06 156.97 93.00
821 48.08 74.43 152.57 134.30 51.71
822 48.03 80.09 131.82 112.99 33.38
823 48.20 90.28 103.88 75.83 10.68
824 48.11 40.43 54.91 145.94 141.45
825 48.13 93.06 43.14 54.75 4.51
826 48.26 9.45 47.18 78.49 80.09
827 48.25 23.09 56.20 110.16 126.92
828 48.15 44.82 52.30 162.48 118.78
829 48.46 96.12 15.35 29.99 0.75
830 48.22 69.59 122.10 154.37 69.89
831 48.42 6.42 27.75 61.19 33.77
832 48.35 33.03 57.20 128.74 131.49
833 48.27 71.92 132.10 144.21 57.12
834 48.36 83.37 160.38 102.04 31.06
835 48.38 37.87 48.42 145.55 125.42
836 48.43 47.33 48.77 154.06 121.24
837 48.37 61.91 78.26 170.37 69.37
838 48.46 35.41 44.34 150.05 112.76
839 48.49 55.42 70.56 166.07 99.60
840 48.63 87.39 130.86 95.22 19.23
841 48.63 42.59 45.57 145.25 112.77
842 48.57 17.70 43.17 91.86 96.98
843 48.67 30.97 46.45 145.40 122.66
844 48.59 59.92 85.89 184.37 95.41
845 48.71 76.79 179.49 121.58 35.33
846 48.80 20.54 38.06 99.36 89.83
847 48.81 28.70 46.26 144.95 104.83
848 48.80 49.79 57.61 164.83 97.90
849 48.76 52.03 67.84 182.19 100.60
850 48.86 26.26 43.64 117.84 104.70
851 48.92 14.44 38.46 104.93 94.15
852 48.90 67.35 174.08 159.12 58.14
853 49.01 63.72 151.24 159.44 65.29
854 49.30 79.08 178.05 121.71 26.63
855 49.18 45.25 54.59 153.43 95.00
856 49.26 39.88 52.92 173.32 98.08
857 49.40 81.58 158.33 109.14 24.06
858 49.37 11.82 34.35 108.15 76.03
859 49.47 74.38 182.31 135.50 32.67
860 49.33 94.29 28.38 45.99 2.08
861 49.38 69.59 200.26 152.79 45.11
862 49.48 72.06 182.41 140.90 34.44
863 49.46 91.84 54.76 76.65 6.59
864 49.39 23.41 39.57 139.35 84.82
865 49.45 65.49 207.21 180.40 55.71
866 49.41 61.26 185.90 176.87 57.81
867 49.46 84.97 134.44 103.30 18.84
868 49.55 54.59 123.24 170.47 73.23
869 49.52 56.81 166.04 168.08 71.17
870 49.55 32.66 44.35 147.34 91.52
871 49.50 35.20 43.06 168.60 79.33
872 49.60 37.68 55.19 172.77 99.63
873 49.60 9.52 29.54 108.65 50.55
874 49.63 16.42 36.29 132.07 77.97
875 49.53 59.05 173.72 170.80 65.98
876 49.67 6.81 17.99 78.12 22.44
877 49.61 47.54 89.00 170.16 85.74
878 49.75 89.07 87.84 87.53 9.99
879 49.80 41.89 64.28 174.57 82.29
880 49.79 52.62 145.49 190.31 68.03
881 49.94 30.40 49.01 159.52 76.87
882 49.92 18.80 38.79 144.95 58.64
883 50.05 28.08 48.27 163.76 74.64
884 50.03 21.14 41.63 144.42 65.47
885 50.03 25.68 45.38 169.73 77.66
886 50.09 50.49 157.14 182.86 67.83
887 50.07 76.84 166.96 126.87 24.38
888 50.11 43.96 83.61 187.47 72.18
889 50.19 62.66 212.76 179.81 40.82
890 50.23 67.34 203.12 150.86 38.02
891 50.15 95.80 12.80 32.20 0.51
892 50.50 86.90 103.55 96.04 11.13
893 50.36 14.26 35.43 142.11 47.35
894 50.46 64.75 220.07 169.89 37.74
895 50.42 83.46 132.10 103.62 17.31
896 50.53 60.60 208.25 166.40 44.47
897 50.45 34.00 72.51 181.13 53.52
898 50.56 58.16 197.78 162.86 46.80
899 50.55 36.66 87.16 174.99 66.60
900 50.51 48.54 146.09 195.81 65.19
901 50.57 69.80 178.40 148.92 30.24
902 50.69 93.61 22.11 53.13 2.12
903 50.72 11.58 30.54 109.52 39.46
904 50.67 39.34 135.86 182.68 59.70
905 50.61 55.12 195.18 165.73 48.03
906 50.64 79.74 122.12 115.48 19.26
907 50.69 23.39 59.05 166.06 59.85
908 50.72 45.90 148.67 174.45 52.70
909 50.77 72.15 159.72 142.81 23.93
910 50.84 8.23 23.69 108.03 26.26
911 50.90 74.64 151.06 128.64 21.22
912 50.78 91.28 40.92 79.37 5.84
913 50.84 16.74 45.02 145.03 48.40
914 50.92 32.08 82.76 168.69 55.63
915 50.96 52.38 214.00 178.07 44.57
916 51.02 41.52 153.80 189.37 55.11
917 51.04 5.46 14.37 77.79 9.33
918 51.08 19.69 71.75 152.73 44.24
919 51.09 26.77 59.63 181.21 49.15
920 51.14 29.49 80.64 182.72 54.68
921 51.24 95.41 10.67 37.09 0.64
922 51.31 43.62 155.49 183.86 47.46
923 51.29 77.37 114.65 131.94 18.25
924 51.40 89.18 48.48 89.64 7.70
925 51.58 56.49 212.96 161.74 32.55
926 51.51 68.14 185.14 146.76 23.67
927 51.50 82.05 79.97 110.44 12.65
928 51.42 35.15 137.88 197.31 50.81
929 51.52 49.82 217.98 179.75 40.02
930 51.46 63.28 180.97 166.98 28.72
931 51.53 65.88 178.87 163.80 28.24
932 51.65 14.55 63.30 147.14 35.16
933 51.45 84.77 90.83 106.31 14.45
934 51.63 47.59 210.82 178.99 37.51
935 51.66 37.40 171.41 194.91 44.34
936 51.76 61.08 184.56 161.07 27.66
937 51.82 22.33 119.73 186.24 53.24
938 51.75 24.68 104.70 176.04 43.40
939 51.74 58.80 174.10 166.92 31.50
940 51.76 54.08 188.41 178.70 36.41
941 51.79 70.73 123.70 148.05 19.42
942 51.92 33.16 180.73 194.00 39.65
943 51.88 39.89 175.16 193.29 43.83
944 52.14 11.69 58.34 146.46 24.96
945 52.08 45.24 197.98 188.46 37.77
946 52.11 8.98 51.22 120.66 21.02
947 52.04 17.34 81.75 155.62 34.10
948 52.05 73.22 99.32 141.40 17.84
949 52.14 79.42 67.98 116.26 12.93
950 52.25 31.18 133.21 170.68 35.87
951 52.17 51.60 186.54 193.12 31.19
952 52.24 91.64 23.91 78.15 4.14
953 52.44 6.44 40.90 107.71 8.27
954 52.18 28.60 134.57 180.01 37.93
955 52.27 20.04 118.55 160.71 30.33
956 52.18 75.90 76.63 134.48 16.51
957 52.43 26.51 118.42 173.07 34.60
958 52.21 3.74 10.18 57.88 2.42
959 52.36 42.47 170.87 178.65 30.80
960 52.49 93.95 10.69 48.51 1.36
961 52.43 64.72 129.27 175.96 20.98
962 52.56 35.67 157.89 180.08 29.93
963 52.75 66.95 100.83 157.28 18.79
964 52.78 69.38 96.26 154.11 19.25
965 52.57 88.60 36.28 89.88 7.22
966 52.79 38.51 176.69 193.22 30.17
967 52.74 57.63 154.09 179.25 23.96
968 52.92 62.90 105.34 178.29 21.63
969 52.78 81.88 44.43 110.30 13.07
970 52.80 47.05 162.53 194.38 29.11
971 52.93 55.33 132.33 179.90 25.15
972 52.83 60.47 117.96 162.22 20.30
973 52.95 49.52 138.71 188.26 23.43
974 52.96 53.12 134.46 191.10 21.52
975 53.11 24.20 127.51 163.61 26.42
976 53.14 14.67 90.13 146.33 21.39
977 53.09 71.71 62.42 143.82 15.79
978 53.14 21.93 116.29 161.84 25.21
979 53.20 78.46 47.77 119.52 10.87
980 53.15 33.61 154.18 199.57 25.25
981 53.25 40.78 126.10 184.25 24.86
982 53.14 17.41 132.74 182.39 21.87
983 53.15 29.88 143.99 193.31 28.40
984 53.31 74.06 52.65 131.57 12.36
985 53.24 44.38 136.89 185.44 25.84
986 53.29 10.80 83.31 148.60 14.29
987 53.26 76.42 53.77 141.37 11.77
988 53.15 88.90 32.88 82.61 5.45
989 53.50 27.67 134.14 191.03 23.41
990 53.41 86.50 33.92 93.16 6.95
991 53.62 8.80 72.43 134.57 10.71
992 53.59 19.50 97.55 152.14 20.01
993 53.54 65.17 76.26 163.58 16.28
994 53.56 36.60 133.12 194.60 23.41
995 53.63 91.88 13.69 66.18 2.28
996 53.70 51.24 96.67 176.32 18.99
997 53.67 59.27 90.04 185.78 19.18
998 53.66 94.92 6.12 36.81 0.34
999 53.71 6.72 55.04 110.04 4.87
1000 53.77 31.73 98.57 191.96 17.82
1001 53.89 57.21 87.74 183.27 19.23
1002 53.82 67.86 64.06 157.81 15.55
1003 53.89 80.65 39.89 109.93 8.35
1004 54.01 42.68 104.12 189.99 20.12
1005 53.98 83.49 35.76 102.96 7.89
1006 54.02 25.87 90.72 180.68 19.70
1007 53.81 46.78 99.10 192.76 21.71
1008 54.03 61.61 67.38 165.23 16.56
1009 54.08 13.16 93.92 172.01 17.03
1010 54.06 38.74 94.45 191.68 20.74
1011 54.17 53.37 72.41 180.81 18.41
1012 54.22 34.58 94.55 198.81 19.32
1013 54.19 89.22 24.69 79.11 4.85
1014 54.36 49.19 71.36 181.29 15.38
1015 54.24 70.17 48.20 147.80 12.70
1016 54.24 72.45 42.47 139.83 11.09
1017 54.32 17.00 77.08 156.92 14.94
1018 54.35 55.40 68.67 183.04 17.32
1019 54.29 21.60 86.17 172.66 15.94
1020 54.30 29.53 87.73 184.59 19.12
1021 54.34 63.77 57.37 172.53 15.70
1022 54.47 5.22 29.07 80.27 1.65
1023 54.38 76.07 39.71 124.81 9.96
1024 54.46 11.08 81.99 160.72 12.86
1025 54.68 24.09 74.94 166.34 14.16
1026 54.52 44.68 83.73 204.75 19.42
1027 54.59 78.90 33.46 125.95 8.22
1028 54.51 87.31 24.48 82.20 4.96
1029 54.51 85.82 31.56 94.07 5.86
1030 54.68 40.89 80.36 177.28 16.06
1031 54.79 93.50 9.94 52.00 1.12
1032 54.86 14.72 69.00 157.09 13.51
1033 54.77 32.45 68.01 183.84 14.80
1034 54.78 36.57 66.23 197.07 19.04
1035 54.78 66.10 45.75 160.38 13.35
1036 54.72 59.39 48.67 160.29 14.40
1037 54.92 19.35 63.67 161.19 12.95
1038 54.93 27.60 73.82 167.95 15.78
1039 54.88 51.43 58.06 185.75 13.02
1040 54.92 46.82 63.84 187.60 16.48
1041 55.12 68.27 42.31 139.50 10.83
1042 55.04 8.61 53.83 134.21 5.16
1043 55.16 73.65 40.64 132.37 9.73
1044 55.13 91.33 20.76 66.58 2.61
1045 55.18 57.03 47.37 166.63 13.13
1046 55.25 81.74 37.26 105.88 6.72
1047 55.38 84.94 42.15 102.81 6.30
1048 55.34 30.08 54.05 181.73 14.61
1049 55.31 38.89 51.90 184.23 14.18
1050 55.25 61.47 45.44 169.42 11.96
1051 55.22 89.79 20.11 72.32 2.77
1052 55.43 43.58 56.06 180.62 14.98
1053 55.34 54.20 63.29 185.10 13.40
1054 55.32 70.93 46.80 134.90 10.22
1055 55.53 11.86 51.41 152.22 9.24
1056 55.46 21.83 48.30 165.70 12.74
1057 55.43 63.63 44.49 166.61 11.62
1058 55.57 34.53 45.79 174.29 14.28
1059 55.55 76.01 39.01 121.62 8.33
1060 55.64 26.09 59.34 196.99 12.76
1061 55.62 16.61 52.13 160.42 11.72
1062 55.69 49.61 51.67 167.38 11.46
1063 55.70 87.76 43.16 74.28 3.82
1064 55.70 78.60 49.18 122.70 7.44
1065 55.89 6.19 21.55 109.68 2.25
1066 55.83 41.22 54.10 171.30 12.13
1067 55.86 59.54 48.30 162.96 11.05
1068 55.93 36.87 46.96 180.42 12.59
1069 55.91 31.95 52.12 188.48 11.82
1070 55.97 47.37 55.18 182.19 13.36
1071 55.95 52.32 52.29 176.87 11.87
1072 55.96 65.32 56.69 160.24 10.81
1073 56.07 23.97 45.71 184.10 11.78
1074 56.06 19.15 39.96 162.66 10.32
1075 56.14 95.47 6.83 29.12 0.04
1076 56.14 92.96 18.01 51.15 1.05
1077 56.26 14.25 40.38 151.99 8.70
1078 56.17 28.28 49.30 178.43 11.86
1079 56.38 45.19 52.72 178.04 10.46
1080 56.27 57.54 52.71 177.15 11.61
1081 56.35 9.61 30.22 136.96 5.59
1082 56.38 55.28 60.72 173.28 12.43
1083 56.35 67.39 72.26 143.34 8.97
1084 56.27 69.93 75.25 147.05 8.04
1085 56.28 72.47 71.85 130.81 8.52
1086 56.35 62.13 67.89 161.31 9.91
1087 56.36 80.64 71.59 113.01 6.99
1088 56.40 83.88 67.30 96.16 5.29
1089 56.38 89.87 47.03 68.86 2.78
1090 56.58 39.06 55.03 181.79 10.79
1091 56.59 43.07 63.52 180.34 12.23
1092 56.58 74.79 77.02 122.58 7.51
1093 56.67 21.34 38.77 163.65 9.52
1094 56.73 17.09 38.05 173.99 9.29
1095 56.81 30.40 50.40 163.24 10.17
1096 56.77 35.31 52.95 190.67 11.52
1097 56.74 77.62 102.91 115.51 7.48
1098 56.77 33.17 50.51 193.63 11.36
1099 56.76 51.18 82.04 170.86 9.01
1100 56.79 26.04 38.48 175.66 9.66
1101 56.99 48.96 80.34 162.24 9.99
1102 56.93 86.90 99.80 82.66 4.16
1103 56.97 11.71 29.77 146.67 5.60
1104 57.01 59.85 99.67 146.62 9.35
1105 57.02 64.69 89.66 153.43 8.43
1106 57.07 7.16 16.45 115.96 2.21
1107 57.05 53.66 88.54 178.13 10.41
1108 57.21 41.40 79.98 168.56 9.86
1109 57.19 46.84 100.49 179.34 10.80
1110 57.23 82.10 129.52 98.53 5.64
1111 57.24 23.44 40.07 165.82 8.48
1112 57.17 71.34 131.11 142.11 7.83
1113 57.34 19.19 40.57 170.67 7.80
1114 57.33 37.33 74.52 177.36 8.95
1115 57.34 68.98 185.84 137.56 7.80
1116 57.38 94.73 15.39 30.09 0.21
1117 57.46 27.98 57.39 168.55 9.14
1118 57.34 56.98 106.14 169.18 10.15
1119 57.37 62.21 143.82 156.86 8.91
1120 57.58 92.32 44.45 47.78 1.58
1121 57.60 79.57 150.20 94.22 4.81
1122 57.50 13.82 35.67 170.16 7.00
1123 57.51 75.53 156.00 114.81 6.32
1124 57.54 66.73 151.18 143.85 8.03
1125 57.68 89.75 81.54 66.44 2.69
1126 57.83 8.74 21.44 129.97 3.45
1127 57.83 73.10 147.32 104.19 6.27
1128 57.70 43.71 118.52 166.71 9.29
1129 57.87 84.46 142.17 77.29 4.09
1130 57.79 16.02 38.50 151.99 6.80
1131 57.77 32.37 80.71 180.47 8.65
1132 57.85 39.33 113.85 177.35 8.32
1133 57.85 50.73 156.01 155.19 9.95
1134 57.88 34.97 79.22 183.62 9.65
1135 57.96 25.53 49.72 161.05 7.86
1136 57.96 30.15 77.96 176.62 9.06
1137 57.99 52.98 162.32 173.56 9.90
1138 58.11 21.03 50.10 142.91 6.68
1139 58.09 54.94 161.48 147.61 8.65
1140 57.94 58.71 151.65 162.38 8.98
1141 58.22 77.39 153.29 94.06 5.48
1142 58.11 45.62 140.10 157.61 9.19
1143 58.06 63.72 185.65 144.92 7.42
1144 58.34 5.70 12.73 85.14 1.19
1145 58.21 48.11 172.99 155.75 8.42
1146 58.18 86.71 130.85 70.30 3.85
1147 58.23 70.72 184.53 117.95 7.11
1148 58.36 11.16 30.85 136.04 4.64
1149 58.23 60.58 137.64 158.00 7.04
1150 58.41 18.25 62.38 154.83 5.92
1151 58.42 23.22 65.54 171.97 8.08
1152 58.50 40.84 168.17 165.24 8.43
1153 58.50 81.63 169.04 76.74 4.01
1154 58.46 36.98 141.16 175.90 8.64
1155 58.58 65.68 177.61 123.73 6.32
1156 58.56 68.09 186.22 118.50 6.40
1157 58.65 56.76 211.10 140.84 8.42
1158 58.69 74.86 155.42 101.97 5.33
1159 58.70 27.40 97.17 153.67 6.51
1160 58.75 94.30 20.50 27.33 0.13
1161 58.74 13.85 51.38 144.70 5.39
1162 58.75 33.62 129.12 182.12 8.29
1163 58.89 62.07 192.38 126.70 6.69
1164 59.18 91.97 52.30 40.46 1.32
1165 58.91 42.77 154.04 160.20 6.96
1166 58.99 49.67 196.84 137.82 7.38
1167 59.08 89.38 89.97 56.93 2.53
1168 59.05 31.59 121.64 167.12 7.04
1169 59.03 52.03 175.94 139.31 7.18
1170 59.06 29.54 129.20 170.73 7.51
1171 59.16 46.54 199.78 146.46 7.36
1172 59.09 78.96 134.39 86.54 4.51
1173 59.06 16.19 86.10 142.58 4.87
1174 59.08 59.02 192.99 138.86 6.62
1175 59.19 8.36 29.60 115.23 2.39
1176 59.18 38.35 147.30 145.18 6.98
1177 59.27 71.77 187.97 93.03 5.27
1178 59.18 24.83 97.26 147.70 5.93
1179 59.31 83.72 156.09 75.06 3.91
1180 59.42 35.53 155.85 144.60 6.58
1181 59.54 44.46 181.21 134.40 6.09
1182 59.44 19.52 97.90 134.70 4.98
1183 59.34 21.80 125.98 146.05 5.84
1184 59.42 54.63 188.01 125.54 6.54
1185 59.58 69.20 172.40 100.52 5.43
1186 59.63 64.44 186.06 115.38 5.60
1187 59.35 86.39 135.23 66.57 3.26
1188 59.63 11.98 73.65 132.45 4.12
1189 59.65 5.41 13.91 71.78 0.40
1190 59.66 76.54 132.17 87.14 4.17
1191 59.71 66.74 184.41 118.71 5.49
1192 59.79 73.82 168.50 114.46 6.82
1193 59.80 80.70 135.18 72.92 4.30
1194 59.75 40.21 157.79 147.64 6.60
1195 59.79 57.10 185.88 130.20 6.60
1196 59.93 60.39 179.51 117.69 6.21
1197 59.92 28.25 158.24 152.49 6.15
1198 59.99 33.19 160.33 139.82 6.04
1199 60.07 48.26 175.35 129.04 7.05
1200 59.88 87.82 97.63 58.76 3.06
1201 59.97 26.04 146.98 164.64 6.64
1202 59.99 17.12 95.16 141.16 5.02
1203 60.02 52.74 160.12 130.36 6.48
1204 60.10 14.47 95.12 144.52 3.82
1205 60.18 42.37 157.55 133.05 6.64
1206 60.13 62.52 174.51 121.99 5.95
1207 60.22 23.55 143.94 135.01 4.91
1208 60.25 50.54 152.49 136.41 6.50
1209 60.32 8.96 68.03 113.95 2.42
1210 60.29 30.68 136.97 137.97 5.25
1211 60.28 37.83 135.55 147.30 6.00
1212 60.46 85.35 119.37 67.35 3.13
1213 60.60 78.24 92.37 74.85 4.12
1214 60.52 90.03 49.32 47.63 1.73
1215 60.44 71.11 113.77 95.41 4.95
1216 60.64 20.84 108.47 127.47 4.57
1217 60.58 46.09 133.29 128.69 6.10
1218 60.65 82.60 107.55 64.25 3.60
1219 60.45 92.35 25.61 30.33 0.33
1220 60.64 35.40 124.21 143.85 5.86
1221 60.75 58.80 116.02 104.48 5.86
1222 60.80 54.49 120.13 118.64 6.29
1223 60.80 18.63 115.74 136.80 4.15
1224 60.80 65.77 117.80 105.11 5.49
1225 60.76 68.49 116.41 95.67 5.14
1226 60.86 56.62 120.31 118.01 6.06
1227 60.87 75.85 90.15 81.36 3.98
1228 60.95 12.35 97.51 118.98 3.21
1229 60.90 40.26 98.27 135.46 6.32
1230 61.01 73.36 89.48 89.46 4.54
1231 60.92 27.55 132.01 139.27 4.77
1232 60.98 43.95 92.87 118.13 5.79
1233 61.09 16.09 97.97 123.01 3.73
1234 61.10 61.61 105.00 107.13 5.01
1235 61.23 80.33 64.90 66.42 3.50
1236 61.10 32.39 112.62 141.48 5.15
1237 61.24 52.33 94.41 117.74 5.70
1238 61.25 63.92 94.27 96.38 4.97
1239 61.34 25.38 85.96 118.65 4.46
1240 61.25 22.89 110.00 140.07 4.47
1241 61.35 37.33 70.42 122.78 5.39
1242 61.41 47.92 114.35 106.24 5.58
1243 61.40 50.14 103.34 110.49 5.31
1244 61.43 29.92 78.37 122.72 5.15
1245 61.53 6.81 31.86 63.75 0.25
1246 61.52 9.40 73.64 102.99 2.06
1247 61.56 85.22 60.16 52.78 2.36
1248 61.49 87.63 64.38 47.63 2.49
1249 61.56 92.08 21.36 31.65 0.65
1250 61.57 71.05 65.09 84.54 4.45
1251 61.77 34.28 69.86 121.80 4.85
1252 61.81 14.07 72.41 110.26 3.07
1253 61.90 41.50 53.85 98.98 4.59
1254 61.78 60.03 66.28 96.16 4.84
1255 61.95 89.44 32.17 39.62 1.61
1256 61.96 39.19 53.03 104.53 4.92
1257 61.93 66.68 67.02 88.21 4.71
1258 62.01 46.05 61.60 93.46 5.14
1259 61.88 56.00 68.47 103.15 5.15
1260 61.99 18.73 61.97 106.50 3.39
1261 61.99 68.92 58.86 89.11 4.51
1262 62.02 21.16 61.81 124.63 4.09
1263 61.95 75.38 51.47 74.12 4.17
1264 62.14 77.68 48.74 61.70 3.38
1265 62.04 83.08 51.55 52.38 3.11
1266 62.19 58.00 51.61 85.45 5.17
1267 62.13 27.64 56.11 110.31 4.22
1268 62.00 43.82 62.25 106.03 5.84
1269 62.07 53.82 63.41 105.91 5.10
1270 62.23 32.05 47.36 104.58 4.94
1271 62.47 16.31 53.96 97.20 2.80
1272 62.31 36.38 52.10 105.73 4.63
1273 62.27 72.97 52.21 73.14 4.09
1274 62.36 23.34 53.34 102.19 4.15
1275 62.41 62.02 43.69 75.12 4.15
1276 62.29 64.23 53.44 84.88 4.63
1277 62.33 80.20 45.26 59.63 3.51
1278 62.59 11.19 37.92 83.84 1.77
1279 62.48 49.37 61.22 86.38 5.09
1280 62.62 51.59 55.63 85.92 5.06
1281 62.59 25.33 51.12 107.89 3.97
1282 62.54 29.95 46.76 109.02 4.23
1283 62.84 86.48 33.54 41.42 1.84
1284 62.76 91.52 14.68 25.40 0.58
1285 62.82 70.50 42.86 71.15 4.38
1286 62.95 47.31 54.75 75.46 4.60
1287 62.89 59.63 44.89 76.72 3.92
1288 62.97 13.92 40.75 92.20 2.85
1289 62.94 43.24 48.26 83.58 4.52
1290 62.94 55.97 47.32 77.77 4.79
1291 63.10 20.39 35.52 93.88 3.14
1292 63.10 33.50 39.90 90.33 3.94
1293 63.08 38.52 44.12 76.29 3.51
1294 63.05 40.80 47.44 82.66 4.83
1295 63.08 89.30 22.88 34.82 1.50
1296 63.06 65.63 45.86 69.04 4.23
1297 63.03 74.63 34.93 61.79 3.89
1298 63.19 53.66 52.65 80.74 4.54
1299 63.22 68.07 40.98 65.47 3.72
1300 63.21 82.64 36.81 47.47 2.45
1301 63.24 26.76 41.84 85.34 3.11
1302 63.35 45.22 52.90 69.94 4.00
1303 63.34 18.28 34.48 82.73 2.56
1304 63.28 35.94 43.23 81.15 4.04
1305 63.50 79.65 35.32 50.03 2.96
1306 63.42 28.84 35.59 70.06 3.33
1307 63.43 63.50 50.44 67.17 4.19
1308 63.52 76.99 34.19 52.14 3.17
1309 63.55 72.31 37.03 56.36 3.27
1310 63.56 22.49 32.40 77.60 3.22
1311 63.55 31.23 41.21 77.75 3.55
1312 63.57 57.96 50.95 64.08 3.85
1313 63.50 61.03 46.84 63.47 3.67
1314 63.57 49.01 61.41 69.52 4.38
1315 63.64 51.37 48.59 64.84 3.43
1316 63.67 9.90 16.00 54.52 1.05
1317 63.80 12.48 24.39 67.95 2.08
1318 63.83 15.71 28.97 68.19 2.33
1319 63.88 24.82 37.19 73.65 2.76
1320 63.95 85.04 34.26 39.78 2.22
1321 63.82 17.44 28.93 75.00 2.57
1322 63.88 42.44 74.88 59.08 3.84
1323 64.03 7.79 12.43 46.75 0.55
1324 63.90 55.66 63.92 66.29 4.75
1325 64.05 70.10 42.84 57.37 3.71
1326 64.10 90.53 13.42 25.87 0.76
1327 64.03 66.11 48.10 56.97 3.30
1328 64.08 39.73 76.16 53.52 2.98
1329 64.10 46.86 78.67 52.47 3.84
1330 64.06 34.30 45.77 71.52 3.18
1331 64.12 37.36 57.38 57.58 3.50
1332 64.11 74.64 34.16 48.97 3.04
1333 64.28 53.51 86.74 53.79 3.95
1334 64.28 62.00 81.54 49.21 4.16
1335 64.33 19.81 32.48 55.15 2.43
1336 64.39 27.06 42.88 58.87 2.95
1337 64.35 50.00 92.53 50.33 4.27
1338 64.63 59.61 81.59 39.43 3.60
1339 64.36 81.89 32.87 40.37 2.49
1340 64.50 44.40 109.93 49.46 3.74
1341 64.47 67.75 55.64 49.50 2.54
1342 64.44 32.22 54.98 65.34 3.48
1343 64.43 29.28 48.31 57.66 2.83
1344 64.64 64.12 98.09 43.42 3.26
1345 64.53 57.60 78.10 45.43 2.98
1346 64.61 78.91 37.24 41.15 2.51
1347 64.95 9.98 18.78 46.82 1.34
1348 64.62 23.00 45.23 53.21 2.54
1349 64.81 16.93 34.65 56.32 2.33
1350 64.74 71.85 43.21 45.44 2.81
1351 64.98 13.82 22.12 47.93 1.45
1352 64.86 35.32 91.54 51.33 2.87
1353 64.89 41.96 119.38 43.49 3.13
1354 65.13 48.42 134.23 39.10 3.29
1355 65.01 55.62 108.02 40.31 2.94
1356 65.12 51.26 148.10 40.95 3.37
1357 65.04 76.40 41.07 38.90 2.38
1358 65.11 39.33 125.87 39.65 3.15
1359 65.01 84.91 36.05 32.98 1.98
1360 65.23 25.28 72.61 42.44 2.33
1361 65.28 30.68 88.32 41.97 2.63
1362 65.37 46.27 141.67 38.73 3.43
1363 65.25 69.32 76.93 37.47 3.04
1364 65.07 73.81 47.45 41.43 2.88
1365 65.28 37.19 103.13 44.04 3.36
1366 65.26 89.21 23.61 24.50 1.26
1367 65.31 33.21 94.92 42.75 3.10
1368 65.26 66.01 94.08 38.00 3.08
1369 65.29 19.66 57.52 45.25 2.15
1370 65.36 53.34 166.48 39.51 3.38
1371 65.33 61.38 137.65 37.11 3.20
1372 65.49 28.10 92.04 36.62 2.47
1373 65.37 81.53 45.13 31.87 2.43
1374 65.63 57.78 116.92 33.58 3.84
1375 65.71 86.88 40.43 20.40 1.39
1376 65.86 22.98 82.77 32.75 2.02
1377 65.73 43.94 154.93 37.90 3.36
1378 65.75 79.14 65.35 31.21 2.58
1379 65.65 18.04 53.12 34.67 2.08
1380 65.66 12.06 22.09 39.68 1.23
1381 65.87 16.15 57.72 39.45 1.75
1382 65.78 63.45 126.97 34.94 3.30
1383 65.91 72.05 90.43 33.35 2.62
1384 65.95 41.34 161.55 35.29 3.04
1385 66.00 10.75 24.58 37.90 1.37
1386 66.14 67.29 141.83 32.53 2.81
1387 66.10 50.13 171.96 34.79 3.39
1388 66.06 74.74 86.72 32.16 2.67
1389 66.11 84.04 55.58 24.60 2.04
1390 66.12 34.94 128.50 31.88 2.53
1391 66.21 60.04 155.34 32.87 3.20
1392 66.25 55.67 151.40 30.99 3.27
1393 66.24 77.23 74.35 29.45 2.19
1394 66.35 32.11 122.65 33.57 2.65
1395 66.28 38.13 142.84 33.25 2.67
1396 66.39 90.77 20.41 13.31 0.56
1397 66.40 20.60 84.61 28.46 1.54
1398 66.40 52.59 165.30 29.51 3.17
1399 66.48 24.95 105.72 29.87 2.46
1400 66.51 27.05 106.17 32.67 2.37
1401 66.44 69.44 140.95 31.43 2.70
1402 66.62 29.68 135.22 27.55 2.25
1403 66.53 48.07 160.50 31.86 2.97
1404 66.60 64.90 153.62 30.42 2.75
1405 66.47 88.74 39.32 18.08 1.14
1406 66.49 12.61 55.80 27.71 1.59
1407 66.58 81.74 88.37 20.95 2.02
1408 66.50 9.19 28.16 21.74 0.74
1409 66.70 45.77 164.33 31.86 2.80
1410 66.59 15.36 59.78 25.41 1.75
1411 66.72 62.30 164.90 30.42 3.07
1412 67.01 18.50 85.62 26.18 1.46
1413 66.94 43.41 155.72 29.68 2.58
1414 66.88 58.32 130.30 30.27 2.77
1415 67.03 40.53 134.43 29.29 2.66
1416 67.07 80.94 99.44 22.91 1.98
1417 67.09 36.09 115.08 29.27 2.90
1418 67.18 73.44 140.54 27.22 2.82
1419 67.13 71.26 146.10 29.42 2.12
1420 67.32 78.84 111.52 21.80 1.91
1421 67.22 54.38 140.50 26.04 2.72
1422 67.32 76.04 128.12 23.66 2.39
1423 67.11 13.93 65.80 27.15 1.08
1424 67.30 22.95 103.32 24.70 1.68
1425 67.23 50.35 144.17 27.81 2.75
1426 67.31 33.16 106.79 28.11 2.52
1427 67.18 89.46 32.34 14.00 0.94
1428 67.26 84.94 82.69 17.95 1.83
1429 67.40 66.61 173.70 23.81 2.62
1430 67.43 83.34 98.96 21.90 1.90
1431 67.52 87.07 67.60 15.91 1.21
1432 67.51 38.59 121.15 27.67 2.66
1433 67.60 25.88 104.70 23.48 1.81
1434 67.58 56.39 112.72 24.09 2.99
1435 67.55 60.69 151.82 25.93 3.10
1436 67.49 52.50 121.47 27.18 3.35
1437 67.84 12.23 51.70 19.91 1.03
1438 67.69 69.16 141.92 25.17 2.75
1439 67.64 9.52 35.29 18.15 0.46
1440 67.76 30.73 92.69 24.35 2.03
1441 67.67 47.74 131.40 25.84 3.22
1442 67.64 63.34 126.02 25.95 2.89
1443 67.50 90.56 21.69 12.69 0.69
1444 67.98 16.07 77.41 20.82 1.24
1445 67.82 20.60 76.62 25.55 1.50
1446 67.78 28.39 77.22 25.94 1.94
1447 68.01 41.61 85.25 25.23 2.72
1448 68.04 45.74 106.32 24.76 3.16
1449 68.00 34.86 71.23 23.32 2.60
1450 68.21 43.65 81.44 26.27 2.53
1451 68.14 58.85 86.45 21.61 2.80
1452 68.05 88.81 41.71 11.02 0.65
1453 68.31 37.06 76.70 23.46 2.54
1454 68.33 82.07 106.68 18.81 1.75
1455 68.26 49.74 82.68 24.15 2.47
1456 68.27 71.48 125.92 22.27 2.39
1457 68.40 64.93 124.45 20.87 2.53
1458 68.43 74.17 136.23 21.93 2.70
1459 68.53 18.71 78.59 20.24 1.77
1460 68.40 52.38 73.70 21.09 2.50
1461 68.53 54.62 74.83 21.73 2.71
1462 68.48 85.03 94.88 15.51 1.65
1463 68.52 24.52 70.92 22.49 2.18
1464 68.50 67.56 155.47 20.23 2.67
1465 68.32 79.71 117.93 19.26 2.26
1466 68.54 32.93 56.21 21.02 1.69
1467 68.67 22.17 64.01 18.05 1.59
1468 68.61 62.25 93.36 22.01 2.65
1469 68.60 76.84 113.35 19.58 1.82
1470 68.69 39.63 71.00 21.15 2.64
1471 68.64 56.78 77.67 23.46 2.64
1472 68.71 86.80 59.63 10.53 1.56
1473 68.70 27.14 52.54 21.53 1.72
1474 68.90 47.94 69.24 21.97 2.78
1475 68.75 14.04 59.98 18.40 0.74
1476 68.87 29.99 58.70 18.18 1.86
1477 69.18 69.75 115.07 18.44 2.38
1478 69.18 60.19 67.86 20.20 2.75
1479 68.88 79.26 112.32 17.68 1.79
1480 69.06 35.31 59.80 22.34 2.54
1481 69.10 51.09 70.05 23.22 2.58
1482 69.26 41.92 58.09 21.23 2.84
1483 69.22 44.28 61.69 21.85 2.47
1484 69.12 46.22 58.82 19.65 2.65
1485 69.27 14.79 52.97 17.00 1.12
1486 69.36 58.09 60.46 21.19 2.86
1487 69.45 72.35 115.57 17.37 2.28
1488 69.52 16.99 46.41 15.34 1.34
1489 69.41 37.49 49.79 19.52 2.19
1490 69.41 66.65 90.48 18.90 2.76
1491 69.30 13.11 44.92 12.24 1.40
1492 69.37 20.12 49.97 16.45 1.41
1493 69.57 32.74 56.11 18.39 2.03
1494 69.49 53.52 56.84 19.66 2.85
1495 69.49 64.22 71.44 18.40 2.43
1496 69.52 83.52 91.99 15.20 1.35
1497 69.56 25.19 51.09 18.12 1.82
1498 69.53 87.22 43.58 9.89 0.85
1499 69.63 75.15 99.89 16.91 2.15
1500 69.65 27.93 52.16 17.32 1.69
1501 69.67 80.71 88.24 14.39 1.91
1502 69.78 49.78 70.38 20.06 2.82
1503 69.71 55.89 60.59 20.96 2.70
1504 69.64 62.15 64.10 19.33 2.92
1505 69.81 22.50 45.48 15.30 1.67
1506 69.60 78.57 86.69 16.69 1.34
1507 69.74 39.75 61.81 19.52 2.30
1508 69.91 77.47 82.57 13.11 1.83
1509 69.75 45.81 64.73 18.70 2.70
1510 70.03 30.48 67.89 16.68 1.94
1511 70.03 35.00 62.46 17.82 2.29
1512 70.06 11.26 26.27 11.36 0.93
1513 70.29 14.11 39.70 13.69 1.28
1514 70.18 47.81 78.50 19.05 2.78
1515 70.23 51.99 79.59 17.52 2.98
1516 70.04 43.14 71.31 19.33 2.54
1517 70.18 68.44 69.78 16.72 2.54
1518 70.26 19.37 41.54 15.16 1.43
1519 70.33 58.60 56.84 18.04 2.34
1520 70.32 61.04 58.02 19.65 3.12
1521 70.48 85.40 56.59 11.42 1.30
1522 70.43 70.89 71.49 15.54 2.35
1523 70.51 38.19 75.46 18.64 2.19
1524 70.48 65.86 55.47 15.86 1.97
1525 70.52 26.25 72.76 15.81 2.12
1526 70.70 24.05 60.16 14.37 1.13
1527 70.66 41.21 99.28 20.20 2.15
1528 70.56 73.40 64.33 15.97 2.19
1529 70.66 82.24 65.94 12.11 1.58
1530 70.58 63.49 55.16 16.06 2.26
1531 70.73 17.05 41.94 14.07 1.10
1532 70.81 46.07 111.42 18.63 2.79
1533 70.76 56.55 75.78 17.29 2.94
1534 70.91 28.54 86.76 15.91 1.99
1535 70.89 44.03 115.94 19.74 2.31
1536 70.88 75.75 66.00 13.86 1.86
1537 70.82 33.02 91.08 17.99 2.78
1538 70.90 79.43 76.52 12.12 1.65
1539 70.82 21.70 57.51 16.34 2.11
1540 71.02 35.67 90.58 17.52 2.10
1541 70.94 49.99 112.73 18.53 2.72
1542 71.20 59.88 79.57 17.63 2.63
1543 71.14 67.47 53.18 15.08 1.82
1544 71.26 30.76 95.22 15.09 2.26
1545 71.47 18.88 64.57 11.25 1.17
1546 71.36 52.61 147.46 17.44 3.09
1547 71.45 62.43 80.69 17.06 3.15
1548 71.39 69.86 51.05 14.68 2.54
1549 71.45 15.11 41.28 11.52 1.30
1550 71.49 65.02 64.12 13.20 2.17
1551 71.56 72.83 47.33 14.11 1.90
1552 71.63 40.22 109.44 17.62 2.27
1553 71.68 57.63 121.58 16.58 2.56
1554 71.73 84.18 44.34 10.55 1.24
1555 71.63 26.40 119.62 15.13 2.01
1556 71.63 48.20 139.64 15.78 2.40
1557 71.56 77.44 51.39 11.85 1.75
1558 71.56 13.25 36.50 11.47 0.84
1559 71.69 37.75 133.38 18.10 2.57
1560 71.79 42.92 147.48 18.33 2.51
1561 71.92 55.33 134.60 16.61 2.24
1562 72.08 81.16 47.30 10.36 1.60
1563 71.87 21.82 91.58 14.20 2.00
1564 72.06 23.93 109.21 13.57 2.10
1565 71.97 33.19 111.21 16.42 2.53
1566 71.95 16.38 52.81 12.51 1.13
1567 72.05 45.83 149.54 17.44 2.50
1568 72.08 67.94 55.89 13.95 2.00
1569 72.11 50.77 147.24 17.26 2.53
1570 72.09 75.11 47.17 11.90 2.08
1571 72.42 61.33 133.52 15.85 2.62
1572 72.13 12.21 34.30 10.22 0.89
1573 72.35 28.39 112.82 14.98 1.99
1574 72.34 35.74 114.04 16.34 2.19
1575 72.30 71.02 43.55 13.58 2.09
1576 72.34 30.63 114.69 17.00 3.19
1577 72.41 53.21 176.36 17.27 2.95
1578 72.41 59.24 134.46 16.10 2.79
1579 72.60 78.91 52.61 10.51 1.39
1580 72.53 65.81 104.02 15.01 2.56
1581 72.59 63.55 133.14 15.62 2.51
1582 72.50 76.32 47.78 12.16 1.96
1583 72.62 39.37 141.84 17.44 2.89
1584 72.79 19.99 90.78 12.20 1.37
1585 72.78 41.73 163.06 16.69 2.77
1586 72.77 48.27 153.01 16.58 2.68
1587 72.93 15.38 66.69 10.79 1.50
1588 72.78 73.34 53.19 11.92 2.10
1589 72.91 44.04 152.94 16.67 3.56
1590 72.95 25.86 116.97 13.01 1.96
1591 73.12 57.37 149.67 15.89 2.76
1592 72.94 82.57 39.32 8.74 1.44
1593 72.92 83.94 32.02 8.21 1.48
1594 73.15 13.13 50.58 9.49 1.03
1595 73.16 33.69 122.10 15.56 3.11
1596 73.24 22.37 96.74 12.85 1.52
1597 73.22 37.82 149.96 15.60 2.74
1598 73.01 69.18 66.23 14.00 2.42
1599 73.19 50.22 150.62 15.83 2.74
1600 73.14 55.24 156.39 15.72 2.27
1601 73.26 46.13 160.61 17.73 3.19
1602 73.39 31.24 110.56 14.47 2.44
1603 73.40 52.43 164.04 16.84 3.04
1604 73.48 59.76 147.08 15.82 2.55
1605 73.52 67.18 117.26 15.37 2.54
1606 73.56 71.12 62.28 12.38 2.23
1607 73.77 18.26 80.10 10.55 1.61
1608 73.55 28.60 98.90 13.82 2.91
1609 73.72 35.84 110.16 15.06 2.95
1610 73.66 78.14 52.51 10.45 1.60
1611 73.73 64.68 149.47 14.63 2.62
1612 73.76 40.36 136.86 15.70 2.74
1613 73.77 62.28 160.84 15.14 2.79
1614 73.78 81.03 45.32 8.64 1.53
1615 73.93 24.32 93.87 13.45 2.33
1616 73.94 42.95 118.48 15.29 3.37
1617 73.99 73.30 85.60 11.01 2.11
1618 73.99 48.20 127.18 17.02 3.74
1619 74.11 54.16 134.86 15.59 2.95
1620 74.08 83.96 37.68 7.85 1.15
1621 74.24 26.75 75.08 13.72 2.59
1622 74.41 20.80 86.96 11.20 2.11
1623 74.31 51.28 129.40 15.98 3.37
1624 74.41 33.00 73.66 14.91 3.53
1625 74.33 45.33 116.04 15.25 3.05
1626 74.30 56.80 135.64 15.15 3.15
1627 74.30 69.21 92.86 13.15 2.29
1628 74.32 13.44 56.38 9.35 0.74
1629 74.44 38.46 97.64 15.97 3.51
1630 74.56 30.33 71.87 13.75 3.00
1631 74.60 76.61 102.78 11.17 2.42
1632 74.54 59.62 155.21 14.72 3.78
1633 74.60 66.68 141.08 13.41 2.62
1634 74.95 15.68 73.56 10.32 1.44
1635 74.83 35.25 67.45 14.08 3.71
1636 74.95 61.93 148.31 14.36 2.60
1637 74.94 71.55 103.10 11.84 2.20
1638 74.99 23.12 74.53 12.71 2.96
1639 75.03 40.89 76.72 15.15 4.06
1640 75.02 64.28 156.44 14.09 2.98
1641 74.98 79.39 74.95 9.59 1.81
1642 75.05 82.23 65.66 8.26 1.40
1643 75.07 46.91 75.78 14.94 5.04
1644 75.03 49.31 88.78 15.00 3.59
1645 75.05 43.58 86.73 15.92 3.45
1646 75.19 74.27 115.45 9.85 2.31
1647 75.17 28.27 57.94 13.21 4.37
1648 75.09 54.29 107.85 15.09 3.36
1649 75.23 18.85 60.68 9.83 1.82
1650 75.24 25.49 59.97 12.48 3.69
1651 75.16 84.92 37.29 7.76 1.13
1652 75.32 57.99 125.26 14.36 3.43
1653 75.31 37.52 64.41 15.40 3.66
1654 75.39 69.17 123.47 12.54 2.37
1655 75.51 51.90 81.38 14.72 4.10
1656 75.55 32.26 52.40 13.13 5.20
1657 75.75 66.32 121.30 12.87 2.65
1658 75.87 21.24 51.74 10.49 3.19
1659 75.84 55.67 80.63 14.93 4.08
1660 75.83 60.61 119.01 14.54 3.21
1661 75.89 77.12 147.10 9.44 1.69
1662 76.09 30.06 45.38 12.47 8.14
1663 75.92 34.65 46.36 14.07 5.75
1664 75.98 45.23 49.53 15.24 5.22
1665 75.95 42.57 51.54 14.80 4.28
1666 76.22 16.17 42.15 9.24 1.71
1667 76.14 39.64 52.64 14.36 5.71
1668 76.08 49.91 59.19 14.97 5.69
1669 76.18 84.47 44.72 6.46 0.99
1670 76.20 63.50 123.37 13.64 3.01
1671 76.19 47.70 48.92 14.92 7.62
1672 76.24 72.27 119.31 10.47 2.23
1673 76.16 27.10 48.52 12.73 7.17
1674 76.42 81.96 71.42 8.18 1.24
1675 76.32 23.97 42.24 10.96 4.77
1676 76.33 18.86 43.02 10.19 3.37
1677 76.42 53.53 66.19 14.24 5.11
1678 76.22 37.07 43.50 15.90 6.50
1679 76.60 79.45 100.12 8.53 1.74
1680 76.40 57.70 73.23 15.07 3.84
1681 76.41 74.73 130.00 10.56 1.91
1682 76.47 69.86 115.76 11.41 2.47
1683 76.69 67.51 91.59 12.01 2.74
1684 76.66 32.64 39.12 13.00 9.55
1685 76.82 59.55 74.93 13.59 4.70
1686 76.81 51.51 48.10 14.36 6.13
1687 76.88 41.45 44.54 14.33 9.84
1688 76.98 35.52 40.59 14.80 9.57
1689 76.98 43.73 40.92 14.53 8.88
1690 76.69 45.64 40.21 13.86 5.93
1691 76.92 55.59 59.30 13.32 5.78
1692 77.10 61.75 77.90 13.63 4.05
1693 77.17 65.52 79.85 13.13 3.43
1694 76.85 29.28 39.71 13.79 9.71
1695 76.88 38.35 51.41 13.36 8.64
1696 77.18 26.09 34.10 12.52 7.67
1697 77.18 21.07 34.44 11.21 5.43
1698 76.87 22.34 34.50 9.92 3.33
1699 77.11 46.41 39.61 14.03 9.41
1700 77.14 49.40 40.35 14.58 7.70
1701 77.18 28.38 40.29 11.92 9.62
1702 77.33 77.15 120.30 8.46 1.81
1703 77.45 30.99 35.12 12.35 13.92
1704 77.38 19.40 32.20 10.64 4.60
1705 77.35 37.57 56.10 13.51 11.75
1706 77.42 40.01 48.02 14.36 18.31
1707 77.51 74.22 122.68 9.56 1.85
1708 77.59 71.63 100.14 10.59 2.07
1709 77.25 83.15 45.82 6.88 1.12
1710 77.59 57.38 45.05 14.36 7.12
1711 77.53 23.80 32.58 10.32 7.19
1712 77.67 69.24 83.09 10.26 3.53
1713 77.41 33.56 48.50 13.96 8.08
1714 77.54 18.26 27.22 9.97 5.12
1715 77.84 63.58 56.51 13.06 4.81
1716 77.72 81.03 65.06 7.29 1.17
1717 77.70 52.27 42.05 14.82 10.10
1718 77.81 54.60 42.64 14.12 8.99
1719 77.85 48.06 43.77 13.68 11.87
1720 78.00 42.47 58.00 14.59 19.38
1721 78.02 35.82 63.07 13.37 19.48
1722 77.94 44.99 55.82 15.31 15.78
1723 77.97 59.55 49.05 14.27 6.55
1724 78.07 33.41 51.86 13.43 16.19
1725 78.32 67.61 53.06 11.92 3.70
1726 78.18 28.72 48.22 11.44 13.61
1727 78.17 50.27 41.05 14.40 13.19
1728 78.25 21.14 34.28 10.35 8.30
1729 78.30 26.15 39.18 12.21 10.22
1730 78.38 38.50 73.67 13.83 18.91
1731 78.52 78.71 81.30 7.79 1.63
1732 78.52 17.71 28.67 8.06 5.11
1733 78.51 61.49 39.26 12.78 7.87
1734 78.45 65.54 42.31 11.79 5.07
1735 78.50 75.96 90.91 8.52 1.80
1736 78.49 24.02 42.56 12.02 9.33
1737 78.63 31.30 53.25 12.23 19.09
1738 78.50 53.02 55.28 14.47 11.44
1739 78.72 72.87 70.10 9.86 2.53
1740 78.54 57.02 43.93 13.45 9.71
1741 78.81 46.59 78.15 13.69 19.54
1742 78.66 83.18 41.24 6.17 0.68
1743 78.90 40.95 85.56 13.18 20.88
1744 78.82 70.28 48.33 10.17 3.26
1745 79.02 44.30 87.06 13.98 22.86
1746 78.95 22.95 44.23 10.85 12.22
1747 79.14 48.70 74.85 13.35 23.33
1748 78.91 52.09 59.42 13.30 12.33
1749 79.05 54.83 54.61 14.04 14.58
1750 78.99 59.13 42.59 14.35 11.21
1751 79.11 81.03 57.79 7.48 1.32
1752 79.03 63.64 36.42 12.82 9.18
1753 79.27 33.26 92.79 12.47 25.68
1754 79.10 35.87 101.92 13.78 26.64
1755 79.40 20.54 40.20 9.84 8.93
1756 79.46 50.74 85.53 13.83 25.63
1757 79.27 28.63 62.98 12.06 19.43
1758 79.19 21.48 43.27 11.36 10.09
1759 79.53 25.54 54.59 11.77 18.33
1760 79.45 67.98 36.51 10.88 6.17
1761 79.50 38.82 100.93 14.04 27.80
1762 79.53 65.62 34.78 11.89 8.49
1763 79.62 74.96 54.76 9.37 2.87
1764 79.68 56.85 60.59 12.47 16.11
1765 79.83 77.28 53.04 8.33 2.01
1766 79.57 61.49 41.22 12.36 17.58
1767 79.82 42.92 127.73 13.67 33.26
1768 79.99 53.06 96.42 13.14 24.45
1769 79.97 30.85 87.27 12.15 29.88
1770 80.00 72.69 43.86 9.40 3.13
1771 80.05 46.57 133.04 14.26 32.71
1772 80.14 70.50 36.94 9.29 4.10
1773 80.03 22.87 59.41 10.38 15.92
1774 80.12 36.62 130.77 13.68 30.53
1775 80.05 59.01 61.14 12.37 17.25
1776 80.15 79.67 39.14 6.93 1.51
1777 80.18 63.66 41.65 12.22 15.90
1778 80.20 40.75 139.31 13.34 40.22
1779 80.55 19.07 41.93 8.53 9.89
1780 80.42 27.31 82.78 12.61 26.90
1781 80.51 34.23 129.07 13.58 37.29
1782 80.49 48.93 132.85 13.50 32.82
1783 80.49 55.06 87.06 13.90 29.01
1784 80.64 61.10 76.55 12.83 24.05
1785 80.75 38.75 155.11 13.86 43.61
1786 80.84 44.80 162.78 13.44 41.90
1787 80.61 65.99 31.34 11.17 12.05
1788 80.54 68.54 31.47 10.45 6.87
1789 80.78 51.22 136.25 14.33 37.25
1790 81.06 24.76 80.22 9.80 23.35
1791 80.90 74.88 31.46 8.35 2.37
1792 81.08 32.24 134.68 13.28 38.47
1793 81.18 29.66 108.40 11.56 34.20
1794 81.13 56.91 108.20 12.69 35.47
1795 81.06 42.69 182.49 13.86 50.45
1796 81.31 77.59 32.18 7.42 2.06
1797 81.19 58.95 105.25 13.25 26.23
1798 81.36 21.59 61.68 9.35 19.34
1799 81.34 53.44 142.19 13.09 37.28
1800 81.33 46.90 168.55 13.85 51.64
1801 81.33 63.24 60.35 11.77 21.57
1802 81.42 36.28 166.22 14.73 43.28
1803 81.40 67.96 42.96 10.17 11.89
1804 81.28 17.28 32.68 9.10 6.10
1805 81.60 40.98 178.14 14.05 55.83
1806 81.65 70.33 38.26 9.87 7.79
1807 81.73 27.60 104.61 11.51 36.31
1808 81.68 49.84 189.78 14.15 45.39
1809 81.86 60.89 95.42 12.93 31.84
1810 81.87 38.48 183.82 14.16 56.89
1811 82.17 55.64 164.24 13.14 47.79
1812 82.11 34.53 143.24 12.29 55.44
1813 82.15 45.04 185.90 13.62 58.79
1814 82.10 74.57 27.93 8.53 2.65
1815 82.10 18.64 48.69 7.64 9.34
1816 82.20 23.31 88.76 10.79 24.85
1817 82.25 51.59 182.91 14.57 50.10
1818 82.28 32.06 154.79 12.01 51.73
1819 82.38 25.50 113.92 11.12 32.61
1820 82.47 43.00 178.90 13.03 58.29
1821 82.34 47.82 184.77 13.62 56.67
1822 82.40 58.48 145.44 13.22 38.13
1823 82.50 62.77 86.84 11.06 28.01
1824 82.32 77.51 21.32 7.50 1.95
1825 82.69 29.85 132.82 11.31 48.72
1826 82.76 68.37 61.80 9.96 15.52
1827 82.75 78.29 18.91 6.21 1.73
1828 82.75 21.11 69.52 8.58 19.97
1829 82.70 53.62 178.91 13.25 52.99
1830 82.72 73.09 35.80 8.42 7.58
1831 82.70 40.06 169.03 13.21 70.49
1832 82.81 65.24 91.17 11.53 27.09
1833 82.83 37.29 144.19 12.72 67.36
1834 82.93 71.06 44.29 8.87 10.09
1835 83.12 27.39 124.64 10.61 45.90
1836 83.20 50.12 185.12 13.31 63.89
1837 83.20 60.89 137.90 12.01 39.89
1838 83.25 76.00 30.94 7.71 3.48
1839 83.39 33.77 136.39 12.34 59.96
1840 83.31 45.76 170.69 14.29 57.18
1841 83.44 57.34 173.63 12.93 47.18
1842 83.43 24.22 95.45 10.56 33.09
1843 83.47 41.65 164.91 13.84 66.28
1844 83.45 47.83 180.58 13.85 62.92
1845 83.48 19.84 58.49 8.58 13.42
1846 83.61 35.95 130.96 12.91 65.91
1847 83.57 52.29 183.72 13.62 69.31
1848 83.51 55.01 135.44 12.63 46.40
1849 83.64 31.56 123.84 12.10 61.13
1850 83.69 63.83 124.82 9.92 34.46
1851 83.76 22.81 84.09 9.72 27.87
1852 83.91 44.03 159.15 13.85 68.15
1853 83.84 39.30 133.61 12.69 68.40
1854 83.95 66.70 119.79 10.07 27.57
1855 84.12 59.34 131.78 12.95 46.60
1856 84.24 72.13 72.26 8.82 12.34
1857 84.20 29.44 97.87 11.84 52.82
1858 84.02 77.35 20.04 7.02 3.24
1859 84.35 69.36 94.42 9.57 23.04
1860 84.30 26.43 96.22 11.31 42.39
1861 84.28 61.65 120.61 11.56 49.57
1862 84.25 74.57 43.10 7.83 5.31
1863 84.44 56.25 167.97 13.27 63.48
1864 84.52 21.48 61.11 8.05 23.38
1865 84.44 48.76 136.12 12.79 69.32
1866 84.60 37.54 105.29 12.69 69.60
1867 84.48 51.14 142.74 13.07 67.77
1868 84.50 53.90 161.34 13.21 71.73
1869 84.63 46.33 132.32 12.25 76.03
1870 84.66 42.12 147.63 12.51 85.41
1871 84.62 34.56 99.31 12.38 66.15
1872 84.96 23.83 74.30 9.45 34.72
1873 84.91 32.14 95.81 11.62 64.95
1874 84.89 64.47 138.72 10.89 43.16
1875 85.18 40.16 102.69 11.86 80.04
1876 85.08 58.03 138.14 10.82 58.51
1877 85.25 77.43 26.44 6.59 2.90
1878 85.20 44.09 110.56 13.26 70.61
1879 85.21 67.46 128.05 10.21 32.61
1880 85.45 27.96 84.64 9.50 53.02
1881 85.33 62.06 127.20 10.97 54.58
1882 85.52 50.72 102.17 13.35 79.80
1883 85.49 53.08 119.45 12.15 71.79
1884 85.71 59.85 123.11 11.62 53.09
1885 85.37 75.38 43.97 6.71 5.76
1886 85.62 36.09 81.46 12.24 74.98
1887 85.53 71.29 93.93 8.31 17.62
1888 85.74 30.45 80.03 11.17 64.13
1889 85.58 74.11 54.96 8.40 7.60
1890 85.55 48.24 97.85 12.37 76.20
1891 85.60 55.50 108.74 11.56 53.58
1892 85.78 25.60 72.72 9.74 51.15
1893 85.85 38.42 72.06 11.97 72.25
1894 85.85 45.76 87.76 11.54 85.68
1895 86.11 33.56 77.16 11.48 69.85
1896 86.01 42.38 78.07 11.74 79.84
1897 86.19 64.27 145.10 10.31 46.47
1898 86.30 57.82 99.62 11.21 66.44
1899 86.34 66.86 138.33 10.16 37.12
1900 86.38 23.80 39.09 8.63 22.17
1901 86.38 69.18 120.15 8.40 25.76
1902 86.45 61.75 108.09 10.23 48.03
1903 86.70 40.22 56.45 10.97 78.27
1904 86.62 50.27 68.76 12.11 83.52
1905 86.61 52.95 81.44 12.36 84.25
1906 86.40 75.13 57.73 7.49 5.89
1907 86.69 71.76 106.35 7.42 15.71
1908 86.73 48.01 69.50 12.23 86.23
1909 86.73 55.55 85.44 11.23 66.47
1910 86.84 28.78 59.79 10.48 58.91
1911 86.94 43.99 43.61 12.36 80.79
1912 86.91 35.65 52.61 11.90 80.57
1913 87.05 74.57 67.77 7.56 9.51
1914 87.09 31.34 51.94 10.17 63.64
1915 87.09 37.95 55.97 11.28 78.99
1916 87.04 26.44 44.25 10.50 47.68
1917 87.13 45.96 60.01 12.74 91.13
1918 87.17 59.85 99.84 10.35 62.86
1919 87.35 42.14 51.57 11.61 76.34
1920 87.42 63.17 112.33 9.55 49.53
1921 87.35 65.79 123.80 9.49 41.17
1922 87.56 33.73 43.16 10.89 70.15
1923 87.64 57.75 71.66 10.37 67.51
1924 87.67 51.62 49.97 10.73 80.88
1925 87.83 49.38 53.35 11.36 76.60
1926 87.93 70.15 120.02 8.28 22.91
1927 87.79 53.62 52.35 11.63 66.11
1928 87.99 72.88 79.58 6.92 13.43
1929 87.89 55.57 57.49 10.57 72.84
1930 88.23 68.04 110.94 8.66 29.70
1931 87.99 39.99 38.03 12.15 72.10
1932 88.17 36.73 35.55 10.95 69.37
1933 88.19 47.10 38.56 11.96 80.51
1934 88.20 61.22 95.26 10.08 55.40
1935 88.18 29.14 32.71 8.95 50.27
1936 88.35 44.66 31.06 11.28 71.55
1937 88.43 26.79 27.40 9.11 38.74
1938 88.42 31.63 31.38 9.83 62.68
1939 88.54 65.42 103.77 9.65 37.03
1940 88.62 42.37 27.31 11.27 68.44
1941 88.76 59.22 60.22 10.20 57.40
1942 88.76 34.24 25.52 10.66 62.83
1943 88.94 63.21 94.75 9.56 44.28
1944 88.84 51.67 38.69 10.87 69.86
1945 88.93 54.12 44.10 10.98 65.70
1946 88.89 56.87 43.86 10.90 63.26
1947 89.09 49.05 28.91 11.41 69.38
1948 89.14 71.30 72.12 7.83 19.22
1949 89.09 39.71 24.33 11.39 61.85
1950 89.35 37.02 23.60 10.46 59.49
1951 89.35 46.62 25.27 10.67 67.59
1952 89.54 29.66 22.76 9.57 45.29
1953 89.66 61.25 51.53 9.71 50.43
1954 89.74 66.90 81.74 9.38 32.41
1955 89.74 32.32 18.16 9.64 55.92
1956 89.86 69.31 64.00 7.42 21.57
1957 89.73 44.23 19.85 10.83 54.45
1958 90.02 41.83 17.50 10.33 52.50
1959 89.89 55.86 29.37 10.41 59.25
1960 90.04 34.79 18.58 10.75 55.17
1961 89.97 50.88 22.68 10.90 62.51
1962 90.06 58.31 28.13 9.48 54.76
1963 89.98 64.25 64.55 8.96 42.37
1964 90.18 53.37 21.56 10.40 52.91
1965 90.23 38.72 17.48 9.94 48.83
1966 90.42 48.69 17.82 10.19 50.21
1967 90.53 46.45 17.34 10.26 52.34
1968 90.87 36.41 15.59 9.89 46.92
1969 90.82 60.19 30.24 8.69 47.02
1970 90.92 62.59 34.13 8.43 47.29
1971 90.99 67.92 42.14 8.00 21.38
1972 91.07 33.02 13.79 8.78 42.69
1973 91.13 39.72 14.38 10.32 40.78
1974 91.18 44.44 14.21 10.46 40.51
1975 90.99 55.51 19.74 9.41 48.55
1976 91.21 65.41 42.09 7.72 28.98
1977 91.13 51.72 16.96 9.70 44.06
1978 91.41 42.03 12.70 9.69 39.40
1979 91.42 57.81 21.01 9.21 41.67
1980 91.64 49.67 14.29 10.39 37.11
1981 91.74 47.52 13.21 9.58 37.16
1982 91.98 34.66 11.78 9.29 33.77
1983 91.84 53.53 14.26 9.27 34.91
1984 92.05 37.39 12.45 9.47 34.03
1985 92.06 60.07 18.02 8.31 33.80
1986 92.11 63.03 23.88 8.40 35.99
1987 92.24 55.66 15.94 9.35 36.27
1988 92.30 40.07 12.71 9.56 31.11
1989 92.41 43.38 11.99 8.41 28.72
1990 92.59 45.96 13.08 9.43 28.48
1991 92.57 51.38 12.23 9.83 27.90
1992 92.78 57.87 13.54 8.45 32.59
1993 93.09 48.90 11.69 8.79 23.08
1994 93.13 53.54 13.08 8.06 24.42
1995 93.25 35.82 10.79 8.93 23.74
1996 93.10 61.36 15.75 8.15 26.19
1997 93.30 41.36 11.22 9.89 20.86
1998 93.36 38.51 11.47 8.95 24.42
1999 93.55 55.95 12.09 8.87 24.51
2000 93.56 44.50 11.11 9.27 20.64
2001 93.88 58.79 11.24 7.67 20.37
2002 94.04 46.96 10.00 8.38 16.84
2003 93.93 51.16 11.43 9.19 20.42
2004 94.21 61.18 12.44 7.00 18.32
2005 94.48 42.57 11.64 8.82 15.01
2006 94.38 54.05 12.05 8.16 18.02
2007 94.55 37.15 10.90 7.65 14.40
2008 94.76 49.20 11.49 9.38 17.36
2009 94.64 56.82 11.35 8.36 14.71
2010 94.81 39.94 11.09 8.21 14.89
2011 94.94 45.00 11.10 9.01 15.24
2012 94.99 59.87 10.61 7.16 13.89
2013 95.34 52.17 10.67 8.48 14.20
2014 95.61 54.65 13.10 9.09 19.27
2015 95.40 47.03 11.30 8.26 9.94
2016 95.81 57.51 9.26 7.72 13.16
2017 95.80 38.89 10.01 7.55 13.57
2018 95.57 44.05 13.91 6.77 5.82
2019 95.49 59.70 10.37 7.89 15.16
2020 96.03 41.81 10.88 8.40 10.26
2021 95.86 48.38 13.55 9.00 9.47
2022 96.23 50.44 12.31 8.16 11.85
2023 96.32 44.15 10.12 8.49 9.47
2024 96.29 45.61 9.98 8.28 9.49
2025 96.90 55.30 10.08 7.83 9.21
2026 97.12 52.16 10.59 7.24 7.51
2027 97.26 42.86 8.46 7.08 10.09
2028 97.30 49.21 9.37 7.28 8.99
2029 97.28 46.32 8.90 7.20 11.48
2030 97.69 54.11 10.20 6.72 7.91
2031 97.95 45.04 8.98 6.35 4.37
2032 98.11 51.59 10.71 7.95 7.83
2033 98.20 47.32 7.41 6.17 5.91

