#<Embryo name> <Cleavage cycle> <Temporal class> <Genes>
rf2 14A 7 even-skipped Kruppel hunchback

#Quantitative data
#<Nucleus number> <A-P coordinate> <D-V coordinate> <Fluorescence intensity: channel 1 - eve, channel 2 - Kr, channel 3 - hb>
0 2.36 46.54 14.28 13.56 39.59
1 2.54 49.90 14.93 11.98 44.23
2 2.76 41.78 15.10 16.08 41.15
3 2.90 43.28 15.86 17.72 39.70
4 3.72 45.03 16.81 16.72 48.10
5 3.69 47.91 16.07 15.23 55.32
6 3.76 51.25 17.17 16.08 63.00
7 3.85 54.39 15.04 13.56 52.09
8 3.89 39.78 15.71 16.76 43.33
9 4.07 41.87 17.47 19.53 50.90
10 4.13 43.04 16.82 20.21 47.12
11 4.60 35.76 16.74 18.60 43.85
12 4.94 48.91 18.80 19.64 68.89
13 5.12 46.20 16.58 21.67 61.73
14 5.11 51.81 18.17 19.26 73.68
15 5.29 38.11 17.81 20.30 50.53
16 5.33 43.66 18.60 21.53 56.02
17 5.34 40.81 19.37 20.06 54.74
18 5.28 54.57 16.96 15.16 67.33
19 5.52 56.84 17.33 13.08 68.85
20 5.96 35.42 18.80 25.28 56.67
21 5.92 57.95 17.43 13.64 72.04
22 6.23 49.88 20.30 22.15 80.49
23 6.47 47.19 17.07 23.82 75.95
24 6.53 52.53 19.07 18.89 79.07
25 6.63 39.83 19.57 27.68 63.73
26 6.62 42.53 20.83 28.19 72.79
27 6.81 55.83 17.61 16.96 88.17
28 7.03 44.82 19.44 24.10 75.51
29 7.08 58.87 18.49 15.42 93.39
30 6.96 37.20 19.93 24.72 65.12
31 6.98 61.97 15.64 12.06 79.25
32 7.40 34.08 15.61 18.07 46.64
33 7.70 49.05 19.06 23.90 92.22
34 7.76 53.62 18.26 19.98 102.28
35 7.99 41.75 19.18 28.75 72.53
36 7.99 39.03 21.85 30.72 78.05
37 8.12 46.84 20.32 28.01 95.88
38 8.23 51.10 20.44 23.75 104.28
39 7.85 35.78 18.13 22.04 70.43
40 8.46 55.95 20.99 20.04 114.79
41 8.40 61.20 18.61 14.92 100.91
42 8.45 64.25 17.65 12.62 83.32
43 8.35 36.60 19.64 25.16 71.57
44 8.60 44.20 19.22 23.68 83.47
45 8.69 58.52 19.05 19.01 109.70
46 8.71 32.24 17.14 21.59 57.55
47 9.18 34.71 19.75 27.15 81.35
48 9.22 40.07 20.13 26.65 83.10
49 9.21 53.29 22.51 23.92 112.96
50 9.46 37.50 20.24 27.53 81.30
51 9.44 47.19 18.76 25.13 91.53
52 9.71 50.48 20.41 26.28 113.01
53 9.90 42.15 20.31 26.14 90.39
54 9.81 62.50 18.16 16.73 111.41
55 9.79 30.72 17.49 19.88 50.61
56 10.00 65.70 16.45 12.72 94.35
57 9.95 56.23 22.11 27.81 117.00
58 10.07 44.68 21.42 25.33 98.58
59 10.23 59.56 19.74 21.14 129.61
60 10.35 33.34 18.25 23.11 79.96
61 10.61 28.25 14.68 16.48 48.69
62 10.66 48.77 22.68 25.15 119.01
63 10.61 36.27 20.79 27.47 91.35
64 10.63 39.31 20.68 27.10 95.89
65 10.58 53.27 22.07 25.80 122.60
66 11.18 68.37 14.47 11.44 98.69
67 11.18 46.56 24.81 34.55 153.55
68 11.15 31.32 18.43 19.36 62.07
69 11.31 56.98 21.17 25.60 131.40
70 11.34 62.08 20.58 21.07 127.11
71 11.45 43.76 22.91 28.16 113.61
72 11.60 51.22 22.67 29.50 130.43
73 11.56 41.26 23.42 29.58 114.09
74 11.42 65.15 17.65 15.04 122.61
75 11.77 34.80 20.26 22.89 94.24
76 11.96 54.31 24.40 29.66 133.52
77 11.86 59.41 23.50 25.70 166.02
78 11.99 37.74 21.06 23.77 97.15
79 12.22 29.55 18.72 21.16 78.93
80 12.37 48.91 23.39 30.83 132.25
81 12.07 27.10 15.08 14.86 43.39
82 12.43 32.37 20.32 22.97 95.76
83 12.46 45.92 23.45 30.69 131.48
84 12.81 63.33 18.96 16.11 133.92
85 12.78 66.43 17.86 12.51 117.48
86 12.64 26.16 13.70 14.67 43.21
87 12.84 40.34 22.24 26.23 114.39
88 12.91 57.29 24.46 27.28 163.63
89 13.06 43.34 23.96 32.96 132.45
90 13.17 60.67 22.69 22.37 128.06
91 13.24 51.88 22.48 29.52 148.65
92 13.25 34.61 22.06 23.28 108.76
93 13.47 68.98 18.61 11.16 104.22
94 13.46 28.53 19.11 21.15 86.60
95 13.44 37.26 20.63 23.08 118.20
96 13.37 54.78 22.86 26.30 146.29
97 13.84 31.73 18.60 20.32 97.21
98 13.93 71.67 15.61 9.51 62.96
99 13.77 46.21 22.53 27.41 135.76
100 13.76 49.13 24.56 33.29 137.56
101 14.21 26.08 16.62 17.91 72.74
102 14.15 39.79 23.18 31.48 136.12
103 14.28 58.91 23.26 19.73 143.50
104 14.24 64.42 21.51 16.27 127.00
105 14.45 42.33 23.22 26.00 127.74
106 14.63 66.72 20.17 11.61 117.00
107 14.68 56.41 23.04 22.30 130.19
108 14.65 53.72 22.84 25.59 140.14
109 14.72 61.75 21.34 17.70 132.65
110 14.73 35.13 20.84 23.06 113.48
111 14.89 51.01 24.22 25.46 143.43
112 15.00 45.05 23.21 25.96 144.26
113 14.88 29.31 18.38 19.11 93.14
114 14.95 37.79 21.64 28.03 134.83
115 15.12 69.30 20.53 10.55 96.15
116 15.14 48.06 24.01 25.30 150.39
117 15.28 32.61 19.81 23.65 120.71
118 15.37 72.36 16.51 9.24 69.19
119 15.74 40.24 23.80 28.51 144.56
120 15.77 27.03 17.32 20.68 97.83
121 15.67 59.14 21.32 16.64 135.28
122 15.80 63.67 21.01 13.97 121.47
123 16.02 42.97 24.10 27.05 152.29
124 16.07 53.07 23.27 19.85 125.53
125 16.15 66.39 20.12 12.03 117.38
126 16.33 50.23 23.72 23.61 150.37
127 16.20 56.29 22.97 19.03 135.74
128 16.28 30.34 18.27 20.19 114.86
129 16.37 34.73 21.67 27.47 124.80
130 16.28 37.26 21.27 24.39 131.64
131 16.45 45.49 24.28 22.72 138.79
132 16.74 61.56 20.36 14.82 124.95
133 16.63 47.88 24.50 25.61 145.94
134 16.55 69.57 19.07 10.96 91.65
135 16.65 72.87 16.99 9.96 84.31
136 16.74 24.85 18.54 19.78 91.34
137 16.98 75.57 15.63 8.99 55.77
138 17.16 32.69 21.27 23.10 132.99
139 17.17 41.28 24.34 27.48 158.99
140 17.11 58.80 21.85 14.96 139.30
141 17.35 22.34 13.99 15.87 57.25
142 17.35 38.93 23.37 25.86 147.17
143 17.21 27.85 18.76 18.84 113.61
144 17.29 54.71 23.60 20.58 142.83
145 17.47 64.51 22.48 13.48 122.58
146 17.60 43.69 23.36 22.06 155.21
147 17.50 67.35 19.92 11.66 95.46
148 17.56 52.01 24.33 21.51 154.95
149 17.80 35.93 23.26 25.98 131.44
150 17.89 49.41 24.73 19.02 145.52
151 17.97 30.62 20.06 23.70 134.93
152 17.88 70.56 20.21 11.58 91.31
153 17.95 46.57 26.12 23.34 143.28
154 18.25 56.81 23.10 16.08 134.89
155 18.09 73.39 21.36 10.52 78.57
156 18.18 25.21 16.09 19.16 94.98
157 18.25 62.15 24.34 15.60 136.48
158 18.34 76.17 18.35 9.35 52.06
159 18.50 59.44 24.24 15.15 141.88
160 18.64 33.41 21.42 22.77 137.17
161 18.67 41.10 23.86 21.46 149.69
162 18.67 28.25 18.31 18.64 112.64
163 18.73 38.41 23.70 23.81 143.68
164 18.66 54.05 24.02 18.46 144.91
165 18.78 65.99 22.80 13.39 106.89
166 18.92 68.50 22.13 12.83 105.60
167 18.90 43.90 23.08 19.30 147.80
168 19.01 51.41 24.13 19.12 160.09
169 19.22 22.87 14.94 15.43 81.35
170 19.24 48.86 24.31 18.85 158.50
171 19.45 63.79 24.40 14.01 118.02
172 19.31 36.09 22.17 22.27 140.06
173 19.41 71.11 20.79 12.00 91.73
174 19.46 46.18 21.81 18.33 145.35
175 19.40 74.06 19.01 10.85 81.28
176 19.54 31.13 19.17 21.31 143.55
177 19.65 25.71 18.79 18.41 124.82
178 19.72 56.07 25.35 16.64 143.46
179 19.75 61.25 24.92 14.91 136.96
180 19.78 76.94 18.97 9.25 51.54
181 19.93 58.59 25.25 16.70 144.03
182 20.04 53.44 25.08 18.03 148.42
183 20.08 28.57 20.04 18.50 144.98
184 20.21 33.54 21.41 20.05 145.11
185 20.13 38.97 23.63 20.37 150.08
186 20.05 42.13 24.98 19.35 152.77
187 20.35 20.78 14.68 13.75 71.14
188 20.36 65.80 24.84 14.22 127.79
189 20.34 68.34 22.37 12.57 104.40
190 20.47 50.97 24.53 18.40 151.78
191 20.57 48.30 23.25 17.74 154.74
192 20.73 45.10 24.78 19.42 154.94
193 20.75 36.03 23.46 20.05 150.19
194 20.61 74.05 21.65 10.93 78.33
195 21.01 24.61 17.55 18.64 106.83
196 20.82 71.25 24.61 12.40 95.83
197 21.01 63.16 24.23 14.43 119.50
198 20.95 77.53 24.28 10.06 75.49
199 21.24 30.58 21.68 17.96 140.69
200 21.10 54.87 26.39 17.92 158.49
201 21.20 57.24 25.80 17.16 136.90
202 21.10 60.30 25.45 15.20 132.95
203 21.49 40.29 23.74 20.39 170.34
204 21.34 27.70 17.48 16.85 129.41
205 21.43 42.67 24.97 19.40 159.04
206 21.79 32.89 20.85 18.66 144.15
207 21.78 52.59 25.23 17.58 160.87
208 21.73 22.11 17.10 15.12 111.15
209 21.79 37.84 25.26 20.25 159.05
210 21.76 47.19 23.03 18.32 152.36
211 21.68 75.03 28.36 11.19 85.20
212 21.96 19.26 15.24 13.01 69.02
213 21.70 66.24 25.95 14.23 115.98
214 21.73 69.27 27.56 12.97 106.59
215 21.87 50.17 25.33 18.99 164.92
216 22.26 35.28 22.40 18.22 148.93
217 22.18 72.24 29.17 12.08 93.09
218 22.35 44.78 26.02 19.48 164.56
219 22.19 58.46 26.84 16.79 147.16
220 22.29 63.62 27.44 15.56 133.02
221 22.27 77.78 39.41 10.17 70.76
222 22.55 61.21 26.82 15.23 132.03
223 22.49 26.81 20.85 16.90 143.00
224 22.40 54.76 27.61 18.53 152.16
225 22.83 24.17 17.84 14.86 119.30
226 22.98 80.01 103.64 9.91 50.19
227 22.87 29.57 20.82 16.95 136.82
228 22.80 67.71 28.60 14.70 113.85
229 23.08 39.79 24.75 20.91 172.50
230 22.95 42.36 26.68 21.20 169.75
231 22.98 48.71 25.47 18.75 148.41
232 22.88 74.94 46.86 11.53 92.43
233 23.25 56.23 27.38 18.58 146.06
234 23.16 65.27 32.00 15.14 117.51
235 23.20 70.16 35.63 14.13 106.83
236 23.26 31.98 23.02 19.55 154.78
237 23.25 51.24 27.10 19.74 157.05
238 23.38 37.21 22.28 19.90 160.36
239 23.33 17.49 15.43 12.73 65.13
240 23.45 20.83 15.12 13.61 97.96
241 23.45 46.40 25.65 20.18 160.12
242 23.40 58.67 29.16 18.18 149.01
243 23.61 34.52 23.03 19.42 165.78
244 23.67 53.36 27.74 19.30 155.70
245 23.65 72.38 57.04 13.06 103.13
246 23.87 63.00 30.32 15.25 118.77
247 23.63 77.26 113.66 12.32 83.05
248 23.93 27.25 21.49 17.16 140.02
249 23.99 60.74 30.62 16.86 136.63
250 24.07 44.07 27.15 19.53 163.89
251 24.12 68.15 41.18 14.60 108.89
252 24.22 24.32 18.87 16.27 130.52
253 24.26 74.38 162.00 12.29 99.82
254 24.43 41.63 25.97 19.31 170.32
255 24.37 48.84 28.33 19.02 170.73
256 24.52 29.77 22.03 18.55 149.69
257 24.37 65.60 34.35 15.99 120.75
258 24.52 39.06 25.93 19.66 164.70
259 24.57 55.04 30.18 17.94 156.88
260 24.49 57.27 32.23 18.85 156.35
261 24.49 79.65 179.28 10.18 62.65
262 24.72 16.71 15.96 13.22 67.46
263 24.61 32.70 22.57 20.04 161.56
264 24.75 51.07 28.92 18.96 158.47
265 24.81 36.13 25.17 18.78 162.30
266 24.75 70.39 77.04 13.98 108.46
267 25.08 19.46 17.25 14.13 103.92
268 24.91 22.14 19.74 17.34 124.82
269 24.85 46.30 27.75 19.52 167.84
270 25.08 59.11 34.17 18.97 147.76
271 25.04 76.24 194.14 12.82 83.60
272 25.21 53.10 33.15 19.27 155.50
273 25.30 61.46 38.15 18.54 141.87
274 25.29 26.43 21.97 17.76 151.22
275 25.30 64.14 40.34 16.54 129.81
276 25.44 72.86 196.32 13.92 94.51
277 25.37 67.28 64.93 15.33 124.03
278 25.43 81.39 185.20 10.79 62.08
279 25.44 43.50 28.06 19.23 157.42
280 25.76 34.23 24.24 19.23 155.98
281 25.78 31.52 24.42 18.77 163.34
282 25.79 38.17 26.08 20.06 158.78
283 25.77 48.62 32.97 19.98 166.07
284 25.81 40.95 27.83 19.39 160.18
285 26.01 28.95 23.81 18.46 150.59
286 25.77 56.50 35.00 18.55 140.09
287 25.91 78.48 213.06 12.35 84.35
288 25.96 23.73 21.80 17.28 150.84
289 26.20 83.70 133.72 9.97 44.74
290 26.00 69.95 178.82 14.44 109.37
291 26.00 46.14 28.01 20.09 171.62
292 26.11 50.95 32.69 18.13 150.41
293 26.28 17.41 16.70 13.15 93.39
294 26.28 53.92 34.90 18.91 147.57
295 26.30 59.16 42.60 17.62 148.74
296 26.33 62.68 59.78 17.08 139.42
297 26.40 75.51 226.86 14.08 102.05
298 26.58 36.22 27.00 20.41 165.01
299 26.39 65.35 124.24 18.32 136.91
300 26.61 20.78 19.89 15.12 130.09
301 26.70 26.60 23.28 17.90 153.24
302 26.77 67.72 227.56 17.11 120.76
303 26.65 44.02 29.91 18.96 156.06
304 26.83 80.78 195.21 12.09 74.04
305 26.80 72.55 230.85 15.50 103.90
306 26.87 39.79 31.87 20.13 164.66
307 27.10 33.68 28.14 20.84 160.89
308 26.98 56.94 49.17 19.30 155.91
309 27.10 31.32 24.89 19.21 162.28
310 27.06 46.95 33.67 19.83 157.91
311 27.11 60.70 69.35 19.08 138.65
312 27.28 42.10 31.99 20.02 159.11
313 27.25 49.44 39.49 18.51 159.04
314 27.27 24.02 21.96 16.63 134.84
315 27.26 52.09 43.94 20.25 158.05
316 27.41 70.09 236.52 17.36 117.41
317 27.41 77.61 202.38 14.24 88.36
318 27.59 37.77 31.12 19.55 162.01
319 27.37 54.54 53.00 19.20 154.91
320 27.53 29.18 25.12 18.27 150.64
321 27.45 63.42 179.63 17.65 140.11
322 27.76 65.70 237.95 18.33 131.41
323 27.79 16.28 18.33 14.68 101.18
324 27.82 74.79 219.38 15.60 100.79
325 27.81 83.14 88.01 12.01 55.36
326 28.04 18.94 22.07 14.58 130.48
327 27.96 57.96 135.49 19.50 158.81
328 27.90 44.73 35.82 19.33 156.00
329 28.02 21.67 23.44 16.08 143.77
330 28.03 35.32 32.46 20.00 158.04
331 28.07 26.97 28.42 18.30 152.43
332 28.19 39.92 33.18 19.66 168.58
333 28.19 67.99 239.31 18.58 127.33
334 28.28 72.10 217.80 17.17 100.15
335 28.23 79.65 153.34 13.62 76.02
336 28.23 47.18 46.42 20.90 159.56
337 28.36 59.78 203.29 20.71 143.64
338 28.29 51.08 65.35 20.17 163.14
339 28.42 55.77 152.97 20.03 149.08
340 28.49 61.96 220.11 19.98 142.74
341 28.37 31.82 30.17 19.08 155.49
342 28.56 53.35 115.11 19.67 166.74
343 28.58 42.43 41.75 19.88 164.38
344 28.65 24.38 25.88 16.59 136.34
345 28.75 49.14 101.11 21.36 161.99
346 28.76 86.47 27.55 9.75 32.23
347 28.96 64.17 241.80 19.63 137.60
348 28.99 69.70 219.76 18.10 119.59
349 28.94 76.89 129.75 15.06 94.74
350 29.05 29.34 32.07 18.66 149.87
351 29.08 34.10 38.91 19.81 165.15
352 29.02 36.95 40.91 20.14 153.63
353 29.07 81.60 73.35 13.81 95.94
354 29.14 84.22 42.34 11.85 59.74
355 29.16 16.54 26.70 14.82 121.35
356 29.23 66.55 235.60 19.10 131.58
357 29.14 44.82 59.04 20.71 166.14
358 29.26 74.04 177.10 16.41 102.97
359 29.31 26.75 38.25 19.89 151.26
360 29.42 57.73 232.64 22.22 139.99
361 29.37 22.04 32.85 17.39 150.98
362 29.29 40.08 54.77 20.72 175.28
363 29.71 19.14 30.91 15.23 123.99
364 29.51 46.96 98.40 21.30 167.48
365 29.58 13.68 23.25 13.71 76.19
366 29.59 51.39 210.42 20.85 154.52
367 29.63 60.24 238.31 21.66 150.53
368 29.64 31.92 51.53 19.11 158.53
369 29.61 54.75 233.72 21.92 149.28
370 29.82 79.21 62.95 14.02 92.98
371 29.82 71.50 145.83 16.76 129.81
372 29.83 42.72 91.42 20.86 158.35
373 30.05 62.53 237.21 21.24 143.41
374 30.00 38.06 85.05 21.10 168.84
375 30.03 48.97 228.30 21.33 159.49
376 30.14 24.56 55.58 17.95 154.38
377 30.16 68.43 173.71 19.48 128.79
378 30.28 75.47 77.20 15.29 102.41
379 30.00 88.22 17.51 9.15 17.21
380 30.31 85.67 30.94 11.35 48.60
381 30.32 34.85 83.61 19.40 155.16
382 30.43 64.83 195.44 20.38 135.20
383 30.33 82.46 42.52 13.47 80.16
384 30.51 29.66 69.24 20.72 164.04
385 30.52 27.23 70.45 18.69 146.40
386 30.50 52.84 242.40 23.02 162.23
387 30.51 40.40 171.10 21.69 161.50
388 30.52 44.92 210.77 22.77 151.23
389 30.55 56.43 240.83 21.98 142.75
390 30.61 16.03 40.16 14.64 109.37
391 30.59 21.55 66.25 17.48 141.72
392 30.86 58.71 239.05 20.68 151.90
393 30.97 73.20 70.82 17.21 115.70
394 30.93 77.63 53.59 16.77 106.48
395 30.89 31.99 167.45 23.19 166.82
396 30.91 47.48 233.03 23.36 162.48
397 30.96 60.89 235.61 22.90 148.46
398 31.00 12.98 43.59 14.10 83.36
399 30.99 50.57 235.98 22.94 153.22
400 31.04 70.84 85.06 18.78 142.21
401 31.14 37.44 207.22 22.09 155.16
402 31.10 66.52 125.18 19.87 150.03
403 31.35 80.27 46.88 16.09 100.10
404 31.25 42.43 229.97 21.92 156.80
405 31.40 18.09 98.02 15.77 126.61
406 31.33 54.62 235.82 22.53 157.44
407 31.44 68.63 81.15 19.55 147.56
408 31.44 24.47 154.72 18.99 143.82
409 31.69 62.73 152.92 22.11 152.08
410 31.66 83.12 41.42 15.36 85.90
411 31.73 85.81 39.75 14.08 66.34
412 31.70 35.42 214.37 22.47 155.81
413 31.73 39.90 233.10 24.67 167.03
414 31.83 75.52 50.62 17.19 109.14
415 31.75 20.85 158.06 18.79 137.70
416 31.82 27.54 182.58 20.16 158.02
417 31.77 45.99 239.47 23.03 156.89
418 31.97 33.08 212.99 21.69 158.86
419 31.95 52.44 221.32 23.88 149.34
420 31.82 57.11 216.66 21.97 151.24
421 32.12 30.37 202.96 21.30 143.30
422 31.93 49.36 223.83 24.54 156.53
423 32.02 65.15 85.68 20.97 155.51
424 32.10 14.44 117.56 16.62 99.81
425 32.28 43.92 233.32 25.47 155.13
426 32.14 59.97 170.09 22.27 166.55
427 32.53 11.13 89.20 12.11 49.65
428 32.32 70.45 49.99 19.84 128.11
429 32.52 78.21 42.81 17.09 98.70
430 32.52 73.07 48.37 19.11 123.90
431 32.53 38.04 226.16 23.80 153.53
432 32.61 67.71 61.60 19.85 147.35
433 32.63 22.79 195.88 20.09 148.42
434 32.63 41.47 219.76 22.63 163.46
435 32.52 55.30 119.01 22.51 172.31
436 32.30 87.40 57.57 13.43 45.67
437 32.74 47.87 221.22 23.93 156.45
438 33.04 89.58 68.19 12.34 21.20
439 32.91 16.62 172.39 17.84 135.75
440 32.99 25.50 185.94 20.16 148.70
441 32.84 80.81 46.18 16.88 94.74
442 32.90 63.45 74.04 22.51 160.56
443 32.83 57.91 100.54 24.91 162.77
444 33.03 19.63 174.56 18.22 137.74
445 32.97 35.41 224.37 23.04 157.11
446 33.05 28.12 211.60 21.61 156.67
447 33.09 83.94 53.63 17.41 82.35
448 32.89 86.32 73.48 15.68 56.10
449 33.08 50.88 154.22 23.51 161.20
450 33.24 61.54 61.41 23.87 156.12
451 32.95 87.74 73.97 15.32 48.26
452 33.17 53.67 121.44 24.66 168.30
453 33.32 45.52 192.80 23.93 163.43
454 33.22 75.90 47.78 20.34 115.89
455 33.33 32.72 209.60 25.56 169.14
456 33.37 65.51 57.74 23.12 152.28
457 33.74 13.62 143.64 16.78 104.99
458 33.72 30.31 208.01 22.75 155.13
459 33.63 59.48 65.36 23.22 164.81
460 33.57 70.49 45.88 20.63 120.90
461 33.78 40.51 179.63 24.32 163.04
462 33.78 43.18 160.01 23.54 158.04
463 33.77 37.91 199.00 23.05 151.10
464 33.81 56.42 68.74 23.71 166.32
465 33.78 67.79 50.92 23.26 142.31
466 33.84 73.35 48.79 21.85 123.92
467 33.86 22.75 206.40 20.14 135.85
468 33.88 48.30 144.82 25.84 171.97
469 34.03 78.42 58.55 19.78 101.89
470 34.10 81.53 89.70 19.24 86.95
471 34.08 86.58 127.69 18.53 61.59
472 34.19 34.73 172.91 24.42 162.05
473 34.26 17.09 159.75 17.11 124.04
474 34.26 53.10 77.70 24.94 174.78
475 34.32 63.58 52.20 23.16 146.16
476 34.30 50.60 98.00 26.30 192.57
477 34.44 19.98 175.56 19.53 139.92
478 34.31 27.71 171.40 22.16 150.34
479 34.50 25.24 181.57 22.49 154.55
480 34.62 11.37 92.73 15.22 57.46
481 34.54 46.22 122.49 26.63 172.67
482 34.66 60.96 47.58 23.20 147.57
483 34.65 75.57 74.14 22.96 117.29
484 34.78 32.52 109.09 23.80 171.76
485 34.83 84.48 161.94 20.29 77.98
486 34.72 71.75 59.39 23.52 133.26
487 34.83 58.32 54.97 23.99 156.82
488 34.79 65.94 49.42 24.46 150.34
489 34.82 88.54 86.69 17.14 33.48
490 34.86 36.85 113.26 25.21 176.47
491 34.68 55.22 58.44 24.60 177.82
492 34.76 68.83 51.84 22.02 132.64
493 35.00 42.07 99.07 26.32 166.43
494 35.00 39.49 95.05 25.84 175.12
495 35.14 29.93 112.23 22.90 165.80
496 35.20 15.05 117.72 19.14 128.95
497 35.14 22.87 122.12 21.37 160.24
498 35.30 44.53 77.28 24.69 161.89
499 35.22 48.50 78.09 27.25 182.57
500 35.21 56.01 52.50 26.08 156.90
501 35.47 79.65 138.14 22.84 97.76
502 35.44 82.25 180.60 23.96 88.89
503 35.45 51.26 65.61 27.25 170.57
504 35.67 77.20 139.21 22.44 95.88
505 35.57 18.12 108.38 19.80 149.24
506 35.68 34.89 69.25 24.83 167.60
507 35.54 62.88 53.77 25.30 159.69
508 35.45 91.26 65.00 18.43 20.46
509 35.64 27.43 97.04 23.50 165.59
510 35.58 53.71 58.01 26.89 162.43
511 35.50 73.64 126.81 25.89 125.61
512 35.79 20.87 111.08 22.40 164.79
513 35.74 70.28 110.11 26.01 130.59
514 35.83 12.85 68.83 17.43 97.83
515 35.89 10.02 51.14 14.85 53.56
516 35.90 24.67 98.29 23.02 159.24
517 36.02 86.26 153.70 26.76 69.48
518 35.88 60.16 55.39 25.45 154.99
519 35.88 67.47 72.57 26.25 138.01
520 36.07 65.00 64.13 25.75 142.51
521 36.02 31.91 69.28 23.44 167.64
522 36.06 57.31 56.45 27.52 158.81
523 36.10 88.92 113.55 24.82 48.26
524 36.06 38.07 60.51 25.20 162.56
525 36.13 46.70 58.53 27.37 168.43
526 36.24 40.77 64.13 26.63 172.65
527 36.13 72.63 132.81 22.46 88.73
528 36.38 43.30 65.72 28.15 177.39
529 36.41 49.52 56.66 28.53 157.44
530 36.51 75.04 191.37 27.85 113.69
531 36.55 29.43 68.77 24.23 182.72
532 36.62 16.42 57.08 19.70 144.72
533 36.66 54.79 54.30 28.44 156.94
534 36.69 82.93 188.60 31.43 89.19
535 36.74 52.26 56.97 27.60 165.03
536 36.97 91.21 68.01 26.13 30.36
537 36.96 22.15 58.32 23.06 161.42
538 36.74 62.32 75.02 27.93 143.84
539 36.94 36.23 50.83 25.98 158.89
540 36.74 69.50 158.99 31.77 142.27
541 36.93 19.33 53.38 20.57 153.38
542 36.98 27.01 62.25 24.50 175.98
543 36.95 33.59 55.90 26.05 170.90
544 37.03 79.82 202.62 28.02 86.40
545 37.22 13.95 41.78 18.83 114.13
546 37.00 59.59 73.14 28.30 152.45
547 37.16 11.35 35.62 17.83 82.40
548 37.16 24.68 58.66 22.84 176.64
549 37.22 44.96 58.06 29.16 165.94
550 37.20 66.76 154.60 31.82 135.20
551 37.34 71.80 213.11 33.89 129.02
552 37.40 77.14 202.32 32.45 97.42
553 37.32 47.67 54.46 27.29 150.66
554 37.51 30.90 52.31 27.48 169.44
555 37.35 56.96 89.93 29.90 158.02
556 37.42 85.51 163.72 38.25 91.55
557 37.42 39.51 53.79 28.55 166.55
558 37.56 8.87 21.12 13.31 44.33
559 37.39 64.35 144.70 32.39 145.66
560 37.49 42.10 61.68 28.67 173.42
561 37.63 74.28 222.65 36.91 121.58
562 37.73 88.19 115.25 31.49 59.56
563 37.65 50.74 66.98 31.71 158.31
564 38.07 28.51 56.72 27.31 190.49
565 37.89 54.59 96.87 31.37 160.17
566 37.85 69.12 219.46 39.17 139.02
567 38.00 17.37 40.65 20.91 141.72
568 38.00 37.42 57.34 29.25 169.74
569 38.00 61.17 190.40 32.55 144.93
570 38.20 82.96 165.02 41.01 99.67
571 38.32 34.72 54.88 29.16 164.82
572 38.24 20.36 44.52 23.10 154.05
573 38.26 32.52 56.41 29.71 176.53
574 38.27 58.75 157.90 33.36 160.02
575 38.37 23.16 44.07 24.01 155.55
576 38.35 25.88 48.10 25.36 171.99
577 38.38 46.05 71.91 31.00 154.90
578 38.57 43.58 107.48 34.01 172.69
579 38.55 90.87 68.60 43.97 43.21
580 38.55 63.09 217.33 36.49 135.12
581 38.56 65.53 218.24 40.55 142.48
582 38.52 80.59 184.39 39.98 99.67
583 38.62 48.43 98.15 33.84 170.68
584 38.60 52.69 149.22 33.80 157.23
585 38.73 11.49 28.28 16.64 77.62
586 38.65 14.68 38.11 20.25 124.49
587 38.77 41.22 94.91 30.56 172.75
588 38.81 67.79 215.62 45.74 128.74
589 38.76 72.83 208.80 46.47 117.89
590 38.66 78.07 199.71 46.21 116.03
591 38.82 75.38 205.72 43.13 112.75
592 38.81 85.73 132.91 45.96 86.01
593 38.94 39.16 93.11 33.66 176.56
594 38.87 70.51 218.89 46.95 127.97
595 38.88 56.76 173.59 37.42 151.52
596 39.04 50.30 156.77 36.27 163.16
597 39.15 29.92 65.04 30.97 180.39
598 39.14 36.58 80.96 33.14 178.24
599 39.28 60.10 200.34 40.27 149.97
600 39.41 54.45 211.61 39.44 158.26
601 39.35 17.92 49.24 22.99 144.30
602 39.46 27.42 62.97 29.72 176.19
603 39.38 88.36 67.32 55.91 74.12
604 39.46 21.32 56.80 25.78 171.43
605 39.54 31.99 82.05 33.65 181.64
606 39.59 24.51 63.82 29.21 182.95
607 39.76 44.89 184.48 42.38 166.82
608 39.77 62.22 227.17 50.51 141.44
609 39.74 83.08 127.88 57.27 94.16
610 39.81 34.40 105.99 36.50 172.14
611 39.82 64.45 229.66 50.30 145.28
612 39.83 9.31 24.99 18.53 52.74
613 39.90 47.34 192.68 42.36 165.54
614 39.80 79.79 158.24 57.12 108.98
615 39.99 66.74 222.24 56.83 136.52
616 39.86 76.85 161.56 55.56 108.83
617 39.96 42.46 177.52 40.31 162.91
618 40.03 52.07 216.02 38.40 143.96
619 39.96 14.53 52.35 24.61 144.83
620 40.19 58.49 227.30 48.90 157.05
621 40.06 69.20 209.43 59.94 141.73
622 40.11 90.90 34.71 57.89 35.27
623 40.10 71.64 182.98 60.58 132.98
624 40.12 73.97 164.91 62.57 116.76
625 40.28 11.66 50.40 21.06 105.09
626 40.24 56.35 242.89 43.63 152.06
627 40.21 37.40 165.62 40.20 167.14
628 40.29 40.10 159.11 40.69 172.07
629 40.20 86.26 68.40 72.75 86.40
630 40.44 49.81 209.64 43.47 158.00
631 40.56 19.86 98.76 28.05 156.87
632 40.61 29.08 109.79 38.32 173.89
633 40.62 22.81 102.13 30.92 172.18
634 40.65 26.20 142.41 33.47 174.24
635 40.71 60.77 222.76 59.35 144.90
636 40.69 16.73 86.12 26.78 151.39
637 40.65 93.01 15.90 39.78 9.79
638 40.68 32.01 131.59 41.33 177.38
639 40.87 54.33 210.98 51.00 138.81
640 40.88 81.26 89.53 79.76 100.89
641 40.86 88.96 41.98 70.52 57.04
642 41.13 45.67 219.56 55.30 164.40
643 41.00 78.36 79.63 78.41 107.92
644 41.09 63.12 216.19 70.63 156.30
645 41.07 75.72 106.18 76.84 118.12
646 41.05 35.18 183.02 43.54 164.56
647 41.12 65.35 190.35 77.83 159.64
648 41.14 84.09 65.80 90.44 88.61
649 41.18 8.28 56.81 19.78 56.98
650 41.18 43.04 203.66 51.85 171.04
651 41.22 68.04 160.07 90.02 148.01
652 41.20 70.77 153.04 78.19 134.16
653 41.32 38.07 188.51 49.66 177.71
654 41.27 48.19 212.38 52.73 166.71
655 41.39 73.44 111.81 82.79 136.64
656 41.60 13.67 117.76 30.60 139.43
657 41.44 51.65 215.72 59.28 160.08
658 41.46 57.10 213.12 65.02 155.44
659 41.67 40.38 202.79 62.16 175.92
660 41.54 86.85 45.09 85.44 70.30
661 41.66 59.47 210.71 78.78 150.44
662 41.69 18.23 137.94 36.26 175.27
663 41.72 23.90 152.64 40.75 174.82
664 41.81 10.92 90.93 27.06 115.15
665 41.84 30.77 181.91 49.25 165.78
666 41.90 33.22 205.96 59.77 184.81
667 41.96 94.06 14.68 48.27 7.72
668 41.95 20.92 146.21 38.46 164.96
669 41.90 26.34 178.70 47.73 183.95
670 42.08 28.56 193.82 53.10 180.08
671 41.97 91.91 25.00 67.38 25.33
672 42.05 61.92 168.26 95.91 145.95
673 42.08 53.92 197.68 72.97 165.48
674 42.17 66.50 119.55 109.98 150.25
675 42.23 79.54 53.27 99.31 87.15
676 42.25 82.09 51.67 102.78 74.01
677 42.38 15.87 132.04 38.47 149.98
678 42.17 69.70 103.34 104.60 142.00
679 42.21 76.84 58.71 105.30 108.75
680 42.39 49.72 207.36 63.75 148.79
681 42.40 88.90 50.22 100.07 48.84
682 42.32 35.86 192.32 63.18 171.49
683 42.36 47.23 186.64 72.72 166.24
684 42.43 84.89 53.96 104.32 67.73
685 42.45 44.49 185.82 70.41 165.99
686 42.41 64.24 115.60 121.07 152.69
687 42.46 72.19 75.12 115.30 132.31
688 42.44 42.08 171.59 73.32 165.29
689 42.54 56.13 173.34 101.74 168.52
690 42.73 8.19 97.11 28.94 78.99
691 42.61 38.34 186.74 73.49 172.34
692 42.80 74.61 55.50 123.06 106.56
693 42.59 9.55 100.73 33.79 101.86
694 42.90 52.10 182.35 78.66 157.90
695 42.79 58.37 175.30 116.11 161.63
696 42.89 22.78 150.47 55.19 180.75
697 42.94 60.86 126.04 125.10 164.82
698 42.95 68.22 76.23 130.33 140.83
699 43.04 18.19 133.28 46.34 153.81
700 43.10 25.07 158.93 60.61 182.17
701 43.40 31.98 150.01 82.04 162.15
702 43.15 34.08 195.85 78.32 180.20
703 43.32 13.88 128.81 50.45 155.84
704 43.28 91.32 43.28 78.28 18.12
705 43.43 93.58 30.20 62.77 8.18
706 43.40 27.33 151.70 80.49 182.12
707 43.35 29.87 172.44 81.65 179.47
708 43.50 11.23 92.77 41.94 117.94
709 43.39 54.52 139.60 112.77 162.06
710 43.18 6.99 68.54 24.43 39.71
711 43.43 20.61 139.10 65.68 187.37
712 43.48 45.99 147.13 100.54 178.87
713 43.44 63.11 74.94 151.29 141.16
714 43.55 41.50 119.62 102.36 155.45
715 43.42 70.83 57.00 129.80 117.58
716 43.45 66.00 67.20 133.97 118.46
717 43.42 86.62 78.83 100.10 46.19
718 43.44 77.69 53.02 124.86 80.71
719 43.55 83.08 58.65 112.98 56.68
720 43.68 36.46 157.88 101.74 180.02
721 43.74 39.13 139.58 106.30 174.70
722 43.80 48.10 124.60 118.48 173.36
723 43.66 80.52 58.75 118.49 61.99
724 43.85 50.35 130.58 107.81 159.52
725 43.69 85.41 81.52 96.28 44.59
726 43.98 44.08 101.68 123.17 161.39
727 43.86 73.23 55.68 140.64 96.58
728 44.00 88.48 114.94 99.12 34.02
729 43.87 59.60 79.76 150.72 148.10
730 43.92 57.03 97.67 138.59 161.82
731 44.22 16.30 103.99 68.03 151.39
732 44.01 8.57 61.05 43.68 61.21
733 44.09 68.96 58.09 161.49 117.52
734 44.30 75.67 65.63 144.87 73.63
735 44.29 52.80 110.27 128.72 164.31
736 44.22 22.89 110.40 84.51 158.03
737 44.42 33.65 120.07 101.26 146.32
738 44.51 25.89 95.45 97.79 157.82
739 44.48 61.85 62.47 169.18 123.23
740 44.49 19.21 94.74 84.25 153.20
741 44.46 64.48 63.49 168.84 111.91
742 44.43 28.79 104.16 116.08 168.18
743 44.66 12.96 81.22 77.84 135.52
744 44.63 67.06 59.72 168.69 109.18
745 44.73 55.17 73.55 149.09 130.93
746 44.77 78.36 104.60 138.87 54.99
747 44.65 83.25 118.30 134.72 47.31
748 44.78 91.02 127.73 95.55 18.75
749 44.65 71.43 62.58 158.78 90.19
750 44.91 37.77 88.16 137.67 164.16
751 44.83 40.22 83.42 146.32 168.37
752 44.69 5.67 39.48 35.85 30.09
753 44.95 10.22 55.44 70.12 95.15
754 44.86 42.65 75.35 149.37 151.67
755 45.02 30.76 71.64 130.02 143.64
756 45.13 85.48 187.82 116.12 32.25
757 45.03 35.61 76.25 150.02 175.88
758 45.07 45.99 66.49 152.34 135.84
759 45.06 48.35 76.28 157.72 159.09
760 45.05 59.34 58.40 168.17 113.49
761 45.27 80.71 135.34 137.30 45.90
762 45.12 50.88 72.47 160.12 136.04
763 45.26 57.29 64.49 171.23 129.26
764 45.17 73.57 82.35 167.37 67.16
765 45.22 93.69 72.34 71.18 5.57
766 45.42 21.33 61.44 109.48 133.49
767 45.26 69.67 64.79 170.36 84.67
768 45.34 24.13 66.65 113.23 147.90
769 45.44 15.28 58.02 97.32 128.54
770 45.51 7.40 31.79 56.71 42.90
771 45.62 88.17 201.37 112.17 21.69
772 45.63 63.43 74.03 192.17 92.56
773 45.60 28.16 52.92 136.20 132.19
774 45.65 53.51 63.50 158.34 114.40
775 45.56 65.83 66.23 184.25 93.59
776 45.66 18.58 53.15 114.98 125.63
777 45.77 61.21 76.31 193.87 98.00
778 45.66 75.87 149.48 168.23 50.02
779 45.94 34.12 54.70 168.50 133.62
780 45.96 43.76 63.12 175.36 112.75
781 45.87 68.07 95.31 190.08 75.53
782 45.97 32.00 56.42 161.65 114.08
783 46.00 12.00 41.00 109.56 107.78
784 46.04 41.33 61.04 183.09 118.72
785 45.96 71.67 120.60 179.51 58.10
786 45.89 93.26 74.15 66.58 3.92
787 46.03 82.77 164.76 137.94 30.08
788 46.16 38.97 59.43 176.48 124.06
789 46.26 25.96 49.47 159.00 109.52
790 46.21 36.64 57.35 170.03 116.97
791 46.17 49.44 67.07 188.72 117.67
792 46.16 55.74 65.67 181.10 105.44
793 46.32 78.25 202.22 156.02 33.94
794 46.34 90.68 166.66 98.49 12.87
795 46.32 51.81 68.71 192.75 105.60
796 46.34 45.87 64.59 187.15 95.51
797 46.37 58.68 77.94 188.93 90.69
798 46.61 9.33 29.09 92.45 56.62
799 46.51 17.03 45.04 139.95 102.90
800 46.49 23.31 44.37 155.84 109.41
801 46.58 73.67 205.68 168.27 45.44
802 46.59 86.06 212.60 123.10 19.80
803 46.87 30.09 59.07 175.68 89.18
804 46.61 64.81 116.78 200.58 69.65
805 46.68 6.56 19.43 65.23 25.37
806 46.73 20.45 41.79 147.74 94.69
807 46.74 69.68 199.53 196.23 53.65
808 46.81 14.43 42.36 146.27 100.88
809 46.92 80.71 199.57 128.21 26.11
810 46.93 47.69 94.70 209.53 91.32
811 46.81 67.01 151.58 200.67 59.58
812 47.03 27.89 56.76 182.12 91.75
813 47.08 92.83 82.61 81.96 5.25
814 47.18 95.17 46.71 57.52 1.85
815 47.16 62.94 182.68 204.45 55.17
816 47.07 75.99 228.59 165.12 29.66
817 47.04 60.93 151.91 213.53 68.25
818 47.09 53.89 91.70 201.62 83.41
819 47.27 32.44 56.94 180.80 81.99
820 47.17 35.14 61.77 186.47 92.34
821 47.27 40.68 84.28 204.02 84.07
822 47.25 83.61 213.99 138.24 21.55
823 47.21 56.63 112.53 207.44 78.93
824 47.34 88.74 170.14 106.34 12.51
825 47.35 43.19 113.22 202.50 69.26
826 47.46 71.63 231.49 178.82 34.73
827 47.39 11.94 38.09 121.40 63.14
828 47.41 38.12 78.66 202.39 81.80
829 47.44 51.25 129.56 214.30 79.16
830 47.52 18.37 48.01 165.08 81.98
831 47.64 25.33 70.64 187.16 70.59
832 47.62 59.00 168.27 202.15 60.19
833 47.62 22.67 58.38 174.29 72.45
834 47.68 45.66 146.17 207.71 68.58
835 47.87 48.77 174.02 213.24 66.35
836 47.71 78.57 223.24 152.61 22.22
837 47.85 64.94 232.34 197.18 41.31
838 47.91 67.40 237.34 191.31 41.82
839 47.93 73.71 233.23 178.54 29.38
840 47.95 6.21 26.42 88.02 19.01
841 47.87 98.25 12.67 23.84 0.00
842 47.98 15.28 48.47 149.13 55.58
843 48.18 8.95 39.90 118.71 38.37
844 47.99 69.74 237.12 178.48 33.03
845 48.13 86.84 186.42 118.25 12.32
846 48.21 90.81 97.94 99.67 6.66
847 48.25 20.49 80.61 181.19 58.69
848 48.24 55.12 220.11 202.48 56.27
849 48.22 36.13 101.23 202.69 66.87
850 48.26 30.39 155.43 216.09 76.57
851 48.30 33.46 119.47 200.29 60.94
852 48.29 61.55 237.41 198.73 41.15
853 48.35 27.79 133.69 199.03 57.62
854 48.46 52.78 207.98 206.10 51.31
855 48.35 76.15 209.23 167.83 20.98
856 48.49 81.00 191.78 140.83 15.51
857 48.58 93.57 62.64 83.97 3.35
858 48.44 41.40 187.95 204.75 52.84
859 48.43 83.66 184.76 125.12 13.15
860 48.51 57.51 228.72 206.92 51.09
861 48.73 96.52 21.43 45.75 0.44
862 48.62 38.87 169.73 207.03 46.22
863 48.66 44.19 219.22 201.58 42.46
864 48.67 12.61 70.67 152.71 48.90
865 48.72 17.64 106.69 178.37 50.12
866 48.76 50.12 216.91 215.87 49.59
867 48.86 22.88 123.64 191.61 45.00
868 48.89 63.80 235.13 201.13 30.67
869 48.93 47.11 203.54 214.30 39.59
870 48.95 25.43 146.75 204.70 44.37
871 48.98 59.70 235.08 206.87 36.74
872 49.04 71.45 219.48 179.70 23.37
873 49.03 66.30 236.38 198.81 26.69
874 49.03 68.80 235.86 185.04 24.70
875 49.04 78.49 183.48 169.47 15.15
876 49.06 73.88 207.25 187.40 19.88
877 49.33 31.68 198.77 194.26 37.61
878 49.25 5.84 61.92 90.58 9.17
879 49.39 15.38 111.86 171.71 41.16
880 49.33 36.90 199.21 208.80 42.93
881 49.44 34.44 199.66 208.40 40.43
882 49.45 10.31 115.50 150.21 29.27
883 49.47 19.76 147.54 188.25 37.86
884 49.39 87.21 105.57 140.17 10.24
885 49.47 90.26 72.04 102.33 5.56
886 49.55 29.13 166.52 214.27 39.27
887 49.45 56.14 240.51 213.81 38.68
888 49.72 53.94 231.50 213.10 32.48
889 49.64 40.45 220.21 205.60 35.14
890 49.68 42.75 216.11 205.89 33.99
891 49.65 62.27 228.40 199.02 26.56
892 49.64 76.24 170.50 201.61 21.48
893 49.77 51.63 233.24 210.95 32.33
894 49.92 26.89 170.04 206.91 28.73
895 49.75 81.44 97.22 169.19 11.05
896 49.85 45.26 227.18 217.98 33.38
897 49.84 92.76 37.79 88.81 3.35
898 50.09 7.77 83.63 120.63 13.34
899 50.03 58.13 211.04 209.46 26.60
900 49.95 49.48 215.99 219.93 29.76
901 50.08 21.84 156.09 199.09 32.38
902 50.08 95.34 15.11 57.33 1.01
903 50.33 98.00 5.77 28.04 0.02
904 50.09 13.20 138.90 170.75 29.17
905 50.14 24.10 159.89 204.21 29.14
906 50.05 69.85 194.92 194.57 19.07
907 50.02 64.88 199.75 208.13 22.85
908 50.09 60.35 217.72 219.22 27.31
909 50.10 67.56 186.50 201.19 20.46
910 50.20 47.49 210.13 221.97 26.27
911 50.26 17.82 148.93 183.09 27.06
912 50.31 38.82 178.42 214.43 25.93
913 50.18 74.22 144.42 194.02 14.61
914 50.37 71.97 117.73 196.65 16.13
915 50.35 78.86 85.88 160.82 10.77
916 50.43 33.14 186.33 209.58 26.85
917 50.49 88.88 47.96 113.39 5.80
918 50.57 5.27 47.30 89.81 4.14
919 50.52 30.68 166.23 216.80 27.60
920 50.51 36.64 166.43 216.01 26.90
921 50.51 85.41 64.67 142.59 7.51
922 50.72 10.81 121.12 159.22 19.79
923 50.62 55.92 174.01 223.28 22.84
924 50.84 43.83 170.54 228.20 27.31
925 50.82 15.48 124.98 183.52 21.47
926 50.85 41.55 135.00 220.19 24.45
927 50.98 20.14 150.68 194.07 23.45
928 51.02 28.50 121.43 212.78 18.94
929 50.88 61.98 127.08 218.90 20.22
930 51.02 91.91 42.10 104.80 4.37
931 50.92 53.40 146.96 222.08 20.24
932 51.06 50.97 121.71 227.14 20.67
933 50.99 64.26 117.25 217.60 16.72
934 51.05 76.46 71.48 177.76 10.88
935 51.01 81.83 54.58 151.53 7.98
936 51.09 66.64 94.23 208.16 15.84
937 51.08 25.61 107.53 203.44 21.92
938 51.17 46.08 125.79 230.92 22.34
939 51.16 59.59 127.15 224.03 18.65
940 51.09 69.06 93.05 208.27 14.51
941 51.21 35.04 138.79 224.69 22.86
942 51.24 48.66 111.33 229.45 19.81
943 51.37 94.19 20.58 69.61 1.67
944 51.24 3.27 19.08 56.13 1.40
945 51.33 8.54 64.95 144.96 11.82
946 51.43 22.60 78.69 193.47 17.94
947 51.31 73.92 67.45 186.33 10.21
948 51.51 57.38 103.70 220.94 17.57
949 51.65 96.26 8.88 42.93 0.17
950 51.45 39.41 105.88 215.52 19.31
951 51.59 13.38 89.12 173.76 15.30
952 51.63 32.80 99.58 222.75 17.93
953 51.60 71.29 65.29 194.49 11.26
954 51.85 5.66 32.38 106.09 5.02
955 51.60 17.98 93.51 192.43 17.36
956 51.63 87.20 46.26 131.97 5.72
957 51.75 90.10 41.23 116.50 5.32
958 51.67 79.19 57.13 156.82 8.29
959 51.63 84.44 49.28 150.94 6.88
960 51.72 30.65 95.14 222.80 17.76
961 51.83 55.04 81.69 211.65 14.77
962 51.85 37.23 83.06 219.47 15.56
963 51.93 62.90 72.23 219.95 14.59
964 52.10 10.30 53.98 172.17 12.87
965 52.15 27.24 78.55 219.20 17.93
966 52.04 41.67 86.16 227.54 17.91
967 52.04 44.07 78.86 223.18 15.92
968 52.09 52.47 77.00 221.39 14.95
969 52.07 65.33 71.54 205.61 12.61
970 52.17 60.75 67.23 220.13 12.92
971 52.19 15.54 55.12 179.14 12.85
972 52.14 24.90 66.58 210.20 16.92
973 52.27 67.47 58.96 206.25 10.32
974 52.24 76.52 53.04 165.27 8.54
975 52.37 20.54 53.73 189.51 13.03
976 52.21 46.84 66.85 222.77 14.36
977 52.25 49.72 76.51 223.36 15.39
978 52.35 69.59 54.48 199.51 10.84
979 52.43 81.88 49.78 136.60 6.60
980 52.49 58.25 71.93 214.28 12.93
981 52.33 73.41 53.18 188.70 9.09
982 52.37 34.72 72.79 218.48 13.52
983 52.43 93.07 25.13 77.37 1.85
984 52.58 29.32 62.58 211.09 12.65
985 52.63 39.57 59.41 217.76 14.40
986 52.80 23.04 52.85 203.84 13.22
987 52.84 12.76 45.65 181.35 10.94
988 52.88 7.56 30.00 138.75 6.52
989 52.83 91.01 56.43 104.83 3.91
990 52.69 4.84 17.84 80.78 2.35
991 52.85 17.89 48.17 186.40 11.18
992 52.79 85.14 57.61 136.90 5.48
993 52.85 88.08 52.55 115.19 4.50
994 52.94 32.11 58.40 215.55 11.39
995 53.00 55.82 67.45 214.57 11.31
996 52.98 95.75 21.11 43.67 0.48
997 52.98 64.06 76.99 212.35 11.10
998 52.93 79.25 66.62 157.47 6.42
999 53.06 36.96 64.45 221.87 12.97
1000 53.14 71.57 56.34 181.77 8.19
1001 53.11 42.34 65.58 223.22 12.06
1002 53.19 53.55 65.84 216.92 11.71
1003 53.10 45.11 65.09 215.75 11.75
1004 53.22 48.18 61.15 217.47 11.58
1005 53.23 51.15 63.56 217.53 12.21
1006 53.32 61.89 81.39 200.36 9.95
1007 53.20 74.70 72.51 177.72 7.54
1008 53.27 25.73 52.02 202.94 11.34
1009 53.33 59.68 78.76 214.75 9.83
1010 53.45 66.23 86.61 199.70 8.82
1011 53.44 68.52 67.75 191.99 9.19
1012 53.45 10.10 34.98 148.98 7.37
1013 53.44 34.38 55.15 214.96 11.09
1014 53.56 15.38 41.45 174.67 9.17
1015 53.66 28.02 51.42 208.34 10.19
1016 53.61 77.19 102.20 161.54 6.19
1017 53.78 94.21 54.42 65.38 1.23
1018 53.65 19.44 44.09 194.69 9.34
1019 53.72 30.27 58.30 216.10 11.02
1020 53.82 5.21 18.71 94.28 2.57
1021 53.91 21.77 47.82 184.98 9.58
1022 53.70 39.05 68.30 217.93 11.83
1023 53.74 82.95 138.85 140.42 5.46
1024 53.90 57.52 103.21 203.33 9.41
1025 53.97 80.33 129.50 131.72 4.96
1026 53.91 89.61 99.45 127.93 4.04
1027 54.14 41.14 97.65 212.18 9.95
1028 54.07 46.46 69.86 213.00 10.10
1029 54.08 92.05 96.23 88.48 2.62
1030 54.03 85.50 144.08 109.24 3.82
1031 54.11 24.20 60.17 196.34 9.64
1032 54.07 12.61 44.32 172.96 8.47
1033 54.11 43.80 69.81 211.30 10.66
1034 54.18 49.74 95.11 213.26 9.99
1035 54.22 70.22 110.77 176.99 7.45
1036 54.21 55.22 118.90 202.13 9.27
1037 54.14 64.01 109.87 204.11 7.64
1038 54.22 36.64 77.98 209.85 9.66
1039 54.32 8.24 32.29 129.99 5.13
1040 54.45 17.30 64.96 176.23 7.42
1041 54.34 72.49 154.12 165.16 6.31
1042 54.45 31.94 79.91 204.19 8.91
1043 54.38 52.42 155.35 201.79 8.66
1044 54.35 75.06 132.90 165.69 6.06
1045 54.45 59.48 168.80 199.38 8.90
1046 54.59 26.50 70.43 198.35 8.75
1047 54.54 34.31 90.94 210.77 8.15
1048 54.68 68.01 152.34 177.03 6.59
1049 54.71 78.18 200.87 136.44 4.99
1050 54.49 95.83 44.40 33.96 0.29
1051 54.72 61.69 197.43 192.52 7.95
1052 54.78 65.86 186.12 188.53 7.42
1053 54.79 3.55 16.28 57.48 0.68
1054 54.84 19.74 107.08 182.83 8.22
1055 54.89 29.17 108.41 209.93 8.79
1056 54.87 38.68 170.83 207.44 8.55
1057 54.92 14.66 67.50 167.30 6.21
1058 54.90 87.16 183.27 109.78 2.98
1059 55.02 48.07 152.31 211.68 9.46
1060 54.95 82.64 202.54 122.15 4.11
1061 55.11 11.54 79.77 149.66 5.84
1062 55.11 23.08 104.71 182.67 6.58
1063 54.93 93.85 70.09 51.37 0.74
1064 55.18 43.10 169.18 198.92 8.47
1065 55.25 45.71 159.59 197.22 8.13
1066 55.12 88.46 188.43 115.22 3.79
1067 55.17 5.70 34.48 90.02 2.17
1068 55.23 57.15 201.52 171.54 7.62
1069 55.34 90.58 171.88 89.99 2.75
1070 55.34 54.22 222.55 170.90 7.85
1071 55.47 76.14 215.81 125.90 4.47
1072 55.49 36.03 163.18 199.38 7.64
1073 55.47 40.44 190.34 199.56 9.00
1074 55.38 50.83 206.30 189.14 7.45
1075 55.41 63.41 227.04 176.78 6.60
1076 55.48 80.07 214.56 125.27 4.15
1077 55.66 85.45 201.47 103.93 3.03
1078 55.54 93.44 78.20 52.56 0.81
1079 55.57 71.54 219.85 149.06 5.11
1080 55.58 73.92 215.60 141.88 4.25
1081 55.69 25.17 137.49 191.33 6.89
1082 55.57 33.42 137.76 184.71 7.18
1083 55.54 8.63 68.96 128.58 4.49
1084 55.58 59.56 225.10 177.66 7.18
1085 55.75 69.48 216.71 158.14 5.59
1086 55.75 30.90 174.99 191.26 7.24
1087 55.77 21.21 134.35 182.06 6.54
1088 55.82 27.37 167.28 186.95 6.68
1089 55.80 16.54 131.86 166.55 5.83
1090 55.98 67.27 229.20 154.36 4.49
1091 56.07 18.88 132.81 167.90 6.35
1092 56.04 65.13 230.90 164.43 5.65
1093 56.16 61.50 236.59 162.91 6.49
1094 56.08 37.99 193.96 188.05 7.14
1095 56.23 48.71 212.91 182.90 7.26
1096 56.31 13.84 126.36 143.24 5.03
1097 56.23 42.20 205.29 196.49 8.47
1098 56.39 77.76 210.80 124.04 4.17
1099 56.26 82.16 207.17 122.73 4.06
1100 56.33 11.07 115.35 144.15 5.00
1101 56.40 55.97 222.95 172.79 7.30
1102 56.53 28.88 164.58 175.83 5.61
1103 56.48 53.48 234.89 164.48 7.03
1104 56.48 88.74 175.11 85.04 2.29
1105 56.44 23.21 141.80 173.22 6.42
1106 56.47 44.67 198.92 170.48 7.09
1107 56.57 6.44 62.92 99.78 2.48
1108 56.72 46.76 182.49 181.64 7.16
1109 56.61 58.51 215.88 155.02 5.42
1110 56.72 91.71 138.41 79.09 1.91
1111 56.50 51.16 223.41 176.35 6.22
1112 56.64 94.17 60.81 47.53 0.49
1113 56.71 32.76 173.72 181.85 6.42
1114 56.82 35.18 182.62 177.38 6.25
1115 56.73 73.50 213.08 133.92 4.27
1116 56.92 40.17 197.44 172.42 6.29
1117 56.95 71.05 219.25 129.22 4.05
1118 56.92 84.22 204.26 108.82 3.46
1119 56.95 63.31 222.66 163.19 5.86
1120 56.98 79.99 215.60 113.18 3.80
1121 56.99 68.70 221.45 147.03 5.14
1122 57.05 8.90 82.60 112.85 3.29
1123 57.04 15.97 123.24 166.07 5.41
1124 57.17 75.73 183.56 117.77 4.13
1125 57.01 25.99 115.73 159.38 6.00
1126 57.13 86.69 181.01 86.72 2.67
1127 57.09 20.56 127.36 157.00 5.34
1128 57.27 30.77 115.52 179.14 5.70
1129 57.11 37.75 197.10 173.43 6.40
1130 57.15 65.91 218.68 159.82 5.59
1131 57.29 18.22 126.94 148.16 4.32
1132 57.27 60.86 227.28 140.19 4.85
1133 57.40 42.76 176.56 170.12 6.82
1134 57.61 48.63 114.63 171.76 6.51
1135 57.51 50.41 166.34 165.90 6.41
1136 57.45 57.22 174.92 148.86 4.96
1137 57.40 10.98 84.45 131.49 4.35
1138 57.52 22.87 105.80 154.83 5.38
1139 57.61 52.50 161.56 169.87 6.40
1140 57.67 54.85 140.74 159.23 5.59
1141 57.80 82.01 188.41 96.21 2.86
1142 57.68 12.55 69.96 129.49 3.87
1143 57.71 28.75 77.31 159.28 5.10
1144 57.95 14.46 67.55 134.61 3.96
1145 57.83 78.04 183.74 113.32 3.60
1146 57.82 45.05 120.44 162.56 5.15
1147 57.95 7.07 55.19 91.34 2.77
1148 57.88 93.82 63.29 47.69 0.85
1149 57.87 32.84 91.43 168.66 5.81
1150 57.95 36.73 122.19 168.03 5.58
1151 57.92 67.56 187.32 136.16 4.70
1152 57.82 73.32 159.98 115.45 3.88
1153 58.12 90.91 111.94 68.75 1.81
1154 58.00 64.35 199.49 140.79 4.76
1155 58.12 87.99 126.68 77.81 2.09
1156 58.17 41.15 95.48 158.17 5.41
1157 58.12 59.24 124.82 145.99 5.25
1158 58.17 26.65 73.00 154.21 5.08
1159 58.22 46.99 74.58 153.41 5.51
1160 58.14 70.66 128.53 120.85 3.55
1161 58.30 24.30 80.35 145.41 4.20
1162 58.23 39.01 96.18 150.89 5.06
1163 58.24 84.82 187.42 92.32 2.76
1164 58.36 34.85 79.36 151.58 5.20
1165 58.25 61.91 157.21 147.71 5.34
1166 58.34 19.39 71.71 145.96 4.70
1167 58.40 9.44 49.73 99.20 3.09
1168 58.52 16.89 49.14 121.26 3.65
1169 58.39 56.68 98.72 146.85 5.03
1170 58.54 75.66 116.79 106.55 3.71
1171 58.58 80.35 142.49 99.38 3.30
1172 58.62 21.56 60.26 128.96 4.00
1173 58.63 30.47 51.47 134.70 4.25
1174 58.66 43.32 69.36 145.06 5.22
1175 58.64 50.82 67.70 132.18 4.74
1176 58.74 53.14 79.22 140.82 4.99
1177 58.88 66.45 88.36 136.23 4.31
1178 58.80 68.83 84.73 127.90 3.79
1179 58.87 12.03 36.31 104.44 3.53
1180 58.86 73.33 92.67 120.39 3.44
1181 58.75 93.94 47.02 30.37 0.54
1182 59.07 27.98 41.76 117.97 4.19
1183 59.09 48.82 59.24 120.37 4.94
1184 59.07 32.80 48.35 133.42 4.37
1185 59.05 45.48 56.29 126.68 4.27
1186 59.01 64.36 79.73 154.05 5.44
1187 59.00 78.15 114.17 106.32 2.95
1188 59.17 36.97 53.23 127.02 4.30
1189 59.28 55.48 56.28 113.88 4.49
1190 59.26 60.37 64.02 122.39 4.96
1191 59.20 6.49 23.76 62.95 1.91
1192 59.25 58.03 59.80 123.22 4.68
1193 59.24 82.84 110.24 88.96 2.57
1194 59.31 89.49 79.02 68.62 1.58
1195 59.27 14.61 36.11 97.71 3.09
1196 59.30 86.50 123.18 83.38 2.21
1197 59.33 25.59 44.85 120.33 3.92
1198 59.37 62.53 64.26 125.21 4.53
1199 59.31 71.15 68.24 113.08 3.49
1200 59.39 39.17 48.27 118.37 4.13
1201 59.43 41.45 45.89 119.36 4.66
1202 59.53 23.16 38.83 109.94 3.95
1203 59.42 92.07 44.28 48.83 1.17
1204 59.62 18.71 38.21 94.17 3.55
1205 59.62 34.96 41.98 104.48 3.76
1206 59.60 8.93 26.05 71.30 2.41
1207 59.95 31.22 37.12 97.98 4.14
1208 59.94 20.92 33.91 94.23 3.59
1209 59.91 29.25 40.62 101.68 3.23
1210 59.91 46.73 47.67 101.26 3.58
1211 59.72 75.22 54.22 99.85 2.92
1212 59.84 80.68 66.09 94.80 2.42
1213 59.97 51.13 47.86 90.80 3.86
1214 59.80 68.39 47.27 103.52 2.80
1215 59.89 43.87 44.37 102.23 3.30
1216 59.85 53.36 53.21 107.68 4.59
1217 60.12 16.50 30.08 78.57 2.75
1218 59.95 65.54 48.25 113.77 3.35
1219 59.84 77.47 57.35 90.60 3.00
1220 60.04 11.65 28.47 75.15 2.69
1221 60.30 73.31 45.56 86.94 2.89
1222 60.27 84.72 90.04 72.71 2.08
1223 60.30 59.32 48.40 100.20 3.84
1224 60.46 27.16 38.96 82.45 3.35
1225 60.30 49.01 49.06 94.36 3.80
1226 60.42 57.17 48.60 92.12 3.76
1227 60.43 33.15 49.10 89.57 3.48
1228 60.47 37.38 49.00 90.44 3.77
1229 60.51 63.66 49.24 104.00 3.89
1230 60.44 24.98 46.62 87.45 3.34
1231 60.35 70.93 45.73 94.93 3.39
1232 60.56 61.57 46.84 97.05 3.58
1233 60.68 92.93 19.37 33.87 0.76
1234 60.58 6.69 15.76 39.94 1.45
1235 60.53 39.78 52.83 96.27 3.56
1236 60.53 89.04 48.02 67.02 1.73
1237 60.61 55.10 49.07 84.25 3.39
1238 60.73 14.27 29.44 68.25 2.27
1239 60.59 42.15 50.56 95.40 3.54
1240 60.76 67.35 47.82 99.97 3.42
1241 60.87 22.84 42.60 70.60 2.52
1242 60.84 35.21 60.03 81.29 3.31
1243 60.80 78.37 42.41 83.34 2.51
1244 60.89 8.87 23.50 53.74 2.04
1245 60.85 45.22 54.15 84.41 3.73
1246 60.89 75.56 43.01 80.61 2.34
1247 61.03 17.92 33.30 63.04 2.57
1248 60.98 52.80 59.92 75.73 2.92
1249 61.05 81.05 42.99 78.82 2.59
1250 61.08 29.12 60.48 71.45 2.68
1251 61.21 69.71 41.42 78.88 2.59
1252 61.18 20.38 40.56 68.99 2.78
1253 61.08 83.47 39.81 72.11 1.81
1254 61.27 47.57 97.67 67.93 3.34
1255 61.27 65.44 47.77 84.01 2.87
1256 61.28 12.14 30.69 55.78 2.57
1257 61.32 31.15 68.10 70.15 2.59
1258 61.33 50.17 96.09 70.90 3.65
1259 61.54 43.11 85.26 67.58 3.18
1260 61.54 58.59 72.10 76.58 3.42
1261 61.45 86.37 38.33 59.10 1.58
1262 61.58 60.54 67.37 76.35 3.28
1263 61.52 72.40 42.14 72.99 2.48
1264 61.62 24.82 67.56 59.81 2.25
1265 61.65 33.37 91.02 59.58 3.00
1266 61.83 38.36 128.23 56.86 2.81
1267 61.64 40.65 112.13 64.26 3.27
1268 61.64 56.50 90.06 68.52 3.63
1269 61.79 27.07 84.10 53.43 2.74
1270 61.75 89.51 29.54 50.68 1.19
1271 61.97 16.14 58.89 44.57 2.38
1272 61.72 62.79 74.16 76.35 3.12
1273 61.87 36.03 139.40 59.79 2.71
1274 62.05 92.11 17.64 29.64 0.59
1275 62.01 8.61 48.23 35.95 1.97
1276 62.03 54.51 121.60 51.37 2.89
1277 62.00 74.73 40.32 59.86 2.29
1278 61.93 14.17 65.03 37.63 1.73
1279 61.92 67.76 57.76 70.62 2.35
1280 62.00 77.13 37.62 62.44 2.12
1281 62.01 45.49 117.41 56.23 2.78
1282 62.03 79.59 40.75 61.44 2.19
1283 62.04 22.42 83.51 48.50 2.32
1284 62.13 52.17 160.67 52.10 2.75
1285 62.10 18.10 55.16 50.92 2.03
1286 62.26 84.69 43.18 60.23 1.62
1287 62.43 81.92 45.79 57.12 1.91
1288 62.32 29.28 108.45 50.77 2.40
1289 62.43 11.96 77.34 35.70 2.22
1290 62.33 64.70 100.60 62.11 2.57
1291 62.55 31.74 163.12 46.53 2.63
1292 62.35 70.32 63.10 59.35 2.38
1293 62.51 49.83 187.56 47.37 2.86
1294 62.63 47.49 194.12 48.41 2.61
1295 62.37 20.94 84.80 44.80 2.30
1296 62.61 87.25 30.09 46.52 1.38
1297 62.78 25.62 133.42 41.32 2.16
1298 62.81 43.35 175.12 48.94 2.61
1299 62.78 41.07 172.41 44.58 2.53
1300 62.68 58.80 161.00 54.86 2.73
1301 62.78 61.15 176.47 49.24 2.66
1302 62.62 72.61 68.44 51.91 2.01
1303 62.81 34.23 155.64 45.10 2.60
1304 62.88 56.52 198.02 47.28 2.64
1305 63.06 8.02 52.88 24.45 1.39
1306 62.98 66.72 130.78 53.47 2.39
1307 62.83 90.14 23.78 31.46 0.89
1308 63.11 36.82 168.68 43.85 2.51
1309 63.12 63.11 185.16 44.14 2.38
1310 63.09 23.31 142.13 38.71 2.13
1311 63.25 14.13 99.73 30.48 1.66
1312 63.26 38.94 192.25 42.42 2.32
1313 63.22 68.75 141.30 47.27 2.23
1314 63.22 53.68 191.64 41.26 2.45
1315 63.07 78.47 63.76 46.72 1.69
1316 63.30 17.75 103.64 32.27 1.79
1317 63.43 27.77 158.14 34.43 2.04
1318 63.25 75.67 84.00 45.96 1.89
1319 63.45 45.17 203.67 43.32 2.46
1320 63.48 10.99 81.72 29.85 1.29
1321 63.58 51.37 193.40 38.54 2.20
1322 63.40 83.52 65.61 42.73 1.72
1323 63.58 20.72 126.79 33.28 1.98
1324 63.55 30.12 144.59 39.28 2.37
1325 63.62 71.23 152.00 44.09 1.70
1326 63.59 65.04 190.68 44.24 2.22
1327 63.75 32.55 147.17 35.14 2.16
1328 63.76 49.22 194.39 36.02 2.43
1329 63.93 80.96 90.09 38.46 1.57
1330 63.66 86.43 58.56 44.16 1.30
1331 63.78 9.74 69.48 21.83 1.49
1332 63.87 59.90 198.24 42.22 2.10
1333 63.98 34.88 135.96 36.27 2.04
1334 64.01 57.77 181.11 38.59 2.19
1335 63.97 73.38 156.27 38.67 1.43
1336 64.02 46.99 180.51 34.83 1.78
1337 64.08 55.52 201.02 37.68 2.47
1338 63.92 88.99 43.26 28.69 1.05
1339 64.10 40.90 175.05 38.55 2.89
1340 64.23 43.21 168.50 33.55 2.12
1341 64.26 62.34 216.60 33.47 2.05
1342 64.22 25.75 119.96 29.24 1.99
1343 64.20 78.28 128.38 36.73 1.62
1344 64.30 15.71 92.64 26.00 1.90
1345 64.27 22.88 139.77 31.39 1.97
1346 64.36 66.97 218.48 36.19 1.97
1347 64.42 8.17 45.83 22.44 1.32
1348 64.36 69.44 186.92 35.49 1.87
1349 64.52 38.55 139.92 31.32 2.52
1350 64.49 52.90 143.28 33.49 2.03
1351 64.57 18.39 102.44 26.60 1.58
1352 64.53 75.85 177.26 35.07 1.40
1353 64.62 13.23 82.44 23.98 1.95
1354 64.70 36.44 115.17 30.57 1.96
1355 64.69 64.62 213.12 33.96 1.55
1356 64.70 84.23 101.44 33.65 1.48
1357 64.79 28.14 86.47 27.74 2.02
1358 64.75 30.31 88.85 30.19 2.49
1359 64.96 90.43 53.20 19.82 0.67
1360 64.95 92.57 29.02 16.30 0.22
1361 64.89 50.71 119.09 30.65 2.26
1362 64.97 86.75 92.96 28.34 1.28
1363 64.95 32.46 108.50 28.52 2.27
1364 64.93 88.27 82.86 31.06 0.80
1365 65.05 11.05 61.81 20.61 1.31
1366 65.03 45.74 98.78 29.99 2.27
1367 65.08 20.86 80.96 24.45 1.72
1368 65.00 48.34 121.12 30.75 1.96
1369 65.00 61.07 165.93 34.07 1.75
1370 65.16 71.32 192.91 28.83 1.76
1371 65.13 59.00 158.74 29.79 2.01
1372 65.19 79.96 164.39 29.96 1.58
1373 65.15 54.63 132.09 30.88 2.08
1374 65.19 24.15 83.97 27.20 1.73
1375 65.16 73.59 208.90 30.13 1.54
1376 65.38 41.76 132.11 33.61 2.83
1377 65.37 34.52 80.57 26.58 2.03
1378 65.45 56.78 135.35 30.12 2.09
1379 65.33 68.66 199.57 31.74 1.48
1380 65.59 82.47 159.81 29.27 1.16
1381 65.58 39.78 78.87 29.20 2.10
1382 65.46 43.78 91.06 30.17 2.54
1383 65.60 15.05 52.24 21.59 1.59
1384 65.68 26.58 62.07 23.83 1.86
1385 65.66 77.67 190.75 26.62 1.61
1386 65.64 63.04 130.44 27.79 1.76
1387 65.58 65.89 172.27 28.85 1.99
1388 65.55 19.64 64.71 23.05 1.52
1389 65.68 52.58 76.08 28.67 1.91
1390 65.73 37.39 65.21 27.23 1.77
1391 65.83 18.39 56.58 21.20 1.67
1392 65.88 29.63 58.52 26.52 2.12
1393 65.98 75.19 181.35 25.21 1.65
1394 66.20 22.14 50.66 23.29 1.95
1395 66.02 50.32 67.51 27.46 2.30
1396 66.13 85.28 130.18 25.01 1.09
1397 66.04 47.57 69.41 28.43 1.77
1398 66.10 32.02 61.78 25.23 2.18
1399 66.09 60.77 113.38 26.24 1.72
1400 66.14 12.87 43.37 20.21 2.03
1401 66.28 45.40 62.99 27.25 2.18
1402 66.03 89.90 63.55 16.81 0.75
1403 66.26 24.58 55.43 23.28 1.95
1404 66.26 67.82 138.23 25.84 1.54
1405 66.36 70.34 146.80 26.18 1.45
1406 66.23 87.68 103.91 20.72 0.82
1407 66.30 54.74 77.46 27.68 1.87
1408 66.32 58.47 89.85 26.82 2.21
1409 66.38 72.73 176.98 26.32 1.16
1410 66.25 91.73 47.89 11.71 0.16
1411 66.38 34.67 51.40 25.01 1.89
1412 66.56 64.13 115.70 25.80 1.89
1413 66.52 80.16 177.06 23.59 1.38
1414 66.52 27.92 49.04 23.54 1.66
1415 66.62 41.09 60.26 27.31 2.31
1416 66.61 43.24 51.40 24.90 2.22
1417 66.60 19.82 41.87 21.70 1.44
1418 66.81 39.00 61.40 25.81 2.20
1419 66.73 36.79 51.28 27.75 2.04
1420 66.81 15.25 38.69 20.61 1.68
1421 66.80 52.27 63.99 26.19 2.35
1422 66.85 56.81 55.81 23.62 1.78
1423 66.83 48.87 51.78 26.75 2.16
1424 66.99 66.18 120.52 26.00 1.70
1425 66.94 76.92 150.34 23.27 1.35
1426 66.98 83.24 168.13 21.60 1.29
1427 67.20 89.37 78.87 14.73 0.79
1428 66.98 30.26 53.26 23.65 1.88
1429 67.15 62.23 60.86 24.76 1.75
1430 67.06 25.50 54.46 23.24 1.94
1431 67.10 32.58 46.44 24.29 1.91
1432 67.12 12.52 40.24 19.20 1.10
1433 67.12 60.00 75.86 24.11 1.93
1434 67.28 23.00 44.12 21.03 1.57
1435 67.29 10.95 43.22 16.86 1.43
1436 67.32 68.88 130.26 24.64 1.77
1437 67.37 74.49 126.77 22.78 1.23
1438 67.47 9.36 37.59 15.94 1.37
1439 67.36 44.95 62.68 25.46 2.10
1440 67.56 47.00 76.05 25.12 1.97
1441 67.35 54.37 58.29 25.43 1.88
1442 67.57 91.42 42.42 9.26 0.14
1443 67.57 86.48 125.06 17.93 0.97
1444 67.50 34.98 61.71 23.15 2.04
1445 67.51 71.81 103.53 20.59 1.21
1446 67.53 27.66 64.51 22.31 2.07
1447 67.60 50.16 86.64 26.41 2.14
1448 67.73 19.93 65.30 19.13 1.61
1449 67.69 78.98 135.64 22.07 1.34
1450 67.76 40.44 93.41 25.44 2.30
1451 67.78 42.91 80.74 24.24 2.10
1452 67.90 81.46 161.77 19.32 1.02
1453 67.77 37.57 76.73 25.80 2.16
1454 67.84 58.43 58.59 25.13 1.90
1455 67.88 17.33 57.34 18.64 1.47
1456 67.72 64.60 60.39 23.11 1.90
1457 67.91 56.20 68.62 24.78 2.16
1458 68.06 29.84 90.34 22.89 2.14
1459 68.13 31.90 81.86 23.31 2.09
1460 68.00 52.64 75.30 25.25 2.46
1461 68.09 60.64 61.77 24.42 1.76
1462 68.11 67.00 75.79 22.74 1.55
1463 68.24 24.89 88.88 20.44 1.96
1464 68.31 11.74 54.40 14.67 1.41
1465 68.38 76.96 89.69 19.59 1.33
1466 68.37 84.33 139.07 18.05 0.90
1467 68.26 62.89 52.48 23.84 1.90
1468 68.43 69.91 68.96 19.97 1.37
1469 68.50 22.23 88.50 19.32 1.59
1470 68.58 34.04 132.02 23.02 2.28
1471 68.52 45.25 130.76 23.52 2.06
1472 68.61 74.69 73.72 21.17 1.48
1473 68.59 27.44 118.01 20.42 2.30
1474 68.39 89.63 53.87 10.85 0.44
1475 68.62 48.08 150.04 24.08 2.34
1476 68.62 50.67 171.34 24.88 2.18
1477 68.73 36.33 130.94 23.46 2.29
1478 68.79 54.64 171.46 24.97 2.11
1479 68.66 72.28 69.98 19.55 1.14
1480 68.81 39.10 141.56 23.21 2.12
1481 68.77 41.57 169.37 24.20 2.32
1482 68.91 87.07 91.69 15.14 0.88
1483 68.78 65.55 56.38 21.88 1.57
1484 68.99 19.52 90.32 18.50 1.68
1485 69.02 57.06 155.46 24.45 1.95
1486 69.08 59.15 123.66 23.59 1.70
1487 68.97 79.45 89.09 18.90 1.29
1488 68.87 16.73 91.41 17.08 1.86
1489 69.18 61.21 104.90 21.52 1.93
1490 68.83 67.58 52.31 20.23 1.23
1491 69.34 14.30 100.45 17.96 2.09
1492 69.22 63.53 96.35 22.54 1.62
1493 69.30 52.33 204.19 23.69 2.20
1494 69.24 81.77 87.05 17.20 0.98
1495 69.10 9.32 40.02 12.34 1.14
1496 69.35 43.56 174.69 24.09 2.38
1497 69.29 29.50 146.82 23.29 2.24
1498 69.18 68.50 55.00 21.36 1.53
1499 69.27 83.18 93.18 18.71 0.68
1500 69.65 10.79 62.53 15.28 1.41
1501 69.17 11.74 65.93 14.80 1.60
1502 69.31 17.74 89.00 19.00 1.87
1503 69.42 32.30 155.93 23.02 2.46
1504 69.61 23.88 134.63 19.20 2.12
1505 69.62 26.32 147.23 19.47 2.08
1506 69.60 46.95 187.45 24.39 2.27
1507 69.39 16.05 98.90 18.45 1.85
1508 69.70 37.58 173.35 24.51 2.84
1509 69.80 84.98 72.08 14.03 0.78
1510 69.65 76.57 54.65 18.08 0.99
1511 69.88 21.39 114.55 18.02 1.82
1512 69.67 49.57 202.10 24.75 2.47
1513 69.73 66.93 78.19 20.07 1.37
1514 69.68 71.13 50.30 18.41 1.54
1515 69.66 73.74 53.89 18.08 1.35
1516 70.05 64.82 149.50 20.44 1.48
1517 69.98 35.20 170.80 22.68 3.10
1518 69.71 77.92 59.70 18.15 0.70
1519 69.91 40.61 187.67 23.84 2.76
1520 69.98 53.96 217.17 25.45 2.41
1521 70.25 56.07 199.21 23.57 2.11
1522 70.09 69.06 61.79 21.08 1.25
1523 70.06 79.26 60.65 15.52 1.08
1524 70.33 12.89 71.96 15.61 2.30
1525 70.29 58.23 204.14 23.34 2.16
1526 70.31 45.56 189.34 24.66 2.45
1527 69.98 74.83 49.77 16.15 0.77
1528 70.45 18.54 102.77 17.51 1.89
1529 70.32 30.62 146.44 21.32 2.94
1530 70.24 80.77 65.44 15.67 1.31
1531 70.38 60.38 206.48 22.17 1.87
1532 70.43 28.31 131.66 20.57 2.83
1533 70.44 62.59 171.87 22.67 1.73
1534 70.51 15.93 99.28 17.85 2.42
1535 70.49 82.78 61.41 15.14 1.09
1536 70.46 51.41 197.44 24.45 2.26
1537 70.77 87.09 39.59 12.45 0.74
1538 70.53 43.00 165.08 23.87 2.38
1539 70.68 32.96 140.36 22.02 4.07
1540 70.64 72.38 51.04 17.53 1.25
1541 70.70 25.53 109.26 18.69 2.95
1542 70.65 76.11 43.75 16.82 1.55
1543 70.69 38.24 168.13 22.01 3.30
1544 70.79 48.74 202.44 24.19 2.96
1545 70.88 66.76 171.43 20.52 1.66
1546 70.71 74.76 47.18 16.24 1.18
1547 70.83 77.86 44.88 15.52 1.16
1548 71.16 23.26 103.00 17.90 3.10
1549 71.11 11.03 49.55 13.92 1.53
1550 71.08 40.92 157.26 21.74 3.38
1551 71.08 69.69 108.08 19.13 1.26
1552 71.30 20.48 89.70 18.58 2.89
1553 71.21 34.91 143.66 21.38 3.55
1554 71.08 53.96 197.46 23.40 2.35
1555 71.41 84.66 35.98 12.91 0.78
1556 71.38 64.42 212.37 20.10 1.92
1557 71.33 44.94 152.06 23.98 3.58
1558 71.42 56.70 197.95 23.84 2.60
1559 71.60 13.85 50.74 16.69 2.37
1560 71.62 47.21 124.54 22.91 4.26
1561 71.38 81.44 44.40 14.12 0.96
1562 71.52 27.60 102.66 20.24 3.47
1563 71.43 30.53 110.37 19.15 3.69
1564 71.44 59.26 198.20 20.97 1.81
1565 71.53 61.79 220.76 22.60 2.27
1566 71.63 74.24 82.70 17.10 1.19
1567 71.71 36.70 122.95 22.13 4.45
1568 71.56 51.79 169.87 23.01 2.82
1569 71.80 16.05 53.34 16.98 3.27
1570 71.88 39.14 120.11 22.22 4.68
1571 71.90 43.15 109.08 22.07 4.11
1572 71.96 71.76 143.66 16.96 1.20
1573 71.80 76.61 53.80 16.31 0.98
1574 72.02 18.11 59.10 17.37 3.47
1575 71.91 67.55 154.44 20.43 1.57
1576 72.02 25.36 74.66 17.86 4.71
1577 71.97 49.63 122.07 22.66 2.95
1578 72.13 33.00 80.91 21.12 4.91
1579 72.14 79.12 68.50 13.69 0.97
1580 72.12 54.43 167.16 23.78 3.31
1581 72.29 11.72 31.83 12.97 2.05
1582 72.33 21.70 60.06 18.84 4.28
1583 72.41 41.27 71.44 22.18 5.59
1584 72.51 65.38 200.90 21.15 1.78
1585 72.52 69.56 185.03 18.05 1.51
1586 72.44 58.68 148.03 21.61 2.44
1587 72.47 63.19 202.23 20.65 1.79
1588 72.65 84.65 36.04 12.41 0.68
1589 72.48 31.06 65.11 19.08 5.92
1590 72.59 82.07 64.12 14.06 1.10
1591 72.62 28.38 59.46 17.90 5.05
1592 72.53 45.55 76.91 22.14 4.66
1593 72.63 60.84 185.40 19.87 2.48
1594 72.66 56.43 131.26 21.22 3.12
1595 72.68 34.93 67.46 20.40 7.22
1596 72.69 52.01 138.72 21.54 3.53
1597 72.64 86.07 28.50 10.68 0.61
1598 72.59 13.11 32.08 13.81 2.56
1599 72.99 23.79 44.49 18.36 6.68
1600 72.78 37.45 74.23 21.26 6.67
1601 72.83 48.38 70.57 23.20 4.89
1602 73.03 76.98 130.31 14.30 1.19
1603 72.98 74.20 149.86 16.69 1.36
1604 73.18 19.00 37.21 17.09 4.79
1605 73.11 43.10 52.46 20.99 8.83
1606 73.24 67.17 197.42 19.67 1.68
1607 73.18 15.08 29.71 14.72 5.58
1608 73.25 54.24 100.00 21.35 4.04
1609 73.28 26.09 40.22 18.35 6.81
1610 73.33 40.11 46.61 21.57 11.83
1611 73.37 71.50 183.71 17.44 1.64
1612 73.36 79.77 116.25 13.30 1.03
1613 73.63 17.04 29.50 16.41 8.29
1614 73.46 50.50 80.34 22.49 6.09
1615 73.56 32.94 44.72 19.62 12.81
1616 73.52 58.40 91.02 18.65 2.76
1617 73.48 30.61 44.43 18.28 8.13
1618 73.51 62.79 159.94 20.12 2.26
1619 73.72 21.61 39.24 16.80 8.71
1620 73.52 46.59 53.22 23.19 8.00
1621 73.59 12.96 23.55 13.39 4.25
1622 73.85 83.96 70.34 11.90 0.69
1623 73.97 64.79 148.80 18.37 2.51
1624 73.69 82.38 81.62 10.98 1.10
1625 73.82 35.23 43.72 20.40 14.08
1626 73.71 37.93 47.80 20.88 12.16
1627 73.91 60.56 102.70 19.12 2.62
1628 73.92 69.25 192.66 18.82 1.59
1629 73.82 28.36 38.81 17.52 10.64
1630 73.93 44.59 41.56 22.18 12.60
1631 73.96 56.08 66.01 18.89 4.23
1632 74.08 42.36 44.53 20.12 14.96
1633 73.91 52.78 52.53 21.06 6.53
1634 74.27 75.67 182.30 15.10 1.47
1635 74.18 73.25 184.57 17.46 1.53
1636 73.99 80.47 116.75 11.88 1.38
1637 74.11 85.67 42.73 10.02 0.78
1638 74.19 23.93 45.02 20.13 13.99
1639 74.20 19.81 33.73 16.36 12.57
1640 74.20 48.64 51.28 22.34 10.08
1641 74.46 78.40 173.67 13.57 1.22
1642 74.56 13.54 25.29 13.46 5.18
1643 74.42 26.19 43.17 17.97 15.44
1644 74.61 66.93 159.50 18.37 2.43
1645 74.50 30.86 54.54 19.14 20.61
1646 74.44 39.77 52.81 21.07 19.75
1647 74.34 53.93 42.41 20.19 6.00
1648 74.39 18.46 36.77 16.81 10.92
1649 74.58 51.08 49.80 22.05 10.81
1650 74.75 71.24 174.25 17.25 1.84
1651 74.72 37.41 53.79 20.03 25.36
1652 74.57 46.67 52.20 21.84 19.59
1653 74.64 62.68 101.51 17.77 3.32
1654 74.86 33.14 59.84 19.88 24.80
1655 74.69 58.20 60.68 19.39 4.71
1656 74.62 16.57 36.62 15.95 9.90
1657 74.86 81.90 119.50 12.17 0.88
1658 74.82 28.48 52.81 19.65 25.76
1659 75.03 35.36 63.27 19.10 30.01
1660 74.98 17.75 45.54 17.00 17.26
1661 75.03 20.46 51.61 18.01 19.53
1662 74.85 45.75 55.50 19.70 14.00
1663 75.09 41.88 75.60 21.67 26.89
1664 75.25 44.20 63.13 21.73 23.31
1665 75.14 60.36 55.24 18.85 4.46
1666 75.22 69.15 123.63 16.04 2.30
1667 75.20 52.88 47.60 21.00 11.19
1668 75.22 56.13 41.76 19.09 8.32
1669 75.28 23.02 61.50 17.24 22.78
1670 75.27 48.53 62.53 23.00 21.73
1671 75.43 64.76 84.78 17.89 3.12
1672 75.42 74.29 176.50 15.16 1.82
1673 75.40 24.83 58.80 18.76 17.76
1674 75.47 26.53 62.87 18.46 26.92
1675 75.64 39.64 117.47 20.70 33.97
1676 75.63 77.06 172.03 14.50 1.17
1677 75.74 83.92 83.87 9.39 0.67
1678 75.39 16.33 50.21 15.96 11.61
1679 75.56 31.00 101.47 18.59 34.01
1680 75.62 79.79 163.01 13.12 1.16
1681 75.82 50.58 84.18 20.74 23.17
1682 75.74 19.40 67.76 16.39 24.52
1683 75.85 46.30 91.12 21.95 31.26
1684 75.73 62.50 62.84 16.38 4.95
1685 75.77 54.51 56.90 21.16 16.24
1686 75.89 67.33 84.25 16.89 3.08
1687 75.95 71.81 117.80 14.76 2.06
1688 76.01 37.35 131.51 21.12 41.86
1689 75.71 15.37 50.31 13.62 13.00
1690 76.01 28.33 105.28 19.95 31.40
1691 75.92 58.81 42.78 18.67 8.84
1692 76.25 17.80 69.16 16.27 21.39
1693 76.15 34.93 124.57 20.29 43.66
1694 76.01 14.10 43.88 13.94 11.22
1695 76.40 21.67 96.77 17.10 31.65
1696 76.47 32.98 146.63 20.34 46.39
1697 76.30 41.89 153.21 22.73 42.69
1698 76.39 81.67 128.19 11.41 1.13
1699 76.60 23.86 107.89 18.46 36.68
1700 76.33 57.10 45.04 19.52 17.94
1701 76.19 69.44 86.46 14.95 3.15
1702 76.52 52.46 113.42 21.49 31.32
1703 76.63 44.07 146.74 21.71 49.40
1704 76.43 61.00 43.48 18.18 9.56
1705 76.56 48.61 124.99 21.33 35.72
1706 76.61 65.72 55.45 17.78 4.47
1707 76.66 73.85 120.38 13.96 1.79
1708 76.91 15.47 65.65 14.12 15.12
1709 76.89 25.96 125.40 19.10 42.54
1710 76.78 30.43 162.47 22.62 51.33
1711 76.78 55.16 84.41 19.34 27.07
1712 76.72 63.47 44.96 17.50 6.83
1713 76.92 76.48 142.84 13.40 1.29
1714 76.94 79.32 154.89 12.68 1.43
1715 76.75 70.12 81.35 16.02 2.35
1716 76.74 85.53 54.90 8.23 0.42
1717 76.92 39.58 160.04 21.80 60.74
1718 77.07 46.19 180.14 24.09 47.82
1719 77.06 59.01 57.78 18.11 18.35
1720 77.19 36.77 173.57 20.97 55.93
1721 77.42 50.23 164.18 21.27 44.30
1722 77.31 83.33 79.80 9.46 0.76
1723 77.27 28.21 155.49 20.97 50.36
1724 77.30 68.00 55.16 17.21 4.27
1725 77.46 71.99 70.96 13.93 2.66
1726 77.62 19.26 109.14 16.48 32.00
1727 77.54 57.03 98.48 18.80 28.30
1728 77.52 61.30 63.97 18.58 15.97
1729 77.65 34.39 156.63 21.25 54.69
1730 77.57 42.03 182.72 22.76 58.18
1731 77.67 53.97 154.62 20.65 35.55
1732 77.65 31.87 160.36 22.38 63.45
1733 77.75 65.45 43.01 15.83 9.14
1734 77.71 22.15 125.92 17.90 44.69
1735 77.78 47.85 176.86 21.80 53.74
1736 77.96 52.08 180.56 20.76 50.91
1737 78.02 74.78 99.75 13.94 2.20
1738 77.88 39.32 183.57 20.66 68.03
1739 77.96 63.43 54.14 17.53 14.52
1740 78.08 81.13 89.09 11.01 1.17
1741 78.14 24.52 148.37 18.85 52.67
1742 78.04 44.39 191.56 22.23 63.37
1743 77.95 69.95 45.08 14.51 4.67
1744 78.27 17.64 94.48 16.49 34.10
1745 78.32 27.18 152.51 19.48 52.40
1746 78.31 29.79 144.36 21.24 63.23
1747 78.28 78.13 101.66 12.56 1.52
1748 78.28 15.39 62.20 14.52 13.63
1749 78.43 59.63 123.73 18.54 34.58
1750 78.38 36.92 171.56 19.62 70.88
1751 78.41 67.57 41.09 14.98 8.29
1752 78.62 55.46 182.10 19.62 48.17
1753 78.71 32.48 167.64 21.01 68.67
1754 78.75 57.55 157.74 19.10 45.17
1755 78.79 46.42 195.52 21.77 71.88
1756 78.92 48.76 195.44 22.45 64.96
1757 78.70 20.11 124.96 16.88 43.45
1758 78.81 42.09 190.01 23.03 86.46
1759 78.95 50.99 193.30 21.55 59.32
1760 78.92 62.05 120.55 17.28 34.06
1761 78.83 72.43 40.85 12.90 3.89
1762 78.93 34.91 152.51 21.88 79.75
1763 78.82 65.45 67.44 16.16 20.18
1764 78.92 39.60 175.40 21.52 79.43
1765 79.18 53.38 187.32 20.51 63.01
1766 79.16 69.90 37.11 13.99 8.61
1767 79.09 64.29 82.73 15.40 20.29
1768 79.32 75.49 47.42 12.71 2.78
1769 79.17 21.15 126.82 17.04 44.57
1770 79.35 25.80 153.88 18.60 65.22
1771 79.41 80.61 53.36 11.53 1.11
1772 79.58 23.38 123.35 18.26 59.40
1773 79.61 28.26 128.87 19.33 65.08
1774 79.41 44.39 190.44 21.67 75.39
1775 79.66 18.51 102.27 16.26 34.12
1776 79.36 77.87 50.58 11.31 1.86
1777 79.49 67.43 57.99 16.10 16.39
1778 79.61 30.78 137.90 19.69 78.23
1779 79.63 37.73 161.93 20.95 93.46
1780 79.83 58.08 198.27 19.15 53.82
1781 79.91 60.45 163.45 17.88 54.36
1782 79.87 55.35 186.60 19.89 71.49
1783 79.94 71.84 36.66 13.09 8.24
1784 79.99 33.27 150.16 20.52 88.48
1785 80.19 35.86 143.18 20.43 88.88
1786 79.96 40.49 163.06 20.48 89.75
1787 79.96 62.88 144.94 17.87 39.91
1788 80.09 47.07 178.12 20.65 80.13
1789 80.12 49.77 194.09 21.18 70.31
1790 80.20 52.13 187.27 19.94 77.60
1791 80.30 65.32 141.35 16.21 31.65
1792 79.93 73.55 33.87 13.58 4.97
1793 80.31 42.77 174.85 21.17 89.60
1794 80.41 20.87 96.91 17.11 56.14
1795 80.23 69.63 51.23 13.49 13.95
1796 80.32 74.45 29.84 11.56 3.31
1797 80.65 25.32 100.42 17.66 60.29
1798 80.47 76.29 31.03 10.86 3.02
1799 80.57 17.18 71.68 14.72 28.68
1800 80.72 79.74 32.99 10.01 1.98
1801 80.71 29.71 117.90 20.27 83.79
1802 80.43 63.84 148.87 16.13 37.73
1803 80.71 67.40 106.81 14.96 28.67
1804 80.85 77.62 32.71 11.36 3.38
1805 80.60 22.28 87.77 16.47 47.43
1806 80.82 44.86 150.22 21.90 97.93
1807 80.82 38.37 121.43 20.71 90.88
1808 81.01 54.30 182.74 19.27 72.07
1809 81.02 56.47 196.02 21.08 77.28
1810 80.92 58.85 202.90 18.13 66.40
1811 81.12 31.91 101.29 20.62 86.07
1812 81.00 61.82 174.58 17.43 55.69
1813 81.16 27.67 95.23 18.49 77.42
1814 81.14 34.39 115.50 20.79 102.98
1815 81.20 40.75 147.22 21.15 92.64
1816 81.26 49.09 168.58 20.76 88.16
1817 81.39 72.65 68.92 12.45 12.72
1818 81.29 19.21 71.30 15.88 52.26
1819 81.12 71.17 71.35 12.70 13.33
1820 81.38 51.11 175.76 18.63 88.25
1821 81.34 74.93 43.84 11.46 7.79
1822 81.38 46.96 148.08 21.86 105.70
1823 81.56 64.47 157.56 15.81 47.56
1824 81.79 23.62 81.76 16.31 61.06
1825 81.75 36.80 103.26 21.65 108.48
1826 81.87 21.38 75.22 17.09 62.44
1827 81.64 42.99 118.54 20.16 103.92
1828 81.90 52.89 154.45 19.70 96.67
1829 81.79 69.46 95.31 12.52 28.03
1830 81.98 67.12 142.70 15.72 36.63
1831 82.02 39.34 116.52 19.48 104.24
1832 81.92 59.67 175.51 17.97 71.68
1833 82.13 29.54 71.21 17.83 86.52
1834 82.11 26.42 75.64 17.96 74.85
1835 81.97 76.96 29.79 11.13 6.38
1836 82.10 45.31 129.11 21.65 131.08
1837 82.31 57.01 147.03 18.14 76.41
1838 82.18 61.96 168.40 18.16 67.18
1839 82.38 32.29 71.80 19.66 100.33
1840 82.25 34.73 85.76 20.86 109.91
1841 82.42 54.76 134.98 20.09 100.00
1842 82.42 48.74 114.64 19.34 103.44
1843 82.59 41.64 91.65 20.63 111.66
1844 82.28 70.65 119.91 14.73 28.41
1845 82.64 75.22 59.54 11.50 10.31
1846 82.70 50.96 133.46 18.85 95.59
1847 82.82 72.42 127.30 12.13 22.56
1848 82.36 77.79 24.44 10.11 3.44
1849 82.51 78.92 19.50 9.68 1.97
1850 82.86 65.56 146.01 15.36 51.88
1851 82.86 43.82 75.54 21.72 115.54
1852 82.95 46.82 90.19 18.94 113.10
1853 82.89 38.39 84.73 20.96 117.88
1854 83.04 63.16 152.62 16.74 68.66
1855 83.18 69.84 159.04 13.36 34.91
1856 83.14 24.46 56.67 17.31 72.90
1857 82.95 59.01 136.10 18.26 83.16
1858 83.17 36.45 63.31 20.75 115.66
1859 83.26 27.45 60.89 18.08 91.45
1860 83.31 67.66 144.36 14.98 49.56
1861 83.33 21.83 44.81 16.92 52.64
1862 83.50 29.88 53.86 19.74 97.73
1863 83.38 52.94 91.06 19.38 107.43
1864 83.44 34.26 63.15 20.51 106.77
1865 83.45 61.12 112.47 16.65 79.32
1866 83.48 77.79 43.39 9.55 5.68
1867 83.58 40.51 64.45 20.72 107.65
1868 83.66 32.15 50.30 19.62 106.53
1869 83.59 49.12 74.98 18.37 109.01
1870 83.61 55.01 86.71 18.01 102.43
1871 83.66 57.13 98.78 16.95 94.19
1872 83.81 45.28 59.84 21.08 122.02
1873 83.87 74.65 110.00 12.07 15.19
1874 83.97 51.12 80.70 18.64 104.36
1875 84.04 42.86 55.17 19.94 112.81
1876 83.95 64.52 112.11 14.67 64.44
1877 84.02 59.50 90.66 17.05 84.34
1878 84.15 38.27 54.61 20.47 109.84
1879 84.33 71.81 155.42 13.14 32.15
1880 84.28 47.44 53.42 18.69 109.17
1881 84.36 25.67 40.46 17.47 78.92
1882 84.41 23.02 35.47 17.12 57.99
1883 84.47 35.95 43.30 19.40 100.67
1884 84.66 62.64 107.43 15.51 72.29
1885 84.53 66.70 116.81 13.96 60.81
1886 84.66 69.15 131.48 12.87 43.16
1887 84.72 28.51 40.97 17.49 85.18
1888 84.58 53.62 72.27 18.34 101.33
1889 84.84 31.11 39.11 18.62 92.83
1890 84.83 33.69 33.71 19.29 96.96
1891 84.72 56.12 66.52 16.97 97.86
1892 84.78 76.49 72.22 9.41 6.61
1893 84.80 40.61 45.82 18.84 104.14
1894 84.91 49.39 44.16 17.61 99.75
1895 84.92 58.43 79.52 16.58 87.84
1896 84.95 60.72 76.93 15.31 82.24
1897 84.91 45.06 45.47 19.31 108.16
1898 85.26 73.92 115.36 11.89 19.02
1899 85.20 51.64 50.87 17.42 93.22
1900 85.39 43.04 36.74 19.41 104.20
1901 85.21 64.93 91.14 15.27 63.41
1902 85.44 38.30 34.46 18.96 87.56
1903 85.59 26.50 30.62 16.34 72.76
1904 85.52 47.29 35.30 19.24 100.54
1905 85.64 54.83 45.95 17.41 89.68
1906 85.90 24.01 24.50 14.13 47.53
1907 85.82 71.23 124.23 12.66 34.41
1908 85.78 35.64 30.93 17.69 94.59
1909 85.83 67.72 110.57 13.95 54.48
1910 85.89 57.51 49.97 16.26 88.46
1911 86.09 76.10 84.34 9.29 9.85
1912 86.06 41.40 34.42 19.23 97.36
1913 86.12 30.73 27.12 17.19 77.49
1914 85.99 62.67 65.01 14.65 75.01
1915 86.06 33.21 28.45 18.48 86.68
1916 86.16 45.23 30.80 17.61 91.49
1917 86.17 60.16 51.75 16.00 75.71
1918 86.27 49.27 32.68 17.54 87.62
1919 86.57 28.28 24.81 17.02 73.55
1920 86.28 51.57 38.67 15.05 87.53
1921 86.52 53.65 36.68 15.29 82.22
1922 86.27 65.26 69.54 14.87 72.91
1923 86.58 39.47 28.63 18.32 78.08
1924 86.72 73.72 98.06 10.97 19.09
1925 86.83 37.17 24.59 18.36 75.88
1926 86.91 47.37 25.66 17.84 77.99
1927 86.77 56.05 36.82 15.46 74.72
1928 86.81 69.69 108.52 12.56 50.41
1929 87.01 43.40 24.99 17.80 76.97
1930 87.10 26.12 20.41 15.84 54.06
1931 87.02 58.68 36.39 14.94 76.71
1932 87.23 34.91 20.77 17.57 69.24
1933 87.10 61.70 42.98 14.90 73.29
1934 87.16 64.11 51.01 14.01 70.95
1935 87.29 66.98 67.45 12.68 55.16
1936 87.47 32.56 19.28 16.38 65.21
1937 87.49 29.99 22.77 17.45 64.36
1938 87.35 50.69 27.15 16.72 77.61
1939 87.49 41.48 22.08 16.85 70.83
1940 87.46 45.42 24.42 19.25 78.99
1941 87.66 72.04 79.12 11.11 24.10
1942 87.73 52.74 25.89 16.61 71.25
1943 87.97 55.12 23.23 14.80 64.76
1944 87.89 39.21 21.02 17.08 64.69
1945 87.96 48.84 22.03 16.13 62.39
1946 87.92 57.29 30.19 14.94 65.20
1947 88.03 69.70 65.63 12.35 35.32
1948 88.16 36.92 20.04 18.12 52.83
1949 88.16 59.96 29.96 14.46 62.17
1950 88.16 63.03 35.68 13.75 68.23
1951 88.51 28.40 16.98 15.24 43.45
1952 88.39 65.63 41.53 12.91 61.16
1953 88.43 46.81 18.96 16.37 54.73
1954 88.44 43.94 19.97 16.48 53.67
1955 88.65 34.26 18.39 16.41 45.51
1956 88.70 31.31 16.31 16.51 46.81
1957 88.80 68.08 48.54 11.90 52.87
1958 88.68 50.78 21.06 15.72 49.31
1959 88.74 41.35 19.29 15.95 49.71
1960 88.85 53.51 19.92 13.79 56.68
1961 89.27 57.74 20.93 14.03 49.08
1962 89.15 62.06 26.31 13.04 57.94
1963 89.23 38.80 17.40 15.81 44.01
1964 89.44 48.54 17.08 15.93 35.01
1965 89.40 55.77 19.57 14.60 54.24
1966 89.44 59.89 21.53 12.47 56.44
1967 89.48 36.16 16.31 15.33 34.08
1968 89.49 45.87 17.66 16.52 39.64
1969 89.54 64.44 29.51 12.89 50.46
1970 89.62 43.13 16.17 14.48 37.39
1971 89.83 66.83 30.98 12.51 49.20
1972 89.69 51.89 17.49 15.89 40.88
1973 89.92 30.13 15.58 15.78 33.75
1974 89.90 33.02 15.07 15.19 32.44
1975 90.11 40.62 16.04 15.52 30.63
1976 90.18 54.27 17.83 13.61 37.00
1977 90.13 69.04 27.53 10.34 28.19
1978 90.50 50.14 15.98 14.01 28.89
1979 90.43 62.40 20.50 12.14 43.93
1980 90.41 37.97 16.11 16.45 25.03
1981 90.59 44.89 16.40 15.01 25.97
1982 90.55 59.62 18.42 13.51 41.70
1983 90.79 35.02 15.58 15.50 26.66
1984 90.96 47.19 15.60 15.33 20.68
1985 90.72 56.79 16.38 13.22 30.79
1986 90.97 65.47 22.84 11.94 43.62
1987 90.96 42.57 14.92 15.41 22.11
1988 90.91 52.51 17.14 14.94 27.99
1989 91.24 31.95 13.66 15.28 21.01
1990 91.14 29.40 12.28 13.11 17.10
1991 91.61 37.21 13.78 15.25 17.98
1992 91.47 39.72 15.75 14.70 17.50
1993 91.42 54.51 15.03 13.52 23.68
1994 91.54 49.30 14.96 14.57 20.22
1995 91.62 58.58 18.56 13.10 28.33
1996 91.71 61.06 16.77 13.63 30.52
1997 91.54 63.50 17.17 10.97 34.01
1998 91.75 56.07 16.05 13.48 24.48
1999 92.02 45.26 15.54 16.35 13.38
2000 91.98 52.38 15.37 14.09 16.63
2001 92.10 34.35 13.23 14.96 19.90
2002 92.22 42.55 15.03 15.58 13.85
2003 92.36 48.52 16.53 16.53 5.75
2004 92.41 32.34 14.43 17.40 7.91
2005 92.60 47.16 16.03 14.71 13.46
2006 92.62 57.02 16.72 12.41 17.08
2007 92.66 54.71 15.40 12.23 18.94
2008 92.65 36.32 14.00 17.24 10.19
2009 92.88 59.53 15.29 12.55 20.10
2010 92.76 38.12 16.07 15.63 11.53
2011 92.96 50.05 14.62 18.24 12.21
2012 92.97 62.06 15.74 12.40 21.87
2013 92.87 39.40 14.13 16.70 12.00
2014 93.22 52.41 17.11 13.00 13.70
2015 93.32 37.00 15.31 14.71 8.82
2016 93.32 44.13 16.35 15.35 9.63
2017 93.46 35.43 14.10 15.40 9.93
2018 93.44 55.57 15.77 13.00 11.89
2019 93.66 47.35 17.08 13.42 5.54
2020 93.67 39.91 13.88 19.19 6.96
2021 93.66 45.97 15.81 13.70 11.76
2022 93.73 33.95 14.43 15.35 10.39
2023 94.03 58.40 14.38 12.36 10.82
2024 93.77 49.82 15.81 14.07 4.74
2025 94.09 60.65 14.26 11.07 12.94
2026 94.00 48.59 16.09 14.46 11.91
2027 93.96 44.78 16.79 15.43 3.79
2028 94.43 38.63 14.85 21.87 10.15
2029 94.14 55.95 16.15 12.54 10.35
2030 94.33 50.75 14.10 14.45 9.20
2031 94.47 43.83 14.89 18.77 8.83
2032 94.59 54.64 14.99 13.04 5.99
2033 94.61 41.23 15.28 16.18 8.58
2034 94.73 52.63 15.78 12.55 7.98
2035 94.74 56.96 13.67 12.02 9.19
2036 94.77 35.28 12.35 14.07 7.21
2037 95.33 45.59 14.54 17.64 5.81
2038 95.08 47.93 15.13 15.58 6.87
2039 94.86 42.21 17.41 17.36 4.00
2040 95.21 37.67 13.30 15.40 4.34
2041 95.25 49.97 14.90 14.64 7.31
2042 95.68 57.31 12.39 11.58 6.24
2043 95.39 52.72 15.86 13.29 5.29
2044 95.96 43.31 15.63 18.30 6.96
2045 95.66 54.14 15.41 12.85 6.16
2046 96.19 37.78 12.08 14.77 4.66
2047 96.32 55.62 14.35 12.00 3.62
2048 96.28 49.12 15.62 13.36 4.55
2049 96.49 53.47 13.10 13.57 6.00
2050 96.41 52.36 17.00 10.00 6.00
2051 96.75 44.96 12.35 13.87 6.19
2052 96.75 41.92 14.44 15.37 5.19
2053 96.83 46.29 14.41 13.39 4.12
2054 96.97 51.87 13.50 11.72 4.60
2055 97.52 49.45 12.52 11.02 3.79
2056 97.54 42.15 13.74 16.09 4.46
2057 97.50 45.25 12.11 12.89 5.40
2058 97.83 51.24 11.14 12.72 3.94
2059 97.91 47.81 12.00 12.95 4.21
2060 98.21 48.88 11.14 12.79 3.00
2061 98.34 46.67 13.18 11.85 2.72

