0 2.03 47.90 15.30 9.27 4.87
1 3.06 48.37 17.82 9.47 6.55
2 3.20 52.50 16.76 9.15 6.75
3 3.42 44.02 18.55 9.93 6.68
4 3.58 46.43 18.72 9.61 6.58
5 3.65 55.08 17.89 9.34 5.99
6 3.33 50.05 16.80 8.30 7.00
7 3.81 41.78 17.34 9.63 6.05
8 3.96 50.51 20.10 10.19 7.26
9 4.45 53.26 20.96 11.74 6.77
10 4.70 42.71 19.20 9.98 7.52
11 5.05 44.99 21.08 10.19 7.19
12 4.48 57.02 17.60 8.53 6.80
13 4.88 55.71 18.13 10.15 7.30
14 5.08 39.64 18.96 10.61 8.06
15 5.04 49.63 20.03 11.21 7.89
16 5.10 52.14 20.47 10.88 7.59
17 5.62 57.93 18.89 9.70 6.87
18 5.84 36.53 18.78 10.41 7.94
19 5.85 54.25 21.64 11.29 8.72
20 5.83 41.98 20.62 10.12 8.52
21 6.17 48.69 21.61 10.96 8.59
22 5.80 51.37 19.42 10.47 8.04
23 6.33 46.23 21.81 11.57 9.64
24 6.10 34.40 17.03 9.87 7.61
25 6.66 43.81 21.91 11.57 9.70
26 6.59 39.97 21.62 11.66 9.39
27 6.26 38.91 21.33 11.33 9.33
28 6.77 56.10 21.37 11.45 8.63
29 6.77 58.92 20.99 11.24 9.19
30 6.97 53.15 21.99 11.48 8.99
31 6.93 50.87 22.46 11.29 8.92
32 6.86 34.02 19.20 10.02 7.98
33 7.35 36.86 21.11 12.38 10.27
34 7.48 41.49 24.26 12.25 10.18
35 7.54 48.03 23.53 11.22 9.79
36 7.84 44.61 23.65 12.31 10.56
37 7.96 38.82 23.64 12.47 11.07
38 7.55 50.21 22.57 11.29 10.29
39 8.05 55.03 24.05 11.86 9.78
40 8.04 57.91 23.31 10.68 10.19
41 8.28 35.04 21.02 11.14 10.84
42 8.14 52.25 25.76 12.81 11.21
43 8.50 49.71 24.96 13.12 11.81
44 8.62 60.08 23.42 11.29 9.99
45 8.70 41.21 24.05 12.56 11.23
46 8.73 46.75 24.77 12.79 10.98
47 9.11 56.48 24.45 11.43 10.76
48 9.02 31.63 20.77 11.88 10.05
49 9.08 37.46 22.93 12.75 11.58
50 9.13 43.90 27.18 12.78 11.97
51 9.31 62.12 21.59 11.46 9.99
52 9.25 53.00 26.54 12.88 12.66
53 9.45 34.10 23.36 13.24 12.62
54 9.70 29.67 20.65 11.68 12.41
55 9.15 42.44 28.50 13.00 10.00
56 9.70 49.49 26.82 12.63 13.34
57 9.86 64.62 20.09 9.98 9.75
58 9.85 59.40 24.04 11.72 12.36
59 9.86 45.95 28.37 14.52 11.50
60 10.19 40.98 26.36 13.06 15.55
61 10.18 54.64 27.26 11.82 13.98
62 10.22 38.31 24.24 12.41 13.67
63 10.35 51.77 27.12 13.37 13.01
64 10.32 43.17 28.97 14.05 16.25
65 10.47 35.48 24.55 13.34 14.32
66 10.61 31.80 24.52 12.09 13.40
67 10.65 47.73 28.43 13.76 14.47
68 10.57 62.32 24.42 11.93 13.12
69 10.60 57.22 25.13 12.44 11.52
70 10.50 45.58 22.93 11.21 12.07
71 11.31 60.01 29.51 12.69 15.19
72 11.20 27.88 22.33 11.01 15.78
73 11.32 43.90 29.05 14.66 18.80
74 11.42 66.06 21.34 11.00 12.64
75 11.39 39.78 28.29 13.90 18.10
76 11.38 55.48 29.03 13.15 16.44
77 11.61 49.20 29.99 16.10 20.18
78 11.59 34.11 27.08 13.22 17.32
79 11.54 51.54 29.55 15.85 17.85
80 11.70 37.21 26.00 13.01 17.40
81 11.70 63.79 27.22 11.70 15.64
82 11.75 31.18 24.42 12.19 17.29
83 11.81 46.62 28.58 13.98 17.77
84 11.95 57.84 27.25 12.40 16.97
85 12.08 41.58 29.03 15.49 21.24
86 12.10 53.84 31.42 14.07 20.87
87 12.56 29.24 26.75 12.69 18.36
88 12.72 26.82 23.31 12.76 21.65
89 12.66 43.78 31.96 14.39 21.31
90 12.79 35.63 29.79 14.12 21.87
91 12.86 66.06 27.86 12.06 18.74
92 12.87 49.68 33.37 15.62 23.27
93 12.65 61.69 27.48 12.21 14.24
94 12.94 38.89 29.69 14.58 24.94
95 13.02 32.03 27.00 13.91 22.94
96 13.02 46.15 30.37 15.29 23.35
97 13.00 52.05 33.11 15.44 21.51
98 13.07 57.12 32.83 13.17 23.17
99 13.13 68.17 24.88 10.90 18.05
100 13.18 63.80 27.40 12.60 18.51
101 13.28 59.92 29.93 12.69 21.73
102 13.28 54.79 33.15 14.82 24.60
103 13.36 41.68 30.62 15.12 26.12
104 13.76 23.85 24.04 12.24 24.82
105 13.76 48.04 32.84 15.79 26.97
106 13.78 34.43 30.45 15.05 26.70
107 13.92 26.49 25.54 12.95 26.73
108 14.06 38.06 33.87 15.19 30.39
109 14.03 43.99 34.72 16.09 29.12
110 14.17 30.58 27.60 13.15 25.24
111 14.17 62.58 35.74 13.19 22.61
112 14.21 50.63 38.15 16.55 28.29
113 14.26 53.14 34.47 15.57 25.84
114 14.30 66.75 31.19 11.96 22.94
115 14.31 40.56 34.50 16.13 33.15
116 14.42 58.35 34.76 14.59 24.51
117 14.57 55.81 36.16 14.90 26.51
118 14.83 28.39 30.33 13.94 28.32
119 14.78 36.27 35.10 15.67 30.54
120 14.85 45.65 34.22 17.84 30.74
121 14.91 33.22 31.59 14.43 30.50
122 14.83 60.64 35.65 15.08 26.08
123 14.94 68.81 32.92 11.35 22.50
124 15.00 64.91 34.04 13.56 26.95
125 14.96 23.45 25.97 12.41 27.47
126 14.97 48.24 37.74 15.91 30.16
127 15.24 42.45 38.26 17.15 32.56
128 15.43 39.38 35.15 15.70 33.92
129 15.77 25.99 28.38 13.40 27.91
130 15.55 50.62 42.74 18.26 31.89
131 15.55 52.96 40.31 17.28 32.13
132 15.73 62.61 37.75 14.73 26.36
133 15.84 31.62 33.60 15.26 32.62
134 15.82 57.15 41.28 15.92 36.41
135 15.82 21.44 25.59 11.84 27.70
136 15.90 59.49 42.90 15.36 30.30
137 15.95 35.97 35.26 15.52 32.26
138 16.03 70.47 32.84 10.94 22.83
139 16.10 54.93 42.51 16.28 32.88
140 16.02 46.40 41.97 17.58 38.57
141 16.21 67.76 38.82 13.20 29.49
142 16.21 29.00 30.60 13.95 31.19
143 16.31 43.59 38.99 17.47 38.14
144 16.28 65.36 36.99 12.84 26.68
145 16.31 48.73 43.41 16.59 38.41
146 16.56 38.45 41.71 17.32 37.76
147 16.65 33.94 37.41 15.74 37.01
148 16.73 41.09 40.22 17.60 38.35
149 16.91 23.57 31.74 13.70 31.87
150 16.84 52.06 45.42 16.23 35.92
151 16.98 62.89 46.70 15.68 31.57
152 17.08 72.31 33.98 11.25 24.43
153 17.04 60.41 45.29 15.28 30.18
154 17.25 20.55 29.23 12.41 28.98
155 17.09 45.20 45.20 17.93 41.31
156 17.31 57.80 46.54 16.68 34.88
157 17.33 31.50 38.82 16.13 39.02
158 17.27 55.14 51.41 17.72 37.54
159 17.34 69.85 40.66 12.49 27.30
160 17.37 49.83 47.64 18.15 39.56
161 17.53 26.09 33.20 14.41 30.95
162 17.48 28.95 37.04 16.12 37.67
163 17.58 47.46 45.53 17.82 41.53
164 17.56 37.26 37.98 17.29 39.81
165 17.69 65.00 41.06 13.71 30.12
166 17.76 67.48 42.18 13.82 29.32
167 17.82 34.87 43.10 17.22 41.92
168 17.86 42.81 44.33 17.59 40.05
169 17.99 39.79 46.60 17.60 41.99
170 17.94 74.85 30.04 10.48 19.78
171 18.06 53.26 52.64 19.18 35.64
172 18.22 62.48 48.70 16.29 38.43
173 18.34 23.24 33.45 14.09 33.57
174 18.32 45.20 48.97 19.17 42.82
175 18.33 59.81 49.74 16.75 37.03
176 18.44 50.78 52.33 19.25 38.76
177 18.41 72.34 42.18 11.31 29.49
178 18.53 19.59 30.14 11.15 28.64
179 18.44 55.99 55.45 17.36 37.58
180 18.69 32.67 40.84 16.30 36.92
181 18.73 69.87 46.70 12.98 26.90
182 18.69 27.63 40.60 15.81 37.94
183 18.81 30.36 41.64 16.61 39.93
184 18.88 37.24 47.24 18.24 43.69
185 18.80 47.94 49.62 18.94 40.35
186 19.02 64.58 44.93 15.47 32.70
187 18.99 41.88 50.07 19.30 43.33
188 19.18 58.10 54.43 17.97 37.54
189 19.13 75.62 38.28 10.94 27.35
190 19.28 66.90 47.49 13.39 31.51
191 19.43 25.33 41.97 15.07 34.50
192 19.34 34.94 46.94 17.42 39.76
193 19.33 61.53 55.34 17.73 38.92
194 19.41 39.60 51.83 19.35 42.75
195 19.35 52.76 55.55 17.89 39.44
196 19.52 21.85 37.20 13.82 33.45
197 19.49 45.69 53.67 18.61 41.41
198 19.61 55.35 58.55 18.49 41.12
199 19.63 49.83 59.32 21.35 43.24
200 19.70 72.89 45.82 12.34 29.44
201 19.88 43.53 59.28 19.28 45.76
202 19.91 19.18 33.11 12.39 30.96
203 19.89 69.09 51.61 15.22 29.84
204 20.01 29.92 46.00 17.33 39.37
205 20.18 63.68 56.05 15.03 36.42
206 20.22 47.65 58.06 20.26 43.36
207 20.44 27.67 43.76 17.59 36.24
208 20.34 37.80 53.96 18.71 45.75
209 20.33 34.03 51.42 18.44 43.74
210 20.32 58.56 64.11 17.28 44.42
211 20.51 41.04 58.04 18.39 43.65
212 20.53 51.46 61.21 19.01 41.60
213 20.55 60.96 69.08 18.10 41.76
214 20.64 23.47 42.81 14.26 33.37
215 20.66 75.21 47.97 11.77 24.75
216 20.71 71.28 59.61 13.90 31.00
217 20.73 53.82 68.26 18.99 41.88
218 20.81 31.85 52.35 18.46 43.25
219 20.86 56.22 67.86 18.00 41.89
220 20.92 65.70 60.26 15.88 35.55
221 20.92 17.51 38.48 12.66 34.26
222 21.00 45.81 67.53 21.35 49.12
223 20.98 68.12 61.85 15.57 36.01
224 21.15 20.69 42.10 13.47 31.79
225 21.09 43.55 62.33 20.28 48.17
226 21.14 49.36 69.80 20.49 46.75
227 21.30 25.95 45.67 15.94 34.58
228 21.22 36.03 59.63 20.30 45.32
229 21.23 77.75 48.54 11.11 29.44
230 21.51 39.49 65.75 20.82 48.64
231 21.44 63.20 68.84 16.19 41.38
232 21.65 30.02 53.89 18.86 41.09
233 21.62 58.20 70.54 18.37 43.10
234 21.66 73.20 67.13 13.87 35.66
235 21.80 33.70 57.37 18.01 36.25
236 21.79 60.37 71.15 18.62 42.65
237 21.91 42.01 73.57 21.96 51.45
238 21.97 47.65 75.53 21.38 48.30
239 21.94 51.22 73.08 20.27 48.54
240 21.97 70.16 67.72 15.89 35.44
241 22.11 22.92 47.52 15.52 34.68
242 22.06 53.61 78.55 21.48 46.24
243 22.18 16.30 38.01 11.91 28.97
244 22.19 55.84 73.92 20.23 43.89
245 22.13 75.61 64.64 13.10 31.31
246 22.25 37.30 67.81 21.21 46.58
247 22.26 67.41 66.31 16.08 37.18
248 22.30 27.93 51.54 16.92 39.18
249 22.23 79.36 47.69 10.16 24.64
250 22.31 44.77 75.94 21.73 51.46
251 22.36 19.27 45.59 13.79 31.75
252 22.34 65.01 70.78 16.90 40.56
253 22.56 62.29 69.50 19.56 39.82
254 22.75 25.46 50.31 16.73 36.04
255 22.87 40.02 77.32 19.35 49.24
256 22.87 57.90 81.33 19.35 46.12
257 22.93 72.11 68.24 13.33 32.74
258 22.88 33.54 61.73 19.28 39.72
259 22.94 30.76 59.54 17.21 38.01
260 23.03 50.29 83.66 23.04 48.69
261 23.12 42.42 76.69 20.23 48.83
262 23.17 77.62 68.98 12.12 29.45
263 23.12 48.03 81.89 19.95 52.48
264 23.27 52.67 85.80 19.73 45.47
265 23.31 60.16 81.20 18.19 45.23
266 23.20 69.10 74.34 15.77 38.55
267 23.34 37.41 71.32 21.52 44.08
268 23.43 74.60 72.05 13.63 31.06
269 23.44 22.92 58.56 16.74 44.78
270 23.43 45.81 84.49 21.62 50.08
271 23.46 17.24 47.54 13.14 31.24
272 23.53 55.13 89.37 20.92 49.09
273 23.48 65.36 79.87 18.97 41.66
274 23.54 28.10 59.71 17.46 41.10
275 23.69 20.30 51.18 14.56 33.16
276 23.79 62.66 84.86 18.67 41.64
277 23.97 35.44 75.15 20.59 45.32
278 24.08 79.99 65.68 13.19 27.99
279 24.00 57.50 92.31 20.19 47.40
280 24.00 25.49 66.92 16.79 42.98
281 24.06 43.81 92.57 23.30 49.20
282 24.13 33.03 72.79 19.88 44.35
283 24.26 67.69 80.69 17.44 38.47
284 24.21 30.56 68.31 18.07 40.69
285 24.19 39.25 80.18 22.44 48.85
286 24.22 70.90 82.92 15.80 38.13
287 24.25 50.34 95.84 22.48 49.85
288 24.40 41.35 85.40 21.25 50.08
289 24.35 47.58 90.86 22.07 49.07
290 24.43 76.70 75.67 13.45 29.90
291 24.48 53.40 101.12 19.84 49.84
292 24.58 60.16 89.93 18.59 42.59
293 24.72 73.61 77.92 15.46 33.57
294 24.65 17.85 54.57 13.76 33.33
295 24.79 82.59 59.05 11.26 26.35
296 24.75 23.28 64.96 17.26 39.00
297 24.73 64.98 92.29 18.81 41.09
298 24.74 28.29 65.76 17.81 40.84
299 24.88 37.55 84.39 21.94 48.44
300 24.87 56.14 97.88 21.52 46.46
301 24.97 14.93 52.74 13.89 32.12
302 25.01 45.39 100.21 21.34 49.03
303 25.05 62.65 93.95 20.12 44.03
304 25.19 20.46 65.19 15.68 37.53
305 25.37 25.99 71.49 17.34 41.84
306 25.33 33.47 81.97 21.85 48.22
307 25.34 51.65 105.59 22.63 49.66
308 25.38 58.20 97.73 22.46 45.24
309 25.39 79.54 72.60 13.39 29.01
310 25.38 35.60 86.98 20.11 53.93
311 25.42 42.95 95.41 21.51 46.54
312 25.48 31.13 83.03 19.38 51.27
313 25.35 48.95 100.58 22.88 49.83
314 25.46 70.45 91.21 16.90 40.80
315 25.50 67.64 92.64 18.51 39.93
316 25.59 40.33 89.41 23.57 49.53
317 25.69 54.72 105.20 22.37 48.83
318 25.77 76.42 75.77 14.17 30.30
319 25.81 16.67 57.57 14.61 32.20
320 25.98 60.86 105.03 20.39 44.28
321 26.07 47.15 100.10 22.91 47.57
322 26.02 28.84 77.63 19.15 42.61
323 25.97 65.16 92.12 19.58 41.80
324 26.06 73.24 90.15 16.35 34.05
325 26.08 23.01 65.69 16.89 37.05
326 26.13 38.06 94.87 22.49 48.99
327 26.37 82.28 68.70 12.20 27.69
328 26.38 45.07 104.97 23.44 48.06
329 26.33 50.10 110.43 22.69 49.83
330 26.41 62.98 103.50 21.45 47.22
331 26.47 19.91 68.32 15.67 34.73
332 26.48 52.96 115.62 21.97 49.46
333 26.42 58.60 107.49 19.46 45.73
334 26.60 25.72 76.11 18.02 42.08
335 26.54 33.15 91.22 21.00 46.79
336 26.55 35.78 95.84 22.15 47.06
337 26.59 42.71 110.46 23.05 50.87
338 26.63 79.12 94.71 15.15 38.08
339 26.75 14.19 57.36 13.22 32.72
340 26.70 67.92 98.68 19.62 37.90
341 26.78 70.43 99.36 19.00 39.55
342 26.80 55.71 114.24 23.68 50.96
343 26.78 40.60 113.33 23.73 53.18
344 27.04 75.05 99.03 16.30 35.89
345 27.07 84.84 68.77 11.61 29.55
346 27.13 16.99 65.96 15.28 32.99
347 27.24 31.39 90.04 21.33 47.31
348 27.16 29.02 79.26 19.17 41.83
349 27.25 65.55 113.06 21.77 45.83
350 27.32 22.71 75.91 18.32 40.32
351 27.28 49.05 119.63 23.17 51.40
352 27.35 38.93 114.03 24.28 51.41
353 27.42 60.59 113.34 22.24 46.47
354 27.47 46.30 117.08 25.47 52.15
355 27.46 51.64 108.92 22.65 48.34
356 27.44 57.84 118.52 23.34 47.02
357 27.53 72.59 94.28 17.64 34.35
358 27.59 77.30 93.01 14.27 30.48
359 27.59 63.21 116.32 23.26 47.18
360 27.65 27.02 87.03 21.17 45.42
361 27.64 34.50 98.30 23.54 47.03
362 27.62 36.82 97.75 21.62 47.71
363 27.67 44.23 113.47 22.61 48.18
364 27.83 19.75 71.87 16.26 38.34
365 27.73 53.95 120.57 25.00 49.98
366 27.85 80.25 87.43 14.50 29.86
367 27.86 41.90 112.90 25.37 49.47
368 27.91 67.82 114.64 20.79 41.69
369 28.09 82.94 92.67 13.14 34.27
370 28.06 14.64 65.10 14.54 32.03
371 28.20 24.87 87.96 19.92 42.70
372 28.24 70.40 105.51 19.19 40.37
373 28.21 48.03 129.36 24.90 56.46
374 28.26 86.21 56.32 11.45 20.44
375 28.39 32.74 106.33 22.59 49.61
376 28.39 55.72 126.05 23.12 51.38
377 28.48 17.47 76.28 15.44 34.96
378 28.48 30.01 104.80 21.50 47.04
379 28.57 40.16 114.37 24.07 47.12
380 28.57 50.40 121.63 24.40 49.01
381 28.59 74.05 102.23 18.99 35.53
382 28.60 57.87 129.54 24.80 48.52
383 28.63 37.98 108.52 25.50 48.37
384 28.66 59.96 125.58 24.53 48.77
385 28.68 62.18 121.47 23.38 46.98
386 28.72 22.21 77.13 17.87 36.88
387 28.69 52.72 132.91 25.96 52.54
388 28.78 64.48 112.72 21.30 44.90
389 28.73 35.51 112.61 24.75 49.15
390 28.78 43.52 115.26 25.94 49.06
391 28.74 77.36 92.13 15.11 31.36
392 28.87 27.48 97.12 20.24 44.44
393 28.88 66.77 116.73 21.23 42.79
394 28.93 46.55 129.10 26.13 50.97
395 29.21 14.14 64.18 13.74 27.73
396 29.34 79.73 92.36 15.57 29.68
397 29.37 19.86 90.25 17.43 40.00
398 29.33 69.37 116.75 21.55 41.62
399 29.50 82.56 86.81 14.27 27.43
400 29.45 25.08 96.29 19.62 44.99
401 29.44 32.07 105.52 22.67 45.17
402 29.45 48.91 131.18 26.26 57.15
403 29.38 85.78 79.00 14.64 29.15
404 29.51 41.53 120.82 26.22 50.69
405 29.58 55.50 129.36 25.75 48.29
406 29.66 72.38 108.23 20.46 39.98
407 29.71 17.12 78.25 16.59 33.71
408 29.60 44.99 123.85 25.57 51.72
409 29.75 34.50 111.64 23.32 48.29
410 29.64 37.24 114.53 25.24 48.49
411 29.72 75.65 96.89 18.26 33.17
412 29.79 28.96 105.60 23.12 43.60
413 29.64 52.90 133.31 23.96 51.55
414 29.80 58.02 131.90 25.72 49.22
415 29.82 60.68 126.43 25.48 49.85
416 29.93 65.89 122.25 23.93 42.30
417 30.04 22.91 97.22 19.49 40.83
418 30.04 39.43 118.28 25.56 50.22
419 30.05 63.01 120.59 24.23 45.45
420 30.16 50.87 123.64 26.14 51.02
421 30.19 47.33 129.82 25.62 48.07
422 30.26 12.00 64.24 14.27 29.91
423 30.25 43.30 126.69 26.88 49.35
424 30.37 31.04 114.08 22.27 47.69
425 30.41 14.75 70.81 14.64 27.76
426 30.50 67.93 113.41 23.81 42.39
427 30.44 84.59 83.08 14.08 27.39
428 30.53 26.66 98.62 21.29 42.10
429 30.43 70.54 116.00 21.35 44.13
430 30.63 87.60 49.70 12.37 18.57
431 30.54 79.83 100.88 17.17 32.19
432 30.60 36.41 113.31 23.90 48.37
433 30.59 53.95 124.52 23.89 49.51
434 30.68 20.92 98.75 18.33 41.28
435 30.95 77.03 94.75 17.76 31.32
436 30.76 45.45 129.08 26.98 52.73
437 30.79 74.06 110.91 20.44 39.79
438 30.78 33.11 114.18 25.23 46.34
439 30.86 41.30 119.92 25.83 49.73
440 30.91 57.31 131.04 26.03 47.04
441 30.97 18.28 80.78 18.02 34.61
442 30.92 59.97 126.68 24.59 45.73
443 30.88 64.97 130.26 24.26 42.42
444 31.00 49.14 128.45 26.37 49.84
445 31.14 82.13 104.77 17.55 34.27
446 31.19 29.48 99.29 21.99 41.55
447 31.14 38.47 119.90 26.24 52.12
448 31.26 23.74 92.60 20.05 39.34
449 31.33 51.64 131.33 26.25 47.87
450 31.34 34.96 127.75 26.39 50.49
451 31.38 62.98 124.88 24.69 46.69
452 31.47 43.40 122.82 26.05 47.42
453 31.46 55.07 124.58 27.75 48.68
454 31.51 71.69 119.61 22.86 39.15
455 31.51 15.70 79.18 17.08 32.64
456 31.60 47.05 124.85 28.23 49.05
457 31.54 68.89 117.54 24.60 43.78
458 31.58 85.24 89.64 16.74 28.94
459 31.63 12.74 66.96 14.49 27.55
460 31.74 26.31 93.87 21.51 42.35
461 31.84 66.09 124.30 26.00 43.66
462 31.93 20.87 90.78 19.53 38.67
463 31.94 32.54 115.63 24.37 45.88
464 31.88 79.72 107.37 19.44 34.96
465 31.91 40.46 121.22 25.34 52.26
466 32.11 88.04 64.07 14.04 20.58
467 32.04 74.56 113.68 21.61 39.14
468 32.10 59.18 117.33 24.26 39.67
469 32.12 61.39 126.67 27.93 42.44
470 32.12 28.58 108.42 24.31 48.10
471 32.13 53.26 126.93 27.30 47.37
472 32.09 56.87 125.70 27.11 44.69
473 32.19 45.01 130.42 30.36 49.24
474 32.18 49.71 134.64 27.92 53.61
475 32.24 37.99 131.16 27.89 52.38
476 32.26 35.88 121.70 26.94 49.57
477 32.36 18.17 78.54 17.76 33.72
478 32.50 77.36 95.49 19.50 30.20
479 32.34 82.75 87.12 17.22 28.00
480 32.50 24.11 89.61 21.65 37.17
481 32.64 42.51 124.68 26.76 49.24
482 32.66 30.63 106.65 23.95 43.31
483 32.68 14.95 79.09 16.60 32.64
484 32.61 68.17 112.75 25.44 35.91
485 32.67 71.59 116.42 22.85 37.26
486 32.74 47.38 132.34 31.15 49.98
487 32.86 65.08 124.53 27.80 41.70
488 32.93 62.83 118.64 26.54 42.00
489 32.92 55.18 129.26 30.05 47.77
490 32.91 85.71 75.75 16.07 23.86
491 33.03 52.16 129.94 28.44 47.37
492 33.09 27.24 96.15 22.73 39.94
493 33.09 34.59 112.29 25.95 46.64
494 33.00 39.71 120.15 27.94 47.64
495 33.11 80.44 100.84 20.47 29.59
496 33.12 21.57 84.33 19.27 33.76
497 33.23 57.59 122.53 29.15 45.16
498 33.23 60.23 117.42 27.83 38.28
499 33.45 12.64 66.39 16.08 26.01
500 33.25 49.75 130.86 30.58 48.44
501 33.26 74.84 106.19 23.96 33.33
502 33.29 45.31 129.09 28.30 45.94
503 33.44 32.55 107.91 24.95 41.05
504 33.41 37.04 119.52 27.39 46.25
505 33.50 17.78 92.32 19.95 35.96
506 33.63 69.56 115.35 25.80 36.32
507 33.61 83.44 91.19 18.88 28.62
508 33.70 24.87 92.15 23.60 36.94
509 33.71 66.75 118.90 27.99 40.20
510 33.81 87.76 64.04 15.35 18.71
511 33.80 29.81 99.39 22.39 39.03
512 33.79 41.33 113.39 27.38 45.51
513 33.84 72.59 112.09 24.18 37.62
514 33.91 76.93 97.61 22.29 31.66
515 33.93 43.72 116.09 28.31 44.69
516 33.93 54.04 129.31 33.03 44.90
517 33.88 47.28 122.34 30.91 47.64
518 34.11 15.25 73.64 17.73 28.72
519 34.07 63.75 119.95 28.90 42.34
520 34.10 20.29 89.15 20.25 36.24
521 34.08 38.76 116.60 28.73 45.02
522 34.15 51.59 119.32 31.79 41.94
523 34.18 79.61 94.05 21.54 28.96
524 34.21 56.57 124.04 33.29 45.15
525 34.28 61.23 120.47 30.00 40.48
526 34.33 35.30 118.31 26.17 45.04
527 34.40 23.03 85.65 22.00 33.45
528 34.39 27.31 91.51 23.64 37.50
529 34.40 49.50 122.98 31.95 44.52
530 34.43 58.88 121.57 33.60 43.95
531 34.50 32.10 113.73 26.24 44.19
532 34.62 83.06 93.60 21.36 26.56
533 34.86 12.47 64.49 16.46 23.84
534 34.80 66.90 112.65 29.10 37.03
535 34.87 71.56 109.88 29.26 32.42
536 34.83 74.32 101.80 26.46 33.54
537 34.92 18.39 77.08 20.77 28.09
538 34.91 69.16 106.13 26.69 32.83
539 34.94 40.44 111.16 31.23 43.52
540 35.00 45.16 123.50 33.32 43.07
541 34.97 47.34 117.41 31.07 41.88
542 35.02 29.40 99.44 25.88 36.98
543 34.96 42.64 122.47 30.71 47.04
544 35.01 54.98 117.75 32.97 39.76
545 34.96 87.76 74.55 18.90 23.85
546 35.19 25.16 84.47 22.35 32.83
547 35.14 38.05 122.44 31.22 47.03
548 35.18 52.57 120.66 34.28 42.39
549 35.29 64.72 113.12 30.21 33.92
550 35.14 77.09 90.53 23.95 27.21
551 35.17 80.89 88.65 23.57 25.29
552 35.35 85.30 89.77 21.75 25.76
553 35.29 9.55 55.97 17.10 21.15
554 35.41 21.79 77.69 21.15 29.94
555 35.33 33.75 113.08 28.04 42.96
556 35.38 62.36 112.85 32.08 36.57
557 35.41 15.41 74.74 18.88 27.04
558 35.35 57.32 115.04 34.15 43.45
559 35.47 60.14 116.61 34.69 38.97
560 35.52 36.02 111.21 29.68 44.60
561 35.53 49.84 117.97 34.70 41.45
562 35.64 31.50 104.03 28.03 40.77
563 35.88 27.63 94.80 24.17 38.00
564 35.98 66.82 113.22 32.17 33.37
565 35.97 43.74 118.78 33.29 42.83
566 36.00 71.27 107.49 31.61 31.49
567 36.00 74.61 97.56 30.26 29.37
568 36.00 78.95 89.66 25.78 24.22
569 36.07 11.54 60.21 18.98 23.15
570 36.04 41.33 118.63 33.73 45.59
571 36.12 82.78 86.65 24.42 23.00
572 36.10 19.37 77.90 22.76 28.13
573 36.08 47.41 116.85 32.03 38.03
574 36.21 39.28 121.18 34.53 45.27
575 36.21 55.72 116.76 39.60 39.42
576 36.25 53.38 105.69 37.62 38.84
577 36.35 87.34 70.13 21.17 18.72
578 36.37 68.84 99.89 30.84 31.27
579 36.30 58.69 119.40 35.38 38.29
580 36.41 25.29 82.42 24.68 32.08
581 36.41 51.05 115.11 37.74 40.54
582 36.57 16.58 67.15 20.78 24.05
583 36.45 34.57 97.97 26.36 37.21
584 36.55 29.52 95.29 29.32 34.91
585 36.49 63.07 104.37 35.68 34.22
586 36.60 22.80 82.66 25.27 30.18
587 36.62 37.21 112.48 32.72 41.69
588 36.66 89.99 52.32 19.68 15.03
589 36.68 13.68 63.25 18.89 24.42
590 36.74 45.12 118.84 33.57 39.37
591 36.78 31.95 96.82 30.48 36.06
592 36.81 60.84 112.64 38.44 34.92
593 36.81 65.48 107.98 34.16 30.77
594 36.84 76.95 94.20 29.99 25.46
595 36.91 84.76 83.15 24.78 21.10
596 36.96 72.98 93.66 30.23 25.71
597 37.02 49.25 106.84 36.84 37.54
598 36.99 80.51 87.63 28.20 22.09
599 37.09 42.29 116.98 37.40 41.63
600 37.15 20.57 85.38 25.21 29.28
601 37.25 57.14 109.79 39.60 35.03
602 37.29 70.53 105.55 35.62 28.53
603 37.27 47.08 120.40 42.30 36.58
604 37.37 39.98 109.60 32.12 37.50
605 37.34 52.24 114.26 45.29 39.47
606 37.34 54.60 111.71 41.05 37.05
607 37.52 11.53 56.61 18.69 19.49
608 37.54 26.51 84.59 28.69 30.41
609 37.59 33.55 102.64 34.24 37.89
610 37.58 35.82 106.78 33.66 39.44
611 37.67 67.32 101.75 36.19 26.25
612 37.60 63.66 113.45 39.89 29.71
613 37.67 75.00 98.45 33.72 25.56
614 37.69 29.22 94.81 30.88 32.78
615 37.69 59.47 115.54 41.98 30.46
616 37.69 15.21 61.01 21.99 20.57
617 37.78 88.01 65.79 23.34 16.80
618 37.77 18.31 72.05 24.13 24.32
619 37.73 23.56 76.18 25.65 26.63
620 37.75 37.98 101.52 32.52 38.10
621 37.85 91.06 41.24 19.08 11.38
622 37.99 45.46 113.13 39.43 31.68
623 38.03 78.48 87.51 31.70 20.54
624 37.99 84.94 74.02 26.95 17.43
625 38.08 43.34 115.38 37.80 33.30
626 38.13 50.41 109.59 43.03 33.41
627 38.06 81.81 79.58 28.58 18.81
628 38.24 31.58 100.67 32.12 33.68
629 38.23 61.73 109.80 42.97 28.46
630 38.25 48.16 114.93 42.31 32.41
631 38.30 69.67 111.52 38.26 27.18
632 38.39 21.15 76.59 27.61 24.47
633 38.34 41.17 107.72 38.04 34.23
634 38.40 55.44 109.77 46.81 31.13
635 38.46 72.73 104.46 36.61 24.96
636 38.45 52.73 108.06 44.98 34.03
637 38.48 65.11 113.00 39.97 28.08
638 38.52 57.75 104.74 41.39 29.56
639 38.68 34.38 99.88 35.90 33.05
640 38.76 13.49 60.28 22.07 18.44
641 38.73 27.21 81.91 30.59 28.81
642 39.08 10.42 54.87 22.43 15.67
643 38.75 16.81 64.40 26.55 20.35
644 38.85 24.64 75.10 27.80 24.10
645 38.78 36.71 98.89 39.30 35.79
646 38.78 76.16 92.45 38.23 22.42
647 38.88 39.17 105.49 39.24 33.28
648 38.89 29.52 97.29 30.71 31.29
649 39.00 59.89 105.70 46.86 26.52
650 39.09 66.98 101.13 41.94 22.96
651 39.10 86.52 74.06 29.09 18.72
652 39.16 89.22 61.39 26.30 13.18
653 39.03 91.68 42.33 22.59 12.14
654 39.04 44.98 112.96 42.46 30.15
655 39.13 83.52 78.79 31.55 16.91
656 39.17 80.09 90.15 34.76 19.90
657 39.19 47.10 106.94 43.14 28.50
658 39.33 19.42 70.28 29.16 21.47
659 39.25 42.42 113.66 39.47 28.96
660 39.27 63.29 103.81 46.07 26.03
661 39.32 49.86 111.56 44.80 28.48
662 39.47 32.74 98.36 35.92 29.74
663 39.38 69.29 101.40 38.47 23.09
664 39.50 54.54 100.02 52.28 27.57
665 39.58 22.20 72.58 30.93 20.85
666 39.58 52.22 102.93 46.86 26.12
667 39.63 71.73 91.42 41.40 21.58
668 39.65 56.95 105.67 50.75 28.35
669 39.71 74.57 95.82 43.34 19.97
670 39.74 15.57 64.90 26.88 20.22
671 39.83 40.34 111.38 43.21 28.67
672 39.88 77.78 94.29 40.69 20.68
673 39.89 27.21 81.29 35.45 24.84
674 39.85 30.65 89.15 35.21 28.72
675 39.76 37.29 104.72 40.00 32.68
676 39.94 34.86 101.60 41.12 28.96
677 40.00 61.65 100.40 46.71 23.86
678 39.99 44.38 115.06 42.79 29.17
679 40.17 24.41 72.88 31.49 22.50
680 40.12 59.30 102.77 54.96 24.40
681 40.17 64.91 106.31 47.67 22.87
682 40.28 13.22 59.80 27.20 16.76
683 40.11 48.08 107.12 46.90 25.82
684 40.17 82.52 73.59 34.92 15.65
685 40.28 67.51 91.16 43.88 18.51
686 40.32 18.16 64.88 29.87 18.31
687 40.48 85.58 77.78 34.85 16.35
688 40.42 90.92 48.18 26.10 10.62
689 40.40 42.34 92.32 44.32 24.12
690 40.49 88.34 63.02 32.07 11.94
691 40.48 51.01 110.10 54.76 25.93
692 40.60 70.06 91.28 47.75 19.52
693 40.68 10.71 59.65 28.42 15.92
694 40.61 38.56 96.94 45.09 28.32
695 40.67 46.28 110.12 53.49 24.77
696 40.70 20.96 68.83 32.85 18.86
697 40.63 53.86 104.09 54.26 24.17
698 40.79 79.97 81.91 42.09 16.35
699 40.71 29.11 80.71 37.52 23.06
700 40.72 56.06 103.60 57.98 24.44
701 40.76 73.03 90.80 44.39 18.61
702 40.86 36.36 96.61 45.64 25.29
703 40.88 75.99 84.61 42.44 16.98
704 40.83 31.82 85.48 41.18 28.72
705 40.69 93.71 20.68 25.12 5.52
706 41.11 34.07 84.53 43.97 24.88
707 41.05 40.44 92.88 45.46 24.22
708 41.02 49.34 105.52 54.52 25.18
709 41.09 58.25 95.52 55.85 21.26
710 41.18 8.63 50.07 26.10 12.79
711 41.07 26.14 73.33 37.83 21.30
712 41.16 44.31 103.52 48.57 24.16
713 41.14 61.30 96.27 52.15 21.82
714 41.19 63.69 100.31 54.82 19.70
715 41.26 16.70 57.93 33.07 17.42
716 41.16 92.74 29.18 25.56 5.82
717 41.30 66.22 95.79 51.15 19.26
718 41.45 23.33 68.12 36.90 19.57
719 41.38 82.67 71.37 42.21 14.53
720 41.44 52.54 102.59 57.52 24.27
721 41.53 14.17 54.52 28.85 14.54
722 41.65 68.70 90.69 51.91 18.57
723 41.64 42.21 90.92 48.92 24.57
724 41.65 47.60 102.83 54.98 23.62
725 41.74 87.65 65.49 37.49 12.52
726 41.71 71.59 86.06 47.39 17.68
727 41.76 78.15 79.68 43.76 15.62
728 41.82 90.29 52.36 33.33 11.35
729 41.81 19.73 66.27 34.79 18.68
730 41.83 29.68 75.77 42.97 20.95
731 41.86 11.94 54.25 31.60 13.60
732 41.88 38.70 86.89 47.46 23.31
733 41.86 55.80 98.58 61.89 22.14
734 42.01 27.31 67.97 45.40 22.43
735 42.00 31.93 82.00 44.65 22.80
736 41.95 59.36 90.63 57.71 20.02
737 41.96 74.57 88.70 47.72 17.47
738 42.01 36.44 88.83 47.76 23.49
739 42.11 85.04 68.26 39.85 13.33
740 42.04 49.85 102.96 60.33 23.05
741 42.22 45.94 93.68 55.87 21.34
742 42.16 92.91 31.13 29.21 6.04
743 42.29 8.04 45.68 31.48 11.13
744 42.32 34.01 81.14 48.74 24.79
745 42.28 43.94 86.34 53.45 20.52
746 42.36 61.48 100.69 62.69 20.66
747 42.30 63.81 91.58 55.46 18.56
748 42.44 51.88 102.45 63.89 23.83
749 42.45 81.87 70.11 44.40 14.16
750 42.53 16.41 64.42 39.15 15.75
751 42.45 40.74 86.58 51.34 21.10
752 42.49 66.09 89.14 54.00 18.73
753 42.62 53.94 102.12 68.49 24.64
754 42.61 23.93 65.59 41.91 17.88
755 42.71 21.52 68.67 47.29 18.77
756 42.77 58.00 91.34 65.52 20.95
757 42.76 10.58 57.56 33.38 12.78
758 42.85 70.46 85.26 56.99 17.36
759 42.79 76.39 77.62 50.92 15.97
760 42.81 68.22 85.96 57.40 17.89
761 42.87 47.71 96.62 63.78 21.52
762 42.92 72.87 82.24 58.94 18.00
763 42.94 79.31 71.68 49.27 14.59
764 42.93 26.25 70.65 46.81 19.52
765 43.04 13.83 51.85 35.85 12.22
766 43.09 19.04 59.12 44.35 15.89
767 43.04 29.45 71.42 48.79 20.29
768 43.05 88.42 59.53 41.05 10.35
769 43.20 37.37 89.21 59.49 20.79
770 43.09 42.49 84.49 58.59 20.57
771 43.10 56.07 93.48 66.69 20.96
772 43.18 90.94 49.82 40.32 9.26
773 43.19 32.19 80.93 48.35 21.29
774 43.18 35.24 76.33 50.94 20.63
775 43.14 50.26 93.20 62.40 19.49
776 43.23 39.41 93.04 59.79 21.44
777 43.25 44.78 91.64 57.90 21.06
778 43.29 60.23 94.04 65.70 19.00
779 43.38 86.02 69.05 45.29 12.26
780 43.35 93.39 26.35 33.80 5.12
781 43.49 62.51 86.40 65.03 18.62
782 43.51 64.86 90.40 70.87 17.10
783 43.52 83.48 71.26 46.43 12.99
784 43.50 7.64 38.31 32.42 8.03
785 43.71 74.52 86.60 57.88 17.67
786 43.80 52.03 95.58 72.56 22.16
787 43.76 54.15 93.65 72.86 20.43
788 43.82 67.07 79.21 68.95 16.26
789 43.86 24.27 61.11 51.46 16.81
790 43.83 48.81 94.49 70.00 19.37
791 43.97 9.91 52.63 41.90 10.89
792 43.94 17.64 60.77 45.46 15.20
793 43.88 46.44 91.90 66.92 20.59
794 43.91 81.01 75.03 53.26 13.41
795 43.89 21.36 63.88 50.90 15.88
796 43.88 27.21 72.50 56.11 19.09
797 43.95 41.00 86.10 59.46 20.36
798 43.95 77.07 73.44 55.08 15.15
799 44.05 69.78 78.07 64.47 16.31
800 44.11 58.82 86.56 72.70 19.68
801 44.14 34.16 77.27 54.73 19.58
802 44.22 56.61 91.79 77.39 21.03
803 44.24 72.22 82.06 68.68 17.18
804 44.18 29.48 71.17 53.23 20.35
805 44.19 43.35 89.45 68.20 21.27
806 44.41 15.29 53.22 50.88 13.55
807 44.24 31.70 74.24 57.63 18.69
808 44.36 36.53 81.53 58.24 19.76
809 44.35 90.46 54.35 42.95 9.77
810 44.32 38.68 81.15 63.23 20.40
811 44.41 87.92 65.87 50.80 10.85
812 44.44 6.17 32.16 40.26 6.98
813 44.58 61.79 85.53 75.84 18.02
814 44.57 64.15 88.53 75.37 18.33
815 44.65 50.56 90.62 80.23 20.08
816 44.61 78.97 76.43 60.43 14.53
817 44.75 85.29 67.41 52.49 11.97
818 44.75 54.61 93.10 80.94 20.26
819 44.78 26.36 67.32 65.14 18.87
820 44.77 45.21 87.33 73.88 21.67
821 44.73 47.85 89.96 76.45 21.72
822 44.77 67.89 80.92 72.56 17.02
823 44.87 82.65 66.88 57.49 12.25
824 44.85 74.45 74.52 61.58 14.77
825 44.96 8.30 41.23 46.94 8.61
826 44.95 20.79 62.46 56.80 16.46
827 44.99 23.59 57.08 58.95 15.52
828 45.03 40.47 80.67 66.82 19.02
829 45.13 60.00 83.07 83.80 18.25
830 45.17 10.96 51.53 49.51 11.90
831 45.09 18.22 51.90 55.33 13.84
832 45.33 52.73 88.12 81.82 20.20
833 45.15 32.38 72.56 65.41 19.53
834 45.20 29.51 71.64 62.36 18.49
835 45.15 42.57 85.96 69.17 19.78
836 45.30 65.92 87.73 75.21 18.40
837 45.21 34.71 75.31 62.24 20.02
838 45.31 71.33 82.37 75.76 17.81
839 45.42 76.65 69.94 64.60 15.06
840 45.33 13.66 51.34 51.89 12.05
841 45.35 57.43 83.17 76.15 18.44
842 45.39 38.36 79.86 73.57 19.02
843 45.56 79.82 62.38 61.25 13.07
844 45.66 46.45 83.34 84.26 19.12
845 45.60 63.28 88.38 79.68 17.13
846 45.66 69.13 77.43 78.69 17.00
847 45.63 87.97 61.51 52.60 10.80
848 45.73 36.35 70.58 69.84 18.25
849 45.69 48.64 85.22 86.78 21.43
850 45.64 94.67 17.40 45.59 3.70
851 45.94 90.45 40.91 46.82 7.36
852 45.76 16.20 56.69 61.64 14.19
853 45.77 26.72 62.29 64.20 17.58
854 45.75 44.29 75.78 81.55 20.82
855 45.70 50.82 86.85 87.23 20.03
856 45.70 55.18 82.80 91.22 19.50
857 45.98 6.24 29.34 45.93 6.80
858 45.94 22.00 58.95 68.14 15.51
859 45.95 73.69 73.23 70.41 15.40
860 45.99 85.31 63.92 62.11 12.66
861 46.14 82.51 64.48 60.14 11.70
862 46.07 24.47 55.71 70.41 15.81
863 46.09 31.44 65.75 69.70 17.47
864 46.12 7.95 35.21 54.33 7.77
865 46.10 40.01 72.20 77.20 20.29
866 46.10 42.15 75.29 80.71 17.67
867 46.15 59.17 80.44 88.06 18.06
868 46.23 61.62 82.51 94.88 18.73
869 46.21 11.94 46.10 60.40 13.53
870 46.26 19.47 49.08 63.04 14.49
871 46.24 33.93 65.96 73.98 18.17
872 46.30 66.99 75.59 83.50 16.33
873 46.32 9.48 41.52 56.52 9.12
874 46.30 28.92 61.75 73.54 17.09
875 46.33 93.04 29.35 51.15 5.90
876 46.46 64.55 79.18 81.68 18.21
877 46.50 70.77 79.49 81.08 15.64
878 46.57 78.08 69.82 71.30 14.16
879 46.53 56.98 73.98 90.22 18.20
880 46.54 54.10 77.88 96.75 20.56
881 46.64 38.45 70.09 80.04 17.40
882 46.61 49.54 73.92 90.90 19.41
883 46.67 51.94 78.29 91.83 19.07
884 46.69 14.33 43.57 58.19 11.36
885 46.65 45.45 78.26 82.26 21.52
886 46.83 75.69 68.75 74.80 14.87
887 46.83 17.39 47.69 65.47 13.37
888 46.80 36.39 67.80 81.04 20.14
889 46.78 47.52 73.45 94.02 20.60
890 46.95 88.03 48.36 56.88 8.86
891 46.92 43.37 67.31 83.54 18.19
892 47.01 80.69 63.22 68.38 12.28
893 47.14 27.25 61.54 76.61 16.93
894 47.04 68.73 71.31 84.09 15.41
895 47.06 72.90 72.78 83.19 14.29
896 47.09 22.01 53.58 71.71 15.12
897 47.12 24.83 56.18 80.80 17.58
898 47.13 32.53 60.31 80.86 18.84
899 47.07 40.97 64.02 84.65 19.54
900 47.11 30.36 60.46 76.85 16.41
901 47.16 85.09 56.15 63.37 11.29
902 47.29 5.30 24.07 48.58 6.04
903 47.22 10.67 42.31 60.12 10.22
904 47.19 59.89 73.70 99.42 19.23
905 47.28 91.44 36.69 51.10 6.79
906 47.34 62.23 79.32 95.69 17.97
907 47.33 34.77 62.98 83.73 18.58
908 47.46 55.29 72.69 93.11 17.46
909 47.50 64.37 65.90 94.64 17.04
910 47.65 66.48 74.24 92.81 15.97
911 47.65 19.44 44.40 71.74 14.26
912 47.64 57.71 74.20 98.55 20.27
913 47.64 8.00 34.34 54.93 8.03
914 47.57 50.04 70.70 100.34 20.32
915 47.71 15.74 43.96 65.84 13.19
916 47.68 38.24 63.75 82.76 18.51
917 47.67 46.90 70.98 95.66 18.64
918 47.70 82.82 57.02 70.37 12.49
919 47.69 94.32 17.81 46.23 3.59
920 47.73 53.02 70.41 98.90 19.37
921 47.93 12.97 42.91 64.24 11.61
922 47.84 44.88 71.42 87.36 18.42
923 47.88 71.15 71.47 87.58 15.70
924 47.85 78.52 61.71 74.80 13.74
925 47.97 74.46 64.69 80.26 14.71
926 47.98 29.12 57.60 81.22 16.43
927 47.89 42.65 66.39 91.72 17.78
928 47.98 89.32 47.87 55.24 8.22
929 48.06 40.12 67.35 92.54 19.70
930 48.12 24.00 49.86 73.10 16.21
931 48.19 68.66 71.40 96.49 16.70
932 48.30 31.47 57.23 80.62 16.67
933 48.19 36.41 62.61 82.31 19.47
934 48.22 86.53 52.07 69.10 12.15
935 48.23 33.86 60.92 86.94 19.43
936 48.33 48.46 72.66 103.16 19.42
937 48.30 59.65 71.75 97.73 18.67
938 48.41 26.59 50.43 78.49 15.78
939 48.44 21.44 45.59 74.96 14.65
940 48.54 61.73 72.75 98.59 17.53
941 48.48 10.16 37.45 60.64 9.96
942 48.48 51.32 68.24 98.47 19.36
943 48.56 76.53 65.60 85.19 14.73
944 48.55 81.21 56.39 74.56 12.09
945 48.62 17.56 44.02 71.63 12.95
946 48.55 64.11 69.65 107.26 17.32
947 48.57 92.15 29.47 54.22 7.37
948 48.72 6.89 25.83 48.20 6.74
949 48.60 55.28 66.92 99.00 17.02
950 48.84 57.33 70.07 101.12 17.60
951 48.82 41.74 63.32 94.84 18.48
952 48.93 84.05 50.78 65.27 11.18
953 48.88 46.38 64.15 98.64 18.56
954 48.91 72.22 66.80 88.84 15.20
955 48.99 43.98 66.40 95.17 20.22
956 49.03 66.58 67.82 93.96 17.11
957 49.02 14.55 48.58 70.09 14.76
958 49.04 53.52 64.14 104.54 18.28
959 49.05 37.66 58.22 87.76 17.20
960 49.02 29.22 53.65 89.44 17.81
961 49.13 39.67 65.49 96.37 18.76
962 49.23 87.78 46.15 65.34 8.64
963 49.12 35.32 54.08 86.15 18.42
964 49.15 90.00 45.68 63.98 9.16
965 49.16 23.94 44.98 78.73 14.57
966 49.22 33.03 63.67 92.31 18.24
967 49.22 49.53 66.63 107.80 19.81
968 49.19 69.62 62.96 100.61 16.89
969 49.32 79.22 57.93 78.67 13.38
970 49.39 74.26 67.72 86.25 15.13
971 49.36 94.11 15.35 46.07 3.50
972 49.43 11.88 36.94 63.23 10.23
973 49.44 19.75 45.06 73.03 13.94
974 49.49 59.27 61.50 98.41 17.93
975 49.56 27.04 55.28 88.49 16.84
976 49.66 8.77 34.47 55.99 8.63
977 49.69 61.60 63.97 100.08 16.81
978 49.62 30.99 52.57 85.75 17.05
979 49.65 64.19 66.90 100.82 17.15
980 49.66 76.90 59.72 85.37 14.26
981 49.77 16.72 43.66 75.31 13.51
982 49.69 51.84 65.91 102.83 18.19
983 49.84 81.70 56.79 79.43 13.37
984 49.94 22.10 48.07 81.55 14.03
985 49.88 41.96 63.35 101.76 19.60
986 49.92 47.51 63.84 104.64 19.32
987 49.80 91.10 34.74 58.72 7.55
988 49.82 96.50 7.12 32.40 0.75
989 49.97 45.23 59.19 95.81 17.84
990 49.93 56.75 65.77 105.77 19.32
991 49.96 85.47 46.47 63.22 9.73
992 50.06 68.30 63.03 97.24 17.73
993 50.07 71.38 63.84 91.88 16.05
994 50.02 36.66 58.73 96.27 18.16
995 50.10 54.49 59.68 97.70 17.32
996 50.14 25.10 47.95 83.70 16.07
997 50.16 29.01 48.69 92.44 16.62
998 50.22 34.46 54.56 93.05 17.90
999 50.19 39.34 60.17 104.00 19.16
1000 50.34 6.94 27.03 52.13 7.78
1001 50.26 49.87 63.90 102.59 18.71
1002 50.48 13.47 38.09 68.95 11.63
1003 50.47 65.91 63.46 98.49 16.46
1004 50.41 93.26 19.91 52.21 4.66
1005 50.46 32.16 57.12 97.10 16.83
1006 50.54 88.00 42.42 67.89 10.14
1007 50.58 19.19 43.54 77.15 13.85
1008 50.62 58.83 62.26 103.91 18.30
1009 50.55 74.68 59.49 91.39 15.32
1010 50.66 10.59 38.59 64.00 10.94
1011 50.70 43.45 59.09 103.66 19.45
1012 50.68 83.56 47.18 68.21 10.86
1013 50.68 63.23 65.87 105.76 17.69
1014 50.73 52.50 59.75 102.20 17.73
1015 50.76 77.60 57.25 86.26 13.90
1016 50.73 90.69 37.46 63.60 7.09
1017 50.81 15.78 44.34 74.97 12.67
1018 50.80 80.07 50.68 79.78 12.57
1019 50.89 60.90 63.10 102.81 18.81
1020 50.87 95.43 10.28 42.61 2.07
1021 50.94 97.84 4.29 25.28 0.19
1022 50.93 4.55 17.66 51.17 4.93
1023 50.95 23.21 46.00 90.59 15.48
1024 50.97 27.70 48.51 90.18 15.91
1025 50.88 37.71 57.47 101.84 17.74
1026 50.94 40.95 60.04 104.00 20.58
1027 51.11 45.96 62.00 103.59 20.20
1028 51.04 56.82 61.78 105.45 18.63
1029 51.13 48.09 57.17 103.95 20.00
1030 51.16 72.76 59.37 94.03 15.57
1031 51.10 30.40 53.21 93.34 16.68
1032 51.28 70.27 65.17 98.56 16.82
1033 51.21 25.53 44.46 90.30 16.36
1034 51.30 67.79 63.51 93.71 17.38
1035 51.22 50.53 59.53 105.41 19.39
1036 51.26 54.76 63.90 113.38 19.21
1037 51.42 21.14 40.64 84.23 14.47
1038 51.40 33.94 54.02 97.79 18.98
1039 51.45 86.38 39.31 62.97 9.81
1040 51.43 36.04 53.98 97.57 17.84
1041 51.45 7.29 25.28 52.69 7.55
1042 51.48 17.77 42.68 75.32 13.08
1043 51.61 65.12 60.74 106.29 18.55
1044 51.65 38.92 52.78 102.22 19.12
1045 51.62 75.99 56.37 87.93 15.07
1046 51.74 81.37 46.42 78.08 12.01
1047 51.79 12.81 37.74 68.47 12.91
1048 51.81 10.18 34.46 61.28 9.57
1049 51.77 44.26 57.65 107.80 20.95
1050 51.81 58.60 58.52 108.31 17.12
1051 51.77 62.79 60.38 100.12 17.06
1052 51.82 88.97 44.14 68.51 10.34
1053 51.82 41.86 55.11 105.04 19.14
1054 51.90 84.09 42.95 71.31 11.14
1055 51.86 31.92 47.48 96.35 18.15
1056 51.89 53.06 60.96 109.14 19.55
1057 51.88 28.92 45.88 89.27 17.06
1058 52.02 3.91 14.53 48.91 4.24
1059 52.05 15.71 37.68 71.51 12.50
1060 52.17 60.80 63.70 110.80 18.46
1061 52.13 24.12 47.71 86.61 16.06
1062 52.20 78.62 55.14 87.14 13.58
1063 52.15 94.87 13.92 53.05 2.85
1064 52.21 91.36 28.23 57.75 7.06
1065 52.23 26.52 42.80 91.02 15.78
1066 52.22 48.79 53.10 106.02 20.24
1067 52.22 56.26 60.54 111.44 19.52
1068 52.26 19.57 41.16 79.53 14.31
1069 52.23 50.90 58.67 109.26 18.88
1070 52.28 73.09 52.62 85.52 14.12
1071 52.49 46.76 57.05 108.66 19.51
1072 52.42 68.47 54.41 100.59 16.18
1073 52.45 37.19 50.41 99.97 18.34
1074 52.51 34.78 50.68 105.95 18.46
1075 52.57 70.80 53.10 96.05 16.38
1076 52.74 6.93 25.95 55.93 7.66
1077 52.56 21.82 45.73 88.71 15.66
1078 52.52 40.03 51.53 99.71 18.04
1079 52.67 65.99 56.57 103.73 17.17
1080 52.72 30.50 47.65 90.56 15.54
1081 52.75 86.38 40.94 73.55 11.97
1082 52.72 75.60 53.86 91.86 14.54
1083 52.78 42.74 52.24 107.89 20.78
1084 52.79 54.41 58.08 113.10 18.94
1085 52.82 44.76 56.98 110.06 20.52
1086 52.86 63.40 56.27 105.92 18.50
1087 52.87 58.26 58.96 112.91 18.00
1088 52.84 81.23 43.91 73.94 12.90
1089 52.90 32.59 47.64 92.60 17.80
1090 53.07 14.58 35.85 66.52 11.91
1091 52.98 28.30 47.21 96.15 17.70
1092 52.94 2.76 8.56 40.67 2.77
1093 53.16 11.27 35.30 66.23 11.27
1094 53.10 88.74 35.79 65.22 8.10
1095 53.10 18.37 39.73 74.30 13.50
1096 53.10 52.17 60.19 114.69 19.00
1097 53.22 83.81 40.23 72.06 10.79
1098 53.23 93.80 15.41 52.96 3.75
1099 53.33 23.64 41.42 84.06 15.22
1100 53.33 26.14 45.28 93.78 16.15
1101 53.39 50.00 56.81 108.22 19.97
1102 53.33 60.66 60.36 106.13 18.34
1103 53.38 38.55 53.27 107.60 21.38
1104 53.45 77.97 50.79 81.25 14.41
1105 53.36 91.20 31.36 69.73 9.09
1106 53.44 41.04 54.86 112.38 20.29
1107 53.45 47.98 54.55 105.70 19.60
1108 53.56 72.72 53.88 94.36 15.45
1109 53.58 1.82 5.27 34.71 1.50
1110 53.47 36.09 53.54 105.50 18.02
1111 53.53 56.15 54.75 105.62 18.55
1112 53.53 67.73 55.75 101.82 16.00
1113 53.71 20.77 41.38 80.57 14.66
1114 53.68 33.79 46.40 94.82 17.36
1115 53.71 70.30 50.68 96.68 16.64
1116 53.76 16.72 38.81 71.94 12.94
1117 53.80 45.74 53.24 107.76 19.91
1118 53.89 65.54 54.66 100.28 16.82
1119 53.80 29.68 46.52 96.62 17.40
1120 53.82 75.22 55.73 92.65 15.85
1121 53.84 80.90 44.12 74.07 11.52
1122 53.98 4.81 16.20 47.33 5.24
1123 53.86 7.70 24.19 57.75 8.33
1124 53.86 53.74 61.16 110.82 19.33
1125 53.99 43.44 50.38 107.73 19.05
1126 53.95 63.37 54.30 99.11 16.80
1127 53.94 58.29 56.55 117.11 18.71
1128 53.96 86.26 39.62 73.57 12.02
1129 54.14 31.85 45.89 98.40 18.30
1130 54.28 51.48 55.98 110.35 20.93
1131 54.31 25.37 44.33 82.86 15.45
1132 54.51 14.89 33.54 63.81 12.06
1133 54.41 27.70 48.00 90.88 17.27
1134 54.34 37.33 50.06 101.72 19.13
1135 54.41 88.89 32.86 66.67 8.95
1136 54.40 9.85 30.63 58.17 9.78
1137 54.46 12.43 33.51 64.61 12.38
1138 54.48 61.65 54.27 115.13 19.05
1139 54.43 84.04 44.42 79.75 13.38
1140 54.51 22.99 44.82 82.08 14.91
1141 54.45 39.59 50.20 107.00 20.96
1142 54.52 92.02 23.82 59.10 5.57
1143 54.47 34.95 48.75 98.69 18.55
1144 54.45 41.49 52.35 103.44 18.38
1145 54.51 48.15 53.29 106.51 21.33
1146 54.49 94.22 13.26 49.88 3.30
1147 54.62 18.09 39.12 75.50 14.39
1148 54.59 55.46 58.57 105.32 19.30
1149 54.57 68.67 49.02 91.96 15.50
1150 54.65 79.07 46.55 80.31 13.66
1151 54.81 59.64 50.85 110.73 20.02
1152 54.80 73.63 45.63 86.14 14.48
1153 54.78 76.45 46.96 83.93 13.81
1154 54.87 71.05 50.16 84.06 15.63
1155 54.85 20.53 40.12 75.95 14.72
1156 54.85 46.11 52.73 103.69 18.88
1157 54.86 30.01 44.44 97.80 19.82
1158 54.98 49.76 55.70 109.90 19.40
1159 54.95 81.68 46.16 77.09 12.96
1160 54.97 53.29 53.35 103.91 19.98
1161 55.07 57.41 56.07 112.24 19.91
1162 55.04 7.36 25.71 54.72 7.53
1163 55.09 66.54 50.76 98.64 16.73
1164 55.14 64.19 50.20 101.29 16.68
1165 55.23 4.81 16.32 50.35 5.79
1166 55.19 32.26 46.24 99.70 19.14
1167 55.27 42.25 49.83 110.60 20.49
1168 55.32 86.34 35.25 62.45 10.12
1169 55.36 44.28 46.04 112.26 18.60
1170 55.31 25.06 43.81 78.66 17.73
1171 55.36 36.52 49.52 106.48 18.54
1172 55.36 38.54 50.65 108.88 19.73
1173 55.59 10.25 30.04 56.85 9.82
1174 55.44 34.30 45.91 94.87 19.09
1175 55.49 27.48 44.66 84.18 18.54
1176 55.59 89.93 30.98 66.73 7.43
1177 55.58 51.43 52.48 110.88 21.31
1178 55.50 94.26 11.81 47.61 2.81
1179 55.65 61.83 56.63 103.88 19.91
1180 55.64 17.71 36.72 68.62 13.42
1181 55.68 22.33 39.41 76.38 14.72
1182 55.76 12.59 33.11 60.69 11.70
1183 55.76 15.23 34.95 67.67 12.15
1184 55.80 54.70 54.04 110.16 20.38
1185 55.74 68.71 49.46 98.40 17.26
1186 55.77 77.93 43.62 75.69 12.35
1187 55.94 92.48 19.75 62.11 5.66
1188 55.80 29.69 45.35 90.02 17.63
1189 55.82 40.25 49.98 107.46 19.81
1190 55.84 83.56 40.53 69.90 10.94
1191 55.87 48.47 53.70 104.11 21.21
1192 55.86 74.88 47.67 87.05 13.62
1193 55.90 46.30 50.50 106.74 20.35
1194 55.91 72.32 48.26 89.74 15.48
1195 55.95 59.18 53.59 108.57 20.84
1196 56.06 20.07 34.16 70.88 14.31
1197 55.98 80.75 46.13 74.56 13.62
1198 56.14 8.15 23.58 50.69 8.23
1199 56.18 56.63 57.62 108.06 19.58
1200 56.27 31.71 45.00 90.11 18.43
1201 56.26 64.73 51.16 100.17 16.53
1202 56.35 88.09 33.20 61.53 8.67
1203 56.31 24.11 40.45 79.50 15.86
1204 56.37 36.02 46.37 100.14 18.55
1205 56.32 42.22 54.40 106.13 21.49
1206 56.46 5.94 20.98 44.95 7.41
1207 56.46 52.76 51.08 97.53 20.19
1208 56.47 26.33 38.79 75.19 16.04
1209 56.43 33.83 41.51 90.81 17.62
1210 56.58 38.06 48.50 97.46 18.38
1211 56.59 44.30 51.76 103.82 18.84
1212 56.61 66.98 48.48 94.48 16.86
1213 56.60 70.26 46.41 86.10 15.64
1214 56.56 50.54 54.53 111.90 20.45
1215 56.69 28.79 45.49 85.35 16.08
1216 56.76 62.55 53.84 98.97 18.10
1217 56.74 85.50 38.81 71.57 11.24
1218 56.78 18.07 34.78 64.20 13.38
1219 56.90 11.55 29.66 55.06 10.51
1220 56.88 21.77 37.15 72.03 13.87
1221 56.83 14.46 31.20 59.93 10.93
1222 56.85 40.07 52.98 104.47 19.06
1223 56.94 60.09 53.95 105.32 19.25
1224 56.85 77.95 39.72 73.53 12.97
1225 56.89 75.21 44.56 79.63 14.74
1226 57.00 48.64 52.57 101.02 20.47
1227 57.03 46.51 49.80 105.45 19.86
1228 57.08 54.88 49.93 98.49 19.32
1229 57.17 72.85 46.99 84.84 15.64
1230 57.06 80.69 43.08 72.16 12.74
1231 57.13 8.86 24.36 51.49 9.43
1232 57.20 57.55 55.14 103.67 20.27
1233 57.17 83.18 36.78 62.89 10.66
1234 57.14 91.50 22.75 59.65 7.03
1235 57.24 30.91 45.53 84.47 16.27
1236 57.32 24.44 40.64 74.43 17.74
1237 57.26 35.48 48.47 94.14 20.97
1238 57.35 42.13 46.79 97.17 20.06
1239 57.44 65.24 51.40 94.25 18.82
1240 57.50 33.23 43.49 87.44 17.97
1241 57.53 68.74 45.65 90.53 17.26
1242 57.52 27.46 42.07 79.49 16.56
1243 57.57 16.49 32.29 58.31 13.32
1244 57.58 52.84 48.27 97.98 19.84
1245 57.63 94.18 10.05 45.87 3.21
1246 57.69 50.61 51.69 95.69 19.65
1247 57.66 37.60 46.19 95.33 21.33
1248 57.82 19.44 32.62 64.15 14.51
1249 57.75 44.18 47.19 99.79 18.50
1250 57.74 87.30 29.09 61.43 8.94
1251 57.80 40.08 48.71 96.73 17.92
1252 57.86 61.55 51.76 98.39 19.41
1253 57.65 5.96 14.91 43.36 7.09
1254 57.92 7.34 22.57 43.34 7.32
1255 57.96 13.07 30.11 53.31 11.54
1256 57.90 21.89 31.82 64.04 13.55
1257 58.05 70.89 44.31 79.24 15.37
1258 57.93 76.20 41.04 71.03 13.77
1259 57.96 78.88 40.45 72.62 12.98
1260 58.05 29.59 44.06 78.56 16.62
1261 58.02 59.07 51.66 100.68 18.04
1262 58.05 46.41 45.94 92.81 19.25
1263 58.17 10.28 27.69 48.66 9.04
1264 58.19 48.63 51.04 98.49 19.53
1265 58.17 55.60 48.36 94.00 19.32
1266 58.21 63.57 49.90 96.44 18.54
1267 58.20 84.70 34.78 62.69 10.19
1268 58.24 25.96 40.88 75.79 15.96
1269 58.17 81.82 38.09 64.72 11.68
1270 58.17 35.40 44.00 90.28 18.28
1271 58.35 67.16 46.38 92.73 18.24
1272 58.31 31.57 40.44 77.85 16.00
1273 58.48 92.54 16.68 52.87 5.23
1274 58.47 73.07 43.48 78.57 15.39
1275 58.56 15.45 31.50 53.19 11.45
1276 58.52 23.76 33.91 61.21 15.21
1277 58.46 42.41 46.70 91.59 20.11
1278 58.61 53.42 50.00 87.31 20.33
1279 58.63 90.08 24.98 55.60 7.66
1280 58.60 38.59 43.76 95.16 20.42
1281 58.81 18.10 30.19 54.09 12.54
1282 58.64 33.50 44.76 81.15 17.56
1283 58.76 51.31 47.86 90.10 18.72
1284 58.79 57.50 51.38 92.57 20.07
1285 58.75 28.28 39.06 74.06 16.86
1286 58.91 6.28 17.61 38.13 6.39
1287 58.91 40.59 46.35 97.48 20.67
1288 58.83 44.77 44.36 89.09 19.04
1289 58.94 75.28 39.75 76.98 13.43
1290 58.89 87.12 30.13 55.91 8.77
1291 58.96 94.94 7.34 36.48 2.21
1292 58.96 21.28 33.00 61.94 13.88
1293 58.97 60.51 47.32 92.99 19.26
1294 59.03 65.45 47.02 85.78 17.24
1295 58.98 36.61 43.76 92.50 18.50
1296 58.99 79.51 39.59 67.42 13.26
1297 59.13 68.83 45.00 81.46 17.20
1298 59.12 9.48 24.99 41.39 10.06
1299 59.10 47.25 45.85 88.10 18.35
1300 59.18 12.56 25.36 45.87 10.43
1301 59.24 31.42 41.80 70.41 16.15
1302 59.33 25.38 33.41 59.37 14.59
1303 59.35 49.49 48.95 84.75 19.07
1304 59.38 63.13 47.48 85.31 17.52
1305 59.30 82.07 35.84 61.30 11.35
1306 59.35 55.10 47.21 82.65 18.04
1307 59.52 71.07 46.06 77.10 15.43
1308 59.51 84.61 34.26 56.61 10.21
1309 59.55 77.18 39.10 68.70 13.96
1310 59.49 34.43 44.47 80.82 17.42
1311 59.52 42.85 45.41 87.45 19.43
1312 59.69 27.40 42.66 68.10 16.75
1313 59.68 15.45 29.11 48.01 11.31
1314 59.74 38.53 44.35 78.98 18.65
1315 59.73 52.77 46.93 84.12 17.73
1316 59.80 73.50 43.89 72.91 15.21
1317 59.78 19.74 29.61 51.11 12.43
1318 59.73 23.31 36.96 58.53 13.78
1319 59.81 29.52 39.39 64.32 18.18
1320 59.83 45.00 46.94 87.94 19.40
1321 59.89 57.12 46.02 86.13 18.42
1322 59.89 91.21 18.42 48.24 5.93
1323 59.96 59.37 45.03 85.48 18.38
1324 59.99 7.64 20.69 34.81 7.77
1325 59.94 40.58 40.96 84.02 19.39
1326 60.00 87.41 31.46 57.70 10.99
1327 60.01 36.35 45.20 78.96 20.06
1328 60.13 47.13 48.28 86.68 19.88
1329 60.12 65.65 43.94 78.45 17.32
1330 60.16 80.14 36.85 58.20 12.71
1331 60.24 10.30 22.70 36.34 9.07
1332 60.36 17.60 31.54 44.54 14.12
1333 60.21 50.87 48.57 85.45 21.18
1334 60.22 61.76 48.17 85.06 19.89
1335 60.34 68.25 43.71 73.62 17.15
1336 60.29 33.33 44.59 68.35 19.14
1337 60.38 12.91 28.99 39.31 11.75
1338 60.46 31.30 41.00 68.76 16.45
1339 60.36 55.18 46.40 79.56 18.72
1340 60.53 21.91 34.50 50.33 14.00
1341 60.58 82.67 34.24 55.35 11.38
1342 60.58 24.83 32.80 52.20 16.62
1343 60.53 42.45 45.12 81.75 20.35
1344 60.57 48.92 45.46 78.96 22.13
1345 60.62 77.45 36.64 60.70 13.17
1346 60.69 70.82 43.41 70.54 15.68
1347 60.75 85.14 29.81 49.91 10.40
1348 60.81 74.28 39.92 69.32 15.99
1349 60.81 27.24 37.80 54.11 16.83
1350 60.77 45.50 43.67 76.69 19.05
1351 60.96 15.45 29.76 40.61 12.12
1352 60.93 29.40 37.43 57.76 16.35
1353 60.92 53.46 48.15 80.21 18.29
1354 60.99 63.71 46.33 77.78 18.90
1355 61.00 35.46 42.05 71.34 19.64
1356 60.95 37.69 46.06 73.80 19.54
1357 60.93 39.81 42.74 73.46 18.74
1358 61.02 58.56 49.75 78.60 17.02
1359 61.04 92.66 16.03 45.08 4.78
1360 60.99 19.88 29.85 45.02 13.69
1361 61.08 7.40 20.45 30.41 8.83
1362 61.18 87.48 29.51 50.11 9.36
1363 61.20 51.58 46.69 77.53 19.16
1364 61.22 60.93 46.77 75.13 18.00
1365 61.26 56.35 48.48 74.88 18.78
1366 61.26 66.41 44.34 70.08 19.59
1367 61.32 90.29 25.03 48.26 7.64
1368 61.35 43.91 45.02 75.80 20.33
1369 61.34 80.19 37.01 56.52 14.66
1370 61.41 10.42 22.85 32.45 9.15
1371 61.46 33.36 40.50 63.06 18.92
1372 61.44 47.05 45.41 75.64 19.83
1373 61.53 23.25 33.00 43.49 14.45
1374 61.52 41.73 41.67 71.49 20.51
1375 61.57 49.57 44.02 71.91 19.44
1376 61.58 76.36 43.84 61.59 16.36
1377 61.60 31.21 39.75 57.20 17.35
1378 61.70 69.04 43.69 60.70 16.56
1379 61.64 72.09 41.99 62.87 15.19
1380 61.66 13.61 27.16 33.61 11.59
1381 61.70 25.58 36.63 50.45 16.68
1382 61.73 83.54 33.01 48.82 12.23
1383 61.79 18.59 29.59 37.56 13.07
1384 62.14 21.31 32.85 37.71 13.59
1385 61.84 28.21 35.64 48.25 16.34
1386 61.96 54.30 48.13 72.33 18.82
1387 61.98 37.45 40.07 64.39 17.52
1388 61.96 39.76 37.98 70.02 18.45
1389 62.11 63.90 44.76 68.10 20.27
1390 62.19 7.20 20.44 27.00 7.61
1391 62.18 35.04 38.50 59.41 17.72
1392 62.17 58.87 47.45 67.10 18.23
1393 62.30 74.27 40.90 62.08 16.61
1394 62.29 78.69 35.75 53.61 14.26
1395 62.26 16.28 28.44 36.02 12.17
1396 62.26 51.93 46.56 70.73 19.38
1397 62.28 61.39 43.47 69.40 18.63
1398 62.29 45.46 47.42 68.77 19.37
1399 62.35 56.61 50.25 67.74 19.56
1400 62.36 88.43 29.01 46.44 8.16
1401 62.60 12.15 25.09 29.88 11.41
1402 62.33 43.13 40.76 64.81 19.33
1403 62.33 66.44 46.17 65.84 17.78
1404 62.48 91.89 16.54 40.05 5.15
1405 62.53 85.55 31.67 43.70 10.42
1406 62.43 47.98 43.89 66.68 21.07
1407 62.54 81.58 37.15 51.20 14.67
1408 62.65 9.63 22.54 28.65 9.67
1409 62.66 31.39 34.72 49.65 16.72
1410 62.73 24.32 33.05 38.44 13.97
1411 62.72 29.31 35.25 48.58 17.94
1412 62.75 49.82 42.66 66.40 20.15
1413 62.74 71.16 45.38 57.79 16.96
1414 62.88 26.90 37.62 43.32 16.74
1415 62.84 41.20 39.24 64.00 19.02
1416 62.89 33.37 36.54 50.35 17.31
1417 63.09 67.87 43.00 55.11 17.48
1418 62.99 76.52 38.68 54.08 14.89
1419 62.99 36.58 37.91 53.68 17.68
1420 62.98 38.82 38.67 58.24 19.98
1421 63.06 53.73 46.66 62.83 20.07
1422 63.29 14.40 27.25 26.91 11.90
1423 62.89 20.51 28.11 36.89 14.33
1424 63.23 44.34 43.49 58.25 21.23
1425 63.31 60.05 45.04 58.94 18.93
1426 63.27 62.58 45.85 60.61 19.24
1427 63.36 64.90 48.04 58.72 18.01
1428 63.24 46.91 44.92 61.10 18.42
1429 63.51 17.57 29.00 29.82 13.12
1430 63.45 55.74 49.26 59.00 19.06
1431 63.48 57.83 47.39 58.64 18.38
1432 63.58 83.30 31.39 41.71 12.21
1433 63.53 73.74 42.07 55.28 17.99
1434 63.27 19.75 36.40 26.30 13.40
1435 63.51 79.96 36.96 47.37 16.60
1436 63.69 23.03 31.03 32.05 14.68
1437 63.55 51.75 45.66 60.00 22.09
1438 63.55 88.46 25.59 39.18 9.53
1439 63.71 69.72 44.44 52.03 18.97
1440 63.71 34.83 38.50 50.02 18.97
1441 63.70 91.77 14.26 30.54 5.30
1442 63.68 42.45 39.14 54.91 21.59
1443 63.88 85.97 35.38 40.07 11.43
1444 63.85 9.84 22.10 25.02 8.96
1445 63.82 20.80 28.91 32.33 13.67
1446 63.83 30.15 37.14 43.12 17.47
1447 63.73 49.69 43.12 56.88 19.44
1448 64.06 11.96 24.82 24.65 10.21
1449 63.93 25.60 34.69 37.90 17.92
1450 63.97 27.80 36.85 39.90 16.98
1451 63.95 39.82 40.77 48.86 18.79
1452 64.06 32.29 37.69 45.14 18.83
1453 64.02 37.64 38.80 48.54 18.82
1454 64.05 76.93 40.16 47.96 17.56
1455 64.11 45.88 43.69 58.09 20.47
1456 64.29 71.89 41.77 48.91 16.96
1457 64.30 48.03 41.92 56.46 20.44
1458 64.33 61.28 47.36 50.27 20.09
1459 64.33 66.54 48.55 51.15 19.64
1460 64.45 52.84 45.22 52.83 20.10
1461 64.68 14.66 27.09 26.02 13.04
1462 64.52 55.00 47.17 52.80 18.98
1463 64.52 59.08 47.18 53.02 22.27
1464 64.64 63.73 48.85 48.75 19.47
1465 64.57 41.62 39.83 49.28 19.70
1466 64.60 44.15 45.09 53.91 20.88
1467 64.69 79.75 34.04 40.90 13.77
1468 64.63 89.60 24.13 34.27 7.94
1469 64.77 7.87 21.07 21.29 9.57
1470 64.76 17.04 29.46 25.93 15.78
1471 64.88 19.37 32.71 28.93 14.24
1472 64.62 35.62 37.55 44.86 21.18
1473 64.78 50.22 41.80 56.36 19.91
1474 64.80 57.07 50.85 49.82 21.07
1475 64.87 74.27 41.94 46.86 18.90
1476 64.92 68.75 47.95 46.03 19.46
1477 64.72 83.91 30.65 37.70 10.81
1478 65.06 25.40 34.48 31.60 19.80
1479 64.96 33.43 35.98 42.14 19.97
1480 64.94 30.04 33.22 38.80 18.18
1481 65.05 10.48 22.94 23.33 10.32
1482 64.95 22.96 31.20 28.94 16.04
1483 65.09 37.95 39.43 46.00 20.30
1484 65.06 86.93 28.35 36.05 9.89
1485 65.07 27.92 33.24 35.90 19.55
1486 65.23 77.03 36.23 39.85 16.49
1487 65.29 81.99 32.67 39.63 14.13
1488 65.22 40.08 37.96 44.04 21.08
1489 65.28 47.10 44.83 49.95 22.53
1490 65.47 71.26 42.76 44.71 19.31
1491 65.49 42.79 43.45 44.25 20.04
1492 65.56 61.97 48.03 43.40 20.69
1493 65.46 65.70 41.78 46.24 19.84
1494 65.68 21.19 30.29 27.31 16.41
1495 65.62 53.80 43.12 49.67 22.32
1496 65.56 51.58 44.10 44.53 21.39
1497 65.64 59.78 46.65 46.07 20.45
1498 65.73 30.97 34.41 36.03 20.33
1499 65.72 45.17 46.60 46.35 22.10
1500 65.59 35.81 37.00 41.90 19.85
1501 65.68 85.19 27.63 37.72 13.97
1502 65.72 49.13 43.77 47.23 21.31
1503 65.82 55.92 46.55 43.36 21.26
1504 65.85 88.80 23.88 31.50 8.12
1505 65.99 12.63 23.66 21.10 12.78
1506 65.89 15.16 25.37 22.73 13.05
1507 66.11 57.96 47.11 46.34 23.92
1508 66.03 17.89 26.88 24.01 14.85
1509 66.11 7.65 16.01 19.13 8.79
1510 66.08 33.69 37.71 37.21 18.57
1511 65.78 11.24 27.12 18.88 10.12
1512 66.04 23.78 34.02 29.36 18.83
1513 66.12 68.53 45.32 40.83 22.39
1514 66.21 74.24 36.42 37.77 19.35
1515 66.18 79.90 35.90 40.31 18.21
1516 66.17 27.30 32.24 30.22 18.66
1517 66.29 63.65 47.83 40.65 24.03
1518 66.19 38.77 41.39 41.89 21.98
1519 66.45 9.72 21.08 18.73 11.33
1520 66.27 41.23 44.04 38.89 23.33
1521 66.33 83.28 30.26 34.60 12.83
1522 66.43 77.19 37.47 38.37 17.99
1523 66.44 47.29 45.02 42.60 21.00
1524 66.54 36.38 38.73 37.18 20.35
1525 66.52 86.64 25.96 31.42 10.55
1526 66.63 43.63 42.43 39.27 19.88
1527 66.57 52.13 44.70 44.46 22.25
1528 66.55 66.13 44.83 40.38 24.60
1529 66.66 71.47 42.01 37.46 20.89
1530 66.63 31.91 36.70 36.00 20.62
1531 66.37 60.71 44.25 51.25 23.50
1532 66.76 25.20 33.32 27.72 21.04
1533 66.69 29.36 34.50 32.39 20.02
1534 66.80 19.74 28.05 25.11 16.25
1535 66.74 49.47 40.44 45.07 20.60
1536 66.80 54.58 48.81 42.26 25.52
1537 66.92 89.71 17.21 28.05 8.19
1538 67.13 22.40 29.12 25.60 18.22
1539 67.22 11.74 21.81 19.27 12.69
1540 67.11 56.72 48.49 44.18 24.11
1541 67.07 45.61 41.89 42.33 23.52
1542 66.92 60.22 52.32 38.10 23.60
1543 67.06 15.67 24.90 22.74 14.24
1544 67.15 39.92 41.77 36.32 20.75
1545 67.23 34.68 36.39 36.16 21.91
1546 67.37 62.21 44.94 40.08 27.44
1547 67.31 69.31 43.82 36.62 23.03
1548 67.36 82.07 33.32 32.94 15.07
1549 67.36 37.78 39.69 37.33 22.38
1550 67.53 75.92 36.03 35.10 19.31
1551 67.58 79.11 35.12 33.40 17.85
1552 67.55 26.53 31.67 28.15 21.23
1553 67.63 72.89 36.91 33.41 20.41
1554 67.57 84.98 29.23 28.71 13.98
1555 67.54 50.99 44.85 38.84 20.72
1556 67.57 58.80 48.32 38.21 26.80
1557 67.56 64.40 42.13 37.25 26.37
1558 67.57 48.11 43.04 41.00 22.96
1559 67.67 66.94 43.22 34.97 25.86
1560 67.73 17.91 27.75 22.49 16.04
1561 67.65 32.70 32.98 33.92 21.33
1562 67.75 53.32 41.35 41.49 24.16
1563 67.56 87.61 22.32 27.23 9.20
1564 67.93 28.56 33.80 28.71 21.79
1565 67.76 30.65 34.63 32.81 22.86
1566 67.63 14.63 24.23 19.08 12.23
1567 67.98 41.34 41.55 38.82 22.45
1568 67.90 10.51 23.24 18.00 11.06
1569 68.24 24.63 30.78 27.29 21.22
1570 68.10 36.29 38.58 33.25 21.00
1571 67.97 44.63 40.16 38.75 21.93
1572 68.22 13.40 24.01 18.37 14.18
1573 68.20 46.55 41.85 40.26 22.52
1574 68.14 56.04 46.41 37.11 26.91
1575 68.52 19.91 27.40 23.17 18.65
1576 68.28 22.33 28.47 24.36 18.95
1577 68.30 60.96 47.23 37.66 30.22
1578 68.40 70.73 39.77 33.00 27.46
1579 68.38 38.98 40.41 33.48 23.60
1580 68.43 34.18 33.02 31.44 20.73
1581 68.17 11.32 25.75 13.00 10.25
1582 68.62 50.52 42.60 37.15 23.79
1583 68.66 74.77 40.09 32.00 24.19
1584 68.39 81.59 28.00 31.04 15.92
1585 68.66 64.94 42.97 36.44 31.00
1586 68.66 58.25 44.68 38.43 29.60
1587 68.68 68.22 40.16 34.15 27.31
1588 68.73 77.99 32.29 26.67 19.23
1589 68.59 83.79 27.79 26.05 13.97
1590 68.76 48.51 44.14 40.06 23.79
1591 68.74 43.52 42.02 34.06 23.76
1592 68.81 52.53 42.72 37.30 27.17
1593 68.87 80.58 33.47 25.58 15.97
1594 68.84 86.37 24.47 24.43 10.49
1595 68.99 27.28 33.13 27.37 21.63
1596 68.93 54.68 47.82 40.18 26.60
1597 68.93 31.74 34.47 31.44 24.83
1598 69.20 72.76 33.99 30.29 24.41
1599 69.00 41.53 38.11 34.70 22.98
1600 69.27 62.83 43.72 34.15 32.04
1601 69.18 29.39 34.60 28.19 23.27
1602 69.23 45.89 42.36 35.91 24.48
1603 69.24 35.78 37.67 34.33 25.76
1604 69.40 22.60 29.88 23.10 21.36
1605 69.31 37.78 41.09 33.05 26.16
1606 69.29 60.04 42.39 35.62 29.66
1607 69.44 25.28 32.73 26.31 24.23
1608 69.51 56.84 41.62 36.29 27.80
1609 69.59 13.78 23.12 17.33 14.42
1610 69.41 33.66 33.79 31.72 24.74
1611 69.52 39.80 40.09 33.47 24.58
1612 69.72 67.22 40.06 32.94 30.49
1613 69.68 76.43 36.01 29.65 25.88
1614 69.58 18.50 24.68 21.14 16.58
1615 69.72 69.81 36.74 29.98 29.56
1616 69.76 84.31 31.03 25.39 16.98
1617 69.75 43.86 42.47 34.74 27.97
1618 69.88 49.79 43.13 33.49 25.73
1619 70.04 87.31 20.96 22.64 10.75
1620 69.82 47.69 39.08 36.71 27.16
1621 69.85 52.36 43.06 34.89 26.17
1622 69.78 81.76 30.52 25.90 16.50
1623 70.52 19.93 26.19 20.67 19.15
1624 70.05 65.12 42.51 33.56 33.24
1625 70.24 16.24 25.60 20.17 20.08
1626 70.07 31.50 33.62 27.66 24.60
1627 70.04 54.50 43.39 35.14 28.88
1628 70.15 41.75 41.88 33.17 27.41
1629 70.12 80.47 30.33 22.82 18.18
1630 70.33 58.61 39.52 34.61 34.55
1631 70.46 78.64 29.99 24.95 19.81
1632 70.22 29.23 32.38 28.71 25.84
1633 70.22 36.54 36.57 31.82 26.90
1634 70.27 61.16 43.47 32.00 29.47
1635 70.34 72.37 37.81 29.53 27.04
1636 70.46 26.94 29.24 26.04 23.89
1637 70.34 33.85 34.90 31.96 26.78
1638 70.35 45.61 39.48 33.15 26.06
1639 70.41 23.86 29.54 24.66 19.52
1640 70.61 12.07 21.67 14.92 15.30
1641 70.50 38.96 40.89 30.04 26.54
1642 70.71 75.07 31.06 26.83 25.12
1643 70.79 63.32 40.44 33.86 33.69
1644 70.79 56.49 39.78 36.06 32.10
1645 70.75 51.13 41.43 35.04 27.53
1646 70.80 43.44 37.07 32.54 31.05
1647 70.83 47.71 36.28 31.49 26.39
1648 70.88 83.21 28.06 21.57 16.58
1649 70.73 85.58 26.92 20.92 13.29
1650 70.81 24.91 30.90 23.95 22.14
1651 71.05 67.28 37.16 29.17 35.59
1652 71.00 69.86 32.26 28.62 29.50
1653 70.82 17.78 24.45 19.73 21.09
1654 71.09 21.95 27.56 20.76 24.00
1655 71.16 32.21 33.20 27.97 30.51
1656 71.17 35.16 34.57 28.84 28.49
1657 71.16 53.88 41.31 33.22 29.26
1658 71.29 30.11 30.51 28.89 28.93
1659 71.11 40.86 37.69 31.42 28.28
1660 71.27 87.39 19.74 21.69 13.52
1661 71.30 60.08 43.54 32.92 35.36
1662 71.30 37.16 36.27 31.78 28.51
1663 71.47 49.54 40.57 32.72 28.81
1664 71.41 80.67 29.80 24.71 25.33
1665 71.55 15.08 21.68 17.28 18.38
1666 71.49 45.68 36.56 34.51 30.98
1667 71.54 27.79 30.97 25.72 29.64
1668 71.64 65.11 38.01 33.30 36.12
1669 71.55 72.36 33.70 28.04 28.84
1670 71.68 24.78 29.75 23.00 23.47
1671 71.70 39.21 33.98 31.37 34.90
1672 71.74 43.36 33.56 32.00 36.81
1673 71.72 52.02 40.29 33.48 29.95
1674 71.88 62.10 42.27 32.53 35.84
1675 71.88 85.81 24.74 19.11 14.60
1676 71.90 58.23 41.27 32.87 39.08
1677 71.97 75.19 32.58 26.49 29.64
1678 71.93 55.94 41.32 32.64 35.00
1679 71.98 33.75 35.32 30.24 31.24
1680 72.02 47.71 39.40 30.56 30.67
1681 71.90 77.55 28.37 22.46 22.95
1682 72.16 18.85 21.25 18.46 20.21
1683 71.79 19.93 23.11 18.78 21.89
1684 72.05 41.35 35.53 32.57 35.68
1685 72.09 21.91 27.28 20.11 23.67
1686 72.34 69.51 30.65 26.90 31.16
1687 72.60 83.29 26.82 20.91 19.18
1688 72.46 67.01 34.51 27.29 34.29
1689 72.33 31.69 29.08 26.22 33.78
1690 72.45 35.80 34.17 29.06 34.29
1691 72.45 53.82 38.67 30.69 32.23
1692 72.43 29.41 32.35 27.44 32.25
1693 72.41 37.77 35.69 29.58 34.69
1694 72.54 79.52 28.94 22.40 25.94
1695 72.64 44.75 37.59 32.65 37.61
1696 72.51 26.41 29.87 25.16 29.08
1697 72.58 51.13 39.04 33.24 31.96
1698 72.69 63.81 38.78 29.28 37.65
1699 72.67 73.13 32.75 25.21 31.90
1700 72.80 60.36 34.65 30.60 32.81
1701 72.71 14.06 19.67 15.59 17.59
1702 72.90 49.21 38.43 32.18 36.29
1703 72.93 23.58 24.62 23.03 26.88
1704 73.02 16.44 21.21 18.70 25.10
1705 72.94 42.79 35.27 30.04 38.37
1706 72.95 46.71 39.70 30.80 33.77
1707 72.96 40.35 35.61 30.81 39.33
1708 73.02 20.48 24.48 19.54 25.01
1709 73.12 58.24 38.86 31.97 42.79
1710 73.07 33.96 31.00 27.08 36.67
1711 73.07 55.99 41.04 32.92 41.25
1712 73.27 76.08 26.59 21.35 26.64
1713 73.34 71.18 33.79 28.46 36.28
1714 73.37 28.44 30.10 25.53 34.76
1715 73.35 31.85 30.12 25.54 38.34
1716 73.44 81.51 25.51 20.56 24.37
1717 73.40 38.23 31.18 30.86 40.36
1718 73.49 25.91 27.46 22.82 32.57
1719 73.62 53.65 38.60 30.09 36.80
1720 73.65 66.60 35.22 28.40 35.73
1721 73.71 78.80 27.53 21.30 26.68
1722 73.66 36.16 35.40 29.53 42.87
1723 73.64 51.34 38.33 31.27 35.16
1724 73.69 61.51 36.16 30.19 37.61
1725 73.88 18.56 21.20 19.31 27.69
1726 73.73 45.33 37.67 30.77 39.40
1727 73.83 63.88 38.12 27.71 40.12
1728 73.84 14.02 17.30 14.33 19.01
1729 73.83 48.08 39.60 31.00 38.30
1730 74.00 69.12 30.88 25.59 37.92
1731 73.89 42.61 34.71 28.80 44.68
1732 74.05 74.22 27.94 22.01 30.34
1733 73.98 40.52 32.93 30.98 43.29
1734 74.15 23.69 23.70 22.17 34.19
1735 74.16 30.41 29.81 26.12 39.22
1736 74.13 55.91 38.51 30.77 41.82
1737 74.16 85.95 15.60 16.46 14.40
1738 74.13 34.00 27.74 28.26 39.85
1739 74.26 58.41 38.66 31.46 39.96
1740 74.37 16.12 19.11 17.08 22.95
1741 74.43 27.82 30.12 24.78 39.48
1742 74.42 38.49 34.17 28.08 41.66
1743 74.61 83.45 21.39 17.67 21.86
1744 74.62 71.80 28.99 23.26 33.65
1745 74.71 50.50 38.25 29.45 36.42
1746 74.66 44.11 33.73 30.82 43.58
1747 74.71 65.44 33.50 25.16 38.55
1748 74.71 35.77 31.64 29.51 46.36
1749 74.72 46.59 37.04 28.41 42.25
1750 74.86 52.45 37.98 31.53 40.56
1751 74.72 61.21 38.37 31.18 46.07
1752 74.71 12.15 17.34 15.52 20.02
1753 74.76 32.61 29.04 27.13 45.15
1754 74.72 78.26 27.27 22.92 34.97
1755 74.80 25.87 25.26 21.89 33.44
1756 74.89 48.62 37.74 27.61 38.48
1757 74.85 41.67 32.82 30.96 44.94
1758 75.11 20.50 19.14 19.48 31.20
1759 75.06 54.55 35.22 28.53 41.02
1760 75.12 67.83 30.11 24.68 39.10
1761 75.21 81.00 23.74 19.36 29.59
1762 75.27 63.56 31.19 28.85 40.57
1763 75.21 18.14 19.08 17.27 28.03
1764 75.30 75.96 25.07 21.48 30.80
1765 75.22 29.18 27.95 23.93 39.80
1766 75.39 56.96 34.39 28.69 41.59
1767 75.36 59.39 33.93 29.84 42.95
1768 75.39 39.70 33.30 29.00 44.37
1769 75.49 14.77 17.76 15.73 24.25
1770 75.51 23.75 21.44 20.40 33.04
1771 75.44 37.48 30.29 29.57 46.25
1772 75.67 73.41 28.61 22.88 41.25
1773 75.65 31.12 27.92 26.53 47.33
1774 75.65 45.51 32.53 28.27 41.76
1775 75.80 70.22 28.73 24.47 37.76
1776 75.77 43.51 31.40 30.88 45.75
1777 75.89 35.17 29.81 29.15 50.88
1778 75.86 33.16 28.70 25.22 54.20
1779 75.87 26.05 26.21 23.66 42.71
1780 75.90 49.31 31.37 31.96 43.30
1781 76.12 79.16 23.68 19.39 29.16
1782 76.11 61.49 33.15 26.65 46.92
1783 76.00 41.53 34.79 30.15 45.92
1784 76.15 47.33 32.02 29.14 41.22
1785 76.30 51.11 34.20 28.31 42.46
1786 76.21 66.58 30.27 26.49 44.07
1787 76.21 53.09 35.18 28.88 44.66
1788 76.18 55.33 33.56 30.98 45.24
1789 76.28 82.96 16.14 16.59 23.96
1790 76.30 28.13 24.57 21.46 40.68
1791 76.39 21.85 18.50 20.06 34.15
1792 76.48 16.56 17.40 16.14 28.69
1793 76.37 19.40 17.97 18.94 31.86
1794 76.41 58.55 31.90 28.04 47.84
1795 76.42 39.24 26.10 26.36 48.04
1796 76.64 13.72 16.11 15.25 24.56
1797 76.65 64.08 30.65 26.16 48.30
1798 76.57 37.03 30.19 27.68 53.32
1799 76.79 76.75 23.40 19.59 31.89
1800 76.68 30.49 25.37 24.98 45.35
1801 76.92 73.52 26.77 20.65 38.02
1802 76.78 43.29 28.55 28.42 42.48
1803 76.90 45.77 28.49 29.29 45.66
1804 76.91 33.56 28.30 26.79 47.89
1805 77.15 23.55 20.53 20.95 38.19
1806 77.07 70.75 27.19 23.18 40.24
1807 76.99 25.89 22.48 23.03 42.50
1808 77.03 81.21 21.37 17.04 28.08
1809 77.10 40.86 32.08 29.96 47.24
1810 77.13 48.57 30.16 31.02 48.19
1811 77.27 68.20 28.01 24.74 43.84
1812 77.25 54.52 32.98 26.07 47.93
1813 77.31 56.72 32.13 29.16 52.00
1814 77.38 61.66 29.62 25.57 49.35
1815 77.36 35.59 29.02 26.63 46.30
1816 77.48 52.49 28.76 28.09 51.82
1817 77.46 28.68 21.71 24.16 41.03
1818 77.47 18.84 19.76 18.86 38.10
1819 77.49 38.81 28.41 26.29 48.77
1820 77.52 59.04 30.58 26.27 51.93
1821 77.58 31.67 24.16 25.47 47.35
1822 77.63 50.50 30.98 28.00 45.81
1823 77.75 79.11 21.87 17.20 28.63
1824 77.70 42.53 28.76 27.88 49.06
1825 77.77 65.83 27.92 24.99 43.92
1826 77.75 44.56 29.00 28.21 47.51
1827 77.98 16.38 17.09 15.48 33.13
1828 77.99 21.62 18.79 19.47 36.26
1829 77.99 46.94 31.63 29.63 48.00
1830 78.09 26.63 20.95 21.86 42.33
1831 78.07 37.09 24.48 27.06 48.48
1832 78.10 33.71 25.35 26.15 45.43
1833 78.19 74.23 24.78 21.83 37.54
1834 78.30 63.68 26.47 24.60 49.16
1835 78.55 77.04 20.65 18.12 34.31
1836 78.36 24.17 19.80 21.07 39.90
1837 78.41 71.16 24.88 21.27 39.53
1838 78.47 55.15 30.89 28.23 52.14
1839 78.48 49.06 30.57 29.31 52.89
1840 78.49 29.30 22.48 24.32 50.45
1841 78.54 39.50 26.94 28.94 49.41
1842 78.53 60.19 29.80 28.10 53.04
1843 78.58 41.31 28.18 30.24 49.38
1844 78.57 68.40 28.70 23.53 47.53
1845 78.65 57.50 28.02 26.73 49.06
1846 78.61 19.30 17.04 19.13 36.53
1847 78.57 31.61 24.63 25.20 52.13
1848 78.72 35.28 26.96 26.98 49.32
1849 78.70 52.54 30.73 29.70 58.17
1850 78.75 45.17 27.54 27.74 50.14
1851 79.04 43.22 28.61 30.33 50.22
1852 79.15 27.50 18.92 21.13 40.63
1853 79.10 37.58 24.83 26.94 50.75
1854 79.16 62.13 29.43 25.32 52.63
1855 79.17 65.75 23.77 21.45 44.44
1856 79.45 17.21 16.38 16.36 35.19
1857 79.40 50.75 28.55 27.03 56.19
1858 79.42 33.21 21.10 24.17 42.14
1859 79.33 47.75 28.91 26.96 54.48
1860 79.42 22.39 19.06 19.06 43.22
1861 79.46 25.06 20.01 21.15 40.18
1862 79.46 73.68 21.49 21.44 37.19
1863 79.75 78.93 16.68 16.41 30.80
1864 79.45 30.52 21.45 25.09 45.38
1865 79.57 54.27 28.53 26.65 53.72
1866 79.70 58.62 27.61 27.50 51.18
1867 79.70 70.83 22.61 19.45 41.76
1868 79.76 19.91 19.03 18.67 43.54
1869 79.69 39.29 23.44 27.02 58.68
1870 79.80 35.54 22.54 24.12 51.68
1871 79.74 45.76 25.20 28.30 50.59
1872 79.82 41.24 25.61 27.88 50.24
1873 79.91 76.31 20.34 18.53 36.40
1874 79.88 68.37 25.11 23.64 47.94
1875 80.02 56.52 29.11 27.23 55.06
1876 80.08 43.17 24.12 27.27 46.73
1877 80.21 60.65 24.88 24.36 51.98
1878 80.20 63.11 24.59 23.55 49.70
1879 80.14 27.45 20.38 22.48 48.46
1880 80.22 37.71 22.63 26.63 57.56
1881 80.31 49.06 27.63 27.31 59.37
1882 80.40 52.84 26.04 25.80 56.58
1883 80.44 65.77 24.87 24.60 55.00
1884 80.34 30.72 19.95 23.00 49.20
1885 80.56 24.17 18.70 20.00 42.22
1886 80.58 47.24 29.27 27.32 57.43
1887 80.74 50.91 26.59 26.66 56.85
1888 80.62 72.81 20.98 19.07 41.46
1889 80.68 34.05 20.87 24.33 52.69
1890 80.73 44.86 24.98 26.31 50.75
1891 80.84 21.52 16.41 17.29 37.18
1892 80.83 18.59 13.76 15.31 35.02
1893 80.82 40.01 23.89 27.02 53.13
1894 80.97 54.81 25.81 27.09 54.86
1895 81.02 28.59 19.20 21.31 48.96
1896 81.01 36.02 22.71 23.10 57.67
1897 81.02 68.17 24.50 22.15 44.85
1898 81.15 76.47 17.82 16.54 32.35
1899 81.12 42.23 23.80 25.55 57.59
1900 81.24 59.45 25.43 24.35 56.43
1901 81.29 57.02 24.96 25.31 57.25
1902 81.31 26.13 19.18 20.87 49.87
1903 81.22 38.03 21.98 26.50 55.68
1904 81.30 32.74 21.62 24.51 51.31
1905 81.32 64.22 21.82 23.59 51.32
1906 81.53 70.70 24.09 20.47 43.58
1907 81.37 30.70 22.27 24.88 49.08
1908 81.70 61.83 23.14 23.01 52.80
1909 81.57 46.35 25.14 27.38 54.90
1910 81.72 48.51 26.27 25.01 53.48
1911 81.83 53.44 25.53 25.99 58.10
1912 81.75 73.72 20.32 18.75 46.22
1913 81.84 23.15 16.14 19.55 40.31
1914 81.91 43.98 21.77 25.77 52.25
1915 81.90 51.21 25.05 25.72 59.13
1916 82.06 18.00 14.28 16.35 36.11
1917 81.99 34.59 19.35 25.27 50.38
1918 82.01 39.43 23.96 24.60 49.35
1919 82.05 67.35 22.08 23.31 52.99
1920 82.18 20.63 15.32 17.66 37.44
1921 82.19 27.70 18.31 20.71 45.97
1922 82.18 36.88 18.35 23.80 52.58
1923 82.17 41.68 21.64 26.74 54.88
1924 82.36 32.12 19.17 23.55 46.45
1925 82.52 24.95 15.72 20.16 37.22
1926 82.41 29.99 20.66 23.14 50.12
1927 82.50 55.93 25.15 25.78 60.16
1928 82.46 64.81 22.14 22.66 52.21
1929 82.45 58.21 23.29 25.25 54.18
1930 82.51 75.94 17.28 18.09 36.13
1931 82.60 45.96 23.47 27.45 59.82
1932 82.82 72.66 19.23 18.57 39.94
1933 82.74 49.70 23.90 24.95 59.47
1934 82.79 60.65 23.72 23.91 56.29
1935 82.92 69.74 19.95 19.80 45.74
1936 83.08 43.25 23.25 24.58 57.71
1937 83.13 53.92 22.48 24.44 55.95
1938 83.10 38.27 20.65 23.78 55.08
1939 83.18 33.18 20.57 23.74 52.02
1940 83.10 35.42 20.56 24.47 51.17
1941 83.16 40.69 21.79 24.26 56.34
1942 83.29 51.78 21.87 24.30 54.25
1943 83.26 47.63 21.87 24.50 53.47
1944 83.32 63.09 21.71 23.77 60.80
1945 83.33 22.79 15.02 17.30 38.05
1946 83.30 66.97 21.60 22.66 54.75
1947 83.30 28.63 17.30 22.13 45.62
1948 83.45 20.08 13.38 15.89 34.57
1949 83.44 26.43 17.57 19.72 43.49
1950 83.59 30.93 19.53 20.54 53.63
1951 83.68 58.54 24.23 24.07 54.99
1952 83.66 45.07 22.70 25.42 58.06
1953 83.69 75.90 14.88 15.33 31.23
1954 83.97 55.91 21.62 24.25 58.04
1955 84.17 49.13 21.16 25.00 53.48
1956 84.13 37.18 18.07 23.68 51.30
1957 84.08 73.44 17.16 17.69 40.14
1958 84.14 41.88 22.24 25.33 53.91
1959 84.16 61.28 20.21 22.86 54.36
1960 84.17 65.12 19.29 20.17 48.58
1961 84.19 35.07 18.25 23.23 48.06
1962 84.44 71.11 18.48 18.91 40.99
1963 84.22 24.50 15.09 18.78 42.55
1964 84.25 39.46 21.45 25.64 56.02
1965 84.32 68.53 19.99 19.36 44.99
1966 84.34 32.85 20.11 22.61 50.26
1967 84.42 28.89 17.60 19.89 48.44
1968 84.58 53.74 20.07 23.66 55.67
1969 84.60 45.85 21.39 24.31 53.98
1970 84.60 51.36 21.03 24.03 58.88
1971 84.70 20.08 13.58 15.75 37.75
1972 84.75 22.37 14.41 17.49 41.66
1973 84.80 43.66 21.09 23.46 55.35
1974 84.78 26.54 16.97 20.31 41.41
1975 84.98 30.60 16.90 22.27 44.22
1976 84.95 57.66 22.21 23.26 56.24
1977 85.20 47.55 20.46 23.69 52.75
1978 85.29 60.10 19.45 22.49 52.80
1979 85.26 62.87 20.63 23.18 57.00
1980 85.24 40.65 19.34 23.48 49.25
1981 85.28 35.03 17.94 23.13 47.27
1982 85.27 37.83 18.76 23.91 52.29
1983 85.37 65.71 19.14 22.27 50.52
1984 85.51 32.64 17.30 21.77 47.50
1985 85.57 55.62 19.18 22.81 53.74
1986 85.58 68.51 18.10 19.52 47.05
1987 85.56 73.08 16.01 16.77 36.66
1988 85.72 24.05 13.67 17.84 38.52
1989 85.76 49.70 20.02 25.50 54.27
1990 85.71 52.19 19.39 24.38 50.26
1991 85.85 27.07 16.48 18.30 46.51
1992 86.02 29.04 15.28 21.43 43.64
1993 85.93 43.21 19.69 23.68 49.92
1994 86.09 45.59 18.74 23.20 48.34
1995 86.23 70.71 16.00 17.72 42.57
1996 86.25 21.43 11.51 16.38 32.94
1997 86.31 36.70 16.52 23.83 51.22
1998 86.30 30.94 15.88 20.87 43.96
1999 86.44 57.92 18.53 23.06 45.36
2000 86.45 53.91 19.85 23.20 50.78
2001 86.43 41.08 18.55 24.21 50.66
2002 86.39 34.51 19.95 23.33 55.51
2003 86.46 38.88 18.77 24.14 49.00
2004 86.48 64.07 18.33 21.25 48.26
2005 86.52 47.90 20.16 25.03 55.38
2006 86.62 60.91 19.24 22.18 48.05
2007 86.71 67.15 16.79 18.47 41.95
2008 86.83 50.93 20.60 22.58 52.38
2009 86.82 25.40 14.24 18.11 38.97
2010 87.03 32.42 16.77 21.94 44.71
2011 87.16 23.23 11.80 17.06 36.77
2012 87.14 44.45 19.53 23.66 47.52
2013 87.21 27.50 14.43 19.57 44.07
2014 87.39 55.58 19.13 24.16 48.52
2015 87.40 42.32 17.84 23.37 43.00
2016 87.43 29.84 14.97 19.56 41.56
2017 87.53 46.79 18.64 24.77 48.78
2018 87.60 34.79 17.50 23.36 47.92
2019 87.61 36.88 17.38 23.92 44.71
2020 87.59 70.50 13.11 17.07 34.28
2021 87.62 39.10 18.16 22.03 43.94
2022 87.61 63.76 18.85 20.33 52.74
2023 87.86 60.21 19.23 23.07 49.36
2024 87.79 67.46 17.59 18.96 50.74
2025 87.99 48.85 19.75 23.85 46.86
2026 87.95 53.39 20.32 23.82 48.86
2027 88.14 51.22 18.51 23.62 45.68
2028 88.25 25.19 12.30 17.54 34.20
2029 88.25 32.85 16.00 19.57 41.74
2030 88.34 41.01 17.62 22.95 47.44
2031 88.35 27.88 14.28 18.11 37.75
2032 88.36 44.57 18.03 24.73 46.16
2033 88.60 30.68 15.54 19.67 39.33
2034 88.58 62.33 15.68 21.05 42.71
2035 88.66 65.74 15.75 19.12 41.77
2036 88.65 69.34 13.43 16.72 35.40
2037 88.91 55.53 18.42 23.10 40.11
2038 88.92 37.30 15.84 21.20 42.16
2039 88.95 46.78 18.26 22.47 46.07
2040 89.00 35.09 15.01 21.40 42.34
2041 89.13 39.31 16.67 23.84 42.05
2042 89.13 42.89 18.85 24.78 43.59
2043 89.16 58.84 18.12 22.23 44.44
2044 89.36 49.19 16.85 24.26 44.94
2045 89.36 26.29 12.45 17.33 32.51
2046 89.42 51.67 18.93 22.24 50.03
2047 89.45 28.63 13.07 18.80 34.69
2048 89.60 32.95 15.65 19.76 40.03
2049 89.64 63.79 15.36 20.40 41.22
2050 89.70 68.48 13.72 18.22 37.48
2051 89.83 53.90 18.56 22.96 45.08
2052 89.80 61.39 15.90 19.53 40.30
2053 89.82 30.75 13.80 18.96 40.61
2054 89.90 41.03 16.74 24.95 44.19
2055 89.94 44.59 18.00 23.18 48.38
2056 90.11 66.32 13.39 17.56 39.18
2057 90.18 37.14 14.49 21.72 40.31
2058 90.16 57.72 17.89 23.39 43.53
2059 89.83 64.98 15.67 18.78 46.00
2060 90.35 46.71 15.67 22.53 40.80
2061 90.32 35.10 14.83 21.20 37.68
2062 90.63 39.20 15.22 21.25 36.28
2063 90.64 26.50 12.78 16.25 29.65
2064 90.65 49.72 16.52 23.78 46.80
2065 90.66 28.68 12.40 17.41 35.78
2066 90.76 55.75 17.70 22.07 46.92
2067 90.73 42.83 16.57 21.52 43.33
2068 90.88 52.20 16.58 21.18 38.26
2069 90.86 60.18 17.01 21.16 44.47
2070 90.86 31.21 13.92 18.95 34.57
2071 91.05 63.60 15.41 19.09 38.90
2072 91.09 33.54 14.08 20.26 38.52
2073 91.33 66.76 12.76 16.77 30.72
2074 91.50 48.28 15.89 21.55 37.65
2075 91.76 45.59 17.12 21.51 38.11
2076 91.64 40.49 14.59 21.58 34.03
2077 91.68 57.99 16.00 20.05 36.38
2078 91.65 37.53 15.52 21.49 34.39
2079 91.80 35.25 14.09 20.16 29.75
2080 91.75 29.33 12.69 16.61 30.64
2081 91.79 54.81 17.03 22.42 43.69
2082 91.96 42.88 15.65 21.60 36.85
2083 92.13 61.63 13.13 18.81 35.12
2084 92.01 32.16 13.32 18.19 35.76
2085 92.16 52.58 16.56 21.92 42.04
2086 92.32 64.66 12.80 17.84 32.06
2087 92.61 39.12 15.24 20.25 35.16
2088 92.63 48.30 17.31 21.03 36.85
2089 92.92 50.85 15.92 21.49 37.42
2090 92.83 59.44 14.80 20.62 37.58
2091 92.92 56.27 15.00 19.58 33.04
2092 92.96 33.86 13.47 18.27 32.19
2093 92.91 36.22 15.29 19.43 33.81
2094 93.04 31.47 12.13 17.49 28.54
2095 92.99 44.34 15.26 20.65 32.32
2096 93.49 40.58 13.66 20.55 32.95
2097 93.36 63.13 12.21 18.31 29.51
2098 93.56 47.24 15.97 22.13 32.44
2099 93.57 53.42 15.41 21.69 33.21
2100 93.84 37.82 13.68 19.04 28.80
2101 94.05 42.77 14.44 19.70 31.57
2102 93.93 58.54 14.63 19.33 39.63
2103 94.18 49.76 15.64 21.02 34.23
2104 94.21 33.31 11.61 16.41 26.08
2105 94.31 61.35 12.62 17.01 28.98
2106 94.27 45.64 15.32 19.88 30.51
2107 94.45 56.34 13.41 19.18 33.86
2108 94.59 35.87 13.21 18.65 28.08
2109 94.78 40.08 13.85 18.99 30.88
2110 95.20 51.41 14.42 18.45 32.20
2111 95.14 59.69 13.42 18.18 26.33
2112 95.27 44.49 14.57 18.85 31.00
2113 95.32 48.28 13.07 18.79 26.78
2114 95.12 53.98 13.34 18.11 32.57
2115 95.55 37.98 11.99 18.20 24.82
2116 95.76 41.31 12.99 17.41 24.44
2117 95.93 55.67 13.16 18.17 31.09
2118 96.05 58.34 11.40 16.01 25.67
2119 96.45 46.98 13.40 17.70 27.23
2120 96.54 52.94 12.21 17.41 25.98
2121 96.49 43.97 12.36 17.82 23.71
2122 96.28 41.94 11.64 16.21 22.64
2123 96.67 50.23 12.52 17.45 31.06
2124 97.75 47.29 11.41 14.97 20.41

