#<Embryo name> <Cleavage cycle> <Temporal class> <Genes>
ca8 14A 2 even-skipped Kruppel giant

#Data without background
#Normalization coefficients: <gene> <a0> <a1> <a2> <a3> <a4> <a5>
eve -0.020981 -0.020981 2.043353 2.043353 -39.65824 0.0
Kr  -0.012325 -0.014478 1.313814 1.4713 -30.842882 -0.00109
gt  -0.004767 -0.011581 0.32642 0.811196 -2.105472 0.005719
#Normalization formula: intensity_norm = 255 * (intensity - (a0*x^2 + a1*y^2 + a2*x + a3*y + a4 + a5*x*y)) / (255 - (a0*x^2 + a1*y^2 + a2*x + a3*y + a4 + a5*x*y))
#<Nucleus number> <A-P coordinate> <D-V coordinate> <Fluorescence intensity: channel 1 - eve, channel 2 - Kr, channel 3 - gt>
0 1.73 46.46 0.30 0.54 0.00
1 2.10 47.74 0.55 0.78 0.00
2 2.37 44.99 1.17 1.25 0.00
3 2.67 51.30 0.01 0.00 0.00
4 2.63 46.67 0.21 1.12 0.00
5 2.83 47.83 0.85 0.00 0.00
6 3.18 41.09 0.25 0.73 0.00
7 3.20 49.58 0.00 0.84 0.00
8 3.58 53.49 0.00 0.67 0.00
9 3.33 47.90 1.53 0.00 0.00
10 4.01 48.93 0.36 0.00 0.00
11 3.76 40.48 1.11 1.36 0.00
12 4.12 47.42 0.00 0.20 0.00
13 3.79 46.48 1.32 0.71 0.00
14 3.93 51.45 0.00 0.77 0.00
15 4.18 42.09 0.23 0.87 0.00
16 4.04 44.93 0.62 1.23 0.00
17 4.35 57.52 0.00 0.00 0.25
18 4.08 54.52 0.83 0.63 0.00
19 4.57 55.55 0.19 0.43 0.05
20 4.63 36.46 0.00 1.85 0.00
21 4.41 52.90 0.00 0.00 0.18
22 4.68 51.57 0.00 0.27 0.00
23 5.07 45.40 1.09 0.00 0.00
24 5.06 39.75 0.00 1.23 0.00
25 5.03 49.60 0.99 0.00 0.00
26 4.80 52.55 1.90 0.00 1.78
27 4.91 42.98 0.72 0.00 0.00
28 5.64 42.54 0.59 0.31 0.00
29 5.37 53.85 0.74 0.11 2.02
30 5.45 56.23 0.00 0.48 0.62
31 5.74 51.51 0.00 0.00 0.00
32 5.68 48.52 1.53 0.00 0.00
33 6.19 47.28 0.00 0.05 0.00
34 6.00 57.45 0.00 0.00 2.46
35 6.79 40.60 0.17 0.00 0.00
36 6.18 59.31 0.00 1.05 2.88
37 5.87 44.77 0.00 4.73 0.00
38 6.76 44.73 0.36 0.69 0.00
39 6.78 49.71 0.00 1.60 1.32
40 6.71 57.77 0.00 1.50 1.93
41 6.76 42.54 0.13 2.94 0.00
42 6.90 47.90 0.00 0.00 0.63
43 7.07 52.38 0.00 0.00 0.92
44 7.07 61.39 0.00 0.06 3.62
45 7.30 35.02 0.00 0.98 0.00
46 7.60 54.65 0.00 0.29 2.32
47 7.62 49.50 0.00 0.00 0.64
48 7.88 36.42 0.00 0.00 0.00
49 8.06 38.47 0.00 0.00 0.00
50 8.09 45.40 0.00 0.47 0.00
51 8.00 59.09 0.00 0.00 5.91
52 8.22 31.80 0.00 0.24 0.00
53 8.17 56.27 0.00 0.00 3.84
54 8.31 43.36 0.00 0.00 0.00
55 8.23 52.52 0.00 1.37 3.58
56 8.12 50.83 0.92 0.19 1.03
57 8.29 33.82 0.00 0.31 0.00
58 8.59 35.03 0.00 0.34 0.00
59 8.57 49.71 0.00 0.00 2.14
60 8.48 46.43 0.00 0.00 1.36
61 8.79 60.37 0.00 0.12 6.52
62 8.94 64.42 0.00 0.36 8.46
63 9.20 56.74 0.00 0.71 7.68
64 9.19 62.47 0.00 0.83 9.30
65 9.10 37.59 1.07 0.00 2.43
66 9.29 44.25 0.00 0.00 0.34
67 9.17 35.31 0.00 0.30 0.00
68 9.30 40.08 0.00 1.89 1.91
69 9.48 51.10 0.00 0.00 4.23
70 9.61 46.88 0.00 0.11 3.56
71 9.36 54.33 0.00 0.00 4.56
72 9.90 59.40 0.00 0.00 8.88
73 9.78 32.81 0.00 1.01 1.37
74 9.76 53.00 0.00 0.00 4.98
75 9.70 61.24 0.00 0.00 7.26
76 10.07 34.76 0.00 0.00 1.78
77 9.96 41.79 0.00 1.47 3.55
78 10.07 57.42 0.00 0.00 8.16
79 10.23 64.10 0.00 0.17 15.85
80 10.49 45.93 0.00 0.00 2.60
81 10.86 54.50 0.00 0.37 11.03
82 10.58 27.70 0.00 0.79 0.00
83 10.88 39.12 0.00 0.00 4.62
84 10.79 61.74 0.00 0.69 12.77
85 10.74 56.66 0.00 0.00 9.01
86 10.51 42.36 0.00 0.00 3.11
87 10.94 51.55 0.00 0.00 10.73
88 10.82 49.65 0.00 0.00 4.86
89 11.11 66.49 0.00 1.02 19.99
90 11.00 41.43 0.00 0.12 7.26
91 11.48 59.27 0.00 0.00 15.82
92 11.30 31.82 0.00 0.00 8.64
93 11.72 28.88 0.00 0.41 6.35
94 11.72 48.27 0.00 1.68 12.54
95 11.51 52.81 0.00 2.18 15.32
96 11.70 57.11 0.00 0.00 15.44
97 11.80 43.57 0.00 0.00 11.21
98 11.94 50.38 0.00 0.00 12.78
99 11.86 63.83 0.00 0.14 23.01
100 11.71 25.73 0.00 0.27 8.64
101 11.95 45.95 0.00 0.00 10.85
102 12.02 61.51 0.00 0.17 23.45
103 12.15 55.28 0.00 0.00 16.58
104 12.37 33.84 0.00 0.32 11.21
105 12.42 39.16 0.00 0.00 11.60
106 12.28 68.27 0.00 0.92 31.18
107 12.16 53.04 0.00 0.26 15.10
108 12.49 36.48 0.00 0.00 9.25
109 12.36 25.33 0.00 0.00 10.37
110 12.60 41.52 0.00 0.00 14.12
111 12.80 31.12 0.00 0.10 11.13
112 12.81 65.79 0.00 0.45 33.48
113 13.06 57.40 0.00 0.00 24.28
114 13.09 27.48 0.00 0.00 15.67
115 12.99 59.52 0.00 0.00 27.04
116 13.08 44.63 0.00 0.00 19.71
117 13.15 47.80 0.00 0.33 26.24
118 13.09 52.58 0.00 0.00 23.90
119 13.28 50.20 0.00 0.00 23.81
120 13.28 62.72 0.00 0.00 30.08
121 13.25 70.51 0.00 0.49 41.83
122 13.45 55.32 0.00 0.47 29.11
123 13.49 24.82 0.00 0.07 17.51
124 13.65 34.39 0.00 0.38 19.85
125 13.77 42.48 0.00 0.70 27.81
126 13.69 37.23 0.00 0.00 18.00
127 13.88 39.76 0.00 0.00 27.59
128 13.94 67.92 0.00 0.49 45.25
129 13.98 46.22 0.00 0.00 28.29
130 14.07 30.25 0.00 0.35 28.91
131 14.16 60.00 0.00 0.00 40.31
132 14.22 64.82 0.80 0.00 43.83
133 14.24 53.20 0.00 1.33 35.95
134 14.47 32.64 0.00 0.00 32.48
135 14.42 49.56 0.00 0.83 37.80
136 14.63 27.73 0.00 0.24 31.01
137 14.75 62.12 0.00 1.32 49.16
138 14.90 57.93 0.00 0.00 46.57
139 14.77 21.89 0.50 1.43 30.69
140 14.90 44.56 0.00 0.57 50.55
141 14.71 55.47 0.00 0.00 44.65
142 14.79 37.01 0.00 0.00 32.11
143 14.90 24.80 0.00 0.48 30.59
144 14.85 70.39 2.13 0.63 58.37
145 15.12 47.22 0.00 0.00 40.52
146 14.99 35.04 0.00 0.00 36.53
147 15.05 41.85 0.00 0.58 43.94
148 15.22 39.27 0.00 0.00 45.64
149 15.26 51.64 0.00 1.14 52.92
150 15.29 66.77 0.82 0.00 53.41
151 15.39 73.94 0.00 0.72 46.90
152 15.55 31.21 0.00 0.00 43.39
153 15.58 63.85 1.09 0.00 55.43
154 15.69 60.01 0.00 0.00 57.04
155 15.57 34.42 0.00 0.00 40.14
156 15.81 53.75 0.00 0.42 56.59
157 15.82 49.46 0.00 1.10 52.83
158 15.83 56.06 0.00 1.13 63.89
159 16.08 28.81 0.00 0.00 47.78
160 16.04 69.17 5.40 0.96 67.15
161 16.12 25.96 0.00 0.00 48.30
162 16.23 71.59 2.48 1.21 63.13
163 16.10 21.65 0.00 0.56 43.40
164 16.17 37.09 0.00 0.45 56.38
165 16.22 43.03 0.00 0.26 59.54
166 16.36 40.33 0.00 0.07 58.15
167 16.31 45.37 0.00 0.00 63.26
168 16.56 34.23 0.00 0.00 56.93
169 16.74 47.58 0.00 0.00 63.04
170 16.22 61.03 0.00 0.00 61.77
171 16.70 57.47 1.24 1.80 72.54
172 16.77 61.91 0.00 0.00 66.91
173 16.73 64.63 2.66 0.00 67.04
174 16.79 67.18 3.28 0.59 65.98
175 17.08 23.90 0.00 0.00 55.30
176 16.84 73.64 3.49 1.00 65.18
177 16.95 31.86 0.00 0.00 67.56
178 17.06 52.68 0.00 0.63 67.08
179 17.01 50.60 0.00 0.44 67.06
180 17.22 54.91 0.00 0.00 70.72
181 17.24 59.45 1.85 0.00 79.28
182 17.35 27.25 0.00 0.17 62.63
183 17.45 37.39 0.00 0.47 74.23
184 17.46 42.34 0.00 0.00 78.27
185 17.53 69.83 7.11 0.00 74.51
186 17.62 21.02 0.87 0.31 57.10
187 17.75 29.86 0.00 1.17 79.05
188 17.63 45.04 0.00 0.00 69.84
189 17.63 39.95 0.00 0.00 80.15
190 17.51 76.04 4.67 0.45 64.23
191 17.83 34.30 0.00 0.00 72.14
192 17.86 48.70 0.00 0.00 79.48
193 17.93 62.85 4.06 0.35 82.31
194 18.12 65.20 5.40 1.32 84.82
195 17.91 74.59 3.83 1.46 67.06
196 18.10 57.12 1.62 0.00 84.69
197 18.14 67.54 5.69 3.11 80.45
198 18.13 71.96 7.08 0.74 76.70
199 18.26 60.50 4.66 0.00 81.70
200 18.54 18.87 1.92 0.76 63.11
201 18.39 50.73 0.04 0.00 78.85
202 18.60 31.96 0.00 0.00 79.05
203 18.55 52.83 1.90 0.00 82.14
204 18.54 24.37 1.22 0.00 75.73
205 18.17 42.80 0.22 2.15 88.70
206 18.61 46.83 0.46 0.51 88.86
207 18.56 54.98 2.30 1.73 83.66
208 18.63 27.17 2.95 0.00 82.80
209 18.79 36.01 0.00 0.00 89.83
210 18.78 38.55 0.32 0.00 90.30
211 18.80 43.42 0.00 0.25 93.12
212 19.03 40.91 0.52 0.00 93.57
213 18.95 76.00 11.47 2.16 79.88
214 19.08 68.91 6.73 1.04 87.69
215 19.15 73.42 7.04 0.38 82.48
216 19.19 58.08 6.99 1.74 87.95
217 19.26 22.16 1.34 0.02 72.86
218 19.25 29.53 1.13 0.00 93.18
219 19.26 48.86 1.84 0.00 94.49
220 19.31 64.06 9.75 2.03 92.67
221 19.44 61.94 7.56 1.17 92.29
222 19.55 33.91 0.00 0.00 89.25
223 19.51 45.13 2.84 0.00 100.99
224 19.49 59.92 5.75 0.00 92.49
225 19.73 66.13 10.10 0.39 87.40
226 19.63 70.77 10.49 1.05 89.31
227 19.65 16.92 2.32 0.43 66.80
228 19.71 55.90 8.43 1.27 102.32
229 19.83 51.27 5.30 0.04 97.66
230 19.88 26.04 1.05 0.00 88.15
231 19.86 53.51 3.41 0.00 94.99
232 19.98 77.66 11.41 2.69 75.63
233 19.95 37.98 0.02 0.00 111.23
234 20.18 42.59 0.00 0.00 97.25
235 20.17 20.11 3.13 0.72 76.94
236 20.22 31.48 0.00 0.00 101.81
237 20.34 23.41 2.01 0.00 88.48
238 20.32 46.84 2.29 0.54 105.78
239 20.44 28.57 0.21 0.00 101.37
240 20.49 35.77 0.00 0.00 109.25
241 20.33 74.66 14.51 1.51 91.91
242 20.54 40.39 1.50 0.00 101.03
243 20.37 67.89 12.44 0.57 94.93
244 20.54 49.19 4.70 0.13 107.12
245 20.52 58.20 13.32 1.58 107.82
246 20.62 62.98 15.93 2.15 104.95
247 20.70 60.44 7.96 0.00 100.38
248 20.65 72.12 16.72 0.00 99.37
249 20.88 44.55 5.34 0.00 103.33
250 21.01 17.80 5.03 1.35 86.19
251 21.10 33.43 3.19 0.00 118.53
252 20.90 53.96 6.55 0.57 106.01
253 21.04 56.05 13.64 0.43 110.67
254 21.09 64.90 19.15 2.39 111.60
255 21.12 69.64 16.54 0.37 100.85
256 21.10 38.16 3.08 0.00 116.50
257 21.21 78.58 18.36 1.63 76.65
258 21.25 51.15 14.03 0.00 113.45
259 21.35 25.76 5.51 0.00 109.12
260 21.51 47.73 6.54 0.36 115.78
261 21.46 76.06 22.70 0.25 87.27
262 21.60 20.91 2.73 0.00 85.67
263 21.59 30.95 5.32 0.55 138.75
264 21.63 42.59 5.25 0.00 113.75
265 21.64 66.97 18.71 1.59 105.15
266 21.82 23.36 6.71 0.00 104.37
267 21.74 61.47 17.33 1.92 108.07
268 21.76 28.35 5.53 1.88 127.08
269 21.78 57.55 17.75 2.32 114.16
270 21.81 73.49 19.61 0.29 92.42
271 21.84 35.56 4.45 0.00 128.24
272 21.87 45.52 6.60 0.25 115.84
273 21.97 40.31 4.90 0.00 117.40
274 21.92 53.07 12.52 1.24 120.40
275 22.13 59.42 21.23 2.58 122.01
276 22.25 16.44 6.51 0.84 80.56
277 22.12 70.66 25.56 1.52 102.21
278 22.24 63.37 23.66 1.30 112.75
279 22.24 55.13 15.32 1.26 124.74
280 22.26 80.72 25.18 2.18 74.74
281 22.23 38.16 4.67 0.67 126.64
282 22.30 48.96 15.55 0.71 122.95
283 22.50 13.71 4.63 1.29 67.84
284 22.47 19.12 7.24 0.45 93.61
285 22.47 33.27 7.31 0.00 131.15
286 22.51 51.00 15.18 1.56 125.42
287 22.65 65.38 25.03 1.39 111.40
288 22.63 78.05 37.77 1.92 91.71
289 22.80 26.77 8.09 0.00 110.89
290 22.77 68.05 26.43 2.28 109.49
291 22.73 29.83 4.88 0.00 127.63
292 22.74 42.64 9.87 1.64 128.88
293 22.85 75.41 30.82 1.57 91.61
294 22.91 36.35 3.10 0.00 129.59
295 22.95 45.17 13.19 0.17 125.51
296 22.91 57.16 25.35 0.81 121.43
297 23.08 24.28 6.63 0.00 110.86
298 23.20 47.27 14.54 0.00 120.83
299 23.03 72.51 35.27 3.06 110.77
300 23.20 21.74 9.40 0.31 104.89
301 23.07 52.92 24.50 0.70 123.98
302 23.04 61.20 27.54 1.63 118.46
303 23.26 38.98 11.38 0.00 129.52
304 23.41 31.41 5.99 0.00 140.78
305 23.51 40.98 15.47 2.01 144.84
306 23.44 49.54 23.51 0.05 128.25
307 23.47 59.00 33.97 1.47 120.47
308 23.60 15.91 9.99 0.52 84.01
309 23.54 54.80 29.62 2.15 121.94
310 23.57 69.94 40.83 2.53 120.11
311 23.64 63.31 38.65 2.84 119.75
312 23.76 33.38 11.67 1.12 141.72
313 23.73 79.57 47.45 1.50 91.43
314 23.75 18.79 7.88 0.11 97.29
315 23.89 28.73 11.31 0.00 133.95
316 23.81 82.32 32.74 1.62 67.27
317 23.79 65.77 43.51 2.34 123.17
318 23.84 35.55 11.26 0.00 134.86
319 23.85 43.30 18.98 0.00 146.27
320 24.19 13.38 11.77 1.36 76.50
321 24.00 51.53 32.01 0.00 139.72
322 24.05 76.88 51.34 0.97 95.81
323 24.06 26.14 12.94 0.30 122.04
324 24.08 56.43 43.36 0.49 132.11
325 24.14 74.39 51.87 2.62 102.34
326 24.24 67.87 40.03 1.73 115.19
327 24.20 37.90 18.34 0.00 140.21
328 24.26 45.22 23.53 1.77 138.13
329 24.17 60.90 48.55 3.29 126.80
330 24.36 71.97 49.01 1.40 112.05
331 24.49 23.90 13.76 0.00 118.92
332 24.48 47.19 36.80 3.16 150.21
333 24.51 21.41 13.21 0.00 107.50
334 24.56 49.17 40.60 3.24 136.92
335 24.59 53.25 48.23 1.91 133.71
336 24.58 31.06 11.50 1.24 131.96
337 24.68 40.07 21.02 3.08 155.49
338 24.61 58.66 54.55 1.15 126.40
339 24.81 42.15 21.24 0.00 144.86
340 24.85 64.37 51.84 2.47 122.23
341 24.91 83.94 40.76 3.99 64.25
342 24.91 80.65 56.22 2.31 88.14
343 24.92 16.09 13.07 0.03 90.67
344 24.87 36.06 18.25 0.00 145.03
345 24.98 33.46 18.59 0.00 140.84
346 25.04 62.41 69.27 3.69 129.89
347 25.03 69.93 58.51 4.24 127.13
348 25.05 19.02 19.32 0.00 101.33
349 25.12 66.29 61.03 2.27 133.27
350 25.18 26.80 21.14 0.42 140.62
351 25.22 54.75 64.16 4.24 143.86
352 25.09 56.81 65.06 2.15 143.45
353 25.34 29.13 20.89 0.00 135.76
354 25.18 50.65 58.92 1.02 140.95
355 25.24 77.52 60.39 2.15 98.61
356 25.45 43.90 33.16 1.14 155.51
357 25.37 38.19 24.70 1.04 153.35
358 25.50 60.35 79.03 4.58 145.06
359 25.56 74.87 67.66 2.54 100.20
360 25.55 45.86 48.58 0.41 150.92
361 25.63 72.29 58.41 2.46 108.82
362 25.67 48.02 58.78 0.06 148.34
363 25.77 68.08 56.56 2.11 118.07
364 25.71 21.64 21.68 0.12 117.51
365 25.73 24.31 23.08 0.47 118.82
366 25.87 14.33 20.33 1.40 89.13
367 25.73 31.45 26.48 0.00 142.10
368 25.78 52.29 76.34 1.63 140.89
369 25.85 35.09 24.09 0.00 152.84
370 25.98 41.88 41.19 0.00 162.11
371 25.91 57.91 79.28 3.35 151.66
372 26.00 82.11 58.16 3.63 86.25
373 26.04 39.82 34.26 0.28 155.65
374 26.13 17.77 21.86 0.44 106.58
375 26.09 65.11 73.68 5.64 140.55
376 26.22 78.96 66.37 1.58 98.76
377 26.31 55.52 96.35 2.69 152.32
378 26.20 62.75 90.00 4.62 145.29
379 26.32 37.07 41.80 1.08 168.50
380 26.35 49.66 84.28 1.96 153.79
381 26.32 26.64 30.64 0.00 141.39
382 26.50 70.18 75.29 4.17 118.61
383 26.50 33.13 41.77 4.18 168.32
384 26.62 28.84 32.24 0.00 144.63
385 26.57 44.93 69.52 2.64 167.08
386 26.68 53.56 111.30 1.80 149.64
387 26.67 59.29 100.36 3.71 155.32
388 26.75 20.41 29.66 0.15 113.16
389 26.83 47.20 86.94 0.81 157.73
390 26.81 75.19 76.10 3.67 101.96
391 26.89 23.27 32.94 0.00 123.85
392 26.89 31.11 45.08 1.85 176.38
393 26.88 61.13 111.25 4.62 155.70
394 26.87 67.28 89.66 7.47 144.35
395 26.91 72.61 92.80 4.43 125.41
396 27.01 43.03 72.71 2.76 163.27
397 27.07 83.83 61.01 3.23 76.19
398 26.93 51.21 119.31 2.48 155.86
399 26.98 34.90 49.58 0.76 164.10
400 27.07 15.42 33.65 0.00 96.81
401 27.07 57.30 111.66 2.84 153.75
402 27.17 12.42 31.06 0.75 78.94
403 27.13 38.56 62.14 0.67 179.64
404 27.06 40.78 73.40 0.62 166.93
405 27.10 64.22 100.10 10.12 163.24
406 27.26 25.73 58.78 3.51 162.07
407 27.37 80.84 75.90 2.93 93.66
408 27.35 77.45 85.96 4.00 110.32
409 27.38 18.13 39.30 0.46 112.30
410 27.55 36.62 74.93 2.90 185.84
411 27.62 48.85 124.16 2.36 161.75
412 27.70 69.19 87.76 5.08 132.54
413 27.64 45.25 112.76 2.79 168.91
414 27.77 55.65 135.78 5.55 145.29
415 27.72 28.94 61.43 0.99 158.66
416 27.78 65.82 100.26 7.95 153.56
417 27.80 33.48 66.09 1.95 169.98
418 27.81 53.51 139.81 3.06 157.02
419 27.82 62.16 125.11 6.87 156.37
420 27.85 21.25 51.45 0.88 119.80
421 27.93 59.71 119.01 3.77 156.31
422 28.16 71.28 92.34 5.42 114.06
423 27.90 31.11 69.64 2.37 171.27
424 28.05 42.14 121.61 2.06 184.16
425 27.94 51.42 135.57 1.94 160.36
426 28.18 73.70 89.54 3.47 102.68
427 28.11 23.81 69.84 2.76 155.68
428 28.08 39.98 104.62 3.29 183.53
429 28.26 9.96 47.89 2.75 72.72
430 28.25 27.15 66.43 2.98 151.51
431 28.27 15.85 52.61 0.12 98.72
432 28.31 47.14 141.26 2.07 163.43
433 28.23 57.59 147.10 4.26 148.90
434 28.38 63.87 109.85 4.54 135.10
435 28.43 67.46 101.01 6.95 144.25
436 28.50 84.74 64.07 5.72 72.23
437 28.49 12.85 56.68 0.71 89.63
438 28.54 75.82 87.38 4.41 98.27
439 28.42 78.68 83.95 3.29 93.14
440 28.45 35.79 97.81 0.72 182.41
441 28.59 18.93 62.31 0.00 106.10
442 28.61 38.11 102.00 0.00 167.83
443 28.53 43.99 134.23 1.97 171.32
444 28.63 81.88 73.43 4.29 85.84
445 28.69 49.90 152.68 2.35 161.25
446 28.80 29.66 93.48 3.37 170.69
447 28.83 32.14 100.91 3.25 167.44
448 28.84 54.36 151.03 4.32 159.85
449 28.89 61.40 134.97 12.11 162.75
450 29.03 25.76 88.48 0.95 139.24
451 28.95 34.11 123.49 5.80 189.07
452 29.05 21.59 78.53 1.36 122.95
453 29.01 52.24 155.71 2.77 159.89
454 29.12 65.75 107.95 7.03 143.79
455 29.18 69.07 97.75 6.26 129.68
456 29.08 40.38 130.20 3.30 176.24
457 29.15 58.43 156.63 6.47 157.26
458 29.24 45.55 148.20 1.40 178.41
459 29.28 56.26 150.80 4.20 153.45
460 29.35 48.24 158.75 4.05 169.88
461 29.43 23.75 98.18 0.42 134.60
462 29.40 42.82 143.49 2.42 175.04
463 29.46 71.45 87.91 4.73 116.61
464 29.51 14.49 72.70 0.87 95.27
465 29.49 17.20 79.30 0.15 108.20
466 29.51 28.03 117.00 3.09 158.81
467 29.48 63.49 124.48 6.33 132.46
468 29.60 87.03 32.85 5.04 45.47
469 29.50 36.54 124.26 0.78 181.45
470 29.50 79.62 78.18 4.84 84.08
471 29.59 10.20 72.90 1.85 76.70
472 29.74 73.73 91.00 4.73 99.70
473 29.66 76.73 91.89 6.11 88.78
474 29.66 60.19 134.51 5.90 155.38
475 29.78 30.64 118.46 0.65 157.10
476 29.87 82.99 58.43 7.00 75.02
477 29.72 84.47 54.01 5.22 64.02
478 29.87 38.42 140.90 4.08 181.25
479 29.78 50.49 167.51 2.75 160.50
480 29.98 20.01 95.41 1.14 122.47
481 29.92 34.53 149.95 4.74 186.31
482 29.91 53.20 150.03 5.28 169.30
483 29.96 41.07 155.36 5.97 184.15
484 30.12 66.76 113.14 8.26 134.71
485 30.21 32.52 135.55 2.80 175.56
486 30.12 46.84 177.14 5.10 176.05
487 30.23 44.38 144.29 4.00 174.87
488 30.18 57.11 145.23 3.07 147.92
489 30.45 12.28 87.88 0.83 84.62
490 30.34 25.55 121.60 0.58 133.73
491 30.43 61.89 122.96 7.22 139.92
492 30.28 69.33 103.23 8.74 118.60
493 30.44 22.75 131.81 2.20 137.04
494 30.55 54.95 134.07 6.10 158.23
495 30.59 81.06 78.92 7.49 89.82
496 30.47 64.08 117.82 5.30 131.11
497 30.52 59.22 136.30 8.25 149.03
498 30.60 28.18 131.37 2.50 147.57
499 30.72 17.99 96.58 1.06 111.07
500 30.73 15.08 95.89 0.00 96.55
501 30.82 78.34 75.81 6.71 80.60
502 30.79 85.52 48.09 6.79 57.16
503 30.82 75.78 85.39 7.26 88.78
504 30.78 39.86 132.30 2.36 171.43
505 30.76 42.26 138.37 4.12 178.16
506 30.87 48.35 156.13 1.18 152.56
507 30.69 50.45 153.61 5.02 168.92
508 30.89 71.29 92.00 9.43 100.91
509 30.83 35.50 141.70 4.61 178.61
510 31.02 8.74 61.95 2.61 62.41
511 30.98 30.68 132.02 2.81 157.74
512 30.88 37.57 133.59 7.92 191.91
513 30.92 52.47 136.26 7.64 160.44
514 31.15 73.59 94.68 6.98 83.50
515 31.25 87.94 29.77 7.12 40.90
516 31.10 45.91 151.03 5.73 172.96
517 31.28 20.71 111.83 1.42 118.89
518 31.15 33.22 142.79 6.25 175.09
519 31.20 65.58 117.92 8.99 119.64
520 31.21 68.15 105.28 12.69 119.85
521 31.16 57.53 126.74 6.43 146.74
522 31.34 83.17 52.61 6.79 61.37
523 31.44 60.58 119.57 6.62 125.58
524 31.43 26.26 130.20 3.08 141.88
525 31.46 43.84 141.50 5.34 175.57
526 31.67 11.61 85.62 0.46 80.40
527 31.59 23.15 127.38 1.05 123.44
528 31.56 62.89 107.55 7.58 121.31
529 31.69 54.15 118.37 7.08 145.47
530 31.80 16.94 106.90 0.16 97.20
531 31.80 28.22 133.73 1.65 144.39
532 31.74 39.10 129.52 6.05 170.96
533 31.74 49.82 136.94 5.79 156.25
534 31.89 41.31 137.98 2.13 174.92
535 31.89 56.22 119.20 6.80 143.13
536 31.96 14.49 101.17 1.14 100.69
537 31.93 34.66 130.83 3.73 166.64
538 31.91 36.79 132.23 6.93 172.25
539 31.96 79.57 66.96 8.68 63.38
540 32.03 70.21 100.32 17.35 107.59
541 31.96 47.29 141.61 8.45 168.49
542 32.03 51.99 123.74 7.61 144.45
543 32.03 76.26 74.66 8.49 68.38
544 31.84 82.28 47.55 8.07 51.66
545 32.15 85.81 42.11 9.11 50.01
546 32.18 19.12 97.88 0.70 108.07
547 32.11 30.24 132.76 2.81 148.44
548 32.09 32.20 111.62 3.37 162.30
549 32.13 67.14 104.19 13.22 101.48
550 32.16 58.47 114.49 10.54 135.35
551 32.20 72.71 89.34 9.70 84.77
552 32.31 64.72 106.58 12.21 103.80
553 32.27 24.86 116.99 4.13 133.97
554 32.40 45.32 137.97 8.49 172.55
555 32.61 7.28 47.76 2.63 48.49
556 32.54 9.92 86.85 3.21 86.07
557 32.53 43.26 131.09 6.22 153.65
558 32.60 60.69 98.10 12.59 120.65
559 32.83 62.70 103.97 13.94 114.72
560 32.92 82.67 57.07 13.87 58.15
561 32.91 20.76 94.14 1.54 108.47
562 32.85 22.97 95.34 2.41 127.38
563 32.73 39.83 113.63 8.16 162.62
564 32.77 49.43 109.20 9.76 146.97
565 32.78 83.98 50.06 6.94 43.88
566 33.00 26.51 116.27 2.60 137.30
567 32.88 33.53 107.95 5.15 153.46
568 32.89 37.72 127.92 6.78 164.72
569 32.89 53.95 106.33 10.20 134.53
570 32.94 68.88 96.23 10.90 83.31
571 32.93 28.64 109.25 1.27 141.55
572 32.98 74.56 80.86 12.14 70.77
573 32.89 56.15 108.31 9.45 122.57
574 33.11 13.96 85.42 0.78 87.35
575 33.08 16.85 100.98 3.05 104.95
576 33.15 35.53 111.57 6.40 162.46
577 33.03 47.30 110.29 8.98 171.72
578 33.07 51.68 99.70 11.55 126.11
579 33.18 77.65 70.77 12.28 56.00
580 33.13 80.52 60.42 10.12 57.62
581 33.24 66.60 123.76 19.76 96.77
582 33.24 58.44 100.03 17.01 128.17
583 33.26 30.83 104.67 4.39 147.03
584 33.22 41.70 114.56 6.89 152.43
585 33.34 71.57 97.59 19.63 80.04
586 33.50 90.87 8.03 8.07 15.46
587 33.54 11.61 79.65 2.14 83.65
588 33.50 86.12 42.37 9.60 39.25
589 33.46 45.07 98.76 12.54 157.05
590 33.63 64.61 88.35 14.05 81.83
591 33.72 24.42 94.19 2.26 121.20
592 33.86 18.98 81.82 2.08 103.40
593 33.86 60.37 95.95 17.54 103.69
594 33.82 39.12 101.27 8.55 144.44
595 33.86 49.15 91.10 8.10 118.99
596 33.91 32.65 110.68 6.43 137.80
597 33.79 56.29 92.81 15.67 115.77
598 33.95 88.96 25.43 11.64 26.21
599 33.94 43.34 96.82 7.90 143.91
600 33.96 53.89 89.01 13.31 108.25
601 33.99 62.67 103.06 19.92 98.19
602 34.04 36.96 100.91 7.59 146.44
603 34.28 9.56 56.00 1.59 66.45
604 34.12 21.90 88.07 2.94 112.76
605 34.04 28.85 91.66 3.46 126.81
606 34.02 69.11 93.57 21.50 71.54
607 34.05 74.10 84.56 20.75 67.15
608 34.06 51.62 85.88 10.54 107.90
609 34.21 26.58 94.02 2.89 116.18
610 34.14 46.91 83.03 12.11 130.37
611 34.08 82.78 57.28 12.18 44.28
612 34.27 16.03 82.74 3.46 96.72
613 34.30 34.75 98.40 7.43 129.41
614 34.26 41.12 94.20 8.83 141.60
615 34.32 76.99 71.65 19.72 56.81
616 34.35 66.78 92.39 21.07 77.35
617 34.45 58.06 99.67 19.65 94.58
618 34.54 79.98 65.91 16.73 44.28
619 34.53 30.88 93.22 6.97 127.67
620 34.57 71.09 79.86 21.28 59.26
621 34.73 12.79 70.20 1.92 75.89
622 34.71 45.14 94.59 14.83 134.12
623 34.82 86.39 42.76 18.43 31.65
624 34.78 91.29 5.65 10.05 13.38
625 34.76 55.49 89.12 19.26 101.72
626 34.82 24.30 89.40 3.94 108.46
627 34.94 64.26 93.38 21.54 68.98
628 34.94 61.64 98.84 22.06 79.34
629 35.03 20.25 82.35 2.73 94.07
630 34.96 39.15 70.47 9.10 121.83
631 35.02 48.51 89.64 15.12 110.82
632 34.99 50.71 88.73 14.43 93.58
633 35.04 72.99 81.54 23.08 52.26
634 35.13 83.59 66.66 19.52 38.54
635 35.05 43.01 79.01 7.78 106.87
636 35.13 32.83 78.69 5.87 108.34
637 35.17 7.16 35.20 3.53 49.44
638 35.15 37.14 73.60 7.15 108.26
639 35.18 52.88 80.35 13.71 87.36
640 35.23 75.41 69.50 21.16 47.50
641 35.24 27.84 92.96 6.14 105.95
642 35.18 69.05 97.50 31.76 60.03
643 35.28 88.99 27.41 15.92 23.56
644 35.29 59.54 109.90 20.13 79.91
645 35.48 17.97 65.80 2.54 77.41
646 35.40 15.27 67.95 3.80 79.81
647 35.48 29.93 84.94 7.32 103.48
648 35.37 35.10 72.92 6.73 107.70
649 35.40 66.69 96.78 29.99 68.95
650 35.50 41.05 75.82 9.34 99.33
651 35.51 46.64 76.92 11.38 89.98
652 35.56 78.14 68.55 20.91 37.03
653 35.69 10.02 62.78 3.53 64.93
654 35.72 22.80 70.52 2.14 78.56
655 35.64 57.19 92.96 18.88 68.35
656 35.81 25.68 81.41 4.46 93.26
657 35.79 54.87 87.52 21.65 82.46
658 35.95 81.13 59.63 21.15 29.51
659 35.92 44.64 78.89 15.71 89.88
660 36.01 70.84 102.15 38.55 49.40
661 36.10 91.42 17.71 15.00 14.03
662 36.05 61.99 101.41 29.56 63.53
663 36.02 50.37 79.06 17.74 76.52
664 36.12 64.16 88.88 26.38 56.69
665 36.25 12.88 58.25 0.79 61.89
666 36.15 38.69 72.76 11.19 87.40
667 36.25 85.20 50.30 22.30 23.87
668 36.18 31.97 73.11 9.85 89.19
669 36.19 73.12 94.65 33.10 39.40
670 36.38 20.42 71.53 3.26 74.33
671 36.26 48.27 78.78 17.41 75.36
672 36.36 34.23 67.61 9.45 87.12
673 36.38 36.51 73.63 10.96 91.04
674 36.38 42.89 66.87 10.47 73.67
675 36.35 68.48 82.88 31.46 43.62
676 36.40 52.56 94.75 26.38 74.48
677 36.44 66.10 95.52 36.25 55.02
678 36.43 75.71 76.97 31.73 34.71
679 36.38 59.73 101.36 25.78 52.68
680 36.48 7.05 31.29 5.24 39.63
681 36.52 88.77 36.24 18.75 18.44
682 36.57 16.05 49.84 0.74 58.59
683 36.60 27.60 68.69 4.90 75.03
684 36.60 29.78 73.84 8.48 75.36
685 36.61 40.86 73.40 8.95 74.42
686 36.77 78.19 73.83 28.57 30.14
687 36.78 46.36 79.97 18.66 63.27
688 36.75 57.21 91.66 26.48 54.00
689 36.76 54.83 93.64 27.25 65.24
690 37.12 18.51 64.13 5.48 58.18
691 36.93 22.83 63.09 5.28 63.76
692 37.03 25.20 69.81 5.43 67.47
693 37.11 82.88 59.94 28.65 23.61
694 37.12 10.46 40.68 1.96 43.90
695 37.14 50.60 85.98 24.34 60.42
696 37.14 62.97 96.10 36.09 47.12
697 37.20 80.33 72.19 35.30 30.65
698 37.19 44.51 73.63 12.12 54.29
699 37.30 71.70 86.51 39.74 28.45
700 37.27 73.94 107.86 42.82 30.87
701 37.34 31.79 60.13 8.73 58.26
702 37.29 48.34 85.19 22.64 53.50
703 37.41 61.05 105.77 35.83 39.52
704 37.42 69.39 94.64 41.16 30.32
705 37.33 39.52 63.55 13.70 58.72
706 37.41 58.99 100.89 35.11 41.91
707 37.45 67.23 89.40 37.76 34.13
708 37.51 90.61 27.44 20.92 13.04
709 37.48 13.99 53.23 4.54 52.24
710 37.40 34.45 56.95 10.13 59.41
711 37.41 37.00 62.59 8.84 57.67
712 37.52 64.84 90.42 35.47 36.79
713 37.56 52.74 89.99 31.18 46.81
714 37.54 86.79 54.08 33.16 17.94
715 37.64 7.28 26.50 3.82 27.89
716 37.62 42.20 60.50 20.82 52.77
717 37.66 29.35 64.35 8.29 58.35
718 37.72 76.44 81.29 41.37 26.34
719 37.77 55.36 103.79 36.85 47.27
720 37.85 27.17 64.29 7.99 56.70
721 38.05 16.53 57.25 6.00 48.17
722 37.95 22.56 60.84 6.42 50.31
723 38.14 20.29 56.92 4.82 43.99
724 38.14 84.48 56.68 35.02 17.04
725 38.08 46.81 97.09 30.11 47.20
726 38.13 57.45 108.95 46.26 44.15
727 38.29 78.73 68.18 42.22 19.25
728 38.28 12.21 49.31 6.55 45.76
729 38.33 25.13 54.27 8.13 47.27
730 38.18 38.36 66.38 12.67 42.37
731 38.17 44.21 73.37 21.03 40.64
732 38.17 49.30 92.02 31.62 40.69
733 38.29 74.50 96.21 56.00 22.62
734 38.60 92.81 11.47 23.67 8.41
735 38.41 62.20 101.95 43.31 32.40
736 38.31 81.31 60.81 41.43 19.47
737 38.37 32.66 52.61 12.04 41.80
738 38.40 70.70 102.49 62.38 25.95
739 38.55 9.42 34.98 4.52 30.09
740 38.38 35.05 53.44 15.49 40.46
741 38.39 40.87 71.78 20.50 38.75
742 38.48 66.51 96.74 47.45 28.71
743 38.53 59.74 104.13 43.09 30.20
744 38.64 64.34 100.64 48.37 23.41
745 38.70 51.00 97.37 34.70 32.12
746 38.57 53.42 98.09 40.42 36.63
747 38.72 68.58 100.49 58.89 27.80
748 38.69 29.97 68.60 15.28 44.37
749 38.91 72.64 92.80 57.71 21.97
750 38.91 18.67 66.03 8.33 38.59
751 38.91 55.79 101.70 46.74 31.56
752 38.90 87.31 45.41 42.33 12.21
753 38.83 90.37 34.40 38.54 10.89
754 38.98 36.58 66.72 21.77 37.92
755 38.94 45.82 90.25 29.77 29.88
756 38.99 43.16 63.13 22.13 25.42
757 39.06 23.36 52.90 9.94 35.73
758 39.05 27.72 63.48 15.85 43.18
759 39.18 76.84 79.18 64.52 20.65
760 39.26 13.55 47.71 8.53 34.01
761 39.32 6.88 18.58 6.31 16.78
762 39.37 16.22 50.98 7.43 29.22
763 39.14 39.11 72.58 25.96 32.55
764 39.19 48.36 98.30 39.86 30.68
765 39.31 58.00 105.18 55.21 27.51
766 39.38 82.56 65.57 54.28 13.69
767 39.40 74.65 85.67 65.19 16.90
768 39.64 21.33 58.01 8.42 27.12
769 39.40 33.81 65.95 14.61 28.35
770 39.48 31.34 73.93 16.44 29.02
771 39.53 61.13 104.03 61.28 22.29
772 39.46 79.64 57.83 62.93 14.26
773 39.56 85.10 55.89 54.02 12.95
774 39.52 65.95 105.61 76.87 24.15
775 39.66 25.85 54.18 10.79 28.99
776 39.57 41.16 65.45 26.50 25.69
777 39.53 52.92 87.40 43.15 20.43
778 39.56 70.68 97.63 75.22 17.19
779 39.65 63.41 105.06 68.17 20.94
780 39.75 10.55 37.59 7.10 22.28
781 39.85 50.77 90.30 45.53 19.30
782 39.87 68.61 86.12 79.31 18.93
783 39.87 45.49 88.19 39.83 22.74
784 39.92 55.04 94.30 50.99 19.92
785 40.02 18.81 61.13 10.79 27.64
786 40.14 28.77 66.52 18.09 25.94
787 40.04 36.19 65.19 23.80 19.74
788 40.08 43.20 76.72 36.67 21.91
789 40.22 93.46 7.51 29.63 6.18
790 40.15 59.24 111.33 76.84 19.31
791 40.20 72.65 96.74 91.17 17.40
792 40.10 38.74 63.69 27.12 19.28
793 40.36 87.60 48.99 60.56 10.25
794 40.03 44.28 92.54 31.52 17.45
795 40.23 48.87 92.83 54.54 17.57
796 40.31 23.70 62.44 16.04 27.16
797 40.33 90.55 33.99 54.79 9.82
798 40.39 14.00 41.53 5.93 19.09
799 40.38 57.12 89.33 59.32 15.11
800 40.28 77.43 58.90 70.57 13.23
801 40.47 46.96 89.01 43.21 16.55
802 40.42 66.89 99.65 84.81 14.29
803 40.57 7.56 19.96 7.72 10.68
804 40.42 33.93 80.65 26.60 19.34
805 40.45 74.91 77.57 84.87 14.22
806 40.50 80.94 53.83 72.59 12.38
807 40.49 31.46 86.62 24.31 19.79
808 40.60 64.84 103.22 93.56 16.67
809 40.62 52.85 92.25 64.01 15.68
810 40.62 41.77 64.56 34.48 14.48
811 40.72 83.93 51.57 71.36 10.04
812 40.75 62.84 96.54 90.26 13.92
813 40.74 60.85 97.07 84.49 14.92
814 40.76 70.57 81.34 90.40 14.19
815 40.79 26.33 67.26 18.34 20.96
816 40.94 10.80 39.99 8.59 11.94
817 41.00 21.35 66.82 18.91 19.35
818 41.13 16.01 51.75 13.69 16.92
819 41.07 44.57 76.72 51.74 12.40
820 41.05 18.71 58.03 13.95 15.17
821 41.01 37.47 61.37 27.11 12.65
822 41.04 39.84 65.87 35.14 13.04
823 41.04 50.84 98.35 67.48 11.17
824 41.05 54.90 92.51 71.66 12.83
825 41.14 68.29 71.25 102.92 13.53
826 41.27 29.83 83.66 25.00 16.41
827 41.26 35.19 78.22 34.12 11.59
828 41.35 77.98 59.85 105.64 12.36
829 41.39 23.92 73.29 19.78 16.96
830 41.38 59.17 89.79 96.84 11.77
831 41.46 91.79 16.74 55.62 7.49
832 41.40 48.74 88.51 64.96 9.99
833 41.40 56.99 85.59 89.26 8.53
834 41.48 72.93 79.78 116.33 14.59
835 41.49 32.40 77.50 35.03 12.73
836 41.43 75.48 68.01 103.84 12.10
837 41.54 86.43 42.14 80.87 8.60
838 41.53 65.96 85.51 128.49 16.45
839 41.48 46.57 85.74 52.88 9.24
840 41.65 94.28 3.68 31.38 4.96
841 41.70 27.95 75.90 26.46 13.39
842 41.61 80.45 53.44 93.97 10.46
843 41.72 12.88 46.96 13.25 11.83
844 41.76 8.23 27.47 16.07 9.27
845 41.65 42.73 75.40 52.61 10.44
846 41.94 89.12 32.12 70.89 8.05
847 41.78 61.65 84.76 115.78 10.75
848 41.84 52.56 82.71 99.04 12.14
849 41.80 63.77 85.97 134.10 15.81
850 41.79 69.96 66.19 118.91 13.44
851 41.78 9.90 33.24 9.81 6.77
852 41.96 83.16 52.13 90.16 10.15
853 41.90 38.52 74.49 49.03 9.99
854 42.05 40.73 73.36 49.34 6.93
855 42.14 25.69 70.97 23.67 9.88
856 42.11 17.56 67.74 20.07 13.65
857 42.17 20.12 66.83 23.45 9.21
858 42.09 54.95 84.80 96.22 10.59
859 42.16 50.29 75.01 82.03 8.62
860 42.28 67.66 66.60 123.36 10.67
861 42.30 22.64 87.22 28.31 10.04
862 42.25 36.49 75.98 42.59 8.48
863 42.39 71.61 67.08 133.51 13.10
864 42.39 95.52 0.00 22.13 3.89
865 42.30 34.17 73.32 37.95 7.15
866 42.34 46.17 73.22 76.74 8.98
867 42.37 59.93 85.02 126.15 10.01
868 42.51 14.92 56.12 19.41 8.88
869 42.43 30.93 64.70 31.69 5.46
870 42.39 57.67 67.84 113.13 9.41
871 42.44 75.15 70.88 138.02 12.44
872 42.42 44.54 76.02 67.03 5.80
873 42.52 47.95 67.98 89.24 5.25
874 42.60 77.40 51.88 114.06 9.92
875 42.65 65.31 72.87 137.57 12.50
876 42.78 85.20 40.13 90.38 8.10
877 42.80 79.97 51.65 113.91 9.73
878 42.76 92.13 14.09 60.65 6.61
879 42.79 27.71 79.43 35.29 7.37
880 42.84 8.89 40.27 16.94 6.27
881 43.04 12.30 42.55 13.94 5.20
882 42.88 62.86 66.45 140.50 9.24
883 43.02 73.40 72.66 137.24 9.69
884 42.89 38.75 81.23 60.88 5.38
885 42.97 69.61 72.71 139.69 11.60
886 42.92 41.58 67.44 78.21 4.87
887 43.00 51.57 62.88 121.79 8.68
888 43.00 53.77 74.95 134.98 8.01
889 43.09 24.25 71.28 30.64 5.59
890 43.08 55.97 63.97 132.87 7.24
891 43.25 82.45 43.69 105.05 8.08
892 43.19 17.60 58.96 24.35 7.14
893 43.23 49.26 70.22 126.82 8.14
894 43.30 88.78 33.06 90.93 7.50
895 43.23 21.26 80.04 28.65 7.99
896 43.24 33.25 65.32 48.24 3.70
897 43.31 60.88 70.17 145.54 7.25
898 43.39 29.26 74.42 42.63 6.06
899 43.31 36.56 78.62 63.94 5.28
900 43.27 45.27 55.40 102.76 5.32
901 43.39 6.48 25.90 18.07 2.69
902 43.43 67.02 61.82 135.37 7.36
903 43.47 58.22 68.78 138.39 9.14
904 43.56 43.18 59.51 99.42 4.37
905 43.71 75.45 57.30 135.75 8.75
906 43.68 26.15 79.76 50.53 6.23
907 43.76 31.12 81.58 53.55 3.55
908 43.59 39.74 62.28 93.81 3.25
909 43.65 47.05 51.46 116.02 5.19
910 43.67 64.69 69.88 160.33 9.54
911 43.71 71.59 64.10 136.00 8.03
912 43.76 15.04 47.24 23.27 3.81
913 43.72 78.23 55.43 137.47 10.46
914 43.93 19.27 61.05 32.46 4.86
915 44.01 9.68 36.20 22.87 2.07
916 44.02 34.61 66.64 63.25 0.41
917 43.98 86.37 38.59 108.29 7.03
918 44.03 68.97 67.96 148.68 6.16
919 43.99 91.34 18.09 77.21 6.75
920 44.04 50.82 56.12 139.86 6.14
921 44.09 53.28 55.42 138.24 5.20
922 44.14 62.69 71.43 160.95 8.80
923 44.13 41.19 58.00 104.85 3.83
924 44.13 55.77 55.05 151.98 6.69
925 44.14 6.05 23.55 19.61 1.63
926 44.14 23.83 74.53 50.84 5.60
927 44.33 12.23 39.67 24.71 1.96
928 44.25 21.47 63.81 37.51 3.85
929 44.20 38.26 58.83 92.71 2.65
930 44.28 60.09 61.07 143.09 4.11
931 44.34 83.55 40.15 114.37 7.41
932 44.44 80.58 48.53 129.27 7.91
933 44.42 27.78 70.01 58.60 2.84
934 44.36 44.85 39.65 117.26 3.45
935 44.40 48.53 46.19 141.19 4.38
936 44.66 73.20 55.68 155.32 6.73
937 44.45 36.50 55.89 83.06 1.05
938 44.52 32.47 61.28 64.26 2.14
939 44.60 58.11 49.74 154.18 5.41
940 44.71 17.48 54.73 38.43 2.57
941 44.72 65.32 51.38 157.60 5.74
942 44.73 67.32 58.37 172.21 8.50
943 44.74 42.98 39.58 113.22 1.76
944 44.82 70.92 71.61 162.84 7.13
945 44.77 29.79 69.03 74.60 3.98
946 44.82 75.62 46.69 149.98 7.13
947 44.85 78.00 49.15 144.56 7.58
948 44.96 89.00 26.30 97.74 5.99
949 45.02 8.05 30.21 27.71 0.15
950 44.91 25.53 70.21 66.50 2.06
951 44.90 46.56 43.99 145.07 5.27
952 44.92 14.86 47.68 34.11 1.06
953 44.92 39.44 45.96 109.75 3.22
954 45.12 50.50 32.40 145.51 3.92
955 45.18 52.53 44.57 149.61 5.12
956 45.10 54.80 44.13 150.68 4.14
957 45.12 61.29 50.53 162.75 7.01
958 45.23 19.85 59.89 55.55 4.01
959 45.13 22.67 61.73 53.24 1.13
960 45.16 34.36 55.05 89.36 1.70
961 45.26 63.34 41.22 153.69 4.04
962 45.28 85.99 30.96 102.40 5.11
963 45.45 11.49 41.46 41.92 1.44
964 45.44 68.96 61.70 181.97 6.75
965 45.35 36.94 39.96 108.85 3.31
966 45.45 41.31 49.40 131.44 2.81
967 45.51 57.23 47.82 174.38 5.90
968 45.51 82.79 38.13 131.33 7.21
969 45.48 31.24 56.70 90.36 1.63
970 45.53 48.48 35.93 152.41 5.09
971 45.60 28.54 58.16 87.50 0.00
972 45.64 44.09 38.99 137.60 0.84
973 45.84 59.50 40.93 164.04 5.72
974 45.80 80.11 42.21 145.92 7.44
975 45.85 66.63 52.07 178.28 6.35
976 45.91 74.96 40.00 159.02 6.05
977 45.87 17.21 45.82 60.32 0.89
978 46.02 72.52 50.92 167.75 7.20
979 45.91 14.32 36.15 50.10 0.75
980 45.96 24.10 61.57 86.29 1.81
981 45.91 26.34 53.17 86.68 1.73
982 45.98 77.53 43.67 166.63 8.33
983 46.00 91.35 15.07 91.69 6.22
984 45.99 6.88 18.34 37.72 0.29
985 45.93 39.44 43.12 142.73 1.83
986 45.96 46.07 44.89 155.74 4.20
987 45.99 33.01 46.96 105.34 0.17
988 46.16 64.52 51.22 176.63 5.48
989 46.08 21.65 55.45 83.42 2.29
990 46.08 55.35 35.10 162.64 3.69
991 46.17 70.48 55.01 179.66 6.51
992 46.29 9.58 29.17 43.78 0.00
993 46.32 35.24 32.43 117.33 0.05
994 46.23 50.51 35.29 156.45 5.23
995 46.29 53.08 28.96 161.12 3.57
996 46.22 61.70 43.01 175.13 5.04
997 46.36 94.34 0.25 58.96 4.36
998 46.37 19.48 41.95 72.81 0.51
999 46.37 37.74 34.40 128.03 0.05
1000 46.47 88.53 21.46 104.12 5.05
1001 46.38 42.22 28.91 143.93 2.23
1002 46.50 85.33 28.89 118.86 4.22
1003 46.57 30.55 33.42 102.13 0.44
1004 46.75 5.10 7.20 35.41 0.24
1005 46.51 47.92 28.68 158.68 3.58
1006 46.63 28.11 41.32 104.48 0.46
1007 46.72 68.39 56.09 186.14 7.52
1008 46.70 57.81 39.12 183.84 5.34
1009 46.82 97.36 0.00 22.57 2.93
1010 46.76 82.37 32.22 130.58 5.17
1011 46.85 12.98 32.26 57.17 0.71
1012 46.75 44.41 32.75 159.53 3.45
1013 46.88 15.68 29.03 67.86 0.50
1014 46.89 25.17 46.44 101.87 1.07
1015 46.96 40.23 35.51 157.36 1.47
1016 47.00 74.25 50.10 186.81 8.05
1017 47.00 22.66 46.79 94.86 0.02
1018 46.98 63.09 54.00 181.92 3.91
1019 47.01 66.14 43.99 176.97 5.03
1020 47.11 76.71 33.82 153.84 5.36
1021 47.04 79.43 33.96 139.51 4.96
1022 47.04 32.95 34.51 130.10 3.59
1023 47.11 59.93 46.79 181.88 4.08
1024 47.08 55.75 32.07 170.11 0.73
1025 47.29 91.88 10.79 95.61 5.22
1026 47.17 18.07 35.56 84.40 0.96
1027 47.34 7.72 18.23 51.15 0.29
1028 47.32 70.75 45.64 189.67 6.65
1029 47.21 36.90 27.97 136.36 0.00
1030 47.27 46.35 28.05 157.64 1.07
1031 47.27 51.40 36.39 171.38 1.55
1032 47.37 53.55 35.81 183.45 4.32
1033 47.32 49.02 27.64 168.05 1.73
1034 47.36 42.66 31.74 166.22 3.15
1035 47.44 10.89 30.87 63.99 0.00
1036 47.55 20.65 39.63 94.44 1.41
1037 47.65 28.93 23.95 114.21 0.00
1038 47.63 35.12 30.16 142.42 2.33
1039 47.75 86.64 21.11 116.82 4.46
1040 47.71 26.39 24.13 108.83 0.00
1041 47.68 31.11 22.94 120.52 0.42
1042 47.71 38.67 28.66 152.26 0.56
1043 47.81 72.68 42.66 181.62 5.00
1044 47.84 95.20 0.00 47.66 2.10
1045 47.80 61.78 43.77 183.64 3.61
1046 47.80 64.45 51.51 198.85 4.37
1047 47.78 84.21 32.55 125.89 3.16
1048 47.85 57.61 43.33 189.79 4.22
1049 47.88 88.33 25.57 115.61 5.19
1050 47.90 68.73 46.15 197.02 6.10
1051 47.89 44.37 37.87 163.92 2.80
1052 47.98 81.06 34.65 141.95 4.98
1053 47.99 5.43 7.14 47.81 0.00
1054 48.03 23.30 32.43 108.17 0.00
1055 48.01 15.53 31.86 81.19 0.46
1056 48.09 66.51 51.17 197.03 6.51
1057 48.07 40.95 28.95 159.70 0.69
1058 48.20 75.39 39.63 172.29 5.21
1059 48.22 78.05 33.24 151.63 4.44
1060 48.17 55.34 38.73 190.96 5.41
1061 48.21 90.22 19.91 114.24 4.64
1062 48.18 33.23 28.69 146.54 2.09
1063 48.21 50.42 24.18 173.96 1.33
1064 48.37 12.84 25.34 76.66 0.08
1065 48.30 59.79 49.06 202.97 4.45
1066 48.26 18.20 24.81 88.36 0.00
1067 48.32 48.24 27.21 172.03 3.03
1068 48.33 9.63 18.91 59.96 0.00
1069 48.39 36.54 18.66 143.86 0.00
1070 48.37 46.33 24.06 170.57 2.28
1071 48.47 53.15 32.04 179.71 4.06
1072 48.62 97.94 0.00 18.99 2.54
1073 48.56 3.83 0.00 41.05 0.00
1074 48.64 20.52 28.59 107.12 0.11
1075 48.68 42.80 33.19 169.24 0.74
1076 48.67 70.51 46.96 195.76 4.59
1077 48.65 27.41 24.65 124.63 0.00
1078 48.72 63.19 37.89 182.29 1.19
1079 48.72 29.74 20.76 126.15 0.04
1080 48.77 24.94 27.16 124.26 0.00
1081 48.76 38.90 23.32 147.02 0.00
1082 49.06 91.92 10.72 99.80 4.52
1083 48.89 58.04 45.92 195.95 4.63
1084 48.98 82.83 30.28 136.02 3.90
1085 48.96 85.76 27.03 125.26 3.59
1086 49.32 95.48 0.00 48.72 1.73
1087 48.96 67.68 48.09 194.88 3.78
1088 48.97 72.85 49.46 190.70 4.97
1089 49.00 31.91 25.45 150.93 1.08
1090 49.03 65.09 48.79 202.59 4.65
1091 49.06 44.74 32.46 174.57 0.03
1092 49.15 61.35 44.11 196.18 2.61
1093 49.19 8.08 16.44 72.28 1.40
1094 49.15 34.51 23.84 160.04 0.69
1095 49.10 51.54 29.38 186.15 1.26
1096 49.14 55.83 32.70 186.65 2.20
1097 49.16 79.94 27.84 147.43 3.03
1098 49.19 14.92 24.26 84.65 0.71
1099 49.17 22.57 19.86 114.59 0.00
1100 49.35 5.35 6.22 59.01 0.00
1101 49.23 10.83 23.62 70.56 0.00
1102 49.18 41.03 19.42 159.97 1.17
1103 49.37 88.78 21.27 116.78 4.77
1104 49.28 49.36 25.71 173.49 0.09
1105 49.35 75.00 41.88 180.48 4.74
1106 49.26 17.71 25.47 99.48 0.18
1107 49.50 77.46 32.95 162.79 4.94
1108 49.44 36.64 31.31 161.66 0.71
1109 49.42 46.92 25.80 170.75 1.06
1110 49.66 53.64 47.40 198.45 3.76
1111 49.69 69.22 46.47 198.44 4.32
1112 49.65 26.35 25.35 133.61 0.00
1113 49.74 28.65 18.91 135.62 0.00
1114 49.77 59.47 38.15 187.42 2.35
1115 49.89 12.73 18.22 84.21 0.44
1116 49.77 20.13 31.40 117.92 1.48
1117 49.75 39.10 19.96 157.24 0.00
1118 49.84 66.12 41.53 203.72 4.60
1119 49.91 71.30 41.24 190.74 2.34
1120 49.93 63.27 41.77 200.01 2.95
1121 50.11 98.33 0.00 14.38 1.98
1122 49.94 57.37 40.64 179.41 2.79
1123 50.01 24.23 22.74 124.05 0.00
1124 49.95 44.01 28.42 179.12 2.22
1125 50.02 30.62 13.90 139.58 0.67
1126 50.04 33.08 16.53 146.90 0.00
1127 50.04 41.89 25.77 169.19 0.62
1128 50.22 83.83 24.24 136.00 3.11
1129 50.07 51.13 26.81 181.82 0.76
1130 50.26 73.39 45.04 189.60 3.75
1131 50.26 81.04 29.46 153.32 3.22
1132 50.27 48.42 29.41 181.03 1.40
1133 50.40 86.49 20.93 128.74 3.17
1134 50.38 93.46 4.28 85.60 3.90
1135 50.32 7.38 8.37 78.86 0.80
1136 50.28 17.20 23.47 108.71 0.14
1137 50.44 10.05 16.43 87.10 0.00
1138 50.35 37.32 20.93 162.14 0.41
1139 50.33 45.93 26.89 174.46 1.76
1140 50.40 55.50 43.21 191.74 1.78
1141 50.46 22.01 21.14 126.09 0.00
1142 50.41 34.98 20.18 152.62 0.00
1143 50.44 61.10 41.48 200.57 3.12
1144 50.57 75.95 34.27 167.00 3.45
1145 50.54 14.80 22.17 105.07 1.23
1146 50.52 67.60 43.25 198.79 4.03
1147 50.54 5.26 5.11 63.92 0.00
1148 50.66 78.45 28.36 167.66 3.47
1149 50.70 90.20 14.67 113.41 4.27
1150 50.70 26.86 17.94 137.92 0.00
1151 50.72 64.89 41.68 202.34 4.47
1152 50.71 40.32 26.75 174.64 0.70
1153 50.78 52.74 30.03 191.01 1.58
1154 50.85 95.86 0.00 38.87 0.90
1155 50.89 19.48 17.06 114.78 0.00
1156 50.90 58.68 33.76 196.98 2.09
1157 50.91 69.78 41.94 199.30 1.94
1158 50.88 31.66 17.68 149.55 0.00
1159 50.94 43.15 22.85 171.85 0.00
1160 51.03 50.14 32.92 188.97 2.43
1161 51.15 29.20 23.56 153.04 0.00
1162 51.22 62.91 45.74 202.11 4.89
1163 51.13 23.78 21.28 135.72 0.38
1164 51.21 71.98 34.98 184.76 2.48
1165 51.17 47.21 39.40 185.72 0.79
1166 51.31 1.57 0.00 27.42 0.00
1167 51.18 38.58 15.25 163.11 1.11
1168 51.36 12.14 19.12 91.95 0.00
1169 51.42 3.39 0.00 44.28 0.00
1170 51.32 44.98 35.61 178.81 0.19
1171 51.43 74.23 32.57 183.15 3.61
1172 51.41 33.63 14.99 153.45 0.00
1173 51.30 36.13 10.56 150.64 0.00
1174 51.33 54.66 32.41 194.27 3.47
1175 51.40 81.93 29.49 153.36 4.02
1176 51.43 17.20 20.96 104.44 0.00
1177 51.58 56.60 35.20 200.01 4.42
1178 51.51 85.01 22.98 135.89 3.09
1179 51.50 8.39 13.96 86.98 0.00
1180 51.55 41.71 21.81 172.38 1.01
1181 51.58 60.65 33.16 198.90 2.42
1182 51.54 92.76 3.66 90.68 2.77
1183 51.63 67.93 35.07 193.54 2.60
1184 51.63 21.30 25.62 129.89 0.00
1185 51.69 25.61 17.76 135.17 0.00
1186 51.68 65.55 41.30 202.06 4.09
1187 51.78 88.16 19.71 134.76 2.92
1188 51.66 5.56 6.64 69.56 0.54
1189 51.65 14.74 24.22 99.11 0.00
1190 51.80 79.01 29.27 162.59 2.75
1191 51.99 76.65 27.58 169.53 2.95
1192 51.84 52.55 27.11 193.50 2.97
1193 51.90 48.70 33.44 189.23 0.80
1194 51.92 31.37 16.30 153.32 0.00
1195 51.98 39.83 17.15 171.10 0.00
1196 52.07 70.24 20.36 188.30 2.24
1197 52.05 27.47 15.64 139.56 0.00
1198 52.05 58.43 39.56 204.60 6.16
1199 52.57 94.85 0.00 54.08 0.38
1200 52.16 50.64 37.84 196.62 2.90
1201 52.38 90.86 10.97 115.22 2.82
1202 52.10 46.15 31.28 182.20 0.00
1203 52.24 19.01 21.70 117.11 0.00
1204 52.18 37.32 20.11 165.59 0.90
1205 52.20 43.53 34.90 193.43 1.68
1206 52.26 23.34 21.33 132.32 0.00
1207 52.24 35.01 16.77 153.20 0.00
1208 52.35 62.54 29.97 202.44 3.45
1209 52.66 2.50 0.00 39.33 0.00
1210 52.39 54.34 31.44 197.68 2.56
1211 52.50 72.38 30.18 191.47 2.37
1212 52.48 10.86 14.15 87.89 0.00
1213 52.45 29.33 11.09 158.80 0.93
1214 52.61 83.46 19.56 149.40 2.55
1215 52.57 16.54 17.63 99.77 0.00
1216 52.60 74.66 26.36 186.39 2.26
1217 52.57 80.81 20.76 153.55 1.25
1218 52.66 13.69 11.13 89.71 0.00
1219 52.68 67.10 35.14 202.24 2.67
1220 52.66 64.71 28.30 203.79 1.96
1221 52.81 86.30 14.67 131.04 1.89
1222 52.70 8.19 7.86 79.80 0.00
1223 52.70 32.96 13.04 156.63 0.00
1224 52.69 41.58 18.08 177.36 0.00
1225 52.79 60.44 24.74 204.53 2.71
1226 52.68 5.45 1.73 71.17 0.42
1227 52.79 21.03 23.72 121.56 0.00
1228 52.89 56.24 27.00 187.49 3.34
1229 52.80 25.32 14.06 141.50 0.92
1230 52.86 47.94 26.76 188.15 2.06
1231 52.91 38.97 23.62 176.94 1.25
1232 53.01 45.49 28.04 192.06 1.02
1233 53.04 52.36 24.89 194.11 1.25
1234 53.06 69.21 32.64 208.98 3.79
1235 53.22 78.38 21.23 161.63 2.66
1236 53.16 58.42 24.56 203.24 3.96
1237 53.12 30.87 17.04 157.58 0.00
1238 53.13 36.45 13.50 159.13 0.00
1239 53.18 50.27 25.63 194.34 2.13
1240 53.21 27.59 11.43 150.70 0.07
1241 53.26 43.40 12.13 173.27 0.00
1242 53.35 18.77 18.29 109.70 0.00
1243 53.45 89.05 11.03 121.39 1.90
1244 53.44 63.32 23.64 190.88 1.05
1245 53.43 22.84 15.18 125.26 0.00
1246 53.44 34.44 6.22 146.08 0.00
1247 53.56 75.96 25.61 188.90 2.99
1248 53.55 71.12 26.90 193.73 1.82
1249 53.53 54.16 27.17 203.59 2.04
1250 53.61 12.03 8.96 85.38 0.00
1251 53.61 40.52 17.98 186.47 0.37
1252 53.71 65.63 21.27 194.25 2.15
1253 53.69 73.52 26.19 190.63 1.96
1254 53.65 81.32 14.48 157.63 1.45
1255 53.67 6.35 4.56 78.21 0.00
1256 53.68 15.87 14.26 102.27 0.00
1257 53.82 91.85 3.69 99.87 2.89
1258 53.88 61.45 17.19 198.37 0.75
1259 53.88 84.35 13.94 144.47 1.80
1260 53.91 94.95 0.00 49.69 0.00
1261 53.94 3.67 0.00 53.86 0.00
1262 53.86 9.06 8.57 80.92 0.00
1263 53.82 25.07 16.88 147.81 0.00
1264 53.89 29.72 9.58 146.58 0.00
1265 53.87 32.51 10.72 158.34 0.00
1266 53.85 38.28 15.54 154.75 0.32
1267 53.87 46.86 14.91 183.67 0.00
1268 53.90 49.00 20.60 199.38 2.17
1269 53.99 67.76 27.41 198.54 2.23
1270 54.05 44.67 21.29 193.65 1.35
1271 54.07 57.72 23.02 208.00 0.25
1272 54.20 20.87 12.66 120.67 0.00
1273 54.11 51.76 9.63 183.13 0.00
1274 54.18 55.81 17.19 198.34 1.71
1275 54.16 42.19 12.25 178.01 1.34
1276 54.16 36.25 2.22 147.21 0.00
1277 54.36 13.96 12.33 91.63 0.00
1278 54.36 59.69 20.27 203.10 2.04
1279 54.30 87.23 12.00 136.80 2.02
1280 54.26 27.44 13.85 153.67 0.40
1281 54.33 18.33 15.69 108.29 0.00
1282 54.50 79.08 15.14 159.49 0.53
1283 54.55 69.84 22.95 197.70 2.51
1284 54.55 63.40 17.47 200.57 1.51
1285 54.70 76.86 17.87 162.06 2.53
1286 54.60 23.06 8.53 124.26 0.00
1287 54.70 34.09 6.26 160.89 0.00
1288 54.57 39.98 18.93 183.00 0.71
1289 54.60 53.77 17.66 199.05 0.98
1290 54.74 72.09 17.64 181.71 0.41
1291 54.70 31.30 6.37 161.27 0.00
1292 54.89 74.50 20.26 177.03 1.42
1293 54.75 6.65 4.44 77.38 0.00
1294 54.82 81.85 14.00 152.01 0.08
1295 54.78 10.97 7.63 78.22 0.00
1296 54.83 25.35 12.24 138.99 0.00
1297 54.88 49.90 15.29 201.08 2.51
1298 54.86 47.86 17.98 197.63 1.56
1299 54.87 65.66 17.41 193.48 0.06
1300 54.91 43.43 5.02 175.04 1.23
1301 54.96 90.29 7.34 128.20 3.13
1302 54.92 45.85 10.21 178.27 0.00
1303 55.09 16.64 8.08 93.73 0.00
1304 54.93 38.07 4.72 169.15 0.00
1305 55.01 93.70 0.00 65.43 0.00
1306 55.01 29.13 2.23 143.69 0.00
1307 55.05 57.71 19.96 203.68 1.35
1308 55.15 84.68 17.08 144.37 0.58
1309 55.20 61.33 18.97 207.89 2.02
1310 55.24 67.91 21.72 201.58 2.32
1311 55.24 51.65 11.81 195.55 1.42
1312 55.22 8.28 7.89 77.21 0.00
1313 55.39 19.23 12.43 109.38 0.75
1314 55.27 36.19 9.20 161.58 0.00
1315 55.36 41.10 11.96 172.19 1.17
1316 55.39 55.61 16.64 198.72 2.43
1317 55.32 13.68 9.82 87.46 0.00
1318 55.41 27.18 14.81 148.63 0.00
1319 55.53 21.78 7.96 114.57 0.00
1320 55.49 87.33 9.32 132.37 0.10
1321 55.57 32.82 1.30 146.68 0.00
1322 55.57 53.56 17.15 196.71 0.00
1323 55.64 63.48 18.32 190.78 1.50
1324 55.67 59.46 21.57 206.08 0.19
1325 55.71 79.77 13.22 145.18 0.09
1326 55.77 9.85 6.96 85.67 0.00
1327 55.79 24.08 9.64 122.89 0.00
1328 55.70 30.60 5.29 142.58 0.00
1329 55.83 70.15 19.99 193.04 1.97
1330 55.79 44.59 5.34 169.44 0.00
1331 55.78 39.06 14.58 181.66 0.58
1332 55.83 72.86 17.63 175.09 0.57
1333 55.93 76.06 19.20 157.30 0.00
1334 55.86 48.42 14.42 188.05 0.00
1335 55.72 7.36 3.82 71.19 0.35
1336 55.94 42.65 8.10 174.28 0.00
1337 55.95 46.50 15.08 183.84 0.01
1338 56.00 34.93 3.00 149.83 0.00
1339 56.03 65.65 22.22 195.25 2.17
1340 56.09 82.40 12.16 141.70 0.00
1341 56.05 92.08 2.75 97.07 0.10
1342 56.08 5.48 0.00 62.48 0.49
1343 56.18 12.32 11.67 84.81 0.00
1344 56.10 57.25 19.52 199.54 0.22
1345 56.16 15.58 5.81 84.89 0.00
1346 56.25 50.19 24.66 189.99 0.00
1347 56.26 94.29 0.00 49.36 0.00
1348 56.20 25.97 9.48 131.54 0.00
1349 56.27 28.47 9.87 148.16 1.38
1350 56.35 88.97 7.10 115.31 0.43
1351 56.30 52.06 20.62 191.20 0.02
1352 56.36 61.48 23.12 187.68 1.63
1353 56.37 67.60 24.80 197.98 2.34
1354 56.33 37.28 6.38 159.49 1.13
1355 56.43 20.33 13.45 117.55 0.00
1356 56.45 85.24 10.03 127.44 0.00
1357 56.44 54.71 22.27 184.98 0.00
1358 56.51 78.28 17.09 158.18 0.12
1359 56.53 40.87 6.26 174.32 0.97
1360 56.69 18.07 10.28 97.67 0.00
1361 56.55 32.76 8.84 152.70 0.00
1362 56.66 7.57 5.03 79.27 1.91
1363 56.70 22.51 11.44 109.16 0.00
1364 56.69 58.93 28.16 201.30 0.00
1365 56.68 30.81 8.96 142.07 0.00
1366 56.79 63.76 16.56 181.28 0.00
1367 56.84 71.61 20.35 174.37 0.78
1368 56.92 74.16 17.00 159.19 0.00
1369 56.84 44.76 10.22 177.11 0.00
1370 56.88 42.84 11.39 180.98 0.00
1371 57.05 10.37 8.18 71.18 0.00
1372 56.94 34.73 7.16 157.03 0.00
1373 56.96 39.12 13.76 177.16 1.94
1374 56.99 46.68 12.26 179.50 0.87
1375 57.04 69.19 27.01 178.25 1.12
1376 56.99 48.78 20.38 187.17 0.51
1377 57.12 56.63 25.15 183.76 0.00
1378 57.14 24.50 9.36 114.74 0.00
1379 57.10 26.68 8.37 126.64 0.00
1380 57.19 13.99 9.80 85.28 0.00
1381 57.17 52.56 18.42 179.18 0.00
1382 57.19 91.39 3.85 98.51 0.00
1383 57.21 16.28 14.21 83.57 0.00
1384 57.31 76.72 21.22 152.31 0.00
1385 57.33 80.05 22.51 153.66 0.14
1386 57.26 82.64 13.14 130.83 0.11
1387 57.35 65.74 20.45 174.63 0.61
1388 57.27 29.15 5.56 127.76 0.00
1389 57.28 36.49 12.19 153.45 0.00
1390 57.44 60.03 23.20 188.50 0.00
1391 57.57 50.56 34.88 176.39 0.18
1392 57.55 62.01 23.34 168.11 0.00
1393 57.48 86.32 11.43 122.06 0.00
1394 57.57 54.42 31.93 193.82 0.00
1395 57.59 20.53 16.14 107.24 0.20
1396 57.51 33.23 10.04 143.50 0.00
1397 57.75 88.96 7.48 105.60 0.00
1398 57.67 42.09 14.67 157.96 0.00
1399 57.77 31.34 8.28 127.84 0.00
1400 57.89 7.01 2.43 67.39 0.67
1401 57.89 17.89 10.73 82.28 0.00
1402 57.94 22.86 11.94 95.95 0.00
1403 57.90 40.01 20.84 158.81 0.00
1404 57.83 44.41 17.08 170.37 0.57
1405 57.90 72.22 24.06 175.52 0.64
1406 57.91 38.14 11.89 152.18 0.00
1407 57.85 47.85 22.02 181.96 0.16
1408 58.04 67.43 24.25 167.43 0.00
1409 58.11 9.54 7.87 68.72 0.00
1410 58.01 27.54 11.52 113.29 0.00
1411 58.09 58.20 32.04 181.19 0.00
1412 58.10 63.88 26.69 173.89 0.00
1413 58.09 69.68 25.58 176.30 1.97
1414 58.08 25.34 9.47 105.12 0.00
1415 58.21 75.51 19.83 155.85 0.00
1416 58.11 12.46 13.16 74.51 0.00
1417 58.15 56.15 29.71 176.76 0.00
1418 58.25 84.17 15.38 122.71 0.00
1419 58.19 29.64 8.47 114.65 0.00
1420 58.26 34.51 7.61 134.55 0.00
1421 58.30 36.25 8.80 141.25 0.22
1422 58.28 52.79 26.13 163.78 0.00
1423 58.32 79.01 24.02 141.24 0.00
1424 58.36 14.93 14.14 68.79 0.00
1425 58.37 46.37 23.55 167.38 0.00
1426 58.49 91.62 0.00 81.64 0.00
1427 58.49 49.40 32.67 172.58 0.00
1428 58.47 60.41 39.39 179.86 0.00
1429 58.75 81.84 22.01 126.41 0.54
1430 58.69 32.71 8.88 128.12 0.00
1431 58.63 41.67 16.03 149.57 0.00
1432 58.65 21.09 11.66 86.80 0.00
1433 58.78 73.28 25.10 166.57 0.00
1434 58.82 18.93 13.13 71.06 0.00
1435 58.86 65.62 29.63 156.24 0.00
1436 58.76 87.06 9.01 104.97 0.00
1437 58.76 43.86 14.95 151.93 0.00
1438 58.91 51.25 33.66 157.67 0.00
1439 58.92 54.77 33.44 166.85 0.00
1440 58.99 24.32 12.21 88.68 0.00
1441 58.95 30.91 17.09 110.78 0.00
1442 58.98 62.18 42.14 160.82 0.00
1443 58.96 39.81 19.59 141.37 0.00
1444 59.07 26.73 13.62 93.13 0.00
1445 59.08 28.81 10.24 102.99 0.00
1446 58.98 37.77 21.78 148.80 0.00
1447 59.03 70.45 24.78 150.46 0.00
1448 59.12 77.47 26.57 145.45 0.39
1449 59.15 6.53 4.76 55.26 0.46
1450 59.10 57.04 31.75 158.73 0.00
1451 59.16 16.38 14.69 62.07 0.00
1452 59.14 11.69 16.47 56.43 0.00
1453 59.27 67.86 26.25 153.17 0.00
1454 59.25 8.86 10.79 60.11 0.00
1455 59.29 47.96 20.04 146.73 0.00
1456 59.41 22.43 12.00 70.89 0.00
1457 59.33 34.47 15.81 124.84 0.32
1458 59.27 45.81 26.04 158.44 0.00
1459 59.31 59.28 42.70 160.28 0.00
1460 59.52 74.94 23.62 141.14 0.00
1461 59.53 90.12 2.76 85.94 0.00
1462 59.46 53.05 32.98 151.03 0.00
1463 59.55 84.91 15.22 100.78 0.00
1464 59.66 79.96 23.76 117.56 0.00
1465 59.52 42.31 19.17 141.47 0.00
1466 59.73 63.95 44.50 154.11 0.00
1467 59.68 49.81 25.27 156.16 0.00
1468 59.68 36.84 25.36 123.25 0.00
1469 59.86 13.02 15.90 54.64 0.00
1470 59.77 20.32 13.01 63.75 0.00
1471 59.76 32.02 14.70 97.63 0.00
1472 59.81 71.96 25.61 134.51 0.00
1473 59.85 44.27 23.42 131.94 0.00
1474 59.94 38.90 30.13 123.82 0.00
1475 59.92 25.44 12.00 71.00 0.00
1476 59.98 29.73 17.41 85.00 0.00
1477 59.98 87.86 13.47 96.56 0.00
1478 59.99 55.28 46.46 147.95 0.00
1479 60.11 82.29 17.31 106.60 0.00
1480 60.11 65.81 31.12 147.86 0.54
1481 60.13 18.10 13.04 55.41 0.00
1482 60.12 40.74 36.54 128.98 0.00
1483 60.11 61.85 39.61 149.80 0.00
1484 60.13 69.37 21.91 133.69 0.00
1485 60.22 27.48 23.02 70.04 0.00
1486 60.15 57.36 44.83 150.55 0.00
1487 60.09 14.48 17.83 56.19 0.00
1488 60.19 46.88 21.61 136.67 1.04
1489 60.17 51.59 29.58 140.43 0.00
1490 60.27 15.80 15.56 50.50 0.00
1491 60.24 35.54 24.95 107.65 0.00
1492 60.28 59.66 37.62 155.17 0.00
1493 60.30 77.68 28.26 136.17 0.00
1494 60.37 23.58 12.91 62.12 0.00
1495 60.40 10.44 18.85 50.36 0.02
1496 60.37 33.54 15.61 96.86 0.00
1497 60.38 7.99 12.72 42.45 0.00
1498 60.48 42.81 28.39 115.88 0.00
1499 60.59 53.42 35.25 143.78 0.00
1500 60.63 48.68 14.66 118.86 0.00
1501 60.70 75.31 24.86 127.28 0.00
1502 60.68 21.38 13.06 47.17 0.00
1503 60.80 73.13 27.26 119.76 0.00
1504 60.80 67.25 32.92 144.98 0.00
1505 60.75 31.34 23.98 75.88 0.00
1506 60.78 37.35 32.67 110.52 0.47
1507 60.78 45.54 19.74 113.73 0.00
1508 60.93 86.60 19.72 91.30 0.00
1509 61.13 18.99 17.12 46.29 0.11
1510 60.99 25.51 15.50 53.29 0.00
1511 61.05 63.22 31.24 129.33 0.00
1512 61.02 80.43 31.31 111.96 0.00
1513 61.01 90.13 7.63 74.82 0.00
1514 60.85 12.14 12.16 41.03 0.00
1515 61.04 55.80 38.66 130.40 0.00
1516 61.07 70.94 24.07 124.67 0.00
1517 60.98 28.77 26.97 61.16 0.00
1518 61.04 39.30 28.35 103.46 0.00
1519 61.06 50.50 34.75 136.58 0.08
1520 61.16 13.47 18.47 38.34 0.00
1521 61.14 58.21 31.99 140.34 0.00
1522 61.21 83.78 21.18 94.24 0.00
1523 61.26 6.05 6.96 31.67 0.06
1524 61.15 16.47 10.81 38.08 0.59
1525 61.13 41.41 22.51 107.76 1.26
1526 61.16 60.64 38.32 142.88 0.00
1527 61.19 35.11 37.39 92.19 2.07
1528 61.44 65.35 29.33 124.42 0.00
1529 61.45 23.50 8.78 41.37 0.00
1530 61.34 44.08 20.19 101.47 0.00
1531 61.35 33.36 24.58 74.64 0.00
1532 61.47 68.87 30.23 134.83 0.00
1533 61.44 77.69 24.48 106.00 0.00
1534 61.45 8.71 11.82 30.95 0.21
1535 61.56 54.01 26.55 110.67 0.00
1536 61.57 46.70 6.61 91.38 0.00
1537 61.67 30.26 30.64 53.26 0.11
1538 61.65 27.32 21.00 47.21 0.00
1539 61.69 51.99 32.55 102.53 0.00
1540 61.69 10.88 13.99 33.95 0.00
1541 61.74 21.15 13.99 41.63 0.01
1542 61.72 48.40 28.81 107.07 0.00
1543 61.77 36.42 32.58 79.77 0.00
1544 61.89 75.02 21.20 101.65 0.00
1545 61.93 56.90 29.82 117.40 0.00
1546 61.97 38.37 30.69 82.62 0.00
1547 62.06 72.57 20.42 103.74 0.00
1548 62.07 32.36 29.41 50.16 0.00
1549 62.01 40.52 15.97 79.56 0.00
1550 62.03 42.66 13.65 80.49 0.00
1551 62.09 61.34 30.78 131.61 0.00
1552 62.10 81.56 26.20 93.58 0.00
1553 62.04 87.27 23.18 87.73 0.00
1554 62.11 59.23 35.32 123.60 0.00
1555 62.15 25.32 15.13 35.71 0.00
1556 62.15 49.96 28.45 93.64 0.00
1557 62.21 12.23 19.06 22.01 0.00
1558 62.25 16.81 18.86 33.61 1.67
1559 61.97 22.18 37.59 28.57 2.92
1560 62.25 63.36 28.64 120.59 0.00
1561 62.28 67.36 29.86 113.53 0.00
1562 62.31 45.07 15.71 75.90 0.40
1563 62.36 70.39 25.88 108.04 0.00
1564 62.41 19.50 18.95 32.09 0.00
1565 62.39 34.51 36.50 52.84 0.00
1566 62.40 78.99 28.75 91.82 0.00
1567 62.37 14.14 13.98 23.69 0.00
1568 62.44 90.15 9.24 59.61 0.00
1569 62.46 28.58 24.20 42.29 0.00
1570 62.52 84.63 27.69 80.14 0.00
1571 62.37 8.28 10.01 29.63 0.32
1572 62.61 55.32 23.06 101.80 0.00
1573 62.64 53.42 18.60 88.47 0.00
1574 62.64 22.90 19.69 31.46 0.00
1575 62.70 65.25 29.75 114.63 0.12
1576 62.80 76.50 21.53 87.62 0.00
1577 62.69 47.86 21.69 74.37 0.00
1578 62.73 30.95 29.77 40.53 0.00
1579 62.77 51.42 29.41 90.11 0.00
1580 62.86 9.77 16.58 23.41 0.27
1581 62.80 36.39 32.67 52.27 0.00
1582 62.94 57.96 29.10 110.68 0.00
1583 63.05 26.87 21.90 31.86 1.69
1584 62.99 38.23 22.27 58.25 0.00
1585 63.01 40.22 16.32 64.96 0.44
1586 62.99 42.29 16.49 61.74 0.00
1587 63.15 60.42 32.21 107.61 0.00
1588 63.15 73.29 26.93 89.95 0.00
1589 63.24 82.27 20.25 73.58 0.00
1590 63.18 33.18 32.20 35.82 0.00
1591 63.26 69.24 15.92 92.98 0.00
1592 63.25 44.24 16.95 58.01 0.00
1593 63.39 11.97 15.95 16.38 0.01
1594 63.44 15.25 15.18 17.13 0.00
1595 63.30 24.70 20.97 28.08 1.65
1596 63.30 62.75 29.43 96.29 0.00
1597 63.34 86.55 22.94 71.27 0.00
1598 63.41 21.10 24.84 20.81 1.14
1599 63.35 46.41 12.34 62.98 0.00
1600 63.37 7.36 13.26 22.57 1.57
1601 63.49 67.22 28.37 94.00 0.00
1602 63.59 56.28 31.32 97.70 0.00
1603 63.56 79.32 13.65 68.61 0.00
1604 63.54 29.33 25.68 26.58 1.19
1605 63.59 50.39 19.60 72.28 0.00
1606 63.68 89.58 11.26 54.30 0.00
1607 63.60 35.19 30.79 33.44 1.15
1608 63.66 48.43 19.35 69.98 0.00
1609 63.70 52.60 30.80 74.35 0.00
1610 63.84 71.18 13.08 81.02 0.00
1611 63.88 31.40 37.85 29.60 1.89
1612 63.84 64.98 28.10 79.40 0.00
1613 63.87 75.63 22.90 69.47 0.00
1614 63.86 37.21 27.60 35.30 0.00
1615 63.90 41.64 16.13 43.43 0.00
1616 64.02 54.43 26.34 75.57 0.00
1617 64.00 58.30 29.92 84.61 0.00
1618 64.05 84.50 21.66 61.16 0.00
1619 64.02 39.57 23.27 35.11 0.00
1620 64.11 23.03 25.62 15.66 1.84
1621 64.15 27.66 31.54 21.02 3.97
1622 64.30 25.56 25.18 19.08 2.71
1623 64.26 43.75 23.46 42.98 0.00
1624 64.19 45.77 16.73 47.54 0.00
1625 64.25 60.47 25.38 78.53 0.00
1626 64.35 19.50 30.47 15.17 2.42
1627 64.40 16.64 19.06 11.85 1.53
1628 64.32 33.30 30.13 19.27 0.51
1629 64.32 14.11 20.24 10.23 0.82
1630 64.35 62.88 21.60 75.39 0.00
1631 64.45 73.23 19.78 63.01 0.00
1632 64.43 81.59 17.42 55.33 0.00
1633 64.49 68.96 23.64 74.49 0.00
1634 64.59 78.06 16.91 55.41 0.00
1635 64.51 12.56 23.20 13.81 1.07
1636 64.51 49.47 15.88 50.96 0.68
1637 64.55 35.50 36.58 23.56 2.96
1638 64.63 51.37 22.68 60.53 0.00
1639 64.67 66.76 29.44 65.94 0.00
1640 64.74 30.24 38.26 23.43 8.18
1641 64.80 47.49 19.14 50.59 1.85
1642 64.70 56.05 33.65 64.43 0.00
1643 64.82 87.22 14.85 42.78 0.00
1644 64.87 10.53 19.22 8.45 1.01
1645 64.65 38.15 28.45 26.32 1.85
1646 64.77 90.34 2.77 33.91 0.00
1647 64.85 42.09 32.03 28.00 1.28
1648 65.00 21.54 34.40 13.48 4.99
1649 64.95 53.20 27.39 51.80 0.00
1650 64.97 58.43 20.71 67.07 0.00
1651 65.04 64.50 29.33 58.66 0.00
1652 65.13 71.01 24.62 53.13 0.00
1653 65.06 75.80 20.41 54.09 0.00
1654 65.12 28.29 31.96 13.60 6.54
1655 65.09 40.12 34.06 22.74 0.63
1656 65.12 45.44 25.33 42.26 3.09
1657 65.11 61.38 22.89 70.67 0.00
1658 65.26 23.85 29.95 12.88 5.22
1659 65.26 84.00 16.31 43.44 0.00
1660 65.30 32.18 34.17 16.58 10.04
1661 65.35 36.77 31.19 16.75 2.84
1662 65.47 80.20 20.49 43.82 0.00
1663 65.42 18.27 32.05 10.87 4.86
1664 65.47 26.13 37.39 15.37 8.00
1665 65.33 34.51 38.09 21.83 7.28
1666 65.50 15.66 26.75 9.20 2.65
1667 65.42 43.72 33.51 28.82 3.04
1668 65.58 12.52 22.80 9.20 3.79
1669 65.60 54.67 33.40 55.87 2.53
1670 65.66 49.02 31.71 34.06 2.57
1671 65.67 50.97 27.73 46.56 4.02
1672 65.74 59.96 29.74 61.74 0.92
1673 65.70 68.57 23.00 46.12 0.35
1674 65.70 56.79 31.89 53.15 2.63
1675 65.69 73.43 28.73 49.17 0.00
1676 65.76 38.54 33.16 14.88 4.51
1677 65.78 66.13 26.37 50.97 0.00
1678 65.81 62.94 29.06 54.58 0.44
1679 65.92 20.20 24.94 8.78 7.20
1680 65.86 30.03 43.96 15.71 11.47
1681 66.08 88.96 5.37 30.05 0.00
1682 65.94 47.12 33.04 24.80 1.55
1683 65.99 87.23 13.29 31.09 0.00
1684 66.39 9.98 13.61 7.48 5.09
1685 66.14 76.55 31.10 39.85 0.00
1686 66.27 85.74 14.45 31.09 0.00
1687 66.25 27.84 35.35 11.16 12.52
1688 66.17 33.22 34.82 10.23 13.04
1689 66.25 44.99 44.11 24.42 8.93
1690 66.25 52.83 32.74 40.22 3.80
1691 66.36 83.17 17.03 30.06 0.00
1692 66.39 21.88 22.30 6.98 8.40
1693 66.25 40.49 42.56 19.15 4.40
1694 66.25 70.94 23.27 38.64 0.00
1695 66.43 23.99 33.97 9.10 10.44
1696 66.39 35.44 39.20 14.20 12.30
1697 66.37 58.40 28.22 42.65 0.10
1698 66.57 16.68 24.24 6.05 6.82
1699 66.58 13.68 21.24 5.89 5.38
1700 66.45 37.32 37.67 9.62 7.92
1701 66.57 55.59 29.29 39.68 4.02
1702 66.67 64.89 31.25 43.70 1.40
1703 66.68 31.30 44.31 9.21 15.64
1704 66.80 25.89 33.32 9.72 15.74
1705 66.74 50.71 30.59 26.70 2.97
1706 66.77 43.25 47.92 17.89 7.22
1707 66.74 67.20 26.05 37.89 1.66
1708 66.91 60.50 30.80 40.09 2.89
1709 66.82 73.90 35.55 32.23 0.00
1710 66.82 48.71 33.07 20.96 6.24
1711 66.82 62.65 36.37 36.88 1.00
1712 66.99 19.12 21.39 6.12 9.95
1713 66.95 46.57 35.54 17.34 9.20
1714 67.13 29.22 39.22 8.22 21.33
1715 67.03 39.24 47.14 14.07 12.25
1716 67.15 69.17 23.71 31.77 1.90
1717 67.17 54.13 31.73 25.36 5.95
1718 67.17 34.41 37.66 8.42 15.89
1719 67.27 81.56 20.44 21.73 0.00
1720 67.27 41.23 48.37 16.11 14.09
1721 67.21 57.14 28.71 32.52 4.24
1722 67.30 76.88 24.89 21.29 0.00
1723 67.30 87.69 11.47 24.38 0.00
1724 67.33 11.75 14.11 4.37 10.13
1725 67.32 37.49 48.39 14.91 17.98
1726 67.48 71.52 33.94 29.81 3.90
1727 67.47 52.10 36.29 25.02 6.30
1728 67.52 21.46 21.85 3.35 15.12
1729 67.59 27.05 28.17 8.65 24.20
1730 67.62 23.87 21.03 5.41 16.82
1731 67.66 32.72 39.62 8.97 26.28
1732 67.64 45.20 31.21 13.30 13.17
1733 67.86 84.59 15.10 18.26 0.00
1734 67.77 17.09 19.64 3.17 12.86
1735 67.71 58.61 27.80 27.30 5.66
1736 67.69 43.25 43.42 13.50 15.20
1737 67.77 49.76 36.34 20.59 13.63
1738 67.81 64.41 45.14 29.64 5.75
1739 67.88 30.62 37.92 9.21 29.82
1740 67.79 47.85 36.15 17.14 13.48
1741 67.92 67.05 29.10 22.34 3.27
1742 67.69 36.10 36.39 7.17 23.94
1743 67.88 62.01 34.31 27.82 5.99
1744 67.98 55.85 42.06 28.87 9.75
1745 68.05 39.21 38.49 10.30 19.69
1746 68.10 73.95 35.19 26.44 2.67
1747 68.21 79.62 25.73 21.14 0.28
1748 68.36 19.84 16.26 3.02 20.16
1749 68.28 53.36 38.08 21.03 12.18
1750 68.31 69.49 27.82 22.10 7.39
1751 68.12 11.35 13.33 5.45 12.39
1752 68.35 25.43 20.56 5.46 28.69
1753 68.37 28.15 24.34 6.50 35.12
1754 68.30 41.55 31.66 10.36 21.62
1755 68.13 35.81 40.38 4.44 26.89
1756 68.52 82.95 25.94 13.49 0.00
1757 68.53 11.91 10.43 2.70 13.93
1758 68.46 76.81 27.55 16.59 0.27
1759 68.48 46.55 30.12 9.44 19.58
1760 68.56 59.49 39.19 22.17 10.84
1761 68.49 34.34 33.74 6.97 37.44
1762 68.49 51.09 25.80 14.18 15.75
1763 68.64 22.21 21.18 2.68 32.52
1764 68.74 88.12 8.78 16.36 0.00
1765 68.51 37.22 38.23 11.77 33.77
1766 68.62 44.33 30.91 13.39 22.11
1767 68.66 31.99 30.25 7.40 42.43
1768 68.76 65.49 46.70 26.57 9.11
1769 68.69 14.12 15.87 4.27 18.86
1770 68.76 15.53 15.67 3.14 19.76
1771 68.78 17.71 13.17 0.67 22.55
1772 68.81 48.81 27.12 12.57 24.53
1773 69.01 72.24 24.33 16.07 4.70
1774 68.86 29.76 19.67 7.12 46.51
1775 68.98 55.07 46.16 20.59 16.05
1776 69.03 57.27 43.51 24.10 15.09
1777 68.88 61.43 37.26 20.39 8.83
1778 69.05 40.13 27.98 6.74 31.30
1779 69.01 86.18 19.30 15.31 0.00
1780 69.20 42.40 26.53 7.62 29.80
1781 69.25 63.43 43.59 20.30 10.94
1782 69.24 24.09 21.43 8.08 52.01
1783 69.23 26.51 21.32 3.67 50.10
1784 69.34 75.14 28.33 13.66 3.27
1785 69.28 35.79 29.66 8.15 52.26
1786 69.33 52.92 40.16 13.94 23.78
1787 69.35 84.87 20.93 14.88 0.00
1788 69.35 38.22 39.96 8.66 41.71
1789 69.49 67.26 35.70 14.73 11.32
1790 69.42 69.69 38.72 18.90 11.11
1791 69.51 78.36 24.54 12.26 1.96
1792 69.48 50.70 26.78 12.90 29.31
1793 69.54 33.18 25.23 7.87 59.95
1794 69.51 46.86 33.24 10.87 31.98
1795 69.30 17.55 14.64 0.00 22.07
1796 69.55 44.47 26.35 7.78 32.95
1797 69.76 82.17 20.33 11.09 1.74
1798 69.59 12.68 15.57 1.53 26.67
1799 69.68 28.52 11.47 4.13 51.14
1800 69.83 18.99 12.54 2.30 38.68
1801 69.78 21.49 18.60 2.35 40.90
1802 69.75 30.97 16.16 1.42 50.89
1803 69.82 59.12 34.32 12.24 14.10
1804 69.80 15.71 13.32 1.73 31.97
1805 69.76 48.69 31.09 13.26 34.72
1806 70.45 87.16 11.04 6.74 0.00
1807 69.97 61.43 38.51 11.75 18.92
1808 70.05 65.04 34.01 11.42 15.23
1809 69.99 55.24 42.07 18.89 25.04
1810 70.08 39.66 30.15 4.84 44.26
1811 70.27 26.26 15.27 3.28 59.41
1812 70.20 36.92 33.10 6.71 60.61
1813 70.14 41.72 30.73 7.52 47.34
1814 70.51 79.96 22.70 10.28 4.81
1815 70.25 23.85 17.52 3.39 57.62
1816 70.21 71.92 32.66 13.66 12.15
1817 70.25 34.39 22.32 5.71 67.90
1818 70.35 45.61 30.48 7.89 37.36
1819 70.31 52.15 33.90 10.83 27.40
1820 70.47 57.17 44.59 14.59 24.71
1821 70.47 84.51 20.24 11.08 2.50
1822 70.47 74.61 31.03 11.71 8.36
1823 70.57 43.54 27.40 5.52 43.02
1824 70.60 69.33 33.67 15.74 19.93
1825 70.53 49.92 27.65 8.65 37.43
1826 70.66 29.18 9.63 1.52 60.34
1827 70.85 77.21 24.40 7.38 7.32
1828 70.66 13.31 14.34 0.00 35.76
1829 70.77 31.72 16.77 3.42 60.67
1830 70.77 63.37 42.99 15.58 33.37
1831 70.72 47.88 37.81 10.79 44.72
1832 70.88 16.69 15.51 0.00 39.50
1833 70.84 54.06 39.29 10.03 30.57
1834 70.85 66.60 31.18 11.36 21.79
1835 70.86 19.70 13.66 0.38 49.59
1836 70.98 38.79 28.57 4.19 62.85
1837 71.09 22.24 16.86 1.90 58.45
1838 71.07 35.81 31.08 6.20 74.51
1839 71.12 59.03 45.03 9.78 27.90
1840 71.09 41.14 26.31 4.89 57.58
1841 71.12 61.09 36.62 9.28 30.44
1842 71.34 27.00 13.31 1.46 69.28
1843 71.23 33.77 23.96 2.29 66.24
1844 71.38 24.66 16.28 1.84 66.59
1845 71.27 46.28 32.46 7.10 55.10
1846 71.36 72.51 27.73 6.75 16.29
1847 71.44 81.92 24.14 8.08 9.12
1848 71.38 52.06 38.43 12.18 44.22
1849 71.42 55.74 47.59 10.30 40.28
1850 71.51 44.10 31.79 3.64 59.20
1851 71.47 50.07 35.33 7.83 47.17
1852 71.62 68.71 29.59 8.56 22.39
1853 71.50 85.36 14.68 8.84 2.91
1854 71.68 13.80 13.44 0.73 42.85
1855 71.77 29.43 18.40 3.84 78.50
1856 71.73 75.26 26.61 7.48 13.75
1857 71.80 37.47 30.79 3.27 77.72
1858 71.84 18.12 13.48 0.00 48.79
1859 71.95 48.16 33.34 8.32 66.02
1860 71.91 63.71 35.73 10.48 37.39
1861 71.89 65.83 27.64 10.07 35.54
1862 71.94 57.51 41.25 8.26 35.94
1863 71.95 31.46 23.78 4.67 84.29
1864 72.01 79.03 23.64 7.77 18.92
1865 72.08 20.62 18.31 2.28 60.04
1866 71.96 39.87 24.99 4.44 77.00
1867 72.03 42.21 30.89 6.03 71.75
1868 72.04 53.71 38.65 8.51 51.77
1869 72.17 61.57 39.17 11.22 43.98
1870 72.26 71.28 32.33 9.65 29.23
1871 72.17 33.49 26.12 5.82 80.74
1872 72.32 35.57 18.90 1.70 75.88
1873 72.20 46.12 21.37 5.05 66.38
1874 72.40 15.57 16.03 0.00 48.38
1875 72.42 23.04 9.45 0.83 66.29
1876 72.43 59.35 38.46 10.83 48.11
1877 72.57 25.43 11.98 0.46 71.49
1878 72.46 27.75 14.07 1.46 82.83
1879 72.55 52.05 26.85 7.11 63.15
1880 72.55 44.23 22.45 4.36 71.48
1881 72.46 50.05 35.46 7.78 64.15
1882 72.54 55.32 36.52 6.40 53.53
1883 72.64 67.68 23.17 4.20 30.85
1884 72.71 84.84 13.70 6.58 5.26
1885 72.65 38.41 27.29 3.87 81.98
1886 72.76 81.70 19.51 6.07 23.59
1887 72.77 75.32 23.57 6.31 25.06
1888 72.97 12.60 10.53 0.00 42.36
1889 72.85 40.82 24.43 3.18 80.01
1890 73.02 65.07 21.61 7.15 45.45
1891 73.02 31.69 14.84 1.38 87.42
1892 72.99 18.14 10.92 0.00 56.10
1893 73.02 46.92 25.84 7.39 78.18
1894 73.06 57.11 43.77 11.99 62.49
1895 73.18 29.42 12.71 3.04 89.88
1896 73.21 33.99 26.99 4.23 94.85
1897 73.20 78.31 14.96 4.95 22.36
1898 73.22 42.93 26.86 3.34 79.62
1899 73.31 48.85 24.90 4.59 80.51
1900 73.27 69.81 24.17 4.62 35.14
1901 73.28 20.68 7.24 0.00 62.70
1902 73.26 36.64 23.10 5.44 92.24
1903 73.41 72.71 23.03 4.95 30.56
1904 73.22 61.49 26.32 10.72 55.54
1905 73.46 50.86 27.53 7.38 83.00
1906 73.54 26.92 4.63 0.15 75.50
1907 73.55 23.20 3.65 0.00 71.84
1908 73.53 54.87 37.47 8.28 70.86
1909 73.60 59.49 26.37 6.80 63.87
1910 73.66 15.51 12.72 0.00 49.60
1911 73.58 39.26 16.98 5.30 92.95
1912 73.68 45.17 14.94 1.63 83.38
1913 73.64 52.84 31.46 10.98 85.09
1914 73.74 63.20 24.54 9.10 64.84
1915 73.81 67.52 22.42 5.32 46.74
1916 73.82 80.26 14.58 4.01 19.53
1917 73.92 84.23 8.93 4.82 8.91
1918 73.89 41.23 14.29 1.20 88.84
1919 73.94 75.93 20.27 5.43 33.51
1920 74.01 47.36 13.53 2.63 82.78
1921 74.04 57.46 34.64 6.98 73.26
1922 74.14 33.03 9.97 2.52 92.09
1923 74.13 35.43 18.81 4.46 94.94
1924 74.08 81.79 18.10 3.38 19.52
1925 74.16 18.24 6.88 0.00 60.69
1926 74.24 24.98 3.39 1.06 77.59
1927 74.24 30.78 4.69 0.00 83.16
1928 74.17 37.71 15.83 2.96 102.19
1929 74.38 13.06 9.73 0.00 47.98
1930 74.19 43.07 12.12 2.28 85.97
1931 74.38 65.08 26.63 8.01 67.13
1932 74.42 70.74 14.43 1.06 36.62
1933 74.46 21.19 5.03 0.00 69.44
1934 74.38 28.46 1.53 0.11 78.66
1935 74.45 61.23 22.80 7.78 78.64
1936 74.35 49.82 22.02 6.80 91.98
1937 74.55 55.62 37.03 7.49 90.35
1938 74.67 78.14 15.61 3.64 25.20
1939 74.70 74.03 22.57 3.42 39.07
1940 74.65 53.79 22.71 5.64 84.62
1941 74.72 51.85 26.33 7.48 97.77
1942 74.80 39.45 5.00 0.92 92.10
1943 74.81 59.08 18.08 4.55 78.36
1944 74.83 44.47 4.97 2.17 91.43
1945 74.89 46.29 11.94 2.61 93.25
1946 74.94 41.38 10.63 2.38 97.16
1947 74.96 48.35 11.08 3.11 97.72
1948 74.95 67.71 24.83 4.15 55.60
1949 75.06 15.87 6.62 0.00 60.40
1950 74.98 36.64 3.80 1.13 100.31
1951 75.04 34.07 5.88 0.00 87.42
1952 75.25 23.52 0.00 0.00 67.51
1953 75.26 31.66 0.97 2.72 91.78
1954 75.29 62.62 15.90 2.26 70.65
1955 75.30 80.80 14.65 4.32 23.42
1956 75.39 26.01 0.15 1.67 76.44
1957 75.31 18.60 3.38 0.00 67.42
1958 75.35 56.63 27.49 7.50 100.93
1959 75.38 28.34 0.78 1.70 83.29
1960 75.34 50.31 13.64 8.69 107.50
1961 75.40 43.23 4.22 4.87 98.36
1962 75.56 72.07 11.52 1.28 45.05
1963 75.53 64.82 25.61 4.44 71.59
1964 75.72 76.32 17.78 3.37 39.81
1965 75.73 13.56 0.14 0.00 51.34
1966 75.74 53.33 21.34 4.85 102.08
1967 75.79 21.15 0.00 0.00 72.55
1968 75.68 38.48 2.18 3.35 101.58
1969 75.88 69.76 14.83 2.73 57.18
1970 75.80 47.10 8.65 5.27 110.61
1971 75.96 60.67 13.85 3.38 84.24
1972 75.88 58.45 20.17 4.90 99.89
1973 75.92 40.86 0.81 2.19 98.39
1974 75.96 29.99 0.00 0.00 79.96
1975 76.20 34.61 0.12 1.23 95.65
1976 75.92 36.61 0.00 2.07 99.76
1977 76.07 45.23 4.36 3.43 101.48
1978 76.11 67.27 18.91 4.10 69.14
1979 76.13 51.27 14.43 6.98 108.85
1980 76.13 55.16 20.14 6.28 100.07
1981 76.12 48.97 3.84 5.67 109.73
1982 76.28 78.96 12.99 1.78 33.14
1983 76.36 32.41 1.51 1.92 93.98
1984 76.49 74.18 16.28 2.18 47.72
1985 76.28 42.99 2.53 3.41 105.92
1986 76.49 16.07 2.98 0.28 61.26
1987 76.46 27.66 0.00 0.00 73.54
1988 76.47 18.81 0.18 0.00 63.92
1989 76.60 62.80 12.98 2.89 73.31
1990 76.67 25.11 0.00 0.00 71.43
1991 76.53 39.29 0.00 3.81 105.84
1992 76.58 23.00 0.37 1.12 71.66
1993 76.74 56.87 13.18 4.85 92.42
1994 76.71 65.16 17.44 3.85 78.55
1995 76.88 37.30 0.00 4.02 102.46
1996 76.78 47.07 0.00 3.28 113.25
1997 76.91 30.60 0.00 0.87 85.15
1998 76.89 52.59 7.65 4.79 106.27
1999 76.93 59.25 15.38 6.86 92.03
2000 77.33 80.61 9.77 0.27 28.95
2001 76.97 41.49 0.00 1.20 98.87
2002 77.07 70.33 14.57 2.76 67.52
2003 76.99 44.29 0.00 1.15 96.87
2004 77.05 49.75 5.53 3.15 113.84
2005 77.12 20.28 1.45 0.00 63.14
2006 77.14 54.81 10.32 3.34 98.75
2007 77.07 76.40 4.45 0.00 33.34
2008 77.36 67.60 12.74 3.18 77.09
2009 77.57 35.51 2.01 1.00 84.42
2010 77.44 61.28 9.68 2.33 79.70
2011 77.54 72.85 13.36 1.83 58.90
2012 77.43 33.48 0.00 0.00 80.91
2013 77.57 77.94 9.76 0.00 37.23
2014 77.51 26.51 2.43 0.70 80.58
2015 77.64 28.88 3.30 0.00 77.70
2016 77.52 39.70 0.00 1.90 93.44
2017 77.76 14.72 0.32 0.00 55.89
2018 77.73 45.86 0.00 1.58 101.47
2019 77.70 21.99 0.68 0.00 64.63
2020 77.76 47.76 1.36 3.70 117.27
2021 77.67 51.50 1.38 3.53 110.21
2022 77.76 58.04 7.84 2.93 95.14
2023 77.79 64.54 15.83 3.66 76.69
2024 77.79 17.67 0.00 0.00 61.62
2025 77.98 31.19 3.88 2.43 85.86
2026 77.87 37.73 0.00 1.69 98.58
2027 77.87 41.94 0.00 3.00 90.23
2028 77.90 43.81 0.00 4.50 91.34
2029 78.11 24.31 0.00 0.00 74.86
2030 77.96 53.79 5.70 5.13 98.89
2031 78.18 75.47 9.22 0.00 49.56
2032 78.18 56.07 1.14 1.57 87.86
2033 78.19 49.55 0.93 3.95 114.66
2034 78.33 70.76 7.16 0.00 61.72
2035 78.48 60.22 5.80 4.44 87.00
2036 78.50 62.88 11.65 2.80 84.29
2037 78.58 19.57 0.23 0.00 56.79
2038 78.94 33.41 1.77 2.28 84.33
2039 78.57 40.13 0.00 0.00 88.92
2040 78.52 67.48 9.85 1.76 73.31
2041 78.56 26.99 3.36 0.00 76.74
2042 78.59 51.90 0.92 3.55 110.16
2043 78.75 35.58 0.16 1.66 86.25
2044 78.79 37.83 4.59 2.14 91.45
2045 78.73 45.00 0.00 2.75 94.24
2046 79.00 22.14 1.21 0.00 59.63
2047 78.89 29.47 2.01 0.00 73.81
2048 79.01 79.07 6.00 0.00 40.14
2049 78.86 15.97 0.96 0.00 56.76
2050 78.84 42.44 0.00 4.56 90.20
2051 78.88 48.26 0.00 3.90 101.82
2052 78.95 58.28 2.11 2.18 80.13
2053 78.91 54.25 2.89 1.45 94.90
2054 79.12 65.39 10.11 1.84 77.77
2055 79.24 73.38 6.24 0.00 56.69
2056 79.22 46.68 0.00 2.43 113.11
2057 79.32 24.50 4.44 0.00 70.06
2058 79.36 70.00 8.24 0.25 61.98
2059 79.43 50.17 0.00 0.00 103.48
2060 79.39 56.45 0.00 1.49 84.07
2061 79.44 76.72 5.28 0.00 46.81
2062 79.59 31.40 3.13 0.00 65.21
2063 79.52 61.97 0.00 0.37 80.12
2064 79.59 39.74 0.00 2.36 83.39
2065 79.58 43.46 0.07 1.81 91.30
2066 79.62 52.30 0.00 2.45 106.28
2067 79.76 19.60 3.73 0.00 58.25
2068 79.68 26.98 5.49 0.00 73.13
2069 79.88 37.70 1.83 1.00 79.98
2070 79.88 59.77 0.00 0.54 77.94
2071 79.97 16.87 1.73 0.00 51.95
2072 80.07 35.67 7.05 0.82 72.95
2073 79.94 67.80 4.48 1.41 67.15
2074 79.92 41.58 1.32 0.00 79.43
2075 79.88 45.27 1.92 2.31 92.05
2076 80.00 54.56 0.00 3.54 101.40
2077 80.12 28.93 5.57 0.00 60.45
2078 80.16 64.17 5.57 1.15 81.96
2079 80.10 48.45 0.29 3.48 99.19
2080 80.39 22.63 5.13 0.00 56.38
2081 80.39 57.72 1.10 0.00 86.45
2082 80.60 33.50 8.21 1.94 73.02
2083 80.51 71.71 4.38 0.00 59.28
2084 80.53 75.00 2.62 0.72 59.22
2085 80.53 46.67 2.56 3.83 91.68
2086 80.62 25.37 7.11 0.00 59.18
2087 80.50 39.11 3.29 5.14 87.67
2088 80.69 52.22 0.00 3.55 94.10
2089 80.74 78.31 1.69 0.30 40.10
2090 80.59 31.07 9.52 0.03 65.33
2091 80.71 44.10 4.23 2.47 74.54
2092 80.71 50.21 1.02 1.24 91.35
2093 80.82 62.11 0.00 0.00 74.86
2094 80.90 20.10 3.14 0.00 55.65
2095 81.07 42.27 3.59 0.68 77.82
2096 81.01 56.19 0.00 2.79 91.16
2097 81.10 66.13 0.79 0.00 65.05
2098 81.11 68.73 2.71 0.00 54.43
2099 81.16 36.41 7.94 0.00 57.79
2100 81.10 40.50 6.38 0.93 74.38
2101 81.11 59.70 0.00 1.30 74.68
2102 81.24 29.61 12.78 0.00 53.67
2103 81.25 54.23 0.00 0.46 87.61
2104 81.36 27.18 11.69 0.00 53.37
2105 81.55 38.16 8.38 1.55 65.68
2106 81.37 48.14 7.35 0.00 79.42
2107 81.44 45.52 8.26 1.79 74.96
2108 81.97 32.24 16.38 2.27 60.42
2109 82.05 35.02 14.08 1.77 56.23
2110 81.69 63.97 5.60 1.70 67.41
2111 81.66 73.78 3.61 0.00 55.49
2112 81.85 24.47 13.84 0.00 55.09
2113 81.72 21.99 6.67 0.00 52.10
2114 81.91 70.91 0.89 0.00 54.87
2115 81.86 50.31 4.16 0.23 74.87
2116 81.89 76.75 0.00 0.00 43.30
2117 81.81 52.45 0.87 0.11 77.93
2118 81.95 57.66 4.59 1.56 79.61
2119 81.95 43.35 8.82 0.26 66.35
2120 82.17 39.95 5.02 0.97 60.24
2121 82.18 61.12 0.38 0.00 63.94
2122 82.00 20.62 3.89 0.00 50.13
2123 82.17 18.76 4.23 0.00 50.61
2124 82.23 28.22 12.07 0.00 46.85
2125 82.34 46.69 8.97 2.45 66.41
2126 82.41 54.99 0.99 0.38 68.39
2127 82.49 68.51 0.56 0.00 53.73
2128 82.68 66.15 2.58 0.00 62.74
2129 82.68 29.92 21.35 0.36 45.37
2130 82.79 48.80 7.04 0.77 61.82
2131 82.72 37.54 9.09 1.20 47.80
2132 82.76 41.69 4.51 0.92 53.19
2133 82.82 44.43 12.01 2.18 61.02
2134 82.96 59.11 3.39 0.00 58.02
2135 82.95 23.02 15.26 0.00 46.80
2136 82.81 26.04 13.09 0.00 40.69
2137 82.70 52.38 1.41 0.36 67.79
2138 83.03 63.51 1.32 0.92 62.95
2139 83.01 75.42 0.00 0.00 41.48
2140 83.07 72.60 0.54 0.00 48.77
2141 83.46 34.23 20.28 0.00 41.78
2142 83.29 56.77 5.74 0.21 64.73
2143 83.00 20.72 7.39 0.00 41.95
2144 83.28 31.49 21.96 0.00 38.28
2145 83.38 19.30 8.42 0.00 42.20
2146 83.49 27.79 17.82 0.00 38.69
2147 83.24 39.10 4.90 0.00 44.05
2148 83.52 50.94 0.49 0.29 54.75
2149 83.50 46.10 10.09 2.68 52.49
2150 83.57 53.81 1.75 0.44 63.24
2151 83.65 61.38 2.87 0.49 52.88
2152 83.61 69.93 0.00 0.00 53.76
2153 83.77 36.40 11.13 1.04 43.00
2154 83.61 42.73 1.26 1.59 50.26
2155 83.92 40.49 4.47 0.62 44.52
2156 84.07 25.05 13.33 0.00 37.01
2157 84.05 48.24 8.11 1.86 52.57
2158 83.75 21.45 14.33 0.00 44.70
2159 84.00 66.72 1.91 0.00 51.87
2160 84.22 29.90 12.41 0.00 31.93
2161 84.27 38.24 7.26 0.00 34.26
2162 83.91 23.57 19.23 0.00 43.46
2163 84.41 32.47 13.26 0.00 35.59
2164 84.42 59.29 4.37 0.10 49.77
2165 84.40 63.94 2.55 0.00 58.01
2166 84.07 22.61 18.51 0.00 39.37
2167 84.52 44.19 0.00 0.00 39.56
2168 84.68 54.98 4.81 1.06 52.52
2169 84.65 57.19 4.56 0.00 44.96
2170 84.61 72.24 0.00 0.00 44.29
2171 84.38 20.85 10.22 0.00 41.89
2172 84.74 46.29 1.98 1.21 44.45
2173 84.81 52.66 1.38 0.00 48.37
2174 84.80 27.38 12.41 0.62 36.02
2175 84.91 34.98 12.49 1.10 29.97
2176 84.84 42.08 2.64 0.71 39.49
2177 84.84 50.45 2.55 2.22 49.92
2178 84.96 69.43 1.63 0.00 43.60
2179 85.01 22.84 10.54 0.00 36.07
2180 85.17 61.83 3.37 0.10 39.13
2181 85.29 40.00 3.05 0.00 30.57
2182 85.09 36.84 11.43 0.00 30.10
2183 85.11 48.36 3.56 0.00 38.33
2184 85.32 66.68 2.98 0.52 46.76
2185 85.46 30.97 8.53 1.03 26.21
2186 85.62 25.25 9.73 0.88 32.70
2187 85.46 33.47 9.01 0.78 29.28
2188 85.72 28.85 7.04 0.03 28.18
2189 85.88 64.37 4.14 0.00 40.33
2190 85.60 37.83 5.77 0.59 24.26
2191 85.84 59.40 3.87 0.84 39.08
2192 85.85 45.05 0.00 1.51 30.33
2193 86.02 42.94 0.00 0.00 26.21
2194 85.97 51.37 1.75 0.00 34.58
2195 85.97 57.05 1.27 0.00 35.94
2196 86.00 54.50 2.73 0.55 34.39
2197 86.12 47.08 1.61 0.00 26.09
2198 86.19 49.22 2.55 1.00 30.63
2199 86.14 71.86 4.80 0.00 35.39
2200 86.14 21.70 9.35 0.00 28.77
2201 86.19 35.93 4.55 1.82 25.17
2202 86.15 33.28 3.18 0.15 25.87
2203 86.34 68.94 4.99 0.00 41.45
2204 86.42 26.97 4.69 0.00 22.19
2205 86.33 38.68 0.00 0.00 21.65
2206 86.34 41.03 1.12 0.35 21.37
2207 86.68 61.67 2.81 0.00 33.32
2208 86.73 52.91 0.00 0.79 27.77
2209 86.91 30.62 1.31 0.17 20.35
2210 86.86 66.76 6.12 0.00 39.36
2211 86.94 45.34 0.00 0.38 19.30
2212 86.83 33.21 3.21 3.03 25.05
2213 87.10 34.56 1.35 1.27 22.41
2214 87.39 57.56 1.46 0.06 25.13
2215 87.37 59.79 0.00 0.00 28.55
2216 87.36 64.04 1.23 0.00 32.19
2217 87.34 71.04 5.81 0.00 32.43
2218 87.37 37.38 0.48 0.27 16.38
2219 87.24 39.85 1.09 0.00 16.09
2220 87.19 42.48 0.00 0.00 17.55
2221 87.41 47.96 0.00 0.06 18.62
2222 87.44 50.26 0.00 0.00 23.01
2223 87.60 26.25 5.15 0.00 21.92
2224 87.51 27.51 4.48 0.83 21.67
2225 87.84 52.33 0.00 0.00 19.06
2226 87.88 24.62 3.49 0.00 24.06
2227 87.78 44.24 0.00 0.00 16.33
2228 88.02 69.04 4.92 0.00 28.01
2229 87.69 35.15 0.22 0.00 20.33
2230 87.69 28.76 2.30 0.00 19.99
2231 88.25 33.24 1.45 0.45 16.59
2232 88.33 41.48 0.00 0.76 11.17
2233 88.07 46.46 0.00 0.00 15.72
2234 88.30 66.44 2.15 0.00 29.32
2235 88.32 30.30 0.76 0.11 17.55
2236 88.52 61.48 1.56 0.00 21.09
2237 88.39 39.02 0.00 0.00 12.78
2238 88.27 35.97 0.83 0.00 14.40
2239 88.58 58.52 1.22 0.00 18.67
2240 88.69 53.88 0.00 0.00 16.49
2241 88.44 43.89 0.00 0.00 12.20
2242 88.75 48.80 0.00 0.00 10.45
2243 88.67 63.96 1.43 0.00 26.12
2244 88.91 51.22 0.00 0.75 11.20
2245 88.98 26.24 1.52 0.00 15.62
2246 89.17 56.30 0.00 1.14 12.39
2247 88.98 36.76 0.00 0.02 11.66
2248 89.18 31.60 0.97 0.00 12.85
2249 89.17 43.48 0.00 0.26 10.23
2250 89.39 27.85 2.27 0.00 14.27
2251 89.41 68.36 3.86 0.00 20.77
2252 89.30 34.69 1.22 0.00 8.09
2253 89.52 40.43 0.00 0.00 9.31
2254 89.46 46.43 0.00 0.00 7.10
2255 89.48 38.11 0.00 0.46 11.25
2256 89.54 59.87 2.32 1.17 14.92
2257 89.80 65.34 0.00 0.00 16.36
2258 89.99 29.53 1.93 0.00 12.03
2259 89.89 32.26 0.17 0.08 10.90
2260 89.96 51.85 0.00 1.05 8.51
2261 90.13 62.42 2.50 0.00 12.79
2262 90.13 57.53 0.00 0.00 11.86
2263 90.15 49.38 0.00 0.00 7.37
2264 90.15 54.04 0.00 0.00 8.28
2265 89.97 43.33 0.00 1.04 9.42
2266 90.08 59.13 1.24 0.00 10.07
2267 90.22 33.62 0.00 0.48 10.12
2268 90.44 36.46 0.03 1.34 8.31
2269 90.67 39.10 0.15 0.00 6.61
2270 90.77 41.25 0.00 0.00 5.91
2271 90.73 45.50 0.00 0.00 5.09
2272 91.04 47.78 0.00 0.00 5.10
2273 91.07 64.52 0.00 0.00 8.62
2274 91.09 28.42 2.05 0.00 9.67
2275 91.38 30.31 1.71 0.00 8.70
2276 91.23 32.30 0.70 0.31 6.78
2277 91.42 57.43 0.00 0.00 2.47
2278 91.38 54.84 0.00 0.30 4.64
2279 91.53 52.50 0.00 0.86 2.91
2280 91.46 60.28 1.15 0.00 3.53
2281 91.74 43.52 0.41 0.00 4.09
2282 91.64 50.42 0.00 2.03 1.57
2283 91.81 62.34 0.00 0.00 1.52
2284 91.73 35.58 1.46 0.00 6.10
2285 91.89 38.72 0.63 0.86 3.74
2286 92.22 45.91 0.00 0.00 2.74
2287 92.17 41.04 1.07 0.00 3.98
2288 92.49 31.40 1.89 0.00 6.00
2289 92.56 33.88 1.60 0.24 5.31
2290 92.70 48.31 0.00 0.32 1.42
2291 92.69 55.95 0.00 0.55 0.00
2292 92.71 58.61 0.00 0.00 0.11
2293 92.92 60.35 0.00 0.00 0.00
2294 92.97 52.79 0.00 0.17 0.00
2295 92.98 36.75 2.64 0.64 3.56
2296 92.99 61.73 0.00 0.00 0.00
2297 93.14 42.96 1.82 0.47 1.67
2298 92.99 39.96 0.08 0.00 3.24
2299 93.40 38.76 1.31 0.76 1.95
2300 93.58 45.61 2.00 0.26 2.48
2301 93.74 50.46 0.14 0.00 0.00
2302 93.79 32.62 2.61 0.00 3.86
2303 93.84 35.19 1.99 0.82 1.83
2304 94.04 54.88 0.00 0.00 0.00
2305 93.90 57.25 0.00 0.00 0.00
2306 93.94 41.11 0.37 0.56 0.57
2307 93.90 48.30 0.25 1.22 0.00
2308 94.25 43.54 3.11 0.97 0.00
2309 94.29 52.61 1.35 0.05 0.00
2310 94.57 37.38 2.01 0.52 0.00
2311 94.59 47.89 0.00 0.00 0.00
2312 94.92 52.17 0.00 0.00 0.00
2313 95.35 42.23 3.74 0.00 0.00
2314 95.21 57.53 0.00 0.00 0.00
2315 95.53 39.59 3.37 0.85 0.00
2316 95.08 56.13 0.09 1.92 0.00
2317 95.63 47.51 3.69 2.01 0.00
2318 95.75 50.18 1.04 0.02 0.00
2319 95.66 54.73 1.09 0.00 0.00
2320 96.03 45.06 3.95 1.11 0.00
2321 96.63 42.48 3.26 1.47 0.00
2322 96.98 47.83 4.81 0.20 0.00
2323 97.61 50.80 1.95 0.00 0.00

