#<Embryo name> <Cleavage cycle> <Temporal class> <Genes>
bk2 14A 4 even-skipped Kruppel giant

#Data without background
#Normalization coefficients: <gene> <a0> <a1> <a2> <a3> <a4> <a5>
eve -0.008417 -0.008417 0.892336 0.892336 -16.083183 0.0
Kr  -0.002236 -0.007018 0.159919 0.752833 -2.250873 -8.81E-4
gt  -0.001463 -0.004656 0.139679 0.4719 -0.737551 4.01E-4
#Normalization formula: intensity_norm = 255 * (intensity - (a0*x^2 + a1*y^2 + a2*x + a3*y + a4 + a5*x*y)) / (255 - (a0*x^2 + a1*y^2 + a2*x + a3*y + a4 + a5*x*y))
#<Nucleus number> <A-P coordinate> <D-V coordinate> <Fluorescence intensity: channel 1 - eve, channel 2 - Kr, channel 3 - gt>
0 2.16 43.75 1.04 0.00 0.00
1 2.56 41.66 2.23 0.00 0.00
2 2.67 38.88 0.49 0.00 0.00
3 3.32 45.99 1.16 0.00 0.00
4 3.15 48.40 0.01 0.00 0.00
5 3.54 43.41 1.97 0.00 0.00
6 3.86 40.03 2.16 0.39 0.00
7 3.80 52.10 0.00 0.00 0.00
8 4.33 50.30 0.00 0.10 0.00
9 4.80 37.97 1.47 0.83 0.00
10 4.62 46.26 1.06 0.66 0.00
11 4.96 35.17 3.14 3.07 0.00
12 5.16 42.64 0.77 1.95 0.00
13 4.99 44.98 0.42 3.33 0.00
14 5.09 52.63 0.00 0.88 0.00
15 5.21 48.79 0.00 0.68 0.00
16 5.51 40.07 0.80 0.75 0.00
17 5.50 51.40 1.30 1.11 0.00
18 5.32 55.90 0.00 0.00 0.00
19 5.59 55.15 0.00 0.00 0.00
20 5.92 36.58 0.64 2.62 0.00
21 6.11 44.88 1.08 3.00 0.00
22 5.89 47.18 1.32 1.03 0.00
23 5.93 54.13 0.00 0.00 0.00
24 6.45 41.86 0.35 2.12 0.00
25 6.48 34.36 2.09 4.78 0.00
26 6.61 30.26 0.73 0.34 0.00
27 6.82 39.47 1.26 2.18 0.00
28 6.74 53.16 0.00 1.13 0.00
29 6.65 47.71 0.00 0.78 0.00
30 6.87 55.28 0.00 0.51 0.00
31 6.83 56.63 0.00 0.00 0.00
32 6.89 43.33 0.00 2.32 0.00
33 7.24 45.99 1.10 3.51 0.00
34 7.63 37.45 0.86 1.02 0.00
35 7.36 49.50 0.00 1.56 0.00
36 7.38 59.70 0.00 0.00 0.00
37 7.40 35.04 3.13 2.42 0.00
38 7.19 51.68 1.17 0.51 0.00
39 7.67 41.17 0.00 1.72 0.00
40 7.82 30.02 1.99 1.78 0.00
41 7.91 32.48 1.57 3.01 0.00
42 7.67 43.80 0.96 3.47 0.42
43 8.15 47.26 1.66 1.81 0.00
44 8.04 51.55 0.00 1.38 0.00
45 7.89 53.82 1.27 0.00 0.00
46 8.00 55.69 0.00 0.00 0.00
47 8.30 43.78 0.16 2.06 0.00
48 8.86 39.56 0.34 2.96 0.18
49 8.90 61.36 0.00 0.00 1.02
50 8.50 49.07 1.58 0.68 0.74
51 8.59 54.01 0.00 0.00 0.00
52 8.98 37.02 0.39 2.89 0.00
53 8.79 41.85 2.34 2.44 0.00
54 9.05 45.39 0.22 4.24 0.73
55 9.12 33.96 0.99 2.16 0.34
56 9.12 49.78 0.00 0.19 0.62
57 9.60 28.22 2.91 1.22 0.00
58 9.57 52.40 0.00 1.21 2.04
59 9.42 55.56 0.00 0.00 2.17
60 9.42 48.04 0.00 1.15 2.65
61 9.73 59.72 0.00 0.22 5.08
62 9.82 54.60 0.00 0.71 3.90
63 9.94 47.34 0.00 2.51 1.20
64 10.21 41.19 0.32 4.24 2.58
65 9.94 43.49 0.00 3.67 1.06
66 10.32 35.92 0.13 2.57 2.45
67 10.43 62.14 0.00 0.00 6.13
68 10.54 57.31 0.00 0.00 6.70
69 10.47 32.88 1.83 3.04 1.42
70 10.39 38.51 0.29 3.66 2.15
71 10.58 45.72 0.01 2.06 4.50
72 10.41 49.90 0.00 1.86 5.44
73 10.75 27.12 0.00 0.20 2.13
74 10.49 25.37 1.62 0.00 0.00
75 10.93 52.35 0.00 1.78 6.95
76 11.21 54.64 0.11 0.00 8.81
77 11.21 29.72 3.26 0.62 3.41
78 11.47 59.93 0.00 0.00 9.82
79 11.45 40.39 0.00 3.40 7.69
80 11.59 42.89 0.00 5.22 9.41
81 11.37 47.91 0.00 1.33 6.82
82 11.44 62.89 0.00 0.00 9.36
83 11.55 35.53 1.38 2.78 6.06
84 11.36 50.25 0.00 0.00 9.98
85 11.81 37.63 0.49 2.46 9.92
86 11.52 32.56 0.00 1.85 9.05
87 11.84 45.07 0.00 3.83 10.18
88 12.01 57.13 0.00 0.00 13.12
89 12.21 27.23 0.00 0.00 7.37
90 11.99 49.66 0.00 2.45 11.55
91 12.35 67.34 0.00 0.00 12.41
92 12.11 52.07 0.00 0.00 16.46
93 12.20 32.95 0.00 2.93 6.28
94 12.67 22.90 0.70 0.00 8.59
95 12.53 47.30 0.00 1.58 17.37
96 12.51 40.84 0.00 2.54 15.72
97 12.58 64.21 0.00 0.00 13.89
98 12.65 61.54 0.00 0.00 16.87
99 13.07 25.53 0.53 0.00 10.77
100 12.77 35.59 0.43 1.28 14.34
101 12.72 65.67 0.00 0.00 14.40
102 12.78 51.92 0.00 1.42 18.18
103 13.10 58.63 0.00 0.00 21.52
104 12.76 43.87 0.00 0.00 18.72
105 12.98 49.67 0.00 0.00 21.75
106 12.95 54.40 0.00 1.04 20.64
107 13.22 38.39 0.36 0.68 20.89
108 13.03 33.64 0.00 0.84 14.27
109 13.23 44.97 0.00 0.88 20.50
110 13.42 56.13 0.00 0.00 21.21
111 13.45 32.74 0.00 1.26 17.56
112 13.54 42.46 0.00 2.73 28.21
113 13.25 27.90 0.00 0.00 15.11
114 13.67 29.23 0.00 0.00 15.22
115 13.63 21.48 0.77 0.00 17.62
116 13.83 63.46 0.00 0.00 21.57
117 13.86 52.52 0.54 1.03 34.60
118 13.87 47.09 0.00 0.88 34.72
119 13.84 67.57 0.00 0.00 20.64
120 13.92 60.59 0.00 0.00 25.16
121 14.10 36.61 0.00 0.00 31.31
122 13.77 40.55 0.26 0.00 35.09
123 13.98 31.25 0.00 0.00 21.82
124 14.13 49.71 0.00 0.00 40.67
125 14.51 24.50 0.00 0.00 27.87
126 14.49 70.42 0.00 0.00 22.16
127 14.48 34.17 0.23 0.85 32.14
128 14.39 44.87 0.00 2.54 43.94
129 14.42 40.05 0.00 0.19 45.44
130 14.54 55.01 0.00 0.02 36.75
131 14.68 57.93 0.00 0.00 33.53
132 14.64 27.44 0.00 0.00 26.00
133 14.77 65.21 0.00 0.00 26.73
134 14.88 42.52 0.00 1.22 58.21
135 14.69 31.42 0.00 0.00 27.80
136 15.11 38.31 0.00 0.00 57.44
137 15.03 61.30 0.00 0.00 30.73
138 15.14 47.99 0.00 0.32 59.85
139 15.09 51.23 0.00 0.00 53.78
140 15.39 22.15 0.00 0.00 36.22
141 15.55 29.63 0.00 0.00 45.00
142 15.49 35.67 0.00 0.84 60.92
143 15.59 67.90 0.00 0.00 29.63
144 15.57 53.55 0.00 0.19 55.86
145 15.68 32.78 0.00 0.00 52.39
146 15.67 45.54 0.00 0.00 74.72
147 15.77 56.08 0.00 0.00 52.19
148 15.88 41.13 0.00 0.42 89.67
149 15.87 70.60 0.00 0.00 30.05
150 15.85 26.11 0.01 0.00 44.74
151 15.99 62.83 0.00 0.00 35.67
152 16.06 59.40 0.00 0.00 44.61
153 16.29 43.43 0.00 0.00 99.46
154 16.05 65.75 0.00 0.00 36.75
155 16.14 49.72 0.00 0.83 82.89
156 16.34 39.11 0.00 0.13 97.05
157 16.50 36.81 0.00 0.00 86.83
158 16.63 47.48 0.00 0.00 95.18
159 16.63 52.03 0.00 0.36 84.94
160 16.75 21.21 0.15 0.00 61.65
161 16.83 24.16 0.07 0.00 64.02
162 16.71 31.05 0.00 0.17 69.36
163 16.80 34.31 0.00 0.92 91.81
164 16.88 28.29 0.14 0.00 71.63
165 16.83 57.27 0.00 0.00 58.93
166 17.01 54.53 0.00 1.14 73.08
167 17.20 69.22 0.00 0.00 39.97
168 17.20 18.37 0.44 0.00 64.88
169 17.20 66.78 0.00 0.00 42.57
170 17.20 45.23 0.09 0.34 125.95
171 17.16 61.38 0.00 0.81 49.47
172 17.26 71.73 0.00 0.00 37.46
173 17.32 40.81 0.00 0.00 125.79
174 17.44 49.73 0.00 0.00 99.78
175 17.57 63.85 0.00 0.00 46.97
176 17.61 37.93 0.00 0.00 131.89
177 17.76 59.15 0.00 0.81 59.89
178 17.94 26.76 0.00 0.41 92.48
179 17.75 32.48 0.00 0.00 110.54
180 17.81 42.92 0.00 0.00 133.08
181 18.06 35.56 0.00 0.00 138.06
182 17.99 47.26 0.00 1.22 125.24
183 18.01 52.07 0.00 0.00 100.68
184 18.13 73.51 0.00 0.00 39.86
185 18.19 29.89 0.00 0.00 106.16
186 18.18 56.69 0.00 0.00 78.83
187 18.15 23.64 0.00 0.00 88.84
188 18.26 20.58 0.00 0.00 80.01
189 18.50 54.28 0.00 0.23 92.68
190 18.49 39.51 0.00 0.00 144.38
191 18.53 61.55 1.25 1.86 58.84
192 18.62 44.83 0.00 0.00 133.07
193 18.42 65.93 0.00 0.00 50.73
194 18.57 69.40 0.00 0.14 46.25
195 18.73 49.58 0.00 0.00 121.20
196 18.81 33.55 0.00 0.00 133.78
197 18.97 41.88 0.00 0.00 154.59
198 19.17 37.00 0.00 0.00 158.83
199 19.17 59.22 0.96 0.76 73.19
200 19.26 25.88 0.37 0.00 116.04
201 19.23 71.89 1.48 0.00 52.11
202 19.26 63.87 0.00 0.00 57.35
203 19.26 47.14 0.00 0.00 140.02
204 19.39 28.65 0.04 0.00 127.29
205 19.38 51.83 0.44 0.51 114.76
206 19.43 19.41 0.38 0.00 93.94
207 19.54 31.49 0.00 0.00 135.70
208 19.46 22.87 0.23 0.00 104.48
209 19.53 66.79 0.91 1.15 60.72
210 19.48 56.80 0.44 2.10 91.41
211 19.59 74.76 3.83 0.00 46.40
212 19.69 39.36 0.00 0.28 166.82
213 19.76 43.86 0.00 0.28 156.08
214 19.79 54.41 0.00 0.00 99.15
215 19.86 34.57 0.00 0.00 152.93
216 19.96 61.71 5.35 1.41 76.30
217 20.05 69.16 2.25 0.00 60.44
218 20.00 49.26 1.04 0.00 134.19
219 20.23 41.48 0.00 0.00 154.79
220 20.29 46.33 0.35 0.42 154.64
221 20.52 17.61 1.93 0.00 108.09
222 20.52 37.41 0.00 0.00 170.48
223 20.52 59.52 4.58 2.71 88.86
224 20.46 64.36 4.41 0.55 73.76
225 20.54 27.31 0.00 0.00 134.87
226 20.54 71.68 4.33 0.00 66.51
227 20.65 21.41 1.08 0.00 109.40
228 20.69 24.59 0.58 0.00 132.37
229 20.71 30.24 0.00 0.00 148.89
230 20.59 52.53 0.00 0.09 114.25
231 20.60 77.13 5.11 0.00 52.26
232 20.59 56.98 2.32 1.51 97.60
233 20.99 32.77 0.57 0.00 147.94
234 20.94 35.23 0.00 0.07 158.21
235 20.95 44.09 1.46 0.00 155.10
236 20.98 50.54 0.00 0.00 138.06
237 21.02 66.95 7.03 1.06 73.36
238 20.99 74.27 6.65 0.17 65.38
239 21.13 39.53 0.38 0.00 163.18
240 21.11 54.74 3.04 2.51 115.25
241 21.27 48.34 1.94 0.48 157.90
242 21.22 61.98 6.60 0.30 96.84
243 21.34 41.89 1.97 0.00 170.43
244 21.56 79.20 11.76 0.00 67.88
245 21.48 46.18 0.87 1.12 160.09
246 21.63 69.32 7.99 0.57 86.31
247 21.68 16.16 0.30 0.00 96.97
248 21.68 28.77 0.49 0.00 149.20
249 21.67 57.77 7.07 1.06 108.94
250 21.75 20.07 0.67 0.00 120.64
251 21.78 64.73 11.78 2.03 95.43
252 21.81 36.70 1.15 0.60 164.15
253 22.02 26.31 1.09 0.00 141.83
254 21.78 71.67 11.45 0.66 84.71
255 21.86 23.44 0.43 0.00 124.57
256 21.92 52.85 4.73 0.36 130.50
257 21.94 59.90 6.86 3.39 110.98
258 21.96 76.34 15.65 0.00 69.41
259 22.23 31.44 1.06 0.00 151.93
260 22.18 55.72 7.88 2.51 120.65
261 22.20 34.07 1.67 0.00 152.17
262 22.09 50.26 4.21 1.39 146.56
263 22.27 44.40 1.11 0.00 171.11
264 22.31 38.68 0.00 0.00 163.13
265 22.36 62.60 14.03 1.63 118.56
266 22.44 67.15 18.29 1.83 102.72
267 22.35 41.86 2.79 0.48 165.66
268 22.55 73.31 21.06 0.40 88.29
269 22.52 47.09 3.74 1.36 174.58
270 22.65 80.58 17.25 0.00 59.96
271 22.70 18.40 2.10 0.00 116.68
272 22.74 13.93 3.54 0.00 88.32
273 22.94 21.57 1.19 0.00 131.79
274 22.87 29.04 3.43 0.00 152.61
275 23.05 58.22 18.49 2.56 143.53
276 22.95 70.20 22.56 0.94 95.71
277 22.98 53.93 11.66 0.50 149.20
278 23.04 24.42 1.14 0.00 142.82
279 23.03 36.54 2.81 0.00 154.66
280 23.06 49.33 8.71 1.77 168.24
281 23.10 51.63 10.09 0.00 155.91
282 23.16 40.08 0.00 0.00 161.48
283 23.09 60.61 16.84 1.97 129.91
284 23.20 65.05 24.97 4.68 132.75
285 23.17 75.52 32.04 1.03 99.26
286 23.24 78.38 33.61 0.47 86.06
287 23.50 26.99 1.81 0.00 147.46
288 23.38 55.94 15.12 0.66 142.38
289 23.40 33.93 1.43 0.00 145.34
290 23.37 45.10 5.12 0.44 179.58
291 23.56 16.57 4.78 0.00 109.06
292 23.43 42.47 2.54 0.00 169.40
293 23.54 31.42 2.62 0.00 152.12
294 23.65 62.70 32.35 2.93 143.62
295 23.67 67.56 37.98 2.62 114.99
296 23.69 47.74 9.23 0.00 169.28
297 23.87 72.82 40.92 1.85 110.88
298 24.00 38.64 5.03 0.00 156.43
299 24.02 19.64 3.43 0.00 123.14
300 24.02 53.16 20.48 0.00 166.59
301 24.24 22.31 5.96 0.00 132.56
302 24.13 36.13 5.56 0.23 156.74
303 24.39 80.36 49.82 1.72 88.13
304 24.26 29.13 3.36 0.00 146.59
305 24.23 50.58 20.34 0.59 176.27
306 24.23 60.18 41.96 2.35 155.89
307 24.21 70.16 50.76 3.80 126.45
308 24.25 24.88 4.79 0.00 144.93
309 24.31 57.69 34.23 2.23 161.67
310 24.37 43.76 7.52 0.00 176.64
311 24.36 83.11 37.77 0.84 62.11
312 24.43 75.56 43.20 1.43 107.87
313 24.59 15.04 7.98 0.00 105.46
314 24.42 41.29 6.50 0.00 173.28
315 24.47 46.46 11.97 0.00 175.49
316 24.44 64.56 52.14 4.56 156.35
317 24.58 33.31 6.66 0.00 150.11
318 24.58 55.28 33.04 3.27 173.78
319 24.88 31.09 6.77 0.00 151.52
320 24.88 48.74 25.86 1.22 185.32
321 24.91 26.93 5.68 0.00 144.51
322 24.82 67.01 64.94 3.03 150.44
323 24.86 18.56 7.95 0.00 114.39
324 24.98 62.20 68.62 4.57 173.38
325 25.07 12.54 12.63 0.71 97.82
326 25.23 77.87 60.18 2.03 112.91
327 25.11 37.78 9.48 0.45 157.45
328 25.04 53.05 40.85 2.08 196.20
329 25.08 17.23 7.44 0.00 114.39
330 25.15 72.45 72.69 2.53 138.12
331 25.22 35.21 7.85 0.00 154.91
332 25.30 40.21 11.01 0.18 165.77
333 25.27 45.00 17.12 0.00 183.83
334 25.36 24.11 7.69 0.00 132.51
335 25.31 59.45 78.64 5.21 177.33
336 25.34 69.49 75.41 3.81 156.34
337 25.53 21.27 11.66 0.00 124.75
338 25.46 56.93 67.68 3.35 175.27
339 25.50 50.70 44.84 2.07 185.15
340 25.66 42.77 21.27 0.00 180.15
341 25.65 64.68 93.43 4.40 174.24
342 25.69 82.28 52.25 2.86 87.06
343 25.73 28.65 14.07 0.00 152.50
344 25.76 47.06 33.59 0.83 188.14
345 25.74 74.86 73.82 3.36 131.21
346 25.91 33.10 14.37 0.00 157.16
347 26.07 54.95 88.59 2.65 195.17
348 26.09 15.33 21.11 0.00 108.87
349 26.13 30.66 14.89 0.33 160.04
350 26.07 67.13 96.44 6.69 172.41
351 26.04 18.71 20.60 0.00 131.57
352 26.07 52.66 65.70 1.36 192.88
353 26.15 26.12 15.74 0.00 155.58
354 26.12 62.02 118.55 5.51 195.04
355 26.21 38.45 19.43 0.50 176.06
356 26.29 79.66 57.87 3.75 112.92
357 26.34 48.89 62.95 1.72 190.99
358 26.30 36.21 21.75 0.00 170.02
359 26.30 71.16 97.01 4.68 161.92
360 26.40 44.98 43.44 0.00 190.99
361 26.35 59.62 119.57 4.32 191.48
362 26.50 40.84 28.91 0.00 180.01
363 26.61 23.54 25.91 0.00 148.17
364 26.64 57.24 119.35 2.60 193.09
365 26.71 76.56 71.34 4.25 131.86
366 26.86 50.83 97.74 1.97 208.69
367 26.82 63.96 129.78 4.97 193.89
368 26.96 73.55 87.52 4.68 145.84
369 26.80 84.17 35.97 2.79 64.90
370 26.94 20.98 29.81 0.00 133.20
371 26.95 68.69 100.85 4.74 174.61
372 26.98 34.46 30.87 0.00 184.87
373 27.02 43.04 61.77 1.19 194.15
374 26.94 28.11 27.43 0.00 168.11
375 27.08 47.13 90.65 2.00 202.73
376 27.13 12.18 48.18 1.31 110.33
377 27.11 31.81 32.24 0.00 178.32
378 27.18 18.04 39.41 0.00 130.58
379 27.14 53.13 116.30 2.35 201.06
380 27.31 65.91 116.70 5.74 182.11
381 27.36 61.61 136.76 5.15 204.57
382 27.44 80.75 53.64 5.30 112.15
383 27.41 55.29 132.82 4.68 206.95
384 27.45 25.59 43.07 0.00 161.49
385 27.33 38.74 47.26 0.00 203.76
386 27.51 15.44 53.57 0.06 131.33
387 27.48 59.19 143.30 5.51 203.26
388 27.64 36.62 52.78 0.10 194.25
389 27.56 45.22 95.25 1.04 208.01
390 27.73 70.74 95.31 6.41 164.28
391 27.73 29.51 50.67 0.44 181.30
392 27.72 40.90 64.48 0.05 204.43
393 27.80 49.02 132.31 1.67 207.73
394 27.81 77.47 64.99 5.74 128.82
395 27.94 23.29 55.43 0.00 154.17
396 27.99 33.54 71.02 0.00 198.49
397 28.02 57.26 142.76 5.14 221.58
398 28.18 86.02 27.09 3.19 51.46
399 28.04 51.46 137.77 1.24 205.35
400 28.18 83.11 41.66 3.89 81.25
401 28.11 63.55 130.54 7.04 201.64
402 28.15 67.97 111.82 5.63 175.86
403 28.16 20.43 55.26 0.00 151.18
404 28.21 73.07 87.36 5.44 154.00
405 28.38 27.23 71.39 0.00 176.74
406 28.27 42.89 99.77 2.10 209.01
407 28.40 31.44 78.78 0.00 185.25
408 28.25 53.71 133.17 3.41 210.83
409 28.36 13.42 76.78 0.28 122.56
410 28.49 47.09 126.91 1.58 205.49
411 28.54 17.27 74.95 0.13 139.23
412 28.48 60.32 135.36 6.91 203.22
413 28.70 75.32 65.34 6.68 132.98
414 28.51 38.85 85.69 1.20 208.95
415 28.61 35.44 91.12 0.60 197.75
416 28.75 65.63 117.15 7.40 191.96
417 28.68 44.93 123.64 3.37 215.52
418 28.91 80.66 45.55 6.25 95.43
419 28.96 55.66 124.07 4.86 210.27
420 29.05 25.26 96.21 0.69 185.21
421 29.03 29.17 89.35 0.00 184.56
422 28.88 50.05 136.62 1.90 222.82
423 29.00 41.16 107.93 0.93 214.95
424 29.10 77.99 47.60 6.55 114.08
425 29.12 62.45 116.03 7.09 194.54
426 29.13 70.67 84.50 6.80 157.02
427 29.14 22.75 88.77 0.22 161.99
428 29.14 58.12 128.71 5.82 201.49
429 29.31 33.51 109.02 0.50 190.23
430 29.27 53.36 120.46 3.95 221.81
431 29.27 19.92 77.99 0.00 150.22
432 29.30 37.19 107.91 0.00 201.83
433 29.40 11.85 80.86 1.59 122.54
434 29.30 68.20 99.05 7.81 173.14
435 29.41 84.64 36.95 8.63 64.41
436 29.52 8.51 54.44 1.29 71.80
437 29.55 15.27 81.41 0.00 131.67
438 29.55 43.48 117.34 2.13 212.89
439 29.53 48.29 112.00 1.82 209.61
440 29.62 73.30 65.33 5.75 130.82
441 29.60 31.21 114.06 1.81 194.36
442 29.72 51.43 115.14 4.80 213.30
443 29.72 60.59 108.64 6.79 191.28
444 29.75 45.84 109.77 2.42 208.31
445 29.76 39.80 121.81 0.93 212.25
446 29.88 27.48 112.00 0.00 187.92
447 29.91 63.96 86.13 7.29 175.78
448 30.03 82.02 43.44 8.37 73.34
449 30.03 17.99 82.56 0.47 146.11
450 30.22 75.65 51.04 10.37 103.98
451 30.19 35.33 118.36 0.00 192.77
452 30.18 56.59 97.61 6.52 207.89
453 30.15 66.26 86.62 6.55 167.27
454 30.02 76.75 43.68 9.45 108.07
455 30.23 21.82 91.49 0.03 156.22
456 30.32 24.63 96.63 0.18 170.88
457 30.32 41.89 114.02 1.68 212.73
458 30.27 54.40 94.36 3.13 203.55
459 30.32 37.70 110.52 2.32 206.73
460 30.49 49.96 98.08 3.99 215.02
461 30.38 59.02 102.20 6.11 196.94
462 30.48 78.91 41.37 9.36 80.14
463 30.46 70.96 68.18 9.63 145.34
464 30.58 30.09 113.38 0.00 180.46
465 30.55 68.50 72.36 10.31 154.54
466 30.66 10.57 68.05 2.05 105.54
467 30.58 13.81 76.43 2.10 126.36
468 30.55 32.87 108.40 0.20 192.45
469 30.68 47.93 100.79 4.03 213.09
470 30.75 84.95 42.05 9.97 47.77
471 30.78 61.88 103.42 11.04 206.56
472 30.84 52.30 83.41 4.59 209.03
473 30.96 43.76 100.79 1.92 216.88
474 30.89 45.92 98.85 3.04 213.84
475 30.89 73.79 63.90 10.68 119.70
476 30.97 26.88 105.09 0.69 177.94
477 30.97 39.75 106.42 3.38 207.60
478 31.07 19.89 77.35 0.00 154.13
479 31.19 16.62 68.98 0.08 136.61
480 31.18 64.31 70.73 8.79 157.70
481 31.26 57.84 81.10 4.96 183.72
482 31.32 22.84 87.14 0.30 160.26
483 31.26 81.34 52.15 13.05 53.95
484 31.45 34.94 99.79 1.32 196.88
485 31.38 37.38 99.69 0.77 187.79
486 31.38 54.49 64.29 5.93 189.21
487 31.55 66.67 56.99 10.09 144.69
488 31.52 29.20 116.74 1.23 190.75
489 31.60 75.95 53.11 11.31 78.98
490 31.63 60.29 68.66 8.91 164.69
491 31.58 41.70 96.40 2.03 203.59
492 31.70 50.27 64.02 4.77 202.11
493 31.67 72.02 58.60 11.30 118.33
494 31.72 32.56 98.78 0.46 173.32
495 31.76 69.25 54.59 11.50 130.04
496 31.75 12.29 59.57 2.59 125.45
497 31.96 24.96 83.61 0.97 163.61
498 31.76 78.45 51.88 11.48 52.96
499 31.68 13.68 58.06 1.81 118.87
500 31.74 48.07 71.66 4.57 198.21
501 31.93 9.78 47.81 1.17 98.21
502 31.97 45.43 72.01 3.86 192.21
503 32.05 56.36 54.20 7.34 177.81
504 31.89 84.05 56.71 13.22 28.65
505 32.10 62.55 61.28 10.30 155.82
506 32.09 52.26 56.78 7.23 193.95
507 32.22 87.05 44.45 13.41 19.01
508 32.23 18.69 55.80 0.39 133.82
509 32.26 27.45 87.20 1.71 169.05
510 32.32 39.17 78.28 0.29 181.83
511 32.27 21.46 71.17 0.61 144.90
512 32.42 15.58 41.52 0.80 117.74
513 32.36 43.41 71.53 4.06 194.93
514 32.24 82.65 56.12 13.22 28.49
515 32.40 30.89 94.52 1.33 183.78
516 32.52 64.83 52.24 12.11 129.13
517 32.48 36.79 73.70 1.31 174.23
518 32.60 58.59 47.23 8.21 156.13
519 32.63 73.75 61.38 15.51 74.79
520 32.59 79.98 64.53 14.91 34.75
521 32.61 54.29 49.62 7.53 182.87
522 32.81 7.93 27.47 2.47 69.34
523 32.69 47.24 54.81 4.30 178.26
524 32.80 34.40 65.60 1.94 177.16
525 32.78 41.19 62.32 3.60 176.18
526 32.78 67.35 53.59 13.20 122.61
527 32.73 70.82 50.61 13.05 89.81
528 32.96 60.86 41.47 9.44 129.39
529 32.91 76.64 64.79 16.80 46.05
530 32.99 12.58 41.80 2.09 101.43
531 33.08 23.64 67.85 1.18 149.34
532 32.98 49.84 48.36 3.09 170.66
533 33.20 29.20 71.00 3.30 168.53
534 33.26 85.08 68.96 19.07 17.44
535 33.26 26.16 65.00 2.66 164.61
536 33.33 45.24 49.20 3.88 171.24
537 33.24 56.58 48.68 9.55 157.62
538 33.24 52.18 42.91 8.19 169.74
539 33.40 82.20 78.92 18.95 21.21
540 33.51 88.40 38.46 13.34 6.00
541 33.39 21.03 51.48 0.10 130.16
542 33.45 32.48 56.05 1.28 162.23
543 33.43 18.08 37.52 0.79 112.14
544 33.43 63.19 48.20 12.44 106.69
545 33.55 69.02 70.57 18.53 97.43
546 33.63 42.65 48.35 3.57 167.33
547 33.74 10.12 29.77 2.81 81.85
548 33.55 37.06 48.77 3.31 170.74
549 33.78 39.71 47.84 3.88 169.98
550 33.79 15.16 35.70 2.17 101.88
551 33.69 65.58 59.65 16.51 98.75
552 33.73 47.88 42.57 4.46 158.54
553 33.83 54.48 38.05 8.07 139.43
554 33.80 71.26 84.48 20.93 65.59
555 33.85 73.82 84.41 19.86 45.60
556 33.89 59.61 44.63 10.47 112.11
557 33.92 78.99 75.23 21.27 24.77
558 34.15 35.05 43.62 3.93 146.43
559 34.17 76.32 94.13 24.09 36.35
560 34.21 27.92 44.87 1.94 139.96
561 34.31 30.75 39.87 2.50 146.68
562 34.28 49.92 38.73 7.81 131.38
563 34.37 24.96 39.99 2.00 136.56
564 34.29 57.30 41.21 11.96 115.45
565 34.35 61.81 57.85 17.36 90.52
566 34.26 67.34 83.95 22.00 77.74
567 34.50 12.96 27.67 2.85 84.83
568 34.54 22.46 34.91 3.50 118.01
569 34.39 44.26 38.27 7.02 139.95
570 34.34 52.27 33.72 7.27 122.64
571 34.56 7.84 19.59 3.75 54.61
572 34.65 19.93 33.58 1.86 101.84
573 34.56 85.26 64.75 26.09 10.36
574 34.67 46.53 38.34 6.05 139.20
575 34.69 17.34 28.39 2.63 90.36
576 34.64 37.85 42.32 5.89 168.42
577 34.59 64.19 70.35 18.65 77.12
578 34.82 33.29 31.24 5.38 134.50
579 34.71 81.30 80.17 24.46 16.10
580 34.80 41.94 37.07 5.37 133.70
581 34.96 88.29 56.81 29.23 8.35
582 34.91 55.27 45.95 12.13 105.15
583 34.89 71.50 99.20 23.01 36.84
584 35.06 68.97 102.97 25.82 41.70
585 35.11 10.79 23.22 3.95 63.44
586 34.96 59.31 63.08 15.89 77.48
587 35.22 39.97 34.98 5.51 125.70
588 35.18 74.32 103.40 28.33 25.04
589 35.23 48.44 38.01 7.91 114.51
590 35.19 77.65 85.00 30.68 18.85
591 35.33 26.87 33.49 3.13 106.59
592 35.35 29.29 31.97 3.64 109.13
593 35.33 35.87 31.51 5.27 116.45
594 35.25 66.41 84.33 24.48 50.20
595 35.30 53.09 39.49 10.56 94.15
596 35.45 15.05 21.52 3.32 70.15
597 35.51 50.68 40.97 10.43 94.42
598 35.37 61.49 84.04 20.48 59.35
599 35.49 57.17 63.29 13.03 63.66
600 35.64 23.77 29.62 3.77 95.36
601 35.51 44.22 39.57 6.73 100.69
602 35.55 83.17 69.19 33.95 9.96
603 35.71 31.60 26.42 4.33 99.09
604 35.65 64.05 89.23 21.51 39.28
605 35.96 20.97 27.19 4.56 75.66
606 35.91 38.40 36.79 7.02 97.94
607 35.90 8.30 18.81 5.76 39.04
608 35.89 46.24 44.39 10.21 86.58
609 36.03 79.41 72.89 34.06 11.35
610 36.05 90.39 23.17 25.18 0.70
611 35.97 18.08 20.35 2.81 62.44
612 36.02 42.17 42.93 8.77 88.64
613 36.03 55.15 71.18 15.13 56.14
614 36.17 33.91 28.79 6.11 85.86
615 36.09 59.35 88.01 19.62 38.82
616 36.01 71.99 108.33 31.24 18.25
617 36.28 85.72 53.70 35.94 5.73
618 36.20 75.91 96.27 38.39 16.14
619 36.24 69.14 110.10 36.04 25.47
620 36.26 11.60 23.15 5.84 44.85
621 36.32 26.02 33.55 6.73 77.78
622 36.24 48.30 54.56 10.82 65.58
623 36.31 53.05 62.05 13.29 55.53
624 36.40 62.05 98.51 24.79 29.14
625 36.42 66.68 106.62 33.30 26.27
626 36.38 36.57 35.95 9.83 87.27
627 36.50 29.27 39.69 7.60 83.14
628 36.64 40.33 52.54 10.79 72.49
629 36.59 14.61 26.49 7.29 49.70
630 36.70 44.44 61.56 13.78 58.83
631 36.70 51.01 64.00 13.32 51.34
632 36.74 57.38 83.86 18.61 31.57
633 36.65 82.15 65.52 42.78 7.08
634 36.82 22.99 30.02 6.58 64.27
635 36.89 64.46 119.73 31.14 21.64
636 36.97 73.78 99.83 45.83 14.07
637 36.95 31.53 45.01 8.81 66.19
638 37.05 88.39 44.25 44.57 3.10
639 37.06 17.22 25.99 5.56 37.79
640 37.10 46.69 73.32 16.48 40.41
641 37.21 19.87 32.63 8.36 45.81
642 37.18 71.02 108.21 44.29 15.70
643 37.12 49.11 68.91 16.67 42.55
644 37.16 55.18 83.32 17.57 26.23
645 37.32 9.16 33.99 7.96 21.71
646 37.14 42.42 69.22 16.67 49.10
647 37.18 60.16 105.55 28.71 19.83
648 37.26 27.54 43.53 10.57 49.76
649 37.24 38.33 62.13 14.21 59.74
650 37.31 76.49 85.53 50.57 9.24
651 37.26 35.68 59.60 11.82 53.26
652 37.41 25.15 42.11 9.46 44.30
653 37.32 33.53 55.75 11.99 52.46
654 37.56 68.50 113.47 50.33 15.29
655 37.44 79.47 66.09 48.96 6.70
656 37.25 90.63 18.14 39.87 0.54
657 37.42 11.90 34.66 9.32 25.62
658 37.42 52.95 89.06 20.78 29.34
659 37.56 62.19 124.21 38.10 18.88
660 37.65 91.49 14.74 36.31 0.00
661 37.79 66.51 103.29 47.62 13.99
662 37.69 85.73 54.48 52.26 3.56
663 37.75 29.76 66.36 13.05 34.34
664 37.78 82.75 60.92 55.17 5.30
665 37.73 14.82 34.99 9.58 24.88
666 37.81 22.24 40.04 10.31 36.50
667 37.82 40.52 80.08 18.76 37.77
668 37.85 44.94 92.67 22.11 28.70
669 37.91 58.47 109.44 28.93 19.43
670 38.14 51.30 101.42 23.54 20.98
671 38.10 56.22 105.24 30.41 18.17
672 38.09 64.05 112.57 43.67 10.36
673 38.08 49.06 93.51 20.17 23.39
674 38.13 72.90 98.38 65.06 8.67
675 38.16 36.79 79.43 14.61 24.96
676 38.27 42.84 90.97 20.67 23.97
677 38.29 31.95 71.67 14.35 27.69
678 38.39 17.74 41.73 12.30 17.10
679 38.40 46.98 95.61 26.20 18.64
680 38.47 34.31 84.89 16.19 27.40
681 38.42 77.54 72.86 64.10 5.82
682 38.50 89.18 25.41 59.35 1.69
683 38.44 20.23 45.94 11.38 19.35
684 38.41 27.12 61.21 13.63 24.45
685 38.48 53.77 105.22 29.11 17.71
686 38.38 70.36 101.09 63.65 10.53
687 38.52 38.87 90.45 20.47 24.68
688 38.48 60.60 115.17 41.12 12.39
689 38.46 24.19 68.77 13.97 30.14
690 38.76 75.00 69.12 71.39 5.75
691 38.65 11.83 48.52 12.77 10.78
692 38.94 80.34 58.68 62.04 4.31
693 38.98 8.86 46.65 13.63 9.34
694 38.86 15.11 48.62 12.44 10.97
695 38.87 65.55 95.32 63.13 8.24
696 39.04 91.78 4.91 47.78 0.00
697 38.94 29.80 85.44 15.94 19.27
698 39.01 83.42 44.49 69.58 3.56
699 39.05 40.77 102.62 26.15 17.03
700 39.12 44.95 117.06 32.32 14.54
701 39.07 62.68 104.49 60.28 8.62
702 39.12 57.89 115.41 42.96 10.22
703 39.34 22.39 60.46 17.79 11.74
704 39.16 49.40 101.07 32.28 11.46
705 39.20 55.62 112.83 39.47 11.10
706 39.43 67.50 80.73 78.71 8.19
707 39.29 86.58 28.63 69.55 1.68
708 39.23 36.92 106.62 25.85 16.95
709 39.39 25.35 81.42 19.24 13.55
710 39.35 51.85 101.07 36.35 13.90
711 39.47 72.59 71.09 84.39 4.93
712 39.41 69.71 88.69 83.77 8.22
713 39.47 32.57 88.33 24.55 13.51
714 39.51 42.90 108.09 36.07 11.50
715 39.54 47.10 104.25 40.11 11.24
716 39.60 27.89 88.16 20.18 12.26
717 39.57 60.00 104.56 55.52 9.00
718 39.73 19.90 57.42 17.83 6.17
719 39.69 34.91 99.26 24.42 9.70
720 39.78 17.22 55.87 19.01 7.56
721 39.83 77.91 55.55 83.07 3.53
722 39.91 38.85 98.26 34.88 10.18
723 39.88 53.89 101.30 45.86 9.00
724 39.95 89.23 21.34 71.90 1.18
725 39.89 11.23 56.51 20.30 5.43
726 39.94 14.00 59.29 18.57 4.19
727 40.15 7.20 39.76 19.79 3.40
728 40.03 65.25 74.41 89.15 7.05
729 40.07 75.18 51.63 89.18 5.15
730 40.11 30.74 87.95 28.78 9.58
731 40.16 50.04 99.12 47.29 7.89
732 40.20 62.91 80.80 79.06 6.73
733 40.32 41.01 100.04 39.39 8.24
734 40.32 83.69 30.49 84.76 1.83
735 40.29 56.27 89.27 53.92 4.97
736 40.38 80.23 39.10 88.17 4.38
737 40.39 23.87 72.41 28.45 6.67
738 40.28 45.27 109.76 51.16 9.13
739 40.50 71.12 64.31 100.58 5.33
740 40.53 36.60 97.57 38.61 6.42
741 40.57 58.49 77.12 72.16 5.52
742 40.61 60.83 75.73 82.91 6.13
743 40.55 86.47 25.93 84.20 2.07
744 40.57 92.40 1.15 57.38 0.00
745 40.62 26.25 82.62 33.47 6.14
746 40.57 47.91 99.56 55.69 5.47
747 40.62 68.79 66.29 103.81 5.95
748 40.73 90.89 4.81 62.39 0.49
749 40.68 52.12 84.85 59.09 5.82
750 40.71 28.54 88.50 30.16 5.66
751 40.63 33.71 91.65 38.28 7.38
752 40.71 43.15 92.26 47.72 7.14
753 40.84 21.52 70.35 30.96 4.30
754 40.91 12.28 45.92 27.60 2.32
755 41.00 73.67 51.23 113.49 4.49
756 41.02 18.35 64.28 30.11 3.11
757 41.07 66.78 53.73 114.00 4.68
758 41.13 15.27 54.00 27.94 2.27
759 41.10 54.67 76.10 68.51 5.71
760 41.14 76.71 40.86 107.52 3.57
761 41.19 9.19 37.22 30.73 2.67
762 41.10 39.14 85.87 47.68 4.62
763 41.21 64.54 55.98 105.15 3.34
764 41.37 93.79 0.00 44.49 0.00
765 41.24 30.36 83.05 38.34 4.26
766 41.33 46.16 85.02 65.41 4.35
767 41.39 50.26 69.90 69.32 4.75
768 41.34 88.29 20.85 83.93 1.03
769 41.42 6.21 24.17 25.99 1.80
770 41.36 81.94 32.74 99.36 2.57
771 41.57 32.44 79.85 47.19 2.43
772 41.61 57.15 63.96 101.09 5.33
773 41.53 62.19 55.32 96.70 4.60
774 41.53 24.71 61.39 36.47 3.91
775 41.70 41.62 74.21 60.77 3.68
776 41.72 79.13 34.90 104.27 2.83
777 41.66 36.74 78.74 56.16 2.94
778 41.71 59.60 51.30 102.11 3.55
779 41.86 34.54 72.20 54.14 3.30
780 41.85 44.17 73.12 71.33 2.54
781 41.85 48.21 67.03 74.42 3.10
782 41.74 71.30 48.04 123.09 4.01
783 41.82 84.88 26.73 92.88 1.32
784 41.90 20.35 54.78 40.68 2.07
785 41.88 27.48 57.52 46.02 2.42
786 41.84 52.68 54.17 83.64 2.78
787 41.85 68.64 44.11 127.05 3.86
788 41.97 12.21 32.33 41.21 0.62
789 42.16 91.94 3.05 68.13 0.00
790 42.16 16.94 45.28 41.53 0.73
791 42.26 22.81 51.53 47.92 1.21
792 42.19 38.92 59.92 70.75 1.63
793 42.17 73.77 39.96 129.45 3.00
794 42.24 55.10 45.71 102.88 4.79
795 42.21 66.10 47.26 126.49 3.32
796 42.31 30.22 53.29 54.36 1.50
797 42.37 63.54 39.89 116.41 3.45
798 42.36 76.24 35.53 120.78 3.01
799 42.42 89.02 23.20 95.09 0.34
800 42.34 10.34 21.75 43.21 0.67
801 42.63 8.18 20.78 41.73 0.13
802 42.53 46.42 52.92 94.43 2.56
803 42.55 81.91 29.31 101.49 1.15
804 42.50 94.06 0.00 44.76 0.00
805 42.59 49.89 37.98 86.77 1.71
806 42.60 61.05 39.21 119.17 3.52
807 42.79 5.80 10.58 36.01 0.30
808 42.72 25.37 41.00 56.51 1.07
809 42.69 58.44 40.12 124.44 1.75
810 42.88 33.08 42.96 70.03 1.07
811 42.77 70.21 39.87 136.50 4.06
812 42.83 36.02 47.54 74.09 1.88
813 42.86 40.78 42.60 84.35 2.37
814 42.86 43.34 44.55 86.99 2.16
815 42.87 52.05 39.32 108.13 2.40
816 43.00 19.11 36.73 56.19 0.34
817 42.99 78.41 29.39 115.78 3.14
818 43.04 95.29 0.00 33.21 0.00
819 43.11 85.82 26.88 103.57 0.86
820 42.93 13.92 23.00 51.39 1.03
821 43.09 56.28 35.06 121.68 2.37
822 43.17 67.36 39.19 138.70 3.73
823 43.18 28.37 38.73 69.93 0.91
824 43.37 21.45 32.56 64.88 1.04
825 43.25 72.71 41.15 137.40 3.43
826 43.36 38.51 33.81 91.72 0.25
827 43.31 54.01 32.62 122.07 2.08
828 43.28 64.88 40.25 139.16 2.30
829 43.36 16.39 25.34 58.69 0.24
830 43.36 48.11 41.61 118.64 1.48
831 43.36 11.46 15.54 54.10 0.49
832 43.51 75.48 34.90 137.74 2.94
833 43.40 90.99 17.47 88.31 1.33
834 43.48 30.76 29.35 80.32 0.00
835 43.53 45.70 38.98 112.56 0.08
836 43.61 60.04 30.37 139.08 3.63
837 43.66 62.58 38.55 138.14 2.55
838 43.68 23.87 28.04 74.62 0.81
839 43.66 80.65 27.22 116.12 2.02
840 43.69 83.47 29.38 110.81 0.68
841 43.85 93.46 2.96 61.13 0.00
842 43.64 50.29 39.01 129.49 0.71
843 43.79 69.26 43.40 147.34 3.30
844 43.91 88.41 31.21 99.79 0.66
845 43.79 26.52 25.70 74.73 0.71
846 43.77 41.88 33.06 102.61 0.55
847 43.85 6.77 10.93 47.83 0.63
848 43.87 8.26 10.48 50.43 0.00
849 43.78 57.85 31.28 141.38 2.57
850 43.81 36.10 28.84 91.66 0.00
851 44.03 32.79 26.15 92.00 0.48
852 44.08 43.96 28.07 115.88 0.48
853 44.09 14.41 17.43 66.59 0.14
854 44.07 52.47 32.31 141.12 0.65
855 44.22 18.19 18.93 74.71 0.00
856 44.27 71.24 54.38 144.83 2.70
857 44.27 78.28 35.91 125.39 2.16
858 44.28 55.76 34.28 143.02 1.31
859 44.52 95.67 0.00 34.67 0.00
860 44.28 9.63 13.63 64.26 0.60
861 44.38 40.05 24.07 110.47 1.85
862 44.23 65.45 40.17 153.29 2.56
863 44.32 47.34 32.04 135.38 0.17
864 44.49 73.50 45.97 138.18 2.34
865 44.54 85.51 35.11 103.24 0.41
866 44.53 37.86 21.40 104.03 0.24
867 44.59 20.71 22.31 99.44 2.70
868 44.61 28.33 21.38 97.26 0.20
869 44.58 34.62 27.82 99.61 0.00
870 44.60 67.58 51.74 159.20 2.76
871 44.69 30.50 19.99 99.08 0.00
872 44.56 50.10 36.29 144.46 2.23
873 44.79 12.19 12.01 67.49 0.06
874 44.67 60.71 32.95 146.25 1.36
875 44.80 76.21 40.97 139.87 2.08
876 44.81 90.75 23.90 87.84 1.55
877 44.80 23.18 21.19 88.85 0.00
878 44.81 25.71 18.49 87.63 0.00
879 44.86 54.05 39.24 151.53 0.68
880 44.73 58.28 40.47 157.25 2.02
881 44.86 62.96 49.91 158.26 2.22
882 44.84 81.20 40.93 119.98 1.64
883 44.88 42.26 22.36 121.36 0.18
884 44.93 45.50 28.91 126.32 0.56
885 45.17 6.41 6.82 54.97 0.00
886 45.19 69.56 55.88 154.45 2.42
887 45.15 15.87 12.96 78.06 0.06
888 45.10 48.60 30.14 141.06 0.00
889 45.19 51.95 39.79 147.60 1.42
890 45.25 32.52 21.75 112.08 0.00
891 45.31 93.34 11.80 68.45 0.00
892 45.37 36.18 22.73 110.91 0.00
893 45.21 64.96 52.90 157.67 2.21
894 45.37 9.46 11.86 67.64 0.00
895 45.48 87.55 41.46 106.64 0.39
896 45.36 18.83 13.01 82.72 0.00
897 45.46 56.68 52.12 162.09 1.68
898 45.58 71.77 59.44 148.69 2.34
899 45.52 83.84 37.97 106.13 1.57
900 45.58 74.53 59.52 150.24 2.37
901 45.54 79.05 48.48 136.74 1.18
902 45.58 38.48 20.07 116.69 0.00
903 45.64 40.57 30.11 118.66 0.00
904 45.67 43.70 34.24 132.91 0.00
905 45.64 59.18 54.75 163.89 3.01
906 45.78 22.05 21.31 100.15 0.00
907 45.78 27.64 19.56 103.78 0.00
908 45.62 95.55 0.00 37.63 0.00
909 45.76 67.13 62.84 158.68 2.81
910 45.83 25.01 19.71 102.45 0.00
911 45.90 50.27 47.95 149.91 0.90
912 45.81 61.40 59.89 159.81 1.39
913 45.91 30.05 26.07 116.86 0.00
914 45.98 34.32 24.68 120.90 0.00
915 45.93 47.69 41.13 143.51 0.00
916 45.87 54.66 62.86 160.59 0.22
917 45.89 13.62 13.80 85.60 0.00
918 46.02 45.65 36.33 146.49 0.00
919 46.13 90.26 37.31 101.73 0.64
920 46.22 76.67 68.99 137.98 2.01
921 46.21 52.48 63.46 156.00 2.27
922 46.28 16.98 13.48 85.65 0.00
923 46.18 64.96 60.20 160.45 2.75
924 46.40 81.68 47.70 118.29 0.91
925 46.36 4.61 7.36 50.74 0.08
926 46.33 7.99 13.38 69.61 0.00
927 46.40 20.02 17.98 92.42 0.00
928 46.36 69.08 72.12 157.78 3.18
929 46.38 32.23 24.34 118.70 0.26
930 46.50 42.39 50.75 131.01 0.00
931 46.52 11.07 14.19 82.10 0.00
932 46.51 57.87 71.49 161.19 2.15
933 46.56 62.81 75.79 164.68 2.50
934 46.52 85.22 50.66 114.11 1.45
935 46.53 37.50 35.25 130.27 0.00
936 46.55 73.47 84.06 155.32 2.40
937 46.61 93.17 15.21 67.72 0.00
938 46.68 55.76 74.13 166.86 2.11
939 46.73 23.69 30.03 105.14 0.00
940 46.73 59.88 69.78 169.68 0.86
941 46.80 71.16 83.53 159.90 1.11
942 46.78 40.06 42.93 131.43 0.00
943 46.80 78.96 53.66 134.82 1.50
944 46.87 26.32 35.99 119.68 0.00
945 46.80 49.13 59.81 150.03 0.00
946 46.90 35.43 32.92 127.98 0.00
947 47.01 28.75 33.79 108.68 0.00
948 46.97 44.71 72.16 146.79 0.00
949 46.95 14.13 22.58 85.01 0.00
950 47.07 46.93 69.53 147.92 0.00
951 47.08 67.06 75.02 168.30 2.91
952 47.18 87.75 47.56 110.62 0.41
953 47.17 53.44 89.00 161.65 1.03
954 47.21 51.20 87.62 153.46 0.69
955 47.24 6.12 17.64 65.30 0.16
956 47.26 31.19 42.73 127.79 0.00
957 47.47 95.65 0.00 41.21 0.00
958 47.28 75.29 81.41 144.73 1.93
959 47.23 64.80 75.72 168.38 1.55
960 47.51 90.86 32.31 100.64 0.32
961 47.48 22.15 37.68 107.31 0.00
962 47.43 33.51 42.59 130.70 0.00
963 47.43 19.40 25.35 105.16 0.00
964 47.42 61.42 90.08 172.98 1.32
965 47.49 16.85 25.11 98.53 0.00
966 47.54 9.49 19.97 79.21 0.00
967 47.52 69.38 91.26 175.22 2.86
968 47.57 83.68 53.10 123.14 0.66
969 47.53 38.52 44.14 135.35 0.00
970 47.56 41.57 66.58 134.62 0.00
971 47.85 4.08 14.24 50.50 0.21
972 47.67 57.71 77.31 165.54 1.27
973 47.66 55.56 96.46 160.10 0.14
974 47.83 80.56 49.20 128.52 1.51
975 47.76 72.55 91.79 145.25 2.20
976 47.94 77.53 61.38 136.52 1.04
977 47.84 24.85 45.77 111.70 0.00
978 47.83 36.31 41.35 130.03 0.00
979 47.79 48.56 80.51 154.87 0.00
980 47.88 43.67 72.76 146.15 0.00
981 47.97 59.67 94.54 171.12 1.44
982 48.01 12.05 27.55 84.82 0.00
983 48.05 93.33 8.22 73.52 0.00
984 48.03 27.30 43.79 124.49 0.00
985 48.00 63.15 87.89 170.20 1.42
986 48.05 45.94 76.74 156.20 0.00
987 48.13 29.86 57.51 126.02 0.00
988 48.16 14.61 33.33 90.51 0.00
989 48.29 50.24 90.45 158.61 0.27
990 48.25 65.34 76.30 155.49 1.18
991 48.29 67.65 89.68 166.47 2.04
992 48.35 52.14 96.83 154.57 0.00
993 48.27 54.17 100.17 166.51 1.06
994 48.35 7.00 20.67 70.01 0.05
995 48.41 88.54 34.36 107.83 0.03
996 48.44 20.88 38.81 108.95 0.00
997 48.43 32.21 54.92 130.32 0.00
998 48.48 74.85 76.98 153.98 2.78
999 48.50 34.48 54.37 132.95 0.00
1000 48.48 40.74 74.09 129.62 0.00
1001 48.55 70.35 81.92 167.53 1.73
1002 48.61 85.37 42.96 117.81 0.00
1003 48.59 18.32 31.97 106.79 0.00
1004 48.61 38.78 52.89 134.34 0.00
1005 48.73 23.18 43.77 110.57 0.00
1006 48.75 61.44 81.20 166.27 2.00
1007 48.75 56.38 83.40 159.15 1.73
1008 48.75 47.62 75.94 155.94 0.00
1009 48.84 82.61 44.67 125.27 0.65
1010 48.92 42.75 63.37 142.12 0.07
1011 48.96 44.71 60.65 145.01 0.00
1012 48.89 58.63 86.01 173.86 3.13
1013 48.94 72.66 74.06 155.79 1.69
1014 48.93 10.02 25.61 83.24 0.00
1015 48.92 36.88 45.73 133.68 0.00
1016 49.00 25.63 44.57 123.69 0.48
1017 49.15 91.47 19.50 97.64 0.46
1018 49.01 28.46 44.02 130.46 0.00
1019 49.05 79.33 45.94 133.57 1.53
1020 49.06 4.38 11.95 53.96 0.00
1021 49.13 16.07 31.21 92.54 0.00
1022 49.13 63.61 71.33 169.13 1.11
1023 49.26 94.30 0.00 65.21 0.00
1024 49.29 76.59 51.50 138.11 1.53
1025 49.27 13.05 21.28 90.02 0.00
1026 49.18 53.79 68.30 156.76 0.00
1027 49.31 30.69 54.90 125.44 0.03
1028 49.27 66.23 69.23 166.09 0.82
1029 49.29 49.54 88.00 163.17 0.00
1030 49.34 68.63 71.19 162.52 1.45
1031 49.55 46.39 59.09 152.57 0.00
1032 49.52 51.46 74.56 157.24 0.00
1033 49.53 87.39 28.44 116.28 0.05
1034 49.55 6.92 18.38 68.63 0.63
1035 49.59 32.94 50.89 134.09 0.00
1036 49.53 20.49 32.50 106.11 0.00
1037 49.56 35.00 46.30 133.75 0.00
1038 49.60 40.82 57.07 140.28 0.00
1039 49.64 60.05 65.33 167.91 0.62
1040 49.84 38.78 54.22 140.24 0.00
1041 49.81 57.72 68.57 169.66 2.71
1042 49.82 71.30 52.58 156.20 1.94
1043 49.85 23.81 29.59 111.98 0.00
1044 49.87 55.57 57.88 164.42 0.00
1045 49.87 27.25 43.69 124.34 0.00
1046 49.96 17.54 20.11 97.08 0.00
1047 50.07 73.80 50.67 148.24 2.08
1048 49.95 81.41 30.62 130.34 0.83
1049 50.03 84.62 28.16 121.03 0.34
1050 50.09 42.67 37.95 140.11 0.00
1051 50.01 62.13 54.91 166.46 2.12
1052 50.06 64.65 52.70 171.44 1.08
1053 50.26 89.77 17.38 103.59 0.26
1054 50.11 9.10 15.56 76.92 0.00
1055 50.13 48.30 47.92 161.32 0.00
1056 50.08 36.82 39.21 129.39 0.00
1057 50.26 11.59 15.38 82.22 0.00
1058 50.29 44.62 39.26 144.67 0.00
1059 50.12 53.17 50.69 165.79 1.20
1060 50.24 3.69 3.34 51.24 0.00
1061 50.30 29.45 40.11 126.51 0.00
1062 50.37 78.72 28.84 133.43 1.54
1063 50.45 14.44 15.15 85.48 0.00
1064 50.40 66.88 50.23 160.18 1.75
1065 50.32 69.18 53.76 170.59 1.85
1066 50.41 95.23 0.00 48.95 0.00
1067 50.44 21.68 23.66 116.61 0.00
1068 50.49 76.06 31.22 150.22 1.55
1069 50.45 31.77 37.66 136.01 0.00
1070 50.65 92.45 7.50 90.58 0.00
1071 50.53 50.52 35.24 154.37 0.00
1072 50.69 25.70 23.36 118.19 0.00
1073 50.64 59.48 47.05 162.00 0.61
1074 50.73 19.26 14.92 98.30 0.00
1075 50.70 34.91 29.37 123.96 0.00
1076 50.79 46.57 33.72 157.72 0.00
1077 50.80 40.19 37.88 133.71 0.00
1078 50.93 87.24 16.29 115.57 0.07
1079 50.79 6.25 5.86 66.01 0.41
1080 50.82 56.87 41.78 164.59 1.25
1081 50.92 54.75 36.48 162.64 0.00
1082 51.00 71.01 33.77 155.01 2.30
1083 50.98 82.62 16.52 128.99 1.73
1084 51.02 37.79 28.93 133.69 0.00
1085 51.05 52.41 33.27 152.84 1.87
1086 50.98 62.32 39.05 164.96 1.04
1087 51.16 27.94 21.97 124.24 0.00
1088 51.18 23.14 13.76 111.36 0.00
1089 51.10 64.47 32.95 163.77 1.42
1090 51.18 16.54 7.79 92.38 0.00
1091 51.08 42.53 29.45 146.04 0.00
1092 51.28 9.25 8.11 76.80 0.00
1093 51.26 48.82 25.89 146.01 0.00
1094 51.34 73.07 27.15 155.53 2.00
1095 51.31 33.08 25.06 127.09 0.00
1096 51.39 30.61 22.11 129.61 0.00
1097 51.41 68.72 28.34 157.98 2.22
1098 51.42 3.55 0.00 41.59 0.00
1099 51.56 45.18 18.24 134.04 0.00
1100 51.53 80.09 18.50 131.31 0.38
1101 51.52 94.76 0.00 52.63 0.00
1102 51.64 77.55 20.52 139.23 1.43
1103 51.55 12.31 6.91 82.10 0.00
1104 51.57 58.35 34.52 163.08 2.21
1105 51.66 75.18 24.58 147.75 1.08
1106 51.69 84.98 15.47 115.44 0.22
1107 51.76 90.11 7.01 100.14 0.10
1108 51.58 60.57 32.61 166.53 1.44
1109 51.66 66.55 26.94 159.72 1.00
1110 51.71 20.85 6.59 101.31 0.00
1111 51.76 36.02 17.47 123.67 0.00
1112 51.83 24.68 6.45 110.94 0.00
1113 51.90 51.00 24.18 151.00 0.20
1114 51.98 6.89 3.79 63.79 0.00
1115 51.91 18.47 3.37 90.80 0.00
1116 51.87 40.76 23.72 144.05 1.90
1117 51.89 56.05 20.43 154.59 0.00
1118 51.92 53.41 17.81 149.88 0.00
1119 52.00 38.50 16.69 123.23 0.00
1120 51.98 43.30 19.11 139.08 0.00
1121 52.08 47.23 17.25 143.22 0.00
1122 52.14 92.86 0.00 80.23 0.00
1123 52.10 14.82 5.95 83.05 0.00
1124 52.20 26.66 6.93 105.61 0.00
1125 52.13 62.45 24.73 167.16 0.58
1126 52.14 71.24 21.20 153.75 1.55
1127 52.19 28.97 13.77 123.04 0.00
1128 52.27 33.89 9.37 120.53 0.00
1129 52.21 64.55 23.31 160.70 0.97
1130 52.32 82.31 14.31 120.58 0.06
1131 52.50 87.72 11.16 110.75 0.00
1132 52.50 31.45 10.98 122.82 0.00
1133 52.41 49.22 19.91 144.71 1.02
1134 52.46 9.73 6.19 75.29 0.00
1135 52.55 22.36 6.50 107.75 0.00
1136 52.52 68.99 19.73 153.43 1.59
1137 52.59 60.00 26.80 169.57 1.94
1138 52.65 73.86 24.01 144.49 1.44
1139 52.50 4.25 0.46 47.31 0.24
1140 52.62 58.02 21.39 156.10 0.00
1141 52.72 79.56 18.04 125.64 0.37
1142 52.73 54.34 14.97 152.73 0.27
1143 52.80 12.62 6.57 81.58 0.00
1144 52.83 41.73 14.03 133.84 0.00
1145 52.86 45.63 14.15 133.61 0.00
1146 52.82 66.41 22.24 162.78 1.46
1147 52.85 76.56 15.01 130.16 1.55
1148 52.84 17.01 3.86 89.05 0.00
1149 52.85 36.27 10.76 122.18 0.00
1150 52.87 5.70 3.33 56.43 0.00
1151 52.98 20.07 7.12 99.66 0.00
1152 52.97 51.90 16.22 148.62 0.00
1153 52.98 39.48 11.68 126.89 0.00
1154 53.02 84.69 9.66 110.98 0.00
1155 53.04 24.45 8.32 111.86 0.00
1156 53.10 43.68 14.57 132.17 0.00
1157 53.10 56.33 17.68 152.31 0.16
1158 53.20 90.66 5.25 89.77 0.00
1159 53.17 61.78 21.44 157.53 0.00
1160 53.11 7.53 9.90 62.48 0.00
1161 53.24 63.99 23.88 162.26 0.96
1162 53.20 71.66 22.79 153.16 0.20
1163 53.30 29.34 7.87 112.48 0.00
1164 53.28 26.89 7.23 116.78 0.00
1165 53.39 47.60 17.22 141.14 0.00
1166 53.28 33.75 9.35 114.18 0.00
1167 53.42 49.71 17.89 139.57 0.00
1168 53.48 14.88 5.27 79.07 0.00
1169 53.59 3.37 0.00 43.79 0.00
1170 53.47 68.21 22.08 158.70 1.99
1171 53.65 93.10 0.00 71.43 0.00
1172 53.67 37.87 11.41 119.83 0.00
1173 53.69 82.12 18.67 111.27 0.00
1174 53.52 8.60 6.62 67.36 0.00
1175 53.73 11.32 7.45 71.28 0.00
1176 53.70 31.41 9.51 113.46 0.00
1177 53.69 58.64 21.48 145.77 0.74
1178 53.76 87.76 10.07 102.54 0.00
1179 53.78 96.84 0.00 28.99 0.00
1180 53.84 22.13 7.19 95.29 0.00
1181 53.65 54.05 17.82 140.73 0.00
1182 53.79 18.05 5.48 85.39 0.00
1183 53.87 73.75 25.75 143.11 1.69
1184 53.88 79.31 17.82 120.89 1.08
1185 53.95 5.86 6.11 59.12 0.05
1186 53.92 40.85 9.84 113.65 0.00
1187 54.04 35.87 15.79 119.91 0.00
1188 53.95 65.63 25.39 149.12 1.60
1189 54.05 70.66 26.99 150.50 1.30
1190 54.00 45.67 19.47 131.80 0.00
1191 54.00 51.76 26.40 135.45 0.00
1192 54.05 60.57 24.65 159.28 0.00
1193 54.06 76.44 23.02 131.11 1.34
1194 54.12 24.71 10.71 105.40 0.00
1195 54.14 56.40 21.45 142.24 0.31
1196 54.17 43.14 17.73 124.87 0.00
1197 54.23 62.65 28.51 147.01 0.28
1198 54.26 27.35 12.28 106.53 0.00
1199 54.40 84.88 14.96 104.49 0.00
1200 54.32 33.51 17.84 111.81 0.00
1201 54.47 8.82 12.13 66.60 0.00
1202 54.61 20.22 15.95 86.10 0.00
1203 54.57 29.65 19.20 107.14 0.00
1204 54.50 48.16 26.71 130.36 0.00
1205 54.44 68.16 31.56 148.18 0.54
1206 54.73 90.14 12.48 92.89 0.37
1207 54.52 14.75 10.84 71.43 0.00
1208 54.58 38.85 15.34 109.93 0.00
1209 54.62 50.04 29.68 133.90 0.00
1210 54.58 54.46 28.19 138.90 0.40
1211 54.83 58.06 36.00 146.50 0.00
1212 54.92 92.61 4.39 72.03 0.00
1213 54.92 17.59 11.30 77.23 0.00
1214 54.92 11.88 13.12 64.09 0.00
1215 54.96 31.75 26.22 111.26 0.00
1216 55.01 64.13 37.11 152.30 1.37
1217 54.99 74.17 39.92 132.66 0.51
1218 54.98 81.53 26.64 108.84 0.43
1219 55.13 22.80 22.43 89.10 0.00
1220 54.95 41.07 25.86 117.50 0.00
1221 54.99 44.37 35.17 122.68 0.00
1222 55.00 52.29 44.08 131.12 0.00
1223 55.02 66.23 36.32 144.67 1.65
1224 55.12 71.92 45.35 138.13 1.10
1225 55.09 78.64 27.96 113.77 0.26
1226 55.09 60.11 42.61 143.67 0.85
1227 55.10 6.30 9.14 52.72 0.00
1228 55.08 46.44 34.19 121.78 0.00
1229 55.09 35.14 27.17 110.48 0.00
1230 55.16 69.76 40.94 144.27 0.77
1231 55.20 25.17 20.02 93.49 0.00
1232 55.27 37.21 35.11 108.11 0.00
1233 55.39 87.45 22.64 96.84 0.00
1234 55.38 76.32 47.41 136.74 0.83
1235 55.30 27.73 32.74 97.17 0.00
1236 55.39 62.07 40.12 136.94 0.20
1237 55.51 56.44 48.47 135.69 0.21
1238 55.64 84.20 28.39 100.84 0.00
1239 55.66 8.49 14.87 56.86 0.00
1240 55.62 42.57 40.89 108.75 0.00
1241 55.54 54.17 46.21 126.21 0.00
1242 55.77 48.69 46.55 120.22 0.00
1243 55.64 15.43 18.74 70.03 0.00
1244 55.74 33.34 30.06 101.47 0.00
1245 55.68 10.06 12.70 53.97 0.00
1246 55.70 39.52 30.85 110.52 0.00
1247 55.73 50.77 55.12 120.41 0.00
1248 55.76 67.80 49.43 140.80 0.43
1249 55.79 20.53 27.20 72.55 0.00
1250 55.83 30.31 34.91 88.93 0.00
1251 55.92 94.35 0.00 42.78 0.00
1252 56.11 4.12 4.75 36.62 0.00
1253 55.90 58.73 53.59 133.12 0.58
1254 56.06 12.79 18.68 58.46 0.00
1255 56.10 17.97 17.96 67.23 0.00
1256 56.11 65.37 59.79 141.73 1.38
1257 56.11 44.34 50.35 101.22 0.00
1258 56.08 46.54 47.58 110.06 0.00
1259 56.16 80.10 40.26 105.90 0.57
1260 56.23 92.06 16.26 69.58 0.00
1261 56.44 89.53 29.02 83.81 0.00
1262 56.32 72.40 67.84 124.22 1.12
1263 56.28 74.63 65.21 120.79 0.13
1264 56.27 6.51 15.81 49.14 0.00
1265 56.29 35.65 35.53 89.86 0.00
1266 56.26 25.52 41.53 81.08 0.00
1267 56.37 52.68 57.98 116.73 0.00
1268 56.31 69.97 72.39 131.54 0.18
1269 56.28 28.08 55.84 87.68 0.00
1270 56.36 63.13 57.35 134.41 0.09
1271 56.44 22.88 39.58 77.31 0.00
1272 56.47 60.66 68.32 126.11 0.04
1273 56.48 37.97 44.33 94.01 0.00
1274 56.55 77.27 54.47 116.81 0.29
1275 56.51 41.00 39.88 100.95 0.00
1276 56.45 55.02 65.02 124.92 0.00
1277 56.62 82.48 44.30 96.35 0.21
1278 56.63 86.56 40.10 92.97 0.00
1279 56.62 32.31 41.38 90.92 0.00
1280 56.70 57.06 66.61 114.32 0.00
1281 56.71 10.22 18.75 51.32 0.00
1282 56.82 14.95 19.64 52.60 0.00
1283 56.81 50.62 60.89 109.89 0.00
1284 56.92 47.92 46.36 108.04 0.00
1285 56.85 67.41 72.18 127.24 0.71
1286 56.99 43.02 49.66 95.12 0.00
1287 57.03 20.55 28.29 63.38 0.00
1288 57.07 30.37 48.08 79.75 0.00
1289 57.17 34.23 34.93 79.48 0.00
1290 57.10 45.51 52.90 96.68 0.00
1291 57.30 58.83 63.13 112.55 0.00
1292 57.23 64.91 64.69 128.49 0.44
1293 57.23 17.94 22.12 53.72 0.00
1294 57.25 71.17 81.11 121.25 0.25
1295 57.33 93.46 8.94 49.76 0.00
1296 57.29 27.74 35.51 73.99 0.00
1297 57.27 79.47 51.94 101.76 0.00
1298 57.26 25.00 33.21 70.13 0.00
1299 57.41 39.44 40.98 83.31 0.00
1300 57.44 84.52 46.82 89.49 0.00
1301 57.42 5.83 9.16 35.73 0.00
1302 57.41 12.64 14.84 44.86 0.00
1303 57.44 36.67 34.13 78.76 0.00
1304 57.43 75.12 63.21 107.82 0.18
1305 57.44 54.98 78.25 103.33 0.00
1306 57.50 62.79 60.68 118.71 0.18
1307 57.48 52.70 67.50 101.33 0.00
1308 57.62 69.07 80.03 123.34 0.00
1309 57.61 8.27 13.76 40.02 0.00
1310 57.68 90.57 27.75 74.13 0.00
1311 57.60 49.38 50.88 90.52 0.00
1312 57.68 60.74 56.38 112.15 0.00
1313 57.74 41.49 42.59 87.87 0.00
1314 57.87 72.86 75.06 104.85 0.69
1315 57.84 22.31 31.47 55.75 0.00
1316 57.70 11.24 8.23 39.06 0.00
1317 58.04 87.66 45.27 80.97 0.00
1318 57.99 15.83 14.06 44.88 0.00
1319 58.04 32.20 32.63 60.71 0.00
1320 58.03 57.20 54.08 98.54 0.00
1321 57.91 66.68 65.12 121.96 0.16
1322 58.02 81.48 47.91 87.26 0.11
1323 57.95 44.18 47.86 83.23 0.00
1324 58.03 46.82 46.19 79.81 0.00
1325 58.10 77.63 50.57 88.62 0.00
1326 58.11 29.67 29.27 62.28 0.00
1327 58.27 18.81 19.25 44.87 0.00
1328 58.21 34.76 29.65 63.89 0.00
1329 58.28 24.66 31.51 53.91 0.00
1330 58.34 27.09 29.07 57.20 0.00
1331 58.38 50.92 46.72 80.81 0.00
1332 58.29 38.10 35.21 68.26 0.00
1333 58.42 64.09 55.38 104.11 0.22
1334 58.55 70.79 80.67 103.86 0.00
1335 58.46 13.16 13.31 36.65 0.00
1336 58.49 54.97 69.90 84.17 0.00
1337 58.54 84.30 51.07 83.94 0.00
1338 58.62 52.79 54.93 80.96 0.00
1339 58.59 48.74 41.28 73.14 0.00
1340 58.72 59.18 55.47 94.35 0.00
1341 58.64 74.60 50.84 92.31 0.00
1342 58.71 92.69 14.05 53.01 0.00
1343 58.78 40.46 46.07 65.60 0.00
1344 58.68 42.70 40.65 67.43 0.00
1345 58.64 61.59 53.92 100.18 0.00
1346 58.73 68.36 63.36 103.95 0.00
1347 58.70 9.73 9.12 33.11 0.00
1348 58.83 7.37 10.37 30.04 0.00
1349 58.83 20.63 20.63 39.32 0.00
1350 58.87 45.33 43.44 65.51 0.00
1351 58.93 36.27 38.57 57.65 0.00
1352 58.90 66.14 51.86 104.01 0.00
1353 58.76 11.14 6.64 31.73 0.00
1354 59.08 79.65 47.96 75.31 0.00
1355 59.25 90.12 29.60 60.88 0.00
1356 59.09 23.17 31.26 39.86 0.00
1357 59.05 30.03 28.03 48.79 0.00
1358 59.18 33.33 27.51 46.44 0.00
1359 59.12 16.39 15.36 30.57 0.00
1360 59.13 56.94 49.99 78.07 0.00
1361 59.22 76.62 44.98 82.71 0.34
1362 59.34 86.50 45.97 68.52 0.00
1363 59.37 72.49 58.63 89.31 0.00
1364 59.39 82.85 53.42 68.88 0.00
1365 59.39 47.61 33.08 61.46 0.00
1366 59.32 26.60 24.74 40.16 0.00
1367 59.43 38.51 35.36 48.22 0.00
1368 59.43 63.02 50.28 82.78 0.00
1369 59.41 12.78 13.60 26.64 0.00
1370 59.50 49.98 32.54 65.28 0.00
1371 59.53 54.28 41.93 66.29 0.00
1372 59.63 43.71 35.58 52.44 0.00
1373 59.60 69.50 48.58 82.10 0.00
1374 59.82 18.37 15.37 26.53 0.00
1375 59.67 60.67 47.66 79.34 0.00
1376 59.77 52.04 36.31 62.00 0.00
1377 59.77 64.99 36.49 86.75 0.00
1378 59.76 10.46 13.31 21.49 0.00
1379 59.83 41.63 28.68 47.28 0.00
1380 59.95 24.77 23.21 30.31 0.00
1381 59.83 21.32 21.69 25.72 0.00
1382 59.93 28.52 22.79 33.47 0.00
1383 59.92 35.73 29.53 36.99 0.00
1384 59.89 45.72 36.60 48.29 0.00
1385 59.94 58.59 48.45 67.44 0.00
1386 59.99 67.15 38.70 79.62 0.00
1387 60.00 74.64 39.49 76.23 0.00
1388 60.00 7.71 12.70 25.24 0.69
1389 59.98 31.24 31.48 35.81 0.00
1390 60.20 92.54 5.38 42.55 0.00
1391 60.01 15.09 16.69 19.54 0.00
1392 60.15 56.13 42.87 59.26 0.00
1393 60.18 78.13 39.04 70.41 0.00
1394 60.26 88.20 32.52 59.85 0.00
1395 60.30 80.90 42.12 63.39 0.00
1396 60.42 33.24 28.44 30.23 0.00
1397 60.31 39.70 29.80 35.85 0.00
1398 60.33 71.11 47.51 77.56 0.00
1399 60.46 47.64 36.43 45.19 0.00
1400 60.52 62.41 39.09 66.39 0.00
1401 60.55 84.27 37.02 58.08 0.00
1402 60.54 49.69 41.10 49.15 0.00
1403 60.62 37.57 29.25 31.94 0.00
1404 60.59 11.74 16.55 16.23 0.00
1405 60.66 54.13 40.39 53.36 0.00
1406 60.68 22.77 23.41 16.99 0.00
1407 60.69 26.75 27.92 23.08 0.00
1408 60.63 43.46 35.12 33.24 0.00
1409 60.70 5.41 7.23 15.15 0.00
1410 60.67 13.22 15.48 16.86 0.00
1411 60.76 60.14 44.31 54.49 0.00
1412 60.71 68.84 41.77 68.76 0.00
1413 60.76 19.83 23.41 19.67 0.00
1414 60.73 64.53 32.27 65.08 0.00
1415 60.74 51.89 31.44 44.11 0.00
1416 60.87 29.51 26.15 23.48 0.00
1417 60.93 73.09 38.38 66.56 0.00
1418 60.92 76.05 38.04 60.89 0.00
1419 60.92 45.50 37.88 35.00 0.00
1420 61.00 16.36 20.17 14.99 0.00
1421 60.93 57.75 44.62 50.46 0.00
1422 61.03 9.22 12.41 15.84 0.00
1423 60.94 35.18 27.86 21.96 0.00
1424 61.11 41.47 34.11 27.95 0.00
1425 61.19 66.79 35.37 60.15 0.00
1426 61.33 24.59 32.65 21.14 0.00
1427 61.37 31.71 30.07 19.56 0.00
1428 61.38 6.29 9.74 13.07 0.00
1429 61.40 89.04 23.50 49.25 0.00
1430 61.53 91.91 6.94 39.93 0.00
1431 61.41 55.60 39.47 41.84 0.00
1432 61.47 78.50 34.47 52.66 0.00
1433 61.44 39.49 31.27 26.44 0.00
1434 61.53 86.02 26.81 48.93 0.00
1435 61.42 81.55 31.11 51.12 0.00
1436 61.47 48.36 49.47 31.54 0.00
1437 61.44 70.61 43.06 56.83 0.00
1438 61.55 50.65 44.34 29.08 0.00
1439 61.53 61.93 38.53 45.75 0.00
1440 61.68 18.81 24.03 12.73 0.00
1441 61.65 37.05 39.28 21.10 0.00
1442 61.70 52.94 41.44 31.46 0.00
1443 61.74 13.55 18.34 9.41 0.00
1444 61.76 21.57 29.53 12.67 0.00
1445 61.84 27.11 37.51 17.01 0.00
1446 61.83 34.00 40.97 14.61 0.00
1447 61.75 43.60 37.77 22.85 0.00
1448 61.68 64.47 38.92 57.89 0.00
1449 61.83 46.27 43.78 26.40 0.00
1450 61.76 59.41 47.62 40.83 0.00
1451 62.02 68.66 44.99 49.52 0.00
1452 62.02 29.38 38.44 16.42 0.00
1453 62.02 73.46 38.24 49.09 0.00
1454 62.05 75.97 37.97 47.03 0.00
1455 62.13 57.24 48.47 33.55 0.00
1456 62.14 8.68 17.21 9.24 1.24
1457 62.04 15.17 21.25 9.89 0.00
1458 62.24 83.66 23.26 42.67 0.00
1459 62.29 66.46 42.07 50.12 0.00
1460 62.40 16.92 28.74 8.68 0.56
1461 62.37 41.38 37.82 14.29 0.00
1462 62.39 25.05 37.74 12.20 0.27
1463 62.37 54.61 45.19 28.63 0.00
1464 62.48 63.37 39.03 40.12 0.00
1465 62.50 80.58 34.95 40.06 0.00
1466 62.61 31.99 40.45 10.54 0.00
1467 62.44 49.88 60.80 21.57 0.00
1468 62.50 71.18 44.85 41.73 0.00
1469 62.59 36.21 56.67 14.17 0.00
1470 62.56 61.17 48.89 36.55 0.00
1471 62.57 39.03 47.30 14.37 0.00
1472 62.65 89.59 13.92 38.94 0.00
1473 62.82 47.82 53.84 15.81 0.00
1474 62.76 22.45 41.18 8.90 2.14
1475 62.75 51.91 63.85 19.10 0.00
1476 62.84 78.22 37.60 38.20 0.00
1477 62.93 86.47 20.04 35.85 0.00
1478 62.73 12.37 22.89 7.32 1.22
1479 62.86 19.43 32.18 6.90 1.99
1480 62.87 43.56 38.94 15.78 0.00
1481 62.84 45.77 40.47 15.70 0.00
1482 62.86 59.10 54.03 29.57 0.00
1483 63.08 92.22 0.34 25.78 0.00
1484 62.99 11.01 19.72 5.81 1.25
1485 63.09 34.23 53.92 9.49 0.77
1486 63.15 15.05 29.72 5.37 1.33
1487 63.17 75.34 39.59 36.35 0.00
1488 63.28 27.32 43.46 7.46 3.27
1489 63.17 29.75 42.73 8.02 2.21
1490 63.12 65.30 44.03 35.86 0.00
1491 63.05 68.83 54.39 41.67 0.00
1492 63.28 8.74 19.87 7.35 2.07
1493 63.25 55.41 59.55 20.77 0.75
1494 63.29 57.25 57.53 23.37 0.17
1495 63.36 83.27 25.55 35.81 0.00
1496 63.40 72.98 46.32 33.57 0.00
1497 63.42 24.52 45.19 7.46 3.57
1498 63.50 37.62 67.35 8.91 0.49
1499 63.49 53.05 68.10 16.34 0.23
1500 63.43 62.76 44.42 27.56 0.23
1501 63.54 49.88 66.28 14.55 0.76
1502 63.79 39.92 54.50 9.00 1.86
1503 63.68 42.10 44.92 9.73 2.47
1504 63.72 67.18 51.00 33.89 0.00
1505 63.73 60.64 60.34 24.27 0.32
1506 63.71 70.58 57.46 31.35 0.31
1507 63.77 21.19 45.92 4.89 5.74
1508 63.94 18.24 35.72 3.86 5.32
1509 63.85 32.48 52.54 7.15 4.60
1510 63.86 44.98 55.51 13.65 3.83
1511 63.98 80.98 29.79 26.19 0.00
1512 63.99 77.97 41.48 24.94 0.00
1513 64.04 47.30 59.20 10.73 3.27
1514 63.99 89.54 12.86 26.56 0.00
1515 64.09 35.35 59.65 5.41 2.75
1516 64.23 12.90 24.97 4.22 5.96
1517 64.04 85.20 20.71 28.82 0.00
1518 64.19 64.83 51.33 28.49 0.25
1519 64.11 86.88 21.09 26.91 0.00
1520 64.18 58.78 71.88 19.38 1.01
1521 64.25 15.73 34.56 4.75 5.80
1522 64.40 25.77 48.79 3.45 12.17
1523 64.38 9.35 23.72 4.58 5.46
1524 64.33 30.33 52.32 4.65 8.07
1525 64.28 54.42 76.68 13.35 2.91
1526 64.43 51.81 75.85 13.66 6.43
1527 64.43 56.56 82.13 15.29 4.75
1528 64.37 74.98 49.27 24.45 0.00
1529 64.53 23.14 40.73 3.02 11.74
1530 64.57 28.10 54.85 3.97 10.24
1531 64.55 69.19 58.58 27.87 1.76
1532 64.49 62.60 59.60 22.80 1.21
1533 64.62 11.03 18.63 3.74 3.54
1534 64.55 49.31 70.01 8.24 5.00
1535 64.65 37.51 53.41 7.43 6.90
1536 64.68 43.59 54.05 6.72 5.92
1537 64.60 72.15 61.13 25.16 0.84
1538 64.86 83.29 26.26 23.40 0.00
1539 64.87 41.50 65.03 8.41 11.14
1540 64.82 20.12 36.80 3.19 13.60
1541 64.94 60.59 76.13 19.56 3.61
1542 64.86 66.84 56.30 23.20 2.15
1543 64.98 32.95 59.07 3.63 12.36
1544 64.94 45.83 54.77 6.47 8.90
1545 65.09 39.42 62.28 5.65 9.25
1546 65.13 79.83 40.68 20.26 0.00
1547 65.32 89.06 16.08 18.58 0.00
1548 65.26 77.22 49.20 17.44 0.00
1549 65.20 35.31 54.04 3.23 9.02
1550 65.23 58.10 85.64 14.36 7.59
1551 65.28 64.13 65.65 17.99 2.86
1552 65.33 14.80 24.68 3.16 13.81
1553 65.38 17.63 29.47 2.09 17.91
1554 65.25 53.97 79.36 9.13 9.83
1555 65.42 86.16 28.45 19.96 0.00
1556 65.46 8.41 23.00 3.79 11.57
1557 65.47 29.80 50.49 2.29 17.33
1558 65.45 50.24 68.51 8.58 12.21
1559 65.57 47.74 56.61 6.23 13.66
1560 65.48 74.07 56.81 17.40 1.06
1561 65.59 26.66 44.96 2.99 25.02
1562 65.60 71.10 76.06 16.11 0.87
1563 65.72 12.12 20.38 4.03 14.48
1564 65.68 21.60 45.57 2.70 28.79
1565 65.71 24.12 37.29 2.07 27.43
1566 65.82 52.06 67.18 6.06 14.59
1567 65.68 56.04 86.17 11.65 14.65
1568 65.69 68.53 63.85 18.85 3.10
1569 65.75 43.08 46.95 4.01 16.11
1570 65.91 61.84 74.27 16.47 8.58
1571 65.93 66.07 63.45 15.34 4.47
1572 65.98 31.90 48.55 2.72 26.99
1573 66.07 38.59 54.84 3.37 20.17
1574 66.07 45.43 57.23 3.09 22.55
1575 65.95 59.50 66.12 12.56 8.79
1576 66.12 36.50 52.63 3.25 18.68
1577 66.23 40.80 52.33 2.16 20.04
1578 66.26 19.39 31.59 1.19 30.46
1579 66.17 83.05 34.38 15.93 0.00
1580 66.39 34.10 53.47 1.14 32.01
1581 66.34 76.05 54.08 13.29 1.94
1582 66.31 80.09 46.29 14.47 0.00
1583 66.44 15.24 20.99 1.50 24.75
1584 66.49 28.04 28.64 1.11 33.92
1585 66.43 53.69 65.44 7.07 21.44
1586 66.38 78.58 42.16 14.77 0.00
1587 66.42 49.57 50.52 4.26 23.45
1588 66.46 63.69 66.63 16.91 9.87
1589 66.54 10.16 19.30 3.61 21.27
1590 66.60 57.85 70.93 10.88 21.60
1591 66.60 87.53 26.09 15.62 0.00
1592 66.65 73.09 71.09 12.70 3.36
1593 66.70 70.51 79.41 14.79 5.25
1594 66.90 30.21 34.92 1.19 39.30
1595 66.87 25.42 23.80 0.00 41.05
1596 66.83 43.06 54.61 2.85 33.49
1597 66.87 47.37 44.38 1.25 33.31
1598 66.75 55.70 69.70 8.44 27.30
1599 66.86 68.01 71.44 12.79 7.79
1600 66.88 22.42 28.07 0.00 37.17
1601 66.87 60.26 66.20 11.66 16.54
1602 67.09 65.70 66.05 13.14 12.23
1603 67.13 51.78 58.53 6.65 40.58
1604 67.21 12.71 15.34 1.64 33.73
1605 67.23 17.70 21.00 1.16 38.97
1606 67.25 38.25 50.01 0.57 37.60
1607 67.21 85.00 39.27 11.55 0.19
1608 67.23 32.39 39.03 0.91 40.84
1609 67.31 81.93 40.06 12.99 0.84
1610 67.22 35.67 49.91 1.70 36.40
1611 67.32 45.18 47.74 1.82 41.18
1612 67.36 62.00 67.85 11.63 24.66
1613 67.34 77.81 52.64 11.56 2.70
1614 67.59 8.59 12.07 2.45 30.62
1615 67.50 40.59 48.97 1.48 43.83
1616 67.45 49.51 40.46 4.09 45.44
1617 67.57 74.91 56.62 10.75 5.10
1618 67.53 54.30 53.55 5.71 38.70
1619 67.76 20.10 14.63 0.13 44.35
1620 67.60 57.05 62.89 6.93 32.47
1621 67.70 27.93 24.18 0.62 50.36
1622 67.81 15.09 20.14 1.47 41.11
1623 67.76 64.04 61.85 10.38 20.25
1624 67.77 59.37 61.86 7.73 29.98
1625 67.70 11.36 10.43 1.10 29.48
1626 67.86 70.27 69.59 10.63 13.73
1627 68.04 72.54 66.24 9.70 11.41
1628 67.80 86.11 28.94 12.16 0.00
1629 67.99 42.77 49.30 0.75 53.25
1630 68.09 88.76 18.19 11.16 0.40
1631 68.08 25.18 20.12 0.00 58.76
1632 68.08 34.03 39.43 0.00 53.57
1633 68.05 68.08 71.13 10.50 19.37
1634 68.07 22.65 19.77 0.25 56.37
1635 68.17 47.25 40.78 2.38 64.49
1636 68.21 80.10 48.54 9.93 4.06
1637 68.18 30.99 29.10 0.14 57.35
1638 68.33 36.63 48.83 0.05 55.47
1639 68.25 51.57 48.46 3.77 56.96
1640 68.32 66.23 66.17 9.18 26.83
1641 68.51 49.36 46.07 0.83 60.28
1642 68.43 83.29 38.38 9.93 2.04
1643 68.65 38.73 47.05 0.00 68.44
1644 68.51 44.88 41.55 0.00 63.86
1645 68.47 76.96 55.98 10.00 8.45
1646 68.57 55.98 41.62 4.05 52.73
1647 68.50 62.40 57.75 6.69 34.09
1648 68.48 17.55 16.21 0.00 50.42
1649 68.57 53.64 43.57 3.86 54.87
1650 68.71 40.92 43.95 0.00 66.84
1651 68.74 10.78 14.08 2.28 42.22
1652 68.75 28.94 26.89 0.28 63.85
1653 68.73 60.38 52.48 5.79 39.80
1654 68.70 58.16 46.49 5.04 42.34
1655 68.65 84.63 34.55 12.10 5.28
1656 68.84 13.91 16.61 1.67 44.42
1657 68.97 26.53 26.16 0.43 67.02
1658 69.02 74.59 50.92 7.91 15.90
1659 68.98 64.57 59.74 7.89 38.36
1660 69.09 86.52 26.75 8.24 3.70
1661 69.09 20.32 19.41 0.70 62.17
1662 68.98 69.53 63.62 9.54 30.43
1663 69.07 32.76 38.16 0.00 61.45
1664 69.28 35.17 54.40 0.00 79.53
1665 69.23 42.91 48.04 1.36 75.72
1666 68.98 17.58 8.65 0.45 59.60
1667 69.12 23.19 25.37 0.10 70.13
1668 69.33 72.02 58.26 6.93 25.42
1669 69.43 78.69 32.66 7.51 10.55
1670 69.34 47.22 42.50 0.67 83.99
1671 69.40 81.68 42.46 8.06 7.73
1672 69.48 50.05 42.03 1.79 85.06
1673 69.48 52.67 49.06 2.15 73.88
1674 69.63 30.47 48.24 0.00 71.61
1675 69.53 66.60 57.72 6.25 43.53
1676 69.60 55.22 44.12 3.37 63.99
1677 69.62 62.81 47.35 4.96 50.26
1678 69.65 45.05 40.94 0.00 83.62
1679 69.87 37.23 52.06 0.00 86.16
1680 69.71 57.95 37.53 4.85 63.20
1681 69.86 16.65 20.90 0.00 60.25
1682 69.87 39.48 47.66 0.00 89.76
1683 69.98 25.26 34.90 0.00 79.79
1684 69.88 60.54 47.84 6.97 59.38
1685 69.91 68.81 66.59 7.07 40.84
1686 70.03 76.64 32.50 8.64 20.01
1687 69.96 27.87 39.62 0.00 71.88
1688 70.20 11.16 17.47 1.53 50.05
1689 70.04 13.72 19.44 1.01 58.19
1690 70.20 84.01 30.57 7.63 10.12
1691 70.18 41.52 50.36 0.24 91.23
1692 69.93 75.26 38.03 9.38 20.26
1693 70.16 7.88 18.06 2.24 43.34
1694 70.14 22.63 30.46 1.14 80.77
1695 70.19 19.57 24.31 0.00 72.87
1696 70.24 32.54 59.25 0.09 89.70
1697 70.26 48.30 44.53 0.00 98.69
1698 70.28 51.54 51.76 2.01 93.58
1699 70.47 35.05 66.12 0.00 90.95
1700 70.39 64.83 54.26 5.31 54.69
1701 70.53 73.53 46.21 6.30 31.79
1702 70.52 43.63 53.15 0.00 92.42
1703 70.54 70.76 57.54 6.63 48.96
1704 70.54 56.44 49.75 3.12 78.97
1705 70.56 80.32 30.26 6.90 16.23
1706 70.69 46.11 49.95 0.00 92.32
1707 70.66 54.02 57.73 1.64 85.02
1708 70.71 62.47 56.49 5.16 71.07
1709 70.74 58.78 45.57 4.07 74.68
1710 70.77 67.54 60.16 5.18 67.48
1711 70.81 29.45 49.36 0.00 87.71
1712 71.02 49.86 59.50 0.20 103.30
1713 70.97 37.85 53.98 0.00 107.77
1714 71.12 26.87 43.79 0.00 87.83
1715 70.99 76.42 33.71 5.26 25.39
1716 71.22 17.61 28.30 0.45 75.41
1717 71.16 40.10 59.21 0.00 98.55
1718 71.20 14.85 21.97 0.49 65.45
1719 71.09 21.17 27.46 0.00 78.26
1720 71.21 24.13 34.03 0.85 81.45
1721 71.21 77.74 30.79 5.93 25.79
1722 71.32 31.64 49.42 0.00 95.04
1723 71.39 60.62 51.28 3.69 78.97
1724 71.38 85.73 18.12 6.53 12.55
1725 71.39 8.90 19.28 2.12 54.45
1726 71.38 51.79 68.81 2.29 102.67
1727 71.50 33.99 58.92 0.00 99.50
1728 71.45 42.17 59.21 0.00 105.02
1729 71.52 47.80 61.32 1.56 105.73
1730 71.49 65.63 60.56 4.45 74.46
1731 71.74 82.69 25.15 5.40 20.80
1732 71.72 11.90 22.15 1.79 61.99
1733 71.51 56.26 68.44 2.78 90.01
1734 71.68 71.70 50.25 5.41 57.63
1735 71.77 79.81 31.02 5.45 27.38
1736 71.82 36.30 55.11 0.00 102.40
1737 71.64 44.80 53.73 0.00 106.25
1738 71.69 74.51 38.51 4.53 44.28
1739 71.78 53.72 72.54 2.65 96.62
1740 71.85 63.42 60.11 3.87 83.57
1741 71.80 68.53 62.03 4.15 70.55
1742 71.88 58.38 62.61 4.07 96.95
1743 71.92 29.06 49.18 0.00 98.10
1744 72.09 19.78 24.23 0.00 74.44
1745 72.15 38.66 54.78 0.00 117.62
1746 72.25 25.87 37.23 0.00 87.55
1747 72.29 22.67 28.42 0.00 85.49
1748 72.36 49.69 62.54 0.68 109.87
1749 72.55 14.44 22.78 1.03 71.76
1750 72.42 77.21 31.60 4.55 36.79
1751 72.44 31.41 47.62 0.00 106.49
1752 72.50 55.37 69.93 1.85 102.10
1753 72.43 61.59 64.04 4.07 95.87
1754 72.73 17.11 22.18 0.65 71.46
1755 72.50 42.73 60.04 0.00 112.90
1756 72.56 47.22 60.52 0.39 117.89
1757 72.59 51.84 67.49 1.53 107.27
1758 72.64 65.88 68.40 5.43 88.28
1759 72.68 70.60 58.81 4.07 72.85
1760 72.61 34.09 48.14 0.00 109.97
1761 72.52 84.75 17.43 5.32 16.05
1762 72.81 40.61 59.61 0.00 110.31
1763 72.73 44.98 57.65 0.00 113.46
1764 72.84 27.99 41.76 0.00 103.22
1765 72.94 59.49 62.22 4.07 92.95
1766 72.86 74.30 42.23 4.50 57.84
1767 72.91 86.30 10.04 4.53 15.71
1768 72.97 10.58 17.46 2.03 61.16
1769 72.92 57.34 69.92 2.46 101.30
1770 72.92 80.08 33.43 5.58 35.21
1771 73.03 67.97 71.05 3.62 85.76
1772 73.01 36.60 45.30 0.00 109.25
1773 73.14 63.79 72.44 3.82 92.90
1774 73.25 24.68 33.05 0.00 91.55
1775 73.30 53.91 70.96 1.62 107.28
1776 73.45 19.29 17.13 0.00 73.04
1777 73.49 30.08 31.41 0.00 97.80
1778 73.61 83.44 26.44 4.71 30.48
1779 73.47 22.08 23.32 0.00 78.96
1780 73.46 32.47 38.85 0.31 117.84
1781 73.52 38.74 45.46 0.00 109.93
1782 73.59 49.82 61.96 0.00 115.21
1783 73.67 72.44 67.79 4.02 72.21
1784 73.57 61.52 67.89 3.24 99.82
1785 73.66 77.22 41.95 4.18 51.32
1786 73.66 47.75 58.72 0.23 127.86
1787 73.83 12.78 15.57 1.63 62.92
1788 73.73 43.09 39.75 0.00 107.05
1789 73.88 34.60 37.99 0.00 115.52
1790 73.82 51.82 64.08 0.38 101.14
1791 73.82 69.58 67.14 3.67 86.95
1792 73.83 45.60 47.82 0.00 122.63
1793 73.90 56.11 63.63 1.00 108.94
1794 73.89 26.95 26.10 0.00 96.61
1795 73.92 66.28 79.24 3.51 93.50
1796 74.10 15.39 16.20 0.74 66.58
1797 74.03 40.81 45.55 0.24 116.70
1798 73.96 16.78 19.90 0.00 66.95
1799 74.09 58.28 63.24 2.64 103.09
1800 74.21 80.24 36.55 3.83 47.62
1801 74.34 74.66 57.99 2.92 60.52
1802 74.29 36.74 35.33 0.00 110.66
1803 74.33 63.40 65.17 3.23 98.78
1804 74.47 24.23 21.92 0.41 83.40
1805 74.46 60.34 60.76 1.53 98.01
1806 74.69 9.94 11.28 2.27 53.22
1807 74.45 53.91 54.40 1.42 108.04
1808 74.56 31.78 22.96 0.48 108.50
1809 74.61 21.37 13.98 0.26 74.94
1810 74.60 29.27 20.12 0.19 96.92
1811 74.71 18.37 12.63 0.00 69.52
1812 74.80 39.17 32.29 0.00 110.97
1813 74.83 47.17 35.85 0.00 111.94
1814 74.83 49.51 40.15 0.00 110.52
1815 74.77 70.95 76.27 3.01 80.56
1816 74.86 44.53 29.79 0.00 109.92
1817 75.02 68.03 71.52 3.53 98.67
1818 75.00 65.64 69.99 3.09 104.10
1819 75.01 78.05 47.19 3.22 61.23
1820 74.93 42.01 26.98 0.00 108.63
1821 74.98 51.59 45.44 0.02 106.36
1822 75.00 82.37 35.66 4.80 40.94
1823 74.96 26.67 15.14 0.00 92.20
1824 75.06 56.23 35.65 2.01 101.17
1825 75.14 83.92 25.75 3.36 39.03
1826 75.08 33.97 19.12 0.00 109.21
1827 75.24 12.82 9.12 1.15 56.41
1828 75.28 58.80 54.63 1.65 100.76
1829 75.29 61.94 57.57 2.53 97.46
1830 75.46 15.70 8.79 0.35 62.37
1831 75.40 36.40 20.90 0.00 108.58
1832 75.49 75.49 64.19 3.37 62.43
1833 75.48 53.59 38.47 0.93 111.19
1834 75.79 72.75 61.78 3.33 74.44
1835 75.68 23.03 9.03 0.00 77.69
1836 75.70 20.19 8.84 0.09 71.27
1837 75.73 28.60 8.17 0.00 91.70
1838 75.72 31.19 10.17 0.00 95.64
1839 75.53 24.27 7.95 0.42 75.41
1840 75.89 64.42 58.03 1.87 99.59
1841 75.97 80.84 40.51 4.14 51.66
1842 75.83 38.51 20.81 0.00 105.90
1843 75.89 40.73 19.29 0.00 118.51
1844 75.88 45.94 18.78 0.00 107.08
1845 75.88 48.30 20.40 0.20 109.36
1846 75.90 70.07 67.66 3.04 88.22
1847 75.95 42.98 18.83 0.00 104.46
1848 76.07 26.06 5.69 0.00 86.70
1849 76.07 50.86 20.74 0.00 109.32
1850 76.22 55.39 26.63 1.79 98.92
1851 76.26 57.60 27.45 1.76 92.84
1852 76.31 66.87 53.29 2.81 101.45
1853 76.06 18.42 0.00 0.00 55.40
1854 76.27 33.30 10.32 0.00 95.13
1855 76.34 59.97 36.87 3.11 97.77
1856 76.38 35.47 9.81 0.00 95.28
1857 76.45 78.27 49.58 3.40 62.16
1858 76.47 17.31 5.44 0.00 59.14
1859 76.40 62.34 47.12 1.61 101.53
1860 76.71 11.75 5.44 2.13 44.93
1861 76.54 53.07 15.47 0.58 103.16
1862 76.70 21.55 4.37 0.00 64.76
1863 76.68 75.18 58.10 2.42 67.32
1864 76.64 15.41 4.62 1.31 55.78
1865 76.72 44.43 12.31 0.00 87.40
1866 76.73 29.58 5.81 0.07 83.64
1867 76.85 38.04 9.31 0.00 88.31
1868 76.92 24.19 4.70 0.00 75.61
1869 76.89 68.88 53.64 3.28 99.47
1870 76.88 49.32 13.58 0.46 102.41
1871 77.02 40.32 10.20 0.00 92.86
1872 77.04 14.36 4.10 1.78 53.61
1873 77.16 31.83 6.81 0.00 82.25
1874 77.15 46.56 11.34 0.00 89.64
1875 77.18 71.69 49.02 1.99 80.09
1876 77.30 82.59 30.36 3.91 41.66
1877 77.17 27.07 5.63 0.00 72.60
1878 77.12 64.71 39.10 2.06 108.26
1879 77.31 42.50 9.21 0.00 91.55
1880 77.38 18.88 2.43 0.02 57.57
1881 77.20 80.63 33.36 3.07 43.29
1882 77.29 51.68 10.13 0.40 100.08
1883 77.36 54.73 12.49 1.34 97.86
1884 77.45 56.89 17.97 1.44 90.73
1885 77.45 59.03 17.69 2.23 85.91
1886 77.40 61.85 27.77 1.87 101.84
1887 77.48 36.11 7.80 0.00 79.67
1888 77.69 34.03 7.04 0.00 78.39
1889 77.71 77.98 40.65 2.99 61.14
1890 77.80 74.55 44.26 2.25 71.37
1891 77.78 48.32 5.91 0.00 88.84
1892 77.89 29.88 7.38 0.00 70.01
1893 77.91 21.91 4.57 0.00 55.68
1894 77.96 66.34 33.35 1.96 102.62
1895 78.11 15.62 2.07 1.51 45.01
1896 77.92 44.65 7.46 0.00 79.33
1897 78.05 24.71 3.81 0.00 61.63
1898 77.95 68.90 39.30 2.18 97.98
1899 78.16 38.09 10.02 0.17 78.22
1900 78.37 12.70 1.80 1.66 38.34
1901 78.13 50.39 7.57 0.00 91.23
1902 78.16 40.37 12.20 0.00 77.91
1903 78.22 53.22 5.51 0.77 90.15
1904 78.36 63.76 21.27 1.66 93.60
1905 78.33 27.51 7.71 0.00 60.33
1906 78.33 60.65 17.75 1.76 95.78
1907 78.53 32.49 15.22 0.00 63.35
1908 78.44 55.85 4.80 0.72 81.02
1909 78.58 71.63 30.60 2.42 85.68
1910 78.66 80.43 25.96 2.68 54.99
1911 78.56 42.51 10.74 0.31 77.79
1912 78.63 19.16 1.62 0.07 44.34
1913 78.64 58.29 11.80 1.63 80.54
1914 78.64 47.42 11.98 0.00 71.43
1915 78.67 35.95 11.38 0.00 67.89
1916 78.99 77.04 29.80 2.61 67.44
1917 79.06 74.20 22.73 2.61 77.88
1918 78.92 45.22 9.77 0.44 72.80
1919 79.15 30.27 13.24 0.02 50.27
1920 79.11 51.90 6.18 0.11 73.09
1921 79.11 22.13 4.79 0.00 44.97
1922 79.16 25.34 7.39 0.00 53.05
1923 79.12 68.99 21.89 2.14 87.15
1924 79.21 49.50 9.65 0.00 75.87
1925 79.15 66.24 19.92 2.18 94.70
1926 79.25 62.00 12.27 1.26 89.97
1927 79.22 40.05 14.85 0.00 59.73
1928 79.35 34.36 22.56 0.62 56.79
1929 79.34 54.09 4.83 0.61 74.58
1930 79.40 16.38 3.14 0.86 37.25
1931 79.47 37.63 20.33 0.00 56.28
1932 79.49 27.86 12.75 0.00 47.92
1933 79.53 56.47 5.50 1.36 71.56
1934 79.51 59.70 6.22 1.22 80.97
1935 79.58 43.03 11.51 0.00 63.57
1936 79.74 47.35 9.22 0.00 59.30
1937 80.00 13.67 3.68 1.17 33.95
1938 79.83 32.32 20.14 0.00 47.57
1939 79.88 64.02 8.31 1.46 82.83
1940 79.75 20.09 6.19 0.00 36.15
1941 79.99 71.69 16.02 1.50 80.07
1942 80.07 79.88 22.62 2.48 57.81
1943 79.99 45.25 14.08 0.50 53.98
1944 80.08 18.73 6.01 0.63 35.19
1945 80.09 23.35 11.11 0.00 40.55
1946 80.10 51.06 9.20 0.00 60.50
1947 80.01 78.17 23.15 2.05 58.17
1948 80.15 35.97 34.00 0.13 50.12
1949 80.24 39.08 31.68 0.00 48.43
1950 80.25 41.43 24.27 0.38 53.93
1951 80.31 75.12 19.31 2.29 71.70
1952 80.43 68.80 14.39 0.85 82.27
1953 80.38 26.11 17.18 0.21 42.08
1954 80.44 57.65 5.99 0.00 62.38
1955 80.42 66.29 7.67 1.46 84.21
1956 80.40 28.85 20.84 0.17 39.97
1957 80.43 49.12 14.10 0.30 54.79
1958 80.45 55.09 5.85 0.82 62.77
1959 80.52 61.93 9.43 1.94 81.36
1960 80.57 52.96 9.80 0.72 65.66
1961 80.63 59.73 9.11 1.82 69.48
1962 80.66 33.89 33.16 0.00 43.39
1963 80.72 16.33 12.16 2.38 39.62
1964 80.65 31.08 30.80 0.00 37.60
1965 80.66 43.61 27.40 0.00 53.45
1966 80.85 20.52 15.15 0.36 34.47
1967 81.09 37.95 53.34 0.70 38.29
1968 80.91 46.50 23.45 0.83 50.20
1969 81.17 78.23 14.13 2.23 60.09
1970 81.11 40.27 42.55 0.00 37.48
1971 81.23 64.03 10.46 1.25 71.08
1972 81.19 35.84 55.53 0.38 43.52
1973 81.33 70.85 10.19 1.47 72.61
1974 81.17 23.38 15.85 0.00 33.66
1975 81.46 73.42 10.66 2.38 68.36
1976 81.32 51.27 17.11 1.46 47.82
1977 81.42 26.33 28.37 0.00 33.12
1978 81.53 29.42 41.29 0.00 37.59
1979 81.36 48.74 23.75 0.00 48.64
1980 81.55 42.06 55.19 0.00 38.14
1981 81.47 55.97 10.36 0.50 52.88
1982 81.58 32.21 51.89 0.00 32.38
1983 81.71 17.65 17.58 1.60 30.96
1984 81.59 44.28 44.51 0.00 43.24
1985 81.71 53.93 15.83 1.52 51.11
1986 81.59 66.74 7.34 1.24 68.85
1987 81.84 14.31 10.84 1.78 25.07
1988 81.62 58.28 8.48 0.72 58.34
1989 81.66 60.96 9.60 0.44 65.83
1990 81.91 76.14 8.83 2.75 63.43
1991 81.85 46.29 44.63 0.06 38.16
1992 81.93 20.56 27.00 0.37 30.44
1993 82.23 69.02 5.51 2.03 62.28
1994 82.17 34.42 65.44 0.00 30.97
1995 82.15 39.80 64.47 0.70 32.05
1996 82.19 23.75 31.29 0.84 27.03
1997 82.21 37.23 64.92 0.00 29.68
1998 82.22 50.52 29.84 0.00 40.25
1999 82.34 63.36 5.51 1.90 57.72
2000 82.28 48.29 41.54 0.66 38.53
2001 82.52 26.54 35.07 0.00 29.07
2002 82.48 52.56 27.34 0.37 39.20
2003 82.53 42.96 73.26 0.78 34.06
2004 82.60 28.88 49.02 0.00 32.94
2005 82.52 56.87 18.92 1.79 47.51
2006 82.69 31.33 64.59 0.00 30.40
2007 82.63 59.47 17.34 2.67 50.84
2008 82.71 71.71 3.71 1.10 59.35
2009 82.83 15.74 20.98 1.56 24.32
2010 82.71 66.03 6.29 2.06 58.21
2011 82.88 45.03 64.31 0.52 29.85
2012 82.72 18.27 27.74 0.30 17.17
2013 82.96 61.61 17.06 2.43 54.22
2014 82.90 54.84 28.89 1.63 43.25
2015 83.03 74.55 3.48 1.88 55.41
2016 83.12 21.74 31.37 0.86 23.30
2017 83.17 41.23 78.70 0.00 31.59
2018 83.21 38.90 84.73 0.00 28.47
2019 83.13 47.07 56.55 0.43 35.24
2020 83.25 19.48 27.80 0.00 28.40
2021 83.23 36.21 72.23 0.00 27.42
2022 83.14 49.55 43.51 0.27 33.58
2023 83.38 33.89 71.58 0.91 27.22
2024 83.45 24.61 38.23 0.40 25.38
2025 83.42 58.21 29.16 1.23 44.60
2026 83.46 52.65 42.57 0.75 30.50
2027 83.55 69.03 6.91 0.64 47.89
2028 83.73 63.72 14.30 1.65 48.67
2029 83.72 29.74 52.84 0.90 25.60
2030 83.47 17.18 30.21 0.16 11.51
2031 83.83 43.89 76.78 1.15 31.47
2032 83.90 32.00 64.59 0.00 26.13
2033 83.87 66.46 7.73 0.76 45.99
2034 84.07 56.73 37.43 1.01 35.67
2035 83.90 50.82 42.04 0.40 31.29
2036 84.01 54.74 44.48 1.52 35.94
2037 83.93 71.31 4.79 1.48 49.18
2038 83.94 18.29 35.36 0.32 21.49
2039 84.09 61.39 23.31 0.72 43.69
2040 83.97 16.06 27.64 1.30 15.49
2041 84.19 46.08 70.31 0.00 29.32
2042 84.03 48.44 54.96 0.03 27.17
2043 84.15 37.58 71.84 0.54 26.71
2044 84.08 72.74 0.69 2.79 50.01
2045 84.25 41.97 78.18 2.10 29.21
2046 84.35 59.03 38.09 0.59 35.76
2047 84.40 22.29 35.34 0.29 22.38
2048 84.61 74.65 1.90 1.93 38.59
2049 84.54 39.84 71.26 0.80 23.74
2050 84.55 35.33 61.18 0.19 24.03
2051 84.28 17.16 29.89 1.15 28.25
2052 84.63 24.76 41.31 0.12 22.91
2053 84.84 19.47 35.22 1.21 18.29
2054 84.65 53.02 51.83 1.04 30.24
2055 84.99 26.91 41.95 0.00 19.83
2056 84.94 33.09 62.53 0.00 22.63
2057 84.87 29.74 51.10 0.00 22.68
2058 84.85 65.40 13.83 1.18 37.57
2059 84.91 68.46 10.76 1.08 35.56
2060 85.00 50.74 51.48 1.32 25.83
2061 85.01 44.01 62.47 0.22 29.50
2062 85.05 48.37 54.60 0.52 28.27
2063 85.14 60.80 35.65 1.67 31.54
2064 85.32 63.24 26.72 1.80 34.74
2065 85.20 71.77 7.14 0.50 33.18
2066 85.16 56.09 47.08 0.70 28.13
2067 85.19 37.72 65.33 0.00 22.41
2068 85.29 46.00 60.93 0.09 25.62
2069 85.37 41.98 62.10 0.70 25.00
2070 85.55 58.41 43.85 1.04 29.29
2071 85.61 54.11 55.30 0.71 25.41
2072 85.70 23.46 35.55 0.00 15.73
2073 85.80 31.31 51.05 0.00 20.30
2074 85.84 36.29 54.31 0.41 18.65
2075 85.87 39.57 59.02 0.25 19.95
2076 85.99 20.59 32.82 0.73 16.04
2077 85.92 65.89 26.01 1.33 25.62
2078 85.93 28.22 37.13 0.00 18.98
2079 86.07 34.32 48.89 0.00 19.07
2080 86.03 51.86 46.65 1.80 25.06
2081 86.11 70.01 20.63 0.81 26.41
2082 86.12 49.68 48.67 0.00 23.82
2083 86.24 73.75 3.88 1.04 20.99
2084 86.09 67.37 23.02 1.18 22.80
2085 86.18 44.71 56.24 1.73 22.99
2086 86.23 47.55 53.89 0.00 18.20
2087 86.32 61.08 48.81 0.33 24.45
2088 86.41 41.50 46.25 0.31 19.91
2089 86.42 56.25 54.37 1.09 22.80
2090 86.74 63.43 37.39 0.60 24.79
2091 86.82 38.45 41.58 0.00 16.38
2092 86.70 58.70 49.18 0.90 20.83
2093 86.65 29.83 32.36 0.00 13.77
2094 86.74 53.57 43.69 0.51 20.62
2095 86.82 32.49 38.44 0.00 14.22
2096 86.90 43.29 41.37 0.00 18.09
2097 86.94 23.83 31.65 0.42 13.87
2098 87.18 18.83 24.92 0.73 15.04
2099 86.90 26.29 24.66 0.00 17.46
2100 86.95 36.35 38.83 0.67 15.69
2101 86.99 46.38 44.81 0.47 16.92
2102 86.88 68.39 22.89 0.90 17.34
2103 87.15 65.93 29.94 0.16 20.63
2104 87.19 72.03 9.44 0.96 20.91
2105 87.08 50.67 36.62 1.52 17.56
2106 87.07 21.64 28.67 1.05 11.46
2107 87.44 28.01 21.84 0.32 12.83
2108 87.42 40.55 31.24 0.56 13.82
2109 87.23 29.92 25.27 0.06 13.72
2110 87.59 34.62 32.72 0.00 11.90
2111 87.51 48.41 37.06 0.95 15.98
2112 87.53 55.52 40.45 1.01 16.47
2113 87.72 60.72 45.94 0.54 16.90
2114 87.72 45.15 37.90 0.31 13.56
2115 87.81 58.16 42.58 0.00 16.89
2116 87.84 53.07 33.54 1.02 16.18
2117 87.86 31.84 25.73 0.00 14.12
2118 88.19 24.69 14.30 0.27 11.40
2119 87.98 37.11 26.17 0.16 11.14
2120 87.79 21.48 25.05 0.30 13.87
2121 87.97 43.10 33.23 1.21 13.16
2122 88.16 64.86 31.79 0.12 16.57
2123 88.11 51.00 30.83 1.09 16.38
2124 88.34 68.12 27.07 0.93 14.30
2125 88.42 39.06 22.54 0.00 8.90
2126 88.42 29.81 14.80 0.00 12.40
2127 88.11 70.65 19.88 0.00 7.28
2128 88.49 62.83 38.34 0.98 13.77
2129 88.46 41.45 21.48 0.00 12.94
2130 88.56 46.98 26.39 0.22 12.80
2131 88.56 26.76 11.25 0.60 11.10
2132 88.75 22.10 16.36 1.01 11.64
2133 88.72 33.66 17.87 0.00 9.68
2134 88.77 49.41 20.95 1.12 12.03
2135 88.62 54.95 25.88 0.57 12.29
2136 88.64 57.11 32.12 0.56 9.56
2137 88.77 71.44 14.80 0.01 11.77
2138 88.93 44.47 18.64 0.00 10.09
2139 88.77 35.94 18.90 0.60 7.32
2140 89.13 60.23 32.21 0.08 11.47
2141 89.07 52.25 17.79 0.50 10.91
2142 89.10 58.08 27.17 0.40 12.56
2143 89.09 26.52 9.37 0.21 8.88
2144 89.40 28.57 7.77 0.55 8.40
2145 89.47 65.88 30.43 0.07 9.42
2146 89.42 32.05 5.59 0.00 8.05
2147 89.56 37.84 10.25 0.27 7.50
2148 89.43 40.44 9.42 0.00 6.77
2149 89.57 42.49 7.42 0.00 7.52
2150 89.69 23.53 7.06 0.67 10.67
2151 89.67 46.25 12.73 0.00 7.00
2152 89.71 54.31 13.24 0.00 8.32
2153 89.91 63.62 28.57 0.00 8.79
2154 89.89 68.93 22.83 0.70 7.55
2155 89.75 48.27 12.09 0.00 8.98
2156 89.68 26.41 7.46 0.97 8.80
2157 90.02 25.48 5.90 0.65 8.49
2158 90.07 33.95 4.29 0.00 6.35
2159 90.15 50.19 6.77 0.00 5.81
2160 90.11 58.96 18.44 0.63 8.25
2161 90.18 44.33 3.13 0.00 5.80
2162 90.04 27.38 2.46 0.00 6.06
2163 90.26 30.25 5.33 0.00 4.37
2164 90.17 56.63 17.30 0.26 9.42
2165 90.45 36.08 4.64 0.00 5.51
2166 90.37 39.39 5.09 0.00 5.00
2167 90.74 61.42 23.68 0.00 6.75
2168 90.75 42.03 0.35 0.00 3.20
2169 90.66 47.13 3.82 0.00 4.51
2170 90.70 52.64 4.58 0.00 7.44
2171 90.96 55.08 6.09 0.00 5.16
2172 91.05 24.76 0.55 0.89 6.14
2173 91.08 67.29 17.50 0.59 3.39
2174 91.14 26.90 2.03 0.66 5.96
2175 91.09 32.14 0.43 0.00 4.07
2176 91.16 38.11 0.21 0.00 2.82
2177 91.34 45.18 2.90 0.00 3.03
2178 91.43 64.00 18.74 0.00 3.38
2179 91.03 30.05 2.97 0.00 4.59
2180 90.95 44.37 5.76 0.00 0.79
2181 91.17 49.71 2.89 0.56 3.94
2182 91.45 34.59 1.26 0.00 2.65
2183 91.54 41.06 0.00 0.00 2.82
2184 91.40 57.65 7.73 0.00 5.26
2185 91.32 46.75 2.02 0.00 4.22
2186 91.63 51.29 1.80 0.00 3.28
2187 91.66 59.87 12.64 0.57 3.80
2188 91.88 53.58 2.61 0.00 3.45
2189 91.70 48.29 0.00 0.00 1.84
2190 91.52 42.40 1.84 0.00 1.60
2191 91.91 30.46 0.00 0.00 4.24
2192 91.86 43.36 0.00 0.00 3.83
2193 91.98 40.20 1.01 0.00 0.12
2194 92.14 46.07 0.15 0.03 2.85
2195 92.44 27.28 0.00 0.23 4.95
2196 92.24 35.77 0.00 0.00 0.00
2197 92.56 62.03 14.00 0.00 3.10
2198 92.55 39.37 0.00 0.00 2.43
2199 92.75 34.57 0.00 0.00 1.91
2200 92.92 59.04 2.70 0.00 0.00
2201 92.72 37.37 0.00 0.00 0.99
2202 92.57 56.51 0.37 0.00 2.86
2203 92.79 41.52 0.00 0.08 1.03
2204 92.84 43.54 0.00 0.00 1.35
2205 92.63 50.61 1.78 0.00 0.00
2206 93.04 52.31 0.00 0.32 0.49
2207 93.16 30.28 0.58 0.00 1.34
2208 92.95 49.71 0.00 0.00 0.03
2209 93.24 47.79 0.00 0.00 0.00
2210 93.17 27.92 0.48 0.55 1.91
2211 93.46 28.70 0.00 0.31 2.43
2212 93.41 54.87 0.00 0.00 0.00
2213 93.66 57.06 0.00 0.00 0.37
2214 93.51 39.57 0.44 0.00 0.00
2215 93.80 61.36 0.00 0.00 0.00
2216 93.74 32.99 0.00 0.00 0.00
2217 93.89 44.75 0.00 0.00 0.00
2218 93.93 50.37 0.00 0.00 0.00
2219 93.99 37.35 0.00 0.00 0.00
2220 94.07 59.53 0.00 0.00 0.00
2221 94.62 49.24 0.00 0.00 0.00
2222 94.48 29.98 0.22 0.00 0.00
2223 94.53 39.87 0.00 0.00 0.00
2224 94.56 33.31 0.09 0.07 0.00
2225 94.59 31.53 0.00 0.00 0.00
2226 94.92 56.90 0.00 0.00 0.00
2227 94.55 51.77 0.00 0.00 0.00
2228 94.97 46.45 0.00 0.00 0.00
2229 94.79 37.23 0.00 0.00 0.00
2230 95.08 43.47 0.00 0.00 0.00
2231 95.18 51.86 0.00 0.00 0.00
2232 95.15 40.58 0.00 0.00 0.00
2233 95.16 57.89 0.00 0.00 0.00
2234 95.26 36.93 0.58 0.00 0.49
2235 95.88 35.16 0.00 0.00 0.00
2236 95.90 49.77 0.00 0.00 0.00
2237 95.56 44.97 0.00 0.00 0.00
2238 95.73 53.77 0.00 0.00 0.00
2239 95.99 37.69 0.00 0.00 0.00
2240 95.98 32.73 0.00 0.00 0.00
2241 96.05 40.23 0.00 0.00 0.00
2242 95.78 47.05 0.00 0.00 0.00
2243 96.02 42.70 0.00 0.00 0.00
2244 96.38 47.63 0.00 0.00 0.00
2245 96.48 44.11 0.00 0.00 0.00
2246 96.19 46.38 0.00 0.00 0.00
2247 96.33 53.81 0.00 0.00 0.00
2248 96.81 42.16 0.00 0.00 0.00
2249 96.64 40.51 0.00 0.00 0.00
2250 96.86 51.15 0.00 0.00 0.00
2251 96.92 49.40 0.00 0.00 0.00
2252 97.05 40.66 0.00 0.00 0.00
2253 97.48 47.93 0.00 0.00 0.00
2254 97.44 37.95 0.00 0.00 0.00
2255 97.75 40.80 0.00 0.00 0.00
2256 97.71 45.32 0.00 0.00 0.00
2257 98.07 43.10 0.00 0.00 0.00
2258 98.35 44.70 0.00 0.00 0.00

