#<Embryo name> <Cleavage cycle> <Temporal class> <Genes>
ca6 14A 6 even-skipped Kruppel giant

#Data without background
#Normalization coefficients: <gene> <a0> <a1> <a2> <a3> <a4> <a5>
eve -0.007088 -0.007088 0.65062 0.65062 3.039306 0.0
Kr  -0.003651 -0.011267 0.330225 1.065468 -6.971819 6.11E-4
gt  -0.003678 -0.005794 0.344352 0.492362 -0.081598 6.79E-4
#Normalization formula: intensity_norm = 255 * (intensity - (a0*x^2 + a1*y^2 + a2*x + a3*y + a4 + a5*x*y)) / (255 - (a0*x^2 + a1*y^2 + a2*x + a3*y + a4 + a5*x*y))
#<Nucleus number> <A-P coordinate> <D-V coordinate> <Fluorescence intensity: channel 1 - eve, channel 2 - Kr, channel 3 - gt>
0 2.05 45.77 0.00 0.00 0.00
1 2.45 43.31 0.00 0.00 0.00
2 2.58 48.70 0.44 0.00 0.00
3 3.17 46.40 0.00 0.00 0.00
4 2.94 44.90 0.00 0.00 1.66
5 3.24 44.02 2.14 0.00 0.00
6 3.48 50.82 0.18 0.00 0.00
7 3.77 41.80 1.25 1.62 0.00
8 4.12 53.88 0.00 0.00 0.00
9 4.22 44.70 1.38 2.60 0.00
10 4.04 48.48 1.65 0.00 0.00
11 4.65 56.36 0.00 0.00 0.00
12 4.94 39.70 1.71 3.33 0.00
13 4.56 47.63 0.85 1.12 0.00
14 4.67 50.57 0.82 2.63 0.00
15 4.77 42.21 0.65 5.07 0.00
16 5.26 52.92 1.86 1.20 0.00
17 5.37 46.12 0.38 0.00 0.00
18 5.54 48.55 1.13 2.03 0.00
19 5.42 44.36 0.77 3.28 0.00
20 5.77 55.33 0.24 0.22 0.00
21 5.56 42.40 2.68 2.01 0.00
22 5.86 36.38 1.12 2.63 0.00
23 6.29 50.74 0.00 4.95 0.00
24 5.84 57.06 0.00 0.00 0.00
25 6.48 41.19 0.00 2.89 0.00
26 6.49 46.89 1.58 1.80 0.00
27 6.53 57.93 0.00 0.00 0.00
28 6.77 44.06 0.74 5.29 0.00
29 6.79 53.39 0.00 1.04 0.00
30 7.49 48.38 0.00 2.66 0.00
31 7.40 61.66 0.00 0.00 0.00
32 7.31 57.12 0.80 0.00 0.00
33 7.76 59.16 0.00 0.00 0.00
34 7.69 37.06 2.25 2.79 0.00
35 7.70 33.11 2.18 2.36 0.00
36 7.71 39.44 1.18 0.78 0.00
37 7.91 51.89 1.63 2.74 0.00
38 7.76 55.84 0.00 0.00 0.00
39 7.97 42.39 0.98 4.04 0.00
40 7.87 45.77 0.00 2.57 0.00
41 8.17 30.57 0.00 3.49 0.00
42 8.27 38.55 0.32 1.81 0.00
43 8.44 53.84 0.00 2.51 0.58
44 8.66 34.80 2.14 4.90 0.00
45 8.73 49.93 1.02 3.59 1.05
46 8.61 57.27 0.00 0.00 0.96
47 9.04 47.32 1.17 5.15 1.27
48 8.74 62.15 0.00 0.00 1.21
49 9.28 41.84 2.31 2.66 0.00
50 9.49 37.43 4.36 1.68 0.28
51 9.19 59.68 0.00 0.00 2.78
52 9.27 32.46 1.59 3.60 0.00
53 9.44 44.60 2.34 4.73 1.02
54 9.37 29.50 1.74 0.87 0.00
55 9.52 39.48 2.67 4.39 2.13
56 9.66 52.54 0.00 2.21 2.52
57 9.98 55.57 0.00 2.33 4.45
58 10.05 61.52 0.00 0.00 4.92
59 10.06 49.42 0.21 4.69 3.89
60 10.03 34.00 1.43 6.08 0.33
61 9.99 26.87 0.00 1.87 0.00
62 10.41 31.59 2.73 3.27 1.75
63 10.21 40.03 2.66 0.57 1.82
64 10.65 43.11 0.61 3.30 6.13
65 10.55 58.48 0.00 0.28 6.37
66 10.70 45.85 0.00 2.72 8.61
67 10.61 64.06 0.00 0.00 7.07
68 10.74 35.29 0.90 4.36 1.87
69 11.03 53.96 0.37 1.38 11.76
70 10.99 29.37 0.52 4.15 3.45
71 10.71 27.49 0.59 1.34 0.11
72 11.08 37.63 3.43 2.98 6.06
73 11.07 40.42 4.69 2.74 8.91
74 11.10 25.43 0.00 0.00 1.48
75 11.09 48.01 1.77 3.04 14.97
76 10.71 24.54 0.00 3.55 2.93
77 11.16 51.21 0.00 0.66 10.06
78 11.20 66.11 0.00 0.00 8.10
79 11.22 62.79 0.00 0.00 7.26
80 11.59 56.81 0.00 1.91 9.88
81 11.23 32.77 2.29 0.00 0.00
82 11.36 33.98 1.63 0.62 4.02
83 11.72 59.60 0.00 0.00 11.03
84 11.80 35.29 1.78 1.45 8.98
85 12.06 44.19 0.00 4.32 27.93
86 12.24 27.96 0.34 0.00 10.40
87 12.19 41.39 1.17 3.69 29.88
88 12.26 47.03 1.23 1.44 35.56
89 12.17 32.25 2.02 0.30 11.35
90 12.28 49.85 0.00 2.39 34.99
91 12.13 64.36 0.00 0.00 11.64
92 12.45 61.91 0.00 0.00 13.06
93 12.50 25.42 0.01 0.05 11.70
94 12.47 54.66 0.00 0.00 20.49
95 12.46 38.37 1.42 3.19 23.94
96 12.38 70.06 0.00 0.00 9.20
97 12.67 52.22 0.00 0.57 35.39
98 12.83 66.83 0.00 0.00 11.02
99 13.06 35.85 0.00 0.62 25.43
100 13.29 30.18 0.26 0.00 24.41
101 13.20 57.07 0.00 0.00 20.65
102 13.27 59.89 0.00 0.00 16.27
103 12.94 69.11 0.00 0.00 9.53
104 13.38 33.05 0.85 0.00 26.65
105 13.40 42.91 0.83 0.00 74.81
106 13.51 46.09 0.00 0.66 80.01
107 13.63 40.17 2.47 0.15 66.17
108 13.54 48.97 0.00 0.00 76.93
109 13.72 27.39 0.00 0.00 30.58
110 13.80 71.14 0.00 0.00 8.02
111 13.86 24.40 0.00 0.00 27.33
112 13.84 54.29 0.00 0.00 44.13
113 13.88 65.00 0.00 0.00 15.99
114 14.16 37.66 0.96 0.99 64.80
115 14.04 68.01 0.00 0.00 11.72
116 14.06 62.37 0.00 0.00 17.82
117 14.16 51.51 0.00 0.00 76.91
118 14.56 34.94 0.47 0.46 62.11
119 14.46 58.66 0.00 0.00 27.51
120 14.54 44.53 0.00 0.17 127.16
121 14.56 21.70 0.00 0.00 50.52
122 14.75 32.23 0.00 0.00 62.24
123 14.95 56.31 0.00 0.00 41.74
124 14.87 41.85 1.25 0.00 113.66
125 15.04 29.64 0.00 0.00 66.10
126 14.88 49.15 0.00 0.00 113.28
127 15.16 46.74 0.00 0.00 124.82
128 15.08 26.64 0.00 0.00 70.30
129 15.19 53.71 0.00 0.00 76.08
130 15.20 61.10 0.00 0.00 26.71
131 15.18 66.15 0.00 0.00 18.42
132 15.33 39.33 0.81 0.00 106.20
133 15.24 71.85 0.00 0.00 13.76
134 15.44 69.08 0.00 0.00 15.74
135 15.51 23.78 0.00 0.00 73.94
136 15.54 63.65 0.00 0.00 21.37
137 15.78 36.81 0.94 0.00 109.60
138 15.74 51.30 0.00 0.00 111.40
139 15.84 44.00 0.24 0.00 134.68
140 15.89 58.59 0.00 0.00 37.16
141 16.00 34.12 0.60 0.74 99.61
142 16.47 31.39 1.12 0.00 114.59
143 16.33 48.62 0.00 0.00 125.85
144 16.43 41.37 0.06 0.00 140.72
145 16.42 28.42 0.00 0.00 106.98
146 16.53 56.23 0.00 0.00 52.42
147 16.55 53.46 0.00 0.00 84.85
148 16.54 66.45 0.00 0.00 22.41
149 16.65 25.46 0.00 0.00 106.72
150 16.38 72.74 0.00 0.00 11.08
151 16.71 46.08 1.82 0.00 145.09
152 16.56 61.27 0.00 0.00 35.76
153 16.60 71.37 0.00 0.00 16.94
154 16.93 38.99 1.17 0.00 138.33
155 16.89 22.28 0.00 0.00 98.86
156 16.95 63.76 0.00 0.00 29.30
157 16.87 68.96 0.00 0.00 18.69
158 17.10 18.90 0.00 0.00 81.23
159 17.15 50.58 0.00 0.00 121.50
160 17.24 43.44 0.89 0.00 149.06
161 17.31 33.80 0.30 0.00 136.29
162 17.33 36.57 1.78 0.00 147.79
163 17.27 58.85 0.00 0.00 41.30
164 17.43 73.74 0.00 0.00 18.17
165 17.65 54.68 0.00 0.00 72.10
166 17.85 29.99 0.20 0.00 124.94
167 17.76 47.81 0.78 0.00 138.58
168 17.92 27.19 0.00 0.00 123.00
169 17.85 71.02 0.00 0.00 21.94
170 17.82 65.70 0.00 0.00 27.21
171 18.04 41.44 2.71 0.00 158.16
172 18.02 52.20 0.00 0.00 105.68
173 17.96 61.11 0.00 0.00 39.53
174 18.10 56.86 0.00 0.00 55.68
175 18.13 24.18 0.00 0.00 115.60
176 18.17 76.10 0.00 0.00 17.05
177 18.16 45.04 0.00 0.00 146.85
178 18.30 21.20 0.00 0.00 101.79
179 18.25 68.16 0.00 0.00 29.35
180 18.44 32.57 0.36 0.00 132.82
181 18.45 38.93 1.71 0.00 149.56
182 18.55 63.36 0.00 0.00 34.60
183 18.56 18.40 0.00 0.00 90.36
184 18.55 35.49 0.00 0.00 138.97
185 18.58 49.87 0.13 0.00 116.83
186 18.73 73.23 0.00 0.00 20.97
187 18.87 58.87 0.00 0.00 49.11
188 18.90 54.30 0.00 0.00 78.00
189 19.05 47.08 0.00 0.00 129.63
190 19.19 65.63 0.00 0.00 37.02
191 19.10 70.16 0.00 0.00 31.53
192 19.27 25.83 0.00 0.00 118.74
193 19.22 29.07 1.31 0.00 131.25
194 19.29 44.30 0.68 0.00 145.47
195 19.40 61.11 0.00 0.00 40.34
196 19.39 41.65 2.74 0.00 146.28
197 19.58 36.98 0.05 0.00 137.06
198 19.49 51.95 0.47 0.00 95.60
199 19.45 56.56 0.00 0.00 60.73
200 19.46 76.03 0.00 0.00 25.70
201 19.62 22.82 0.00 0.00 114.52
202 19.73 31.84 0.45 0.00 128.37
203 19.75 16.70 0.00 0.00 81.99
204 19.68 67.76 0.00 0.00 37.82
205 19.93 19.90 0.00 0.00 101.54
206 19.93 34.47 0.00 0.00 129.23
207 20.00 39.21 0.00 0.00 128.23
208 19.83 49.41 0.00 0.00 103.32
209 19.92 63.30 0.00 0.00 43.16
210 19.92 71.92 0.00 0.00 31.98
211 20.24 54.04 0.53 0.00 71.74
212 20.24 58.89 0.00 0.00 53.77
213 20.27 74.47 0.00 0.00 36.73
214 20.43 46.21 0.00 0.00 116.02
215 20.51 27.09 0.98 0.00 118.23
216 20.50 43.86 0.00 0.00 129.81
217 20.59 29.82 0.00 0.00 116.32
218 20.69 69.73 1.11 0.00 42.25
219 20.81 24.36 0.00 0.00 104.98
220 20.63 56.32 0.00 0.00 66.27
221 20.74 64.87 0.00 0.00 51.44
222 20.79 41.33 0.00 0.00 127.63
223 21.04 15.45 0.00 0.48 73.59
224 20.78 61.40 0.00 0.00 54.15
225 20.80 48.52 0.67 0.00 92.73
226 20.88 51.87 2.38 0.00 85.96
227 20.89 67.15 1.79 0.00 49.76
228 20.84 77.82 1.32 0.32 37.06
229 21.00 36.56 0.00 0.00 119.79
230 21.14 21.57 0.02 0.00 89.68
231 21.12 33.11 0.00 0.00 114.32
232 21.28 18.23 0.00 0.00 85.95
233 21.11 72.36 6.23 0.00 45.77
234 21.40 39.11 0.00 0.00 111.89
235 21.52 58.86 0.43 0.00 63.73
236 21.51 75.00 7.05 0.11 49.70
237 21.65 54.14 1.15 0.00 71.61
238 21.73 50.10 0.65 0.00 87.27
239 21.67 43.05 1.43 0.00 107.10
240 21.65 56.51 0.00 0.00 69.68
241 21.80 63.26 3.02 0.00 65.62
242 21.89 28.16 0.00 0.00 105.49
243 21.87 30.77 0.00 0.00 104.35
244 21.80 47.57 0.00 0.51 92.35
245 22.04 45.28 0.00 0.00 95.65
246 21.86 68.41 9.64 0.81 59.14
247 22.07 35.04 2.31 0.00 113.93
248 21.96 60.95 2.82 0.00 70.35
249 22.07 25.42 0.00 0.00 95.64
250 22.04 65.76 7.02 0.00 63.32
251 22.11 70.89 13.98 0.00 66.87
252 22.10 77.35 16.79 1.42 60.15
253 22.36 51.95 1.37 0.00 83.37
254 22.44 14.24 0.00 1.23 62.56
255 22.43 20.00 0.00 0.00 82.31
256 22.45 40.61 0.00 0.00 103.32
257 22.49 22.73 0.00 0.00 87.07
258 22.45 37.91 0.00 0.00 103.33
259 22.56 73.18 29.25 1.41 72.68
260 22.74 17.22 0.00 0.22 77.05
261 22.71 32.57 0.04 0.00 94.89
262 22.63 57.06 3.09 0.00 81.65
263 22.87 42.94 0.71 0.00 92.42
264 22.88 59.48 7.34 0.50 77.95
265 22.92 53.87 2.49 0.00 81.44
266 22.85 47.57 0.30 0.00 87.69
267 23.08 75.48 64.37 0.78 78.55
268 23.00 69.03 39.28 0.02 83.99
269 23.14 50.01 3.83 0.00 84.08
270 23.08 62.03 10.85 0.31 82.08
271 23.21 81.25 23.58 1.89 71.54
272 23.27 26.98 0.71 0.00 89.21
273 23.24 29.42 1.74 0.00 91.15
274 23.21 64.29 23.31 0.50 92.00
275 23.22 66.63 37.00 0.00 83.63
276 23.20 36.07 0.57 0.00 100.87
277 23.21 78.37 46.20 2.25 87.59
278 23.40 45.20 0.00 0.00 83.15
279 23.59 24.53 0.00 0.00 84.49
280 23.57 71.16 85.97 1.82 95.93
281 23.55 55.79 9.69 0.00 98.66
282 23.79 33.69 0.46 0.00 94.01
283 23.71 40.84 1.73 0.00 97.59
284 23.80 13.50 0.00 1.12 50.66
285 23.80 38.36 1.35 0.00 90.28
286 23.79 19.33 3.26 0.00 71.02
287 23.94 22.14 2.21 0.00 80.68
288 23.83 58.12 15.14 1.18 102.23
289 24.06 16.21 0.00 0.64 69.98
290 24.07 31.09 1.91 0.00 92.55
291 23.87 47.84 1.01 0.00 93.29
292 24.03 51.70 5.39 0.03 93.40
293 24.14 73.51 114.85 1.42 100.54
294 24.03 60.52 26.95 0.56 103.04
295 24.14 53.87 10.56 0.00 102.01
296 24.27 42.91 3.09 0.00 99.10
297 24.22 68.24 107.71 3.54 99.92
298 24.39 63.13 67.36 1.08 112.61
299 24.39 76.46 116.82 2.84 108.53
300 24.35 79.35 75.70 2.95 115.30
301 24.50 35.55 2.34 0.00 91.76
302 24.61 65.72 106.19 0.99 107.31
303 24.52 27.96 4.38 0.03 88.93
304 24.59 49.69 7.68 1.11 107.31
305 24.47 45.41 4.35 0.00 101.15
306 24.68 82.11 46.48 2.55 82.44
307 24.68 56.50 28.53 2.66 121.70
308 24.77 25.40 6.02 0.36 88.75
309 24.85 71.05 161.37 2.17 110.92
310 24.93 39.81 4.09 0.00 93.48
311 24.97 21.03 4.16 0.80 80.04
312 24.98 37.55 3.85 0.00 99.58
313 25.17 12.68 0.63 2.04 55.91
314 25.13 18.33 5.00 0.56 74.93
315 25.05 58.87 57.90 1.24 132.49
316 24.98 32.74 1.90 0.00 86.22
317 25.01 47.34 7.33 0.75 103.70
318 25.14 61.19 125.19 2.05 122.23
319 25.32 15.37 4.41 1.32 73.17
320 25.30 29.64 4.30 0.00 85.00
321 25.21 54.37 30.33 0.00 128.73
322 25.33 52.09 19.77 0.00 125.64
323 25.46 41.76 6.26 0.00 98.93
324 25.41 43.92 6.75 0.00 95.30
325 25.55 23.76 5.50 0.11 87.52
326 25.41 68.65 164.72 2.13 132.77
327 25.39 74.40 155.92 3.90 125.87
328 25.53 80.17 77.49 3.64 118.43
329 25.63 64.24 151.86 2.64 146.77
330 25.75 77.11 123.95 3.14 116.79
331 25.77 50.13 18.85 0.26 121.11
332 25.85 26.72 6.93 0.22 86.29
333 25.79 35.91 4.93 0.00 95.19
334 25.94 83.46 38.95 4.11 85.65
335 25.87 56.61 127.08 0.65 133.84
336 25.95 45.62 9.50 0.00 112.88
337 25.99 48.01 17.96 0.00 119.24
338 26.00 33.72 7.97 0.27 105.04
339 26.00 71.76 174.64 4.02 137.20
340 26.10 31.36 9.78 0.00 99.54
341 26.19 67.02 193.68 4.27 152.09
342 26.09 38.52 7.67 0.00 100.32
343 26.14 21.22 15.74 1.30 92.41
344 26.20 61.57 184.37 1.40 147.37
345 26.29 59.04 181.53 0.67 144.61
346 26.21 53.76 84.70 1.72 152.17
347 26.41 18.66 17.02 1.25 81.22
348 26.52 29.32 14.96 0.00 94.89
349 26.53 40.63 13.23 0.00 108.24
350 26.70 12.72 17.33 1.53 65.48
351 26.57 15.72 19.41 1.03 78.06
352 26.72 69.60 177.47 5.66 148.24
353 26.65 73.98 145.74 3.78 135.60
354 26.63 43.42 19.41 0.46 118.26
355 26.73 51.18 70.22 1.55 169.61
356 26.87 65.16 185.36 3.18 164.81
357 26.73 78.52 80.61 5.16 136.35
358 26.75 23.69 17.61 2.05 93.16
359 26.87 81.30 45.09 5.55 121.43
360 26.99 63.04 206.16 2.14 161.17
361 27.00 27.49 23.53 0.92 115.51
362 26.96 35.62 14.08 0.00 106.94
363 26.95 45.84 44.59 0.63 140.81
364 26.99 48.13 60.90 0.74 153.91
365 27.03 56.05 205.28 2.15 172.92
366 27.17 76.13 80.13 4.46 133.44
367 27.04 33.03 20.00 2.67 113.03
368 27.15 37.96 17.54 1.21 116.34
369 27.40 84.72 18.03 6.48 74.16
370 27.20 53.46 174.89 1.66 178.06
371 27.41 71.87 111.72 3.98 149.27
372 27.45 25.69 39.81 1.47 122.90
373 27.36 58.34 221.35 3.63 184.55
374 27.48 60.78 199.32 4.02 174.66
375 27.41 21.34 44.57 1.27 99.71
376 27.44 42.14 51.19 0.61 139.90
377 27.51 67.03 158.38 2.14 160.25
378 27.47 17.70 49.52 2.04 93.51
379 27.59 30.88 44.50 1.05 123.72
380 27.70 39.85 51.04 0.63 144.03
381 27.75 49.58 167.28 3.24 178.63
382 27.82 14.75 67.05 2.60 90.98
383 27.84 44.83 110.53 2.50 162.94
384 28.05 69.74 106.45 5.29 144.93
385 28.01 78.81 32.27 6.13 118.03
386 28.05 81.82 22.53 8.39 98.39
387 28.09 28.76 70.48 1.36 133.27
388 27.95 36.41 53.75 1.54 148.18
389 28.03 51.84 200.39 3.09 193.98
390 28.11 74.01 57.30 4.79 140.05
391 27.97 33.55 59.65 0.68 139.91
392 28.21 24.15 77.02 2.69 127.51
393 28.06 63.42 148.40 3.84 175.86
394 28.19 54.42 219.27 2.64 190.09
395 28.55 12.63 113.03 3.28 93.69
396 28.19 47.21 170.17 2.62 165.99
397 28.25 56.70 217.45 3.17 193.72
398 28.32 19.67 112.36 1.63 111.71
399 28.44 58.96 198.61 3.74 184.42
400 28.56 76.31 33.51 6.27 114.90
401 28.61 43.38 165.02 1.43 174.16
402 28.62 38.33 103.17 2.99 170.32
403 28.72 65.38 84.10 3.82 174.35
404 28.65 67.75 71.46 6.89 171.64
405 28.71 86.09 9.77 7.33 49.86
406 28.77 22.25 128.52 1.98 116.88
407 28.78 26.77 129.79 2.40 141.72
408 28.73 41.13 148.40 3.21 173.19
409 28.81 17.17 149.62 2.92 110.60
410 28.80 61.16 119.59 3.95 190.28
411 28.89 71.99 38.75 5.84 130.23
412 28.87 31.14 159.50 0.00 143.59
413 28.88 50.01 214.75 4.51 204.00
414 28.94 35.86 142.69 2.07 181.37
415 29.06 83.19 14.10 8.13 67.34
416 28.98 33.62 164.24 0.37 161.12
417 29.21 45.43 200.60 5.40 197.41
418 29.12 52.20 210.31 5.10 202.87
419 29.24 79.81 18.52 7.77 82.41
420 29.26 47.75 215.61 4.99 186.44
421 29.28 63.38 77.28 3.30 177.64
422 29.30 54.62 205.70 3.37 197.86
423 29.53 15.04 170.52 4.16 118.59
424 29.43 28.92 176.93 1.42 159.59
425 29.42 56.99 162.39 4.15 204.15
426 29.48 24.96 190.36 1.59 145.19
427 29.52 69.78 33.06 5.09 143.10
428 29.68 10.54 140.71 4.72 97.50
429 29.56 19.74 179.57 2.65 134.24
430 29.75 74.02 24.18 7.09 106.76
431 29.66 39.66 197.49 2.42 177.65
432 29.67 59.16 90.28 4.67 193.15
433 29.70 76.82 17.55 8.11 90.64
434 29.82 87.38 14.46 9.46 33.06
435 29.86 37.24 196.12 2.96 203.48
436 29.78 42.69 220.02 1.79 187.08
437 29.81 66.78 31.12 5.26 146.30
438 30.05 32.48 218.03 4.77 179.48
439 30.05 22.45 195.83 2.75 144.90
440 30.09 61.43 51.29 4.85 176.39
441 30.09 34.78 205.64 2.66 186.61
442 30.02 49.69 204.45 4.29 214.97
443 30.33 84.75 25.32 10.32 41.80
444 30.18 52.11 166.06 4.73 215.48
445 30.37 17.39 189.93 2.99 129.01
446 30.51 13.50 175.45 4.85 128.89
447 30.45 27.70 201.07 3.19 175.71
448 30.32 46.96 213.91 2.94 209.06
449 30.43 63.90 31.30 5.46 153.02
450 30.34 81.64 19.44 10.20 52.89
451 30.45 30.53 214.75 3.33 184.14
452 30.50 45.01 219.94 6.36 210.29
453 30.34 54.38 134.22 3.40 211.70
454 30.49 71.58 16.46 8.55 106.71
455 30.60 78.66 25.71 10.35 65.34
456 30.56 56.92 76.83 4.18 196.54
457 30.61 25.26 211.23 3.46 164.82
458 30.78 40.64 212.26 2.36 193.53
459 30.75 68.89 18.32 7.24 116.34
460 30.94 20.01 182.41 1.66 142.92
461 30.92 59.20 46.38 5.36 182.10
462 30.91 38.03 203.93 3.19 193.59
463 30.92 42.90 213.28 1.68 194.86
464 30.98 75.93 21.01 9.68 62.84
465 30.97 11.10 159.97 5.06 109.13
466 31.01 48.64 132.08 4.58 226.50
467 31.00 66.18 18.47 6.73 122.38
468 31.12 35.49 220.04 6.06 203.01
469 31.18 50.85 99.39 4.08 218.70
470 31.31 22.56 181.73 2.81 158.73
471 31.22 32.96 212.23 3.81 208.38
472 31.53 15.48 161.69 3.36 126.30
473 31.31 61.41 22.62 4.89 141.71
474 31.42 73.25 19.29 9.46 74.59
475 31.44 87.29 51.65 14.39 17.28
476 31.51 29.53 209.60 3.11 193.69
477 31.45 52.98 66.37 4.81 206.54
478 31.43 55.28 42.41 3.21 185.55
479 31.64 83.12 72.53 13.41 28.70
480 31.72 46.66 111.62 4.41 215.27
481 31.63 80.41 65.08 13.99 40.11
482 31.82 27.36 185.70 3.77 184.79
483 31.81 63.63 16.43 8.42 116.43
484 31.78 17.85 153.15 4.04 145.91
485 31.74 25.04 180.41 2.81 164.63
486 31.76 44.31 140.29 4.48 216.18
487 31.89 57.27 28.10 4.54 169.98
488 31.92 70.57 18.61 8.84 76.11
489 31.91 39.49 178.90 6.09 211.63
490 31.99 41.82 143.78 4.67 215.60
491 32.10 68.32 17.83 9.74 85.55
492 32.00 10.12 104.19 6.54 114.28
493 32.15 13.19 134.96 5.64 129.66
494 32.17 31.58 173.11 5.14 195.54
495 32.02 36.67 163.17 3.71 206.56
496 32.22 77.74 80.82 12.39 33.72
497 32.18 48.98 57.29 4.69 207.01
498 32.17 59.48 20.37 5.98 144.64
499 32.34 85.33 89.64 17.29 18.65
500 32.24 65.98 15.60 9.36 96.02
501 32.39 20.30 120.18 3.61 141.14
502 32.33 33.97 164.78 4.02 194.56
503 32.40 75.13 61.61 12.69 44.41
504 32.34 51.61 37.44 4.63 196.67
505 32.56 22.78 126.40 5.26 158.71
506 32.53 54.40 23.18 5.03 165.57
507 32.72 61.57 13.66 7.91 116.47
508 32.82 45.32 56.52 5.90 197.96
509 32.81 72.25 38.99 12.19 50.30
510 33.15 88.05 92.96 21.36 9.90
511 32.87 29.57 116.23 4.30 194.48
512 32.87 38.21 82.59 5.51 198.96
513 32.96 43.07 70.26 5.26 215.29
514 33.08 81.05 125.85 18.90 18.47
515 32.89 25.19 117.34 4.26 184.78
516 32.92 17.84 91.51 6.45 153.50
517 33.05 56.88 13.04 7.30 140.37
518 33.16 27.44 92.70 4.82 176.45
519 33.17 40.51 63.98 4.17 198.78
520 33.20 63.96 13.76 11.14 92.68
521 33.22 10.47 64.20 5.77 112.73
522 33.16 47.43 39.81 6.74 185.57
523 33.31 15.68 80.28 4.88 133.21
524 33.22 36.03 84.89 6.90 203.22
525 33.40 83.57 123.55 20.62 13.59
526 33.23 50.41 25.83 9.98 192.06
527 33.42 59.11 13.50 7.34 114.18
528 33.35 69.02 42.75 13.27 60.07
529 33.40 13.20 68.57 5.77 121.48
530 33.40 31.69 94.23 6.07 188.10
531 33.51 52.59 20.56 8.61 168.88
532 33.55 66.51 27.37 11.31 68.00
533 33.55 33.91 66.50 4.33 186.67
534 33.58 76.04 143.63 17.22 24.45
535 33.67 78.70 137.20 19.29 19.96
536 33.69 22.38 58.60 6.37 152.86
537 33.78 54.76 16.06 9.00 145.40
538 33.97 73.71 142.98 15.09 26.75
539 33.82 19.62 53.60 5.16 134.79
540 34.10 85.87 116.12 27.23 8.96
541 34.06 49.11 17.23 5.05 156.50
542 34.15 71.04 112.68 14.68 32.64
543 33.97 38.28 39.60 6.89 187.68
544 33.97 61.33 18.41 10.85 87.63
545 34.00 24.84 50.42 5.57 159.90
546 34.08 42.15 36.48 10.13 185.62
547 34.09 44.56 25.80 6.71 163.62
548 34.23 28.15 53.75 6.18 175.27
549 34.28 56.79 20.38 11.21 102.86
550 34.33 8.29 22.04 7.05 79.12
551 34.37 30.32 42.23 6.08 156.57
552 34.32 46.92 21.82 8.57 161.03
553 34.61 16.90 40.94 4.85 98.38
554 34.40 35.63 34.54 7.11 169.65
555 34.40 63.75 32.87 12.02 67.20
556 34.58 11.28 30.79 7.10 102.53
557 34.60 14.17 35.19 6.17 102.75
558 34.68 50.95 17.92 9.47 138.88
559 34.60 82.25 131.07 29.85 9.87
560 34.66 32.78 37.65 7.81 161.45
561 34.63 40.21 21.43 8.45 165.44
562 34.69 68.45 98.87 19.12 35.15
563 34.75 59.04 27.09 12.45 76.07
564 34.79 90.16 68.64 32.02 4.36
565 34.80 53.10 17.81 10.97 115.31
566 34.78 21.76 35.04 6.05 114.12
567 34.77 76.96 163.93 23.84 12.07
568 34.92 26.19 37.55 6.70 152.75
569 34.97 65.80 82.78 14.31 37.70
570 35.10 79.71 140.61 28.49 9.20
571 35.06 19.31 32.24 7.29 106.82
572 35.24 87.75 83.75 32.72 4.70
573 35.08 37.65 27.07 6.35 148.73
574 35.43 23.76 25.95 5.42 107.66
575 35.30 43.37 24.32 9.04 140.33
576 35.31 55.03 35.09 13.18 88.79
577 35.27 61.43 66.01 14.97 53.00
578 35.35 73.10 163.85 24.76 15.53
579 35.32 45.83 20.73 9.48 116.95
580 35.27 48.55 24.03 12.08 121.38
581 35.42 34.81 27.00 9.60 144.70
582 35.54 84.79 107.41 34.43 4.28
583 35.50 28.36 31.36 7.84 128.51
584 35.55 70.68 156.91 23.91 17.73
585 35.59 31.12 30.66 10.69 127.08
586 35.57 57.28 59.73 14.91 60.02
587 35.80 75.22 164.36 26.38 9.32
588 35.66 40.92 23.90 10.62 127.20
589 35.70 9.85 19.14 8.73 78.38
590 35.77 63.61 115.63 18.92 35.07
591 35.80 12.80 22.75 8.19 82.67
592 35.78 15.48 23.89 8.72 84.74
593 35.88 67.24 149.38 20.38 18.92
594 35.85 91.35 39.78 40.40 2.38
595 35.94 50.72 45.04 15.40 90.69
596 36.11 38.88 28.73 11.23 109.48
597 36.02 81.97 127.27 37.03 4.87
598 36.06 52.98 65.30 15.63 76.30
599 36.05 21.30 28.14 8.52 92.15
600 36.13 77.39 152.78 35.24 5.58
601 36.17 18.62 24.72 7.70 78.71
602 36.15 25.66 30.92 9.62 99.80
603 36.16 59.71 123.74 19.51 40.02
604 36.25 33.30 31.65 11.66 107.23
605 36.21 36.70 31.15 9.43 105.43
606 36.42 42.32 37.36 13.76 102.74
607 36.43 45.91 54.78 10.84 86.25
608 36.38 48.24 71.22 14.83 76.74
609 36.54 29.58 33.74 8.96 91.21
610 36.57 69.42 181.85 33.22 12.25
611 36.63 8.11 15.38 10.57 53.05
612 36.57 55.42 119.68 20.65 50.67
613 36.64 89.40 56.05 55.46 3.78
614 36.76 64.86 173.00 24.53 17.90
615 36.74 79.41 126.77 45.19 4.46
616 36.61 87.04 85.24 55.32 3.90
617 36.83 62.04 170.27 25.24 22.50
618 36.84 16.63 30.32 9.99 64.56
619 36.88 57.65 166.48 20.28 32.56
620 36.90 71.72 168.29 32.68 6.86
621 36.93 27.62 46.49 11.93 85.32
622 36.94 44.15 77.49 12.30 63.92
623 37.03 74.15 159.62 42.00 6.74
624 36.92 92.10 15.97 45.01 1.45
625 36.92 11.89 22.75 11.95 57.17
626 37.02 22.78 44.85 11.51 66.26
627 37.17 31.41 60.74 13.03 70.51
628 37.15 35.59 70.85 13.06 70.36
629 36.87 85.08 98.34 55.81 1.84
630 37.19 40.39 73.57 15.13 69.63
631 37.20 51.86 147.63 18.78 43.41
632 37.24 83.91 94.49 57.12 2.94
633 37.17 67.33 174.13 32.53 10.57
634 37.45 14.71 37.34 9.29 45.12
635 37.37 24.92 51.51 10.75 58.48
636 37.34 49.80 152.57 18.98 44.97
637 37.33 20.35 51.63 10.72 53.66
638 37.43 53.91 160.59 23.63 35.64
639 37.46 59.73 194.05 28.36 19.23
640 37.36 81.64 102.87 60.32 4.54
641 37.45 38.04 90.25 14.97 59.08
642 37.46 76.73 143.11 55.93 6.09
643 37.57 33.54 92.02 13.52 56.20
644 37.65 47.57 167.55 18.13 36.22
645 37.74 6.72 24.76 12.94 26.07
646 37.77 87.19 50.74 77.45 2.86
647 37.82 9.99 41.24 13.30 37.41
648 37.89 55.69 187.59 28.56 26.63
649 37.86 18.10 72.30 15.14 37.68
650 37.93 42.31 142.06 16.49 43.28
651 37.93 63.60 180.05 39.95 11.87
652 37.92 45.31 160.19 16.91 35.19
653 37.98 69.26 154.13 49.98 6.59
654 37.99 90.74 17.52 74.36 1.94
655 38.00 26.89 102.48 15.52 43.39
656 38.09 29.70 108.04 17.74 44.41
657 38.14 65.88 163.03 41.65 6.98
658 38.09 79.02 83.10 78.38 3.40
659 38.09 71.90 128.70 55.92 5.73
660 38.25 57.69 190.32 36.06 15.38
661 38.32 61.51 180.39 44.76 12.41
662 38.28 12.60 52.51 14.00 32.23
663 38.34 22.70 114.41 14.62 29.33
664 38.32 74.53 121.24 65.52 3.10
665 38.54 35.11 171.90 22.11 29.13
666 38.51 40.05 167.35 26.22 29.32
667 38.46 84.38 39.12 97.32 3.43
668 38.48 52.27 197.72 28.37 20.30
669 38.44 81.84 64.03 98.67 3.23
670 38.58 32.54 161.08 21.87 34.29
671 38.56 37.42 162.40 24.66 25.91
672 38.72 50.15 188.22 29.39 21.68
673 38.76 20.10 137.77 18.24 22.63
674 38.85 8.27 79.10 16.06 18.48
675 38.92 16.99 121.18 16.50 17.84
676 38.94 24.81 139.46 19.21 19.70
677 38.78 88.36 25.70 101.30 2.38
678 38.88 43.54 200.47 25.13 23.93
679 38.91 76.85 75.54 106.44 2.26
680 39.08 14.48 102.82 16.43 16.89
681 38.88 48.00 197.17 28.74 20.16
682 39.00 54.40 192.43 39.42 12.84
683 39.01 59.40 171.74 47.44 7.84
684 39.03 67.27 129.04 62.88 3.68
685 39.08 27.14 167.27 22.92 22.98
686 39.20 45.77 194.32 26.26 15.14
687 39.12 69.50 110.07 82.84 3.86
688 39.16 64.16 153.73 66.38 7.78
689 39.19 72.05 79.95 110.64 2.44
690 39.32 29.21 187.44 24.06 17.55
691 39.41 31.28 183.55 29.26 16.48
692 39.34 56.75 180.69 49.07 10.38
693 39.25 79.77 42.91 113.17 1.37
694 39.46 11.26 97.83 15.44 12.46
695 39.51 90.81 10.80 107.17 2.53
696 39.65 5.72 59.96 17.61 6.13
697 39.48 85.54 21.10 120.33 2.35
698 39.49 74.18 48.67 133.76 2.13
699 39.63 41.42 190.57 30.94 13.35
700 39.73 39.21 191.42 33.64 14.37
701 39.56 61.55 149.11 65.39 4.65
702 39.67 21.97 173.06 21.21 12.95
703 39.65 33.80 184.10 27.99 14.24
704 39.74 37.05 205.40 35.10 13.73
705 39.79 52.38 187.58 48.25 11.60
706 39.82 82.51 22.53 123.22 1.62
707 39.97 18.86 160.01 21.81 11.33
708 39.90 49.89 184.14 45.72 9.65
709 39.96 65.77 84.43 105.98 2.53
710 40.13 43.33 190.94 34.23 8.67
711 40.13 47.67 198.62 48.00 10.19
712 40.05 70.17 54.53 136.05 3.34
713 40.11 75.78 29.71 145.97 2.34
714 40.26 24.09 178.96 27.18 8.96
715 40.16 54.71 167.73 54.52 6.71
716 40.14 88.09 17.48 134.20 2.49
717 40.24 16.22 145.62 22.18 6.48
718 40.21 26.41 180.63 31.53 9.60
719 40.12 58.90 154.01 72.07 6.10
720 40.30 78.31 25.71 150.61 1.58
721 40.38 8.80 115.25 21.43 6.99
722 40.26 63.26 97.67 115.51 4.97
723 40.46 67.78 42.80 142.92 2.09
724 40.54 35.55 199.89 39.63 7.88
725 40.50 72.32 29.65 157.35 1.51
726 40.48 28.87 167.44 34.02 5.55
727 40.47 45.54 183.47 47.46 5.13
728 40.50 93.33 0.17 87.01 0.73
729 40.63 56.80 144.52 77.23 4.29
730 40.78 14.08 143.22 28.61 6.51
731 40.61 31.30 178.24 39.01 7.21
732 40.84 11.92 125.98 28.18 6.44
733 40.74 20.81 174.64 34.36 6.64
734 40.70 60.74 114.06 110.13 3.58
735 40.69 85.56 19.40 135.90 1.70
736 40.84 51.28 163.78 70.90 6.62
737 40.96 80.52 20.16 142.28 1.27
738 40.97 33.64 180.12 49.60 4.68
739 41.05 41.83 172.12 57.77 5.87
740 41.08 39.71 159.56 55.05 5.79
741 41.15 37.50 169.77 49.32 4.71
742 41.04 90.71 13.54 127.14 3.01
743 41.13 6.36 83.97 27.09 2.52
744 41.16 48.53 158.93 76.49 4.46
745 41.03 64.91 40.93 136.23 3.06
746 41.24 53.14 144.26 83.22 3.42
747 41.36 82.93 22.31 143.18 1.91
748 41.19 76.07 25.34 178.78 0.88
749 41.34 22.89 166.30 38.05 2.60
750 41.26 58.56 89.64 129.07 2.87
751 41.18 69.78 24.02 170.03 2.27
752 41.42 73.61 22.52 180.10 2.53
753 41.39 18.69 139.43 36.89 2.80
754 41.22 54.95 121.01 115.52 6.03
755 41.41 27.38 173.84 50.81 5.15
756 41.38 44.23 156.60 61.45 4.34
757 41.42 62.32 47.16 161.79 3.53
758 41.58 25.26 169.56 51.36 3.55
759 41.52 46.51 137.11 76.95 4.14
760 41.56 88.21 27.96 150.86 1.92
761 41.64 16.26 130.00 37.69 3.19
762 41.73 10.21 113.86 36.03 2.80
763 41.66 29.77 144.34 50.32 2.49
764 41.74 66.64 27.20 177.82 2.22
765 41.76 78.28 25.05 176.34 2.19
766 41.63 49.81 128.87 117.92 3.77
767 41.91 32.12 148.92 58.63 2.04
768 41.92 93.24 11.75 97.30 1.15
769 41.92 56.48 64.89 155.29 3.40
770 42.06 71.21 18.74 197.03 1.81
771 41.92 35.30 143.55 68.62 2.90
772 41.99 60.17 43.21 173.15 1.97
773 42.14 20.89 135.59 49.02 1.06
774 42.02 85.40 44.91 165.25 1.53
775 42.13 13.26 102.33 48.36 2.43
776 42.24 7.50 90.04 41.03 1.13
777 42.05 51.54 67.03 142.38 4.07
778 42.12 41.08 125.77 90.38 2.25
779 42.13 64.07 26.24 174.62 1.88
780 42.27 68.67 23.10 195.45 1.46
781 42.24 38.20 124.63 88.69 3.71
782 42.23 43.45 116.34 116.01 0.92
783 42.26 54.30 55.84 163.53 4.26
784 42.30 75.69 38.84 186.62 1.35
785 42.48 80.24 41.89 174.29 2.17
786 42.46 90.71 36.37 141.06 2.33
787 42.43 46.33 72.03 149.92 2.45
788 42.60 23.40 129.75 60.75 0.00
789 42.55 28.00 122.35 81.39 0.80
790 42.50 49.22 52.46 155.41 0.13
791 42.64 58.13 37.07 185.06 1.68
792 42.79 15.25 91.78 55.43 0.41
793 42.72 18.43 95.55 58.28 1.08
794 42.72 30.24 106.00 95.22 1.83
795 42.77 33.61 101.90 101.87 2.66
796 42.83 62.17 30.78 191.01 2.01
797 42.81 72.87 41.31 199.25 1.23
798 42.89 5.30 33.01 39.79 0.00
799 42.86 25.70 112.56 85.37 0.38
800 42.89 82.70 64.49 171.40 1.96
801 42.92 11.08 82.54 54.89 0.30
802 42.90 52.52 37.72 184.81 0.81
803 42.84 35.98 95.84 116.27 0.55
804 42.94 65.66 30.90 203.80 1.89
805 43.04 87.69 68.43 154.99 1.91
806 42.78 88.91 56.66 151.96 1.25
807 43.06 39.39 68.49 139.61 0.21
808 43.07 41.67 64.99 146.78 1.41
809 43.11 44.18 49.53 166.30 0.26
810 43.15 56.15 27.68 196.66 0.79
811 43.33 77.63 80.78 194.00 1.69
812 43.22 59.87 31.12 199.78 3.07
813 43.25 47.81 44.21 175.94 1.67
814 43.27 8.18 63.29 59.64 0.41
815 43.29 21.29 81.39 84.18 0.00
816 43.34 50.63 38.89 197.54 1.62
817 43.36 70.56 51.34 214.60 2.05
818 43.32 85.26 86.58 173.07 1.93
819 43.34 67.94 39.17 214.03 0.92
820 43.47 92.95 53.17 128.14 1.59
821 43.47 31.93 58.24 144.56 0.00
822 43.36 75.02 56.55 198.24 0.53
823 43.48 54.05 30.00 195.87 1.25
824 43.60 37.46 53.86 152.04 0.50
825 43.63 13.21 57.61 79.58 0.46
826 43.66 16.31 55.12 86.06 0.00
827 43.54 27.42 58.34 130.42 0.00
828 43.75 45.82 35.12 185.37 0.37
829 43.73 23.59 57.73 110.41 0.00
830 43.77 80.10 92.11 181.23 1.44
831 43.85 63.57 43.96 211.78 1.69
832 43.79 29.83 45.92 137.73 0.00
833 43.77 34.70 49.21 153.58 0.00
834 43.83 19.02 55.31 94.16 0.00
835 43.93 90.11 91.80 153.41 2.16
836 43.90 58.00 34.51 205.27 1.86
837 44.01 61.24 47.87 217.85 2.96
838 44.05 42.82 33.42 183.71 1.58
839 44.14 65.93 74.34 216.18 2.20
840 44.11 72.92 115.23 208.56 1.39
841 44.14 95.34 28.02 68.24 0.00
842 44.35 5.17 11.00 61.51 0.00
843 44.21 25.58 42.67 139.06 0.00
844 44.17 40.33 39.35 185.21 1.46
845 44.19 48.86 39.50 203.30 1.00
846 44.12 10.18 32.69 89.89 0.00
847 44.27 83.14 118.73 183.37 1.45
848 44.26 7.33 29.83 86.09 0.59
849 44.32 68.61 87.94 217.46 1.07
850 44.37 51.10 39.86 222.21 3.69
851 44.34 55.45 43.02 211.16 1.78
852 44.35 87.17 125.00 162.74 2.18
853 44.41 21.71 35.75 129.88 0.00
854 44.44 53.14 44.52 216.28 0.15
855 44.42 75.55 124.69 210.62 0.83
856 44.60 28.17 34.84 165.50 0.33
857 44.54 32.89 38.13 171.43 0.00
858 44.60 36.16 36.69 186.83 0.00
859 44.73 70.80 102.24 221.90 1.37
860 44.73 38.49 31.45 195.70 0.99
861 44.70 14.73 27.12 111.85 0.00
862 44.73 17.51 29.85 124.47 0.00
863 44.77 46.85 52.06 201.94 1.90
864 44.82 12.04 28.53 109.97 0.18
865 44.86 44.51 39.50 204.05 0.90
866 44.84 59.50 96.01 227.41 2.70
867 44.93 78.07 154.36 192.99 1.52
868 44.92 30.47 32.95 177.96 0.00
869 44.88 92.83 69.81 128.40 1.97
870 44.87 57.23 79.58 223.94 2.73
871 44.97 80.91 161.00 181.65 1.21
872 45.03 64.06 114.80 217.67 1.51
873 45.11 23.90 30.42 156.55 0.00
874 45.06 42.06 55.08 209.29 1.71
875 45.08 61.74 106.97 225.41 0.39
876 45.22 20.04 29.08 137.56 0.00
877 45.28 66.42 144.39 214.60 1.27
878 45.25 84.87 141.61 187.28 1.85
879 45.29 90.52 105.63 161.95 1.93
880 45.28 49.60 103.75 225.14 2.52
881 45.47 72.78 167.80 202.30 1.32
882 45.34 8.86 17.96 110.17 0.00
883 45.39 26.27 38.21 179.13 0.00
884 45.46 34.53 39.09 192.14 0.17
885 45.45 52.02 91.09 227.74 2.05
886 45.42 54.34 107.36 227.82 1.40
887 45.48 68.69 133.53 217.00 0.08
888 45.49 75.24 180.93 202.44 1.07
889 45.57 6.66 13.58 92.79 0.00
890 45.61 87.68 110.74 182.83 1.38
891 45.76 4.47 2.18 83.39 0.00
892 45.69 40.09 47.58 206.98 0.00
893 45.76 95.15 28.36 86.33 0.00
894 45.71 37.04 51.14 202.21 0.00
895 45.70 32.20 33.33 191.99 0.00
896 45.80 28.72 42.71 182.22 0.00
897 45.79 47.53 109.86 224.89 3.35
898 45.88 13.60 28.18 126.68 0.00
899 45.93 15.71 31.96 145.39 0.00
900 45.94 22.10 37.94 169.24 0.00
901 45.91 56.35 161.69 224.96 1.21
902 45.86 58.64 169.46 225.23 1.81
903 45.87 11.01 21.48 128.49 0.00
904 45.88 44.90 94.10 213.39 0.58
905 46.07 82.54 133.65 193.95 0.95
906 46.02 18.13 33.35 153.40 0.00
907 46.09 79.91 159.56 189.31 1.13
908 46.10 61.00 166.37 229.84 0.92
909 46.23 63.46 168.17 211.91 0.89
910 46.15 70.60 158.53 220.61 1.78
911 46.17 42.45 89.56 216.22 0.84
912 46.28 76.87 172.10 202.83 0.01
913 46.48 92.64 55.40 135.96 2.09
914 46.39 24.34 56.59 178.12 0.06
915 46.32 49.83 166.79 218.73 2.01
916 46.36 65.77 172.95 220.57 2.46
917 46.50 26.65 85.06 197.55 0.00
918 46.58 30.65 73.56 198.61 0.00
919 46.49 52.42 189.95 226.31 2.10
920 46.59 84.85 102.87 183.35 1.71
921 46.59 38.77 90.79 213.70 0.00
922 46.63 54.69 190.57 220.49 2.61
923 46.53 89.88 82.70 166.87 1.19
924 46.56 35.17 84.67 211.58 0.00
925 46.64 74.47 169.52 208.21 1.95
926 46.66 68.44 166.18 208.67 0.65
927 46.74 32.84 82.98 200.95 0.82
928 46.70 46.44 168.59 221.35 0.77
929 46.77 9.00 43.55 131.77 0.00
930 46.78 20.50 70.27 170.06 0.00
931 46.76 6.57 31.27 121.42 0.00
932 47.02 72.16 154.16 217.47 0.87
933 46.93 87.38 67.72 191.59 2.20
934 46.90 59.39 208.88 227.63 1.93
935 47.12 12.04 53.41 151.68 0.00
936 47.06 40.95 138.17 214.93 0.90
937 46.99 44.17 181.54 207.03 0.33
938 46.99 57.28 206.16 220.84 1.35
939 47.09 78.41 134.94 216.49 1.11
940 47.10 28.51 103.83 200.39 0.00
941 47.23 95.23 3.59 78.99 0.00
942 47.12 17.28 66.61 165.89 0.00
943 47.26 36.98 151.75 212.00 0.17
944 47.11 62.26 194.20 226.89 1.09
945 47.24 14.83 59.56 151.49 0.00
946 47.28 48.43 193.55 212.78 0.00
947 47.37 51.02 216.45 215.86 0.82
948 47.42 80.68 73.25 202.54 2.12
949 47.40 22.93 114.01 182.72 0.00
950 47.40 66.11 164.99 229.76 2.37
951 47.63 83.06 64.40 198.80 1.19
952 47.61 25.67 131.22 191.53 0.67
953 47.56 53.27 205.50 223.85 1.45
954 47.66 70.41 98.31 223.79 1.19
955 47.73 90.93 37.70 163.14 2.45
956 47.63 34.68 156.34 216.53 1.41
957 47.77 64.07 163.79 228.35 1.16
958 47.81 76.37 101.59 202.72 0.43
959 47.74 55.44 198.60 226.28 0.40
960 47.69 60.52 198.15 232.12 1.47
961 47.99 97.77 0.00 39.34 0.00
962 47.88 19.52 124.60 176.36 0.00
963 47.78 68.17 129.79 224.45 1.38
964 47.79 73.99 96.17 221.30 0.62
965 47.82 32.26 125.76 211.48 0.00
966 47.90 38.99 185.34 208.69 0.55
967 47.89 42.89 199.14 215.44 0.00
968 48.13 93.20 14.63 132.38 1.50
969 47.96 30.10 139.20 209.78 0.00
970 47.88 45.78 197.58 218.97 0.65
971 47.98 9.46 93.15 148.67 0.00
972 47.98 57.71 184.64 222.53 0.62
973 48.09 85.35 43.18 184.36 1.10
974 48.09 88.24 30.85 175.76 1.52
975 48.22 27.76 173.22 197.95 0.00
976 48.23 13.39 92.75 155.40 0.20
977 48.35 41.04 205.49 216.64 0.33
978 48.32 49.80 202.19 222.17 1.74
979 48.44 16.82 114.60 157.77 0.00
980 48.48 47.70 201.74 218.24 0.21
981 48.42 78.83 60.94 207.94 1.26
982 48.48 21.90 149.76 191.59 0.00
983 48.46 62.20 135.45 230.75 0.77
984 48.52 36.10 166.02 215.91 0.00
985 48.62 71.88 64.77 222.50 0.43
986 48.58 24.51 156.79 190.42 0.00
987 48.56 51.91 205.41 220.20 1.63
988 48.49 59.60 150.66 234.02 0.62
989 48.54 66.20 91.51 228.68 0.52
990 48.72 95.28 0.00 88.48 0.00
991 48.73 33.76 150.44 214.33 0.00
992 48.68 53.93 151.28 231.15 0.99
993 48.72 81.55 34.51 198.14 1.10
994 48.71 44.21 184.00 225.30 0.00
995 48.92 11.28 123.12 144.47 0.00
996 48.75 69.14 67.65 224.48 1.14
997 48.81 55.99 128.38 236.07 0.53
998 48.95 38.02 181.06 216.95 0.00
999 48.89 74.24 48.94 217.25 0.68
1000 49.01 31.38 133.84 215.41 0.00
1001 49.13 64.44 81.74 224.60 0.13
1002 49.15 76.71 30.04 205.54 0.08
1003 49.16 29.14 154.62 207.42 0.00
1004 49.11 7.50 104.78 139.34 0.00
1005 49.22 14.61 116.86 161.42 0.00
1006 49.11 19.40 137.37 183.28 0.00
1007 49.21 46.28 135.09 234.50 0.51
1008 49.11 57.91 95.86 227.37 1.21
1009 49.17 89.91 13.62 162.36 1.32
1010 49.23 26.83 155.41 202.80 0.00
1011 49.17 86.78 19.59 192.93 1.17
1012 49.34 39.99 164.96 217.83 0.00
1013 49.41 42.14 144.84 225.52 0.46
1014 49.37 84.16 20.30 193.65 1.44
1015 49.38 60.49 70.37 228.00 1.83
1016 49.32 50.08 130.23 237.28 1.74
1017 49.51 23.55 126.44 204.08 0.00
1018 49.53 67.34 58.88 230.25 0.00
1019 49.53 93.07 3.31 134.87 1.25
1020 49.60 35.22 119.30 221.88 0.29
1021 49.65 62.56 57.42 229.39 0.86
1022 49.66 79.11 24.63 206.23 0.10
1023 49.68 4.68 42.18 119.56 0.00
1024 49.75 21.42 118.44 198.93 0.00
1025 49.78 48.13 103.39 228.39 1.73
1026 49.64 52.14 93.24 229.36 1.10
1027 49.70 16.98 127.01 170.32 0.43
1028 49.77 54.28 57.47 229.69 1.60
1029 49.75 70.00 34.67 222.29 0.72
1030 49.77 32.93 126.05 220.18 0.00
1031 49.70 44.38 104.69 229.64 0.63
1032 49.87 72.43 26.93 223.30 1.56
1033 49.99 9.35 86.86 157.77 0.00
1034 49.97 56.34 55.97 233.64 0.17
1035 50.01 81.77 12.84 198.13 0.31
1036 50.10 25.51 93.37 211.24 0.00
1037 50.02 37.14 83.51 222.18 0.00
1038 50.02 74.75 22.32 221.65 0.50
1039 50.07 12.12 95.51 169.83 0.00
1040 50.11 58.63 49.27 225.68 0.77
1041 50.27 6.70 59.43 136.36 0.00
1042 50.19 29.93 109.38 218.75 0.00
1043 50.30 19.10 97.49 196.85 0.00
1044 50.37 87.77 10.58 177.90 1.20
1045 50.37 39.05 79.08 222.41 0.00
1046 50.40 64.24 38.44 229.49 2.25
1047 50.39 66.30 29.50 226.99 1.97
1048 50.40 90.82 6.40 156.53 0.89
1049 50.45 27.64 78.05 211.26 0.07
1050 50.39 50.03 57.44 230.99 0.00
1051 50.40 14.87 83.88 173.34 0.30
1052 50.56 41.15 57.14 220.38 0.00
1053 50.49 46.34 67.34 227.46 0.00
1054 50.50 60.71 30.56 233.79 1.63
1055 50.52 76.99 13.51 208.73 0.08
1056 50.56 84.83 13.27 183.99 1.23
1057 50.53 43.41 59.75 228.50 0.00
1058 50.60 31.98 79.44 227.09 0.33
1059 50.70 23.16 67.78 194.24 0.00
1060 50.67 52.33 34.28 227.83 0.00
1061 50.72 68.75 23.18 223.42 1.67
1062 50.68 35.08 64.32 220.48 0.00
1063 50.85 94.08 0.00 117.12 0.23
1064 50.85 54.55 27.33 233.60 0.44
1065 50.84 71.34 21.87 223.44 1.10
1066 50.99 79.63 12.59 192.22 0.08
1067 51.03 17.04 56.04 179.05 0.00
1068 51.11 20.83 66.15 199.48 0.00
1069 51.05 56.76 29.48 230.02 0.00
1070 51.07 62.27 29.25 233.13 0.76
1071 51.20 10.56 45.65 174.06 0.00
1072 51.19 82.41 14.76 189.87 0.94
1073 51.29 48.58 37.11 229.47 1.06
1074 51.14 58.91 25.14 234.16 0.54
1075 51.20 74.26 17.80 216.03 0.00
1076 51.30 25.33 55.62 215.32 0.00
1077 51.36 8.23 40.54 149.56 0.00
1078 51.27 13.22 46.88 175.05 0.00
1079 51.28 29.13 57.76 223.11 0.00
1080 51.24 37.44 45.84 220.37 0.00
1081 51.38 44.65 34.24 221.54 0.00
1082 51.48 33.44 45.91 225.92 0.00
1083 51.48 50.82 28.98 227.23 1.15
1084 51.61 39.50 32.95 226.11 0.00
1085 51.48 42.30 38.69 227.57 0.00
1086 51.48 66.75 21.49 225.73 1.19
1087 51.60 31.27 45.96 218.43 0.00
1088 51.60 64.41 25.12 229.80 1.07
1089 51.64 86.50 32.87 187.70 0.05
1090 51.69 89.14 30.87 178.20 1.28
1091 51.63 91.84 13.99 146.55 1.91
1092 51.62 46.76 29.12 227.58 0.33
1093 51.71 6.28 29.73 139.48 0.00
1094 51.59 76.93 23.48 210.53 0.00
1095 51.87 18.64 33.24 184.39 0.00
1096 51.82 27.22 44.10 216.10 0.00
1097 51.72 53.08 25.63 226.46 0.00
1098 51.84 35.47 35.77 220.66 0.00
1099 51.80 72.10 33.41 223.51 1.34
1100 51.93 15.26 35.36 169.82 0.00
1101 51.87 69.18 26.06 217.35 0.52
1102 51.83 22.94 35.52 201.87 0.00
1103 51.94 55.31 26.76 227.86 0.70
1104 51.97 60.10 30.70 227.88 1.54
1105 52.05 84.02 40.33 192.14 0.50
1106 52.12 57.65 34.21 226.60 0.23
1107 52.13 80.57 41.24 195.14 0.75
1108 52.21 62.16 32.78 226.65 1.17
1109 52.37 40.98 27.43 220.81 0.27
1110 52.58 93.86 18.54 106.93 0.26
1111 52.38 37.45 35.12 224.48 0.00
1112 52.38 75.13 60.99 206.27 0.59
1113 52.38 12.37 22.78 163.09 0.00
1114 52.43 20.77 24.82 198.99 0.00
1115 52.41 49.69 31.91 224.62 0.00
1116 52.39 9.41 22.79 145.73 0.00
1117 52.44 29.47 35.56 211.98 0.00
1118 52.51 43.37 34.30 220.66 0.00
1119 52.53 4.39 0.13 115.72 0.00
1120 52.54 25.07 30.89 208.80 0.00
1121 52.49 78.26 65.42 209.17 0.01
1122 52.57 45.64 31.12 222.79 0.00
1123 52.60 66.53 56.55 223.66 1.18
1124 52.61 52.08 40.71 225.09 0.31
1125 52.61 33.82 28.29 211.31 0.00
1126 52.78 47.78 41.72 215.31 0.00
1127 52.76 31.69 39.04 208.96 0.00
1128 52.68 64.29 70.14 229.77 1.60
1129 52.83 70.70 66.89 218.50 0.08
1130 52.83 16.59 19.85 175.23 0.00
1131 52.86 73.08 79.34 213.34 0.00
1132 52.84 54.24 51.55 225.39 0.10
1133 52.79 89.89 49.23 157.13 1.41
1134 52.87 6.63 12.36 150.75 0.00
1135 52.98 22.93 24.42 199.32 0.00
1136 52.94 27.39 33.78 203.97 0.00
1137 53.02 39.30 42.38 218.83 0.00
1138 52.98 82.48 66.41 187.15 0.69
1139 53.04 85.98 64.18 172.18 1.19
1140 53.08 56.35 68.63 222.36 0.00
1141 53.07 60.46 63.89 224.53 1.07
1142 53.12 35.97 49.38 217.82 0.00
1143 53.10 58.41 78.91 229.76 1.13
1144 53.15 68.58 92.11 222.86 0.91
1145 53.30 18.76 21.68 175.77 0.00
1146 53.33 14.28 19.06 162.37 0.15
1147 53.33 10.87 16.17 159.87 0.00
1148 53.46 76.68 135.90 194.02 0.45
1149 53.41 50.33 76.76 223.39 1.17
1150 53.39 62.69 98.76 217.58 0.03
1151 53.52 79.32 111.21 187.05 0.00
1152 53.48 41.85 61.11 212.70 0.00
1153 53.51 30.05 52.83 208.02 0.00
1154 53.57 44.18 79.79 218.62 0.00
1155 53.62 8.33 17.14 153.01 0.00
1156 53.70 25.67 48.20 199.80 0.00
1157 53.75 46.44 108.24 219.84 0.00
1158 53.69 65.30 117.36 220.49 1.03
1159 53.69 88.10 98.06 157.96 1.17
1160 53.65 91.76 70.41 132.63 1.13
1161 53.74 20.97 31.04 183.48 0.00
1162 53.70 33.81 67.88 213.38 0.00
1163 53.69 52.51 91.13 218.54 0.00
1164 53.97 74.83 132.14 165.07 0.00
1165 53.81 4.97 5.67 109.30 0.00
1166 53.91 37.92 81.83 213.87 0.00
1167 53.89 54.93 135.35 224.34 0.00
1168 54.07 48.52 127.76 210.14 0.68
1169 54.01 72.21 143.57 195.34 0.28
1170 54.05 23.24 42.49 187.46 0.00
1171 54.08 81.49 146.44 160.86 0.95
1172 54.09 84.15 118.86 158.84 0.00
1173 54.05 16.41 31.40 167.57 0.00
1174 54.10 27.84 62.75 202.80 0.00
1175 54.18 31.98 105.35 204.21 0.00
1176 54.17 67.38 150.31 193.73 0.00
1177 54.28 12.37 23.62 161.04 0.00
1178 54.14 59.08 164.10 208.99 0.00
1179 54.19 69.85 157.09 201.38 0.48
1180 54.19 40.25 105.33 221.02 0.54
1181 54.32 57.04 146.72 219.73 0.89
1182 54.22 61.26 151.10 210.77 0.45
1183 54.29 35.69 110.27 211.09 0.00
1184 54.52 63.48 151.90 209.95 0.00
1185 54.57 9.80 31.46 147.56 0.00
1186 54.53 50.75 161.60 208.31 0.00
1187 54.63 18.73 50.94 160.06 0.00
1188 54.63 42.42 127.26 208.77 0.00
1189 54.66 44.84 160.54 199.36 0.72
1190 54.78 86.53 120.82 139.52 0.70
1191 54.65 29.82 112.06 202.31 0.00
1192 54.66 78.18 142.64 166.25 0.00
1193 54.88 6.22 26.48 126.72 0.00
1194 54.80 53.20 169.11 202.16 0.62
1195 54.74 89.68 104.92 139.51 1.04
1196 54.80 92.68 70.28 112.59 0.79
1197 54.86 14.23 44.83 152.75 0.00
1198 54.78 25.19 109.45 185.27 0.00
1199 54.88 20.90 75.63 173.51 0.00
1200 54.96 65.57 177.38 207.36 0.77
1201 55.10 34.21 148.88 192.00 0.00
1202 55.03 38.79 158.80 204.69 0.00
1203 55.07 47.06 170.27 193.20 0.27
1204 55.00 55.27 185.85 209.52 0.00
1205 55.07 74.27 149.24 173.76 0.00
1206 55.09 71.32 158.80 187.02 0.00
1207 55.16 80.97 142.19 149.78 0.02
1208 55.21 16.24 72.51 171.24 0.00
1209 55.35 36.79 155.77 183.29 0.00
1210 55.20 60.47 179.01 204.53 0.00
1211 55.26 68.64 161.54 186.07 0.16
1212 55.31 27.56 135.02 185.15 0.00
1213 55.39 58.47 184.69 197.23 0.55
1214 55.40 83.80 119.09 149.22 0.00
1215 55.40 23.11 113.00 170.05 0.00
1216 55.38 49.17 181.92 200.57 0.00
1217 55.51 76.73 152.75 149.51 0.00
1218 55.41 31.90 143.69 201.53 0.00
1219 55.55 40.80 189.49 195.12 0.00
1220 55.54 51.51 176.51 197.37 0.82
1221 55.58 62.43 174.39 190.98 0.00
1222 55.67 10.14 66.34 140.25 0.00
1223 55.67 12.58 69.46 149.46 0.00
1224 55.76 3.32 17.77 74.48 0.00
1225 55.82 29.75 145.60 195.92 0.00
1226 55.76 43.08 171.72 175.48 0.00
1227 55.93 45.26 172.43 166.08 0.00
1228 55.75 56.43 153.89 207.83 0.00
1229 55.85 66.85 140.52 204.83 0.26
1230 55.93 88.58 92.55 131.71 0.00
1231 55.96 91.51 71.41 112.21 0.00
1232 56.13 18.15 104.31 135.84 0.00
1233 56.01 25.55 141.79 170.22 0.00
1234 55.97 54.01 167.73 195.27 0.00
1235 55.96 64.36 149.28 180.84 0.00
1236 55.97 72.57 121.53 183.52 0.00
1237 56.07 79.26 117.47 146.83 0.00
1238 56.17 6.29 61.11 121.38 0.00
1239 56.08 20.58 113.49 151.84 0.00
1240 56.14 33.62 144.12 192.73 0.00
1241 56.19 38.97 168.20 173.14 0.00
1242 56.26 85.94 107.09 128.16 0.00
1243 56.21 70.30 98.12 184.96 0.00
1244 56.20 47.26 123.58 186.42 0.00
1245 56.29 14.98 102.64 151.50 0.00
1246 56.35 74.72 88.19 158.96 0.00
1247 56.29 81.92 113.93 149.09 0.00
1248 56.42 35.67 151.58 181.42 0.00
1249 56.38 59.96 157.61 188.59 0.00
1250 56.40 49.75 128.27 177.82 0.00
1251 56.45 27.81 135.87 174.68 0.00
1252 56.52 52.10 125.91 188.73 0.00
1253 56.56 22.86 131.89 162.16 0.00
1254 56.58 57.50 117.43 201.59 0.00
1255 56.66 41.52 138.36 162.61 0.00
1256 56.66 31.32 145.45 175.35 0.00
1257 56.73 68.10 69.50 174.06 0.00
1258 56.66 76.88 67.72 151.19 0.00
1259 56.66 62.18 129.87 193.75 0.00
1260 56.77 11.54 112.41 126.58 0.00
1261 56.81 55.20 102.92 188.99 0.00
1262 56.80 65.68 80.49 178.52 0.00
1263 56.88 43.72 86.87 177.53 0.00
1264 56.84 93.15 32.18 85.60 0.00
1265 56.98 37.43 123.31 175.58 0.00
1266 57.18 8.45 89.97 124.23 0.00
1267 57.14 24.66 102.86 166.23 0.00
1268 57.12 83.78 64.70 137.00 0.00
1269 57.13 72.75 53.43 161.20 0.00
1270 57.16 47.95 66.13 164.40 0.00
1271 57.14 89.85 50.25 111.07 0.36
1272 57.28 29.25 99.04 172.01 0.00
1273 57.18 33.40 91.01 163.93 0.00
1274 57.30 16.62 95.70 132.73 0.00
1275 57.30 39.72 85.97 160.99 0.00
1276 57.26 45.67 63.58 175.01 0.00
1277 57.27 20.91 101.06 148.00 0.00
1278 57.29 26.53 82.10 169.92 0.00
1279 57.41 58.79 76.46 184.06 0.00
1280 57.32 70.31 47.95 163.26 0.00
1281 57.37 81.07 46.30 137.41 0.00
1282 57.43 78.61 37.70 138.13 0.00
1283 57.46 13.89 105.25 126.56 0.00
1284 57.39 50.69 75.65 170.20 0.00
1285 57.37 53.24 68.17 180.65 0.00
1286 57.45 63.60 62.79 165.94 0.00
1287 57.49 87.36 46.43 122.77 0.00
1288 57.46 5.90 56.23 101.19 0.00
1289 57.47 18.75 70.82 143.21 0.00
1290 57.50 60.76 66.13 180.94 0.00
1291 57.60 35.62 63.25 155.82 0.00
1292 57.66 75.62 41.65 144.15 0.00
1293 57.66 56.23 60.61 173.90 0.00
1294 57.73 42.12 46.81 149.00 0.00
1295 57.83 94.38 6.61 55.88 0.00
1296 57.81 31.28 50.60 157.85 0.00
1297 57.83 65.84 31.87 150.68 0.00
1298 57.83 68.07 32.01 151.38 0.00
1299 57.96 10.95 87.05 125.58 0.00
1300 57.98 22.92 55.73 145.30 0.00
1301 58.00 38.06 41.52 161.24 0.00
1302 57.99 91.78 19.18 84.06 0.96
1303 58.05 49.05 34.24 147.77 0.00
1304 58.18 85.07 25.97 114.00 0.00
1305 58.13 27.58 57.97 154.57 0.00
1306 58.18 44.35 28.41 144.46 0.00
1307 58.24 73.74 25.46 143.88 0.00
1308 58.26 33.57 32.69 139.34 0.00
1309 58.29 46.54 27.03 137.43 0.00
1310 58.33 54.21 34.40 151.22 0.00
1311 58.31 61.88 34.74 154.81 0.00
1312 58.36 71.37 21.92 140.87 0.00
1313 58.39 52.10 31.00 146.38 0.00
1314 58.42 15.45 45.48 120.15 0.00
1315 58.47 25.04 35.83 139.84 0.00
1316 58.35 8.56 52.62 107.69 0.00
1317 58.45 20.42 37.87 124.28 0.00
1318 58.44 57.87 33.41 150.95 0.00
1319 58.58 82.64 17.95 106.33 0.00
1320 58.51 40.06 28.27 131.16 0.00
1321 58.58 79.98 21.07 115.08 0.00
1322 58.62 64.06 25.92 142.13 0.00
1323 58.72 89.79 15.17 88.08 0.00
1324 58.65 77.44 20.65 113.68 0.00
1325 58.58 5.89 20.29 84.38 0.00
1326 58.70 12.80 48.18 112.02 0.00
1327 58.67 29.50 30.41 139.44 0.00
1328 58.59 17.93 32.66 105.05 0.00
1329 58.70 59.87 27.45 144.48 0.00
1330 58.75 35.51 22.87 123.51 0.00
1331 58.73 68.88 18.37 133.71 0.00
1332 58.81 42.32 26.57 114.60 0.00
1333 58.89 56.09 25.37 136.47 0.00
1334 58.95 87.33 16.72 96.19 0.00
1335 58.91 66.31 16.99 126.60 0.00
1336 58.98 31.62 21.35 118.15 0.00
1337 59.02 50.21 15.14 110.45 0.00
1338 59.01 37.65 22.17 120.84 0.00
1339 59.06 47.93 19.16 105.32 0.00
1340 59.20 75.41 23.93 120.27 0.00
1341 59.26 93.13 0.00 51.32 0.00
1342 59.24 22.72 18.51 104.41 0.00
1343 59.19 26.88 26.25 118.40 0.00
1344 59.36 44.38 21.21 97.08 0.00
1345 59.41 72.85 14.65 107.49 0.00
1346 59.40 10.19 24.33 101.51 0.00
1347 59.39 62.71 19.00 117.18 0.00
1348 59.49 33.54 21.74 97.38 0.00
1349 59.50 54.20 20.05 111.27 0.00
1350 59.46 70.50 13.62 110.77 0.00
1351 59.45 7.67 18.49 82.85 0.00
1352 59.55 20.37 16.55 95.33 0.00
1353 59.58 51.96 20.87 104.85 0.00
1354 59.57 84.78 9.42 82.40 0.00
1355 59.61 15.22 16.00 88.38 0.00
1356 59.54 40.11 22.71 101.83 0.00
1357 59.67 58.11 17.64 97.71 0.00
1358 59.69 17.78 14.52 90.60 0.00
1359 59.82 46.42 21.99 84.50 0.00
1360 59.74 29.52 19.18 99.57 0.00
1361 59.69 60.22 14.13 102.53 0.00
1362 59.75 81.34 9.56 84.08 0.00
1363 59.95 5.43 3.38 65.80 0.00
1364 59.81 24.84 16.29 94.57 0.00
1365 59.86 68.21 11.93 95.17 0.00
1366 59.82 78.28 14.72 95.54 0.00
1367 59.98 12.76 16.49 81.95 0.00
1368 59.98 35.57 28.11 80.81 0.00
1369 59.91 65.83 15.05 98.65 0.00
1370 59.99 42.37 41.47 75.46 0.00
1371 60.12 91.02 3.78 62.34 0.00
1372 60.07 37.71 31.17 80.69 0.00
1373 60.02 49.01 28.36 78.13 0.00
1374 60.10 56.04 17.65 79.34 0.00
1375 60.21 74.50 17.10 93.03 0.00
1376 60.27 88.33 5.76 68.50 0.00
1377 60.22 27.33 22.88 81.01 0.00
1378 60.27 31.69 26.01 73.29 0.00
1379 60.45 64.08 20.52 81.42 0.00
1380 60.49 22.88 16.17 74.52 0.00
1381 60.36 61.77 18.67 75.39 0.00
1382 60.52 53.08 37.15 66.45 0.00
1383 60.49 71.06 11.24 84.96 0.00
1384 60.52 39.62 50.96 60.73 0.00
1385 60.58 44.90 60.36 61.87 0.00
1386 60.59 9.31 8.49 68.16 0.00
1387 60.63 19.85 12.19 64.15 0.00
1388 60.71 50.77 43.35 63.33 0.00
1389 60.73 76.94 18.45 75.14 0.00
1390 60.84 86.15 6.74 58.88 0.00
1391 60.77 33.92 61.31 50.66 0.00
1392 60.75 83.30 7.51 63.65 0.00
1393 60.71 58.97 32.53 70.79 0.00
1394 60.92 14.44 11.93 48.29 0.00
1395 60.77 17.13 13.46 61.44 0.00
1396 60.92 29.87 40.50 52.49 0.00
1397 60.89 47.75 60.39 58.47 0.00
1398 60.92 25.32 25.40 58.13 0.00
1399 60.94 68.77 12.96 73.39 0.00
1400 61.02 66.48 30.07 72.25 0.00
1401 61.08 72.94 23.19 76.30 0.00
1402 60.94 80.02 14.35 66.09 0.00
1403 61.02 41.56 107.87 42.66 0.00
1404 61.19 57.07 58.24 50.01 0.00
1405 61.24 36.45 104.17 39.16 0.00
1406 61.18 54.95 63.42 54.81 0.00
1407 61.32 27.96 43.26 46.43 0.00
1408 61.41 60.82 58.50 53.95 0.00
1409 61.48 21.61 29.66 42.25 0.00
1410 61.52 43.46 134.87 29.87 0.00
1411 61.57 5.84 0.00 38.96 0.00
1412 61.41 7.06 0.97 44.73 0.00
1413 61.42 63.10 70.30 50.21 0.00
1414 61.46 38.63 88.74 32.12 0.00
1415 61.55 90.85 5.49 45.43 0.04
1416 61.59 11.85 14.95 48.07 0.00
1417 61.63 75.15 53.34 49.98 0.00
1418 61.64 31.80 86.81 37.49 0.00
1419 61.73 45.58 126.28 25.69 0.00
1420 61.74 50.19 102.75 40.80 0.00
1421 61.79 70.77 33.57 51.74 0.00
1422 61.71 9.06 10.86 44.89 0.00
1423 61.72 52.49 117.62 33.66 0.00
1424 61.83 88.35 14.19 46.27 0.00
1425 61.93 24.18 61.28 39.58 0.00
1426 61.87 65.16 84.47 45.63 0.00
1427 61.92 16.60 22.19 25.69 26.25
1428 61.80 19.17 36.44 29.11 0.00
1429 61.94 77.85 52.29 43.49 0.00
1430 61.93 82.99 21.28 46.41 0.00
1431 61.91 34.35 137.46 33.65 0.00
1432 61.97 47.69 126.07 28.00 0.20
1433 61.93 58.96 84.25 41.32 0.00
1434 62.07 26.62 61.01 36.00 0.00
1435 62.05 68.33 45.17 47.31 0.00
1436 62.12 41.23 151.79 28.19 0.83
1437 62.15 80.47 34.00 43.88 0.00
1438 62.13 85.68 18.97 48.08 0.00
1439 62.29 29.40 91.27 28.52 0.00
1440 62.27 54.77 138.07 32.03 0.30
1441 62.58 14.15 47.18 30.21 0.00
1442 62.56 37.00 132.99 23.69 2.37
1443 62.49 57.01 116.26 29.86 1.16
1444 62.45 62.53 132.22 35.73 0.00
1445 62.52 73.09 91.49 38.11 0.00
1446 62.55 39.15 140.96 24.28 2.95
1447 62.76 66.60 128.97 28.29 0.00
1448 62.82 22.28 63.98 20.24 22.88
1449 62.72 49.16 149.68 24.23 2.25
1450 62.76 60.34 127.77 30.08 0.02
1451 62.87 5.44 1.75 25.70 0.00
1452 62.79 8.57 18.01 31.00 0.00
1453 62.74 32.53 141.37 19.53 0.18
1454 62.82 43.40 140.78 22.41 4.58
1455 62.77 52.63 173.56 34.74 1.62
1456 62.89 11.56 37.06 25.84 0.00
1457 62.83 75.86 86.46 34.30 0.00
1458 62.87 45.41 152.89 20.72 3.19
1459 63.01 91.00 26.55 27.56 0.00
1460 63.07 34.97 139.07 15.11 4.99
1461 63.12 27.25 115.72 22.71 0.00
1462 63.14 64.58 146.30 27.32 2.10
1463 63.14 70.81 111.51 34.95 0.00
1464 63.19 16.78 73.50 25.67 0.00
1465 63.14 19.37 81.98 22.48 0.22
1466 63.20 24.68 106.37 22.54 1.15
1467 63.25 50.92 153.57 17.52 5.89
1468 63.28 30.36 131.05 14.40 3.74
1469 63.16 68.61 116.97 30.24 0.00
1470 63.22 78.62 82.54 27.70 0.00
1471 63.22 87.47 39.34 36.71 0.00
1472 63.23 41.16 145.57 18.96 8.17
1473 63.31 84.83 57.22 31.55 0.00
1474 63.33 47.20 140.09 12.79 4.87
1475 63.42 58.58 159.43 19.78 2.28
1476 63.32 82.01 66.94 32.01 0.00
1477 63.42 54.50 172.25 17.41 1.82
1478 63.33 89.10 35.82 22.14 0.69
1479 63.58 62.55 158.61 22.55 2.45
1480 63.64 56.51 166.99 22.26 5.32
1481 63.67 39.09 123.49 17.44 9.87
1482 63.77 72.98 133.98 23.95 0.72
1483 63.84 36.58 102.59 15.41 10.64
1484 63.98 10.10 49.14 19.95 0.16
1485 63.83 32.66 108.84 11.21 8.10
1486 64.05 6.33 17.57 17.35 0.00
1487 63.98 13.36 63.98 19.84 0.62
1488 63.91 60.59 173.51 17.73 2.82
1489 63.97 75.54 113.92 24.42 1.53
1490 64.07 28.28 115.96 12.89 6.17
1491 64.01 42.50 97.02 7.93 13.26
1492 64.09 49.10 111.38 13.68 15.97
1493 64.08 21.39 110.61 16.39 2.93
1494 64.16 44.71 77.95 12.80 14.55
1495 64.12 52.81 147.54 15.69 9.85
1496 64.03 66.71 117.43 22.26 1.49
1497 64.15 18.49 108.05 16.24 1.72
1498 64.37 26.10 117.27 12.65 3.89
1499 64.19 69.46 127.75 25.30 1.56
1500 64.37 15.84 87.84 16.65 2.86
1501 64.34 23.74 102.95 12.74 4.34
1502 64.38 78.07 116.74 22.51 0.93
1503 64.39 86.80 62.38 28.77 0.74
1504 64.33 64.00 131.62 16.28 3.13
1505 64.46 80.72 96.91 22.00 0.89
1506 64.44 34.57 84.40 10.23 16.43
1507 64.32 46.86 89.85 11.78 16.48
1508 64.51 30.36 95.83 9.92 15.30
1509 64.58 51.03 121.98 14.50 17.76
1510 64.58 83.49 81.79 24.12 0.53
1511 64.71 89.82 50.71 20.34 0.00
1512 64.66 37.93 65.76 5.92 19.65
1513 64.62 54.99 153.90 13.52 14.06
1514 64.62 57.34 146.90 15.22 11.44
1515 64.69 40.48 79.34 10.21 24.74
1516 64.80 71.41 123.59 20.20 3.14
1517 64.82 59.49 162.38 15.65 10.39
1518 64.98 61.81 128.19 15.26 11.73
1519 64.90 73.76 120.54 18.63 5.29
1520 65.10 11.65 50.92 14.76 4.80
1521 65.01 32.57 60.46 5.96 25.33
1522 65.12 20.03 77.89 10.82 9.10
1523 65.05 65.62 101.55 15.24 7.23
1524 65.10 68.10 97.46 16.77 8.25
1525 65.07 42.67 51.22 9.88 33.08
1526 65.11 7.65 26.77 14.84 0.33
1527 65.26 28.26 84.16 9.37 19.52
1528 65.22 49.07 71.55 10.49 34.51
1529 65.23 53.03 107.05 10.34 21.66
1530 65.27 35.82 57.62 7.43 34.30
1531 65.32 76.50 103.41 14.77 7.18
1532 65.37 22.53 82.95 8.26 13.02
1533 65.25 46.62 57.69 10.57 37.95
1534 65.60 14.52 57.85 11.00 7.75
1535 65.51 17.34 72.99 10.45 9.79
1536 65.43 44.41 36.15 8.94 48.13
1537 65.51 25.29 70.19 7.68 16.91
1538 65.54 85.57 88.84 19.84 3.21
1539 65.59 79.41 91.45 17.91 5.30
1540 65.58 38.89 37.44 8.71 44.00
1541 65.65 55.91 88.59 9.28 27.25
1542 65.58 63.58 75.29 11.66 13.07
1543 65.76 82.13 98.52 18.31 5.93
1544 65.67 58.18 98.55 13.46 20.79
1545 65.70 30.61 52.79 8.61 42.10
1546 65.74 50.97 72.53 8.16 35.33
1547 65.80 70.12 90.18 14.35 8.85
1548 65.89 88.31 58.62 15.64 2.83
1549 65.80 40.95 28.83 7.28 58.51
1550 65.92 60.39 81.12 9.61 20.20
1551 66.08 9.80 34.06 13.56 9.22
1552 66.01 74.56 86.08 11.84 10.74
1553 66.27 7.19 14.06 11.95 1.99
1554 66.09 32.49 35.10 5.43 51.60
1555 66.07 66.31 67.59 10.20 14.62
1556 66.13 36.77 28.81 6.07 66.38
1557 66.15 54.01 63.66 6.71 40.60
1558 66.25 72.38 72.88 12.19 13.70
1559 66.28 34.61 29.38 5.59 63.41
1560 66.14 47.69 39.59 6.23 64.91
1561 66.22 27.06 41.83 7.41 42.85
1562 66.21 19.37 38.24 7.03 23.51
1563 66.26 45.56 28.45 7.57 67.05
1564 66.43 43.04 18.81 6.91 76.33
1565 66.36 23.63 40.89 4.82 32.54
1566 66.47 12.33 30.31 10.11 15.63
1567 66.46 29.17 28.01 6.87 61.38
1568 66.57 62.27 55.91 8.19 28.00
1569 66.58 77.50 92.10 13.22 17.78
1570 66.37 83.47 92.22 15.95 6.42
1571 66.67 21.34 24.82 6.06 35.03
1572 66.53 49.49 29.65 11.15 76.55
1573 66.58 52.04 39.94 9.02 61.45
1574 66.62 64.45 48.44 10.14 30.67
1575 66.59 68.34 50.98 10.21 22.82
1576 66.66 38.65 25.46 4.49 73.17
1577 66.57 57.79 45.98 10.17 42.65
1578 66.73 84.99 79.07 14.13 9.19
1579 66.80 16.76 32.02 7.01 22.73
1580 66.84 80.29 84.12 12.71 14.93
1581 66.73 55.75 42.22 9.79 64.69
1582 66.97 25.28 25.33 5.33 54.60
1583 66.92 40.85 24.29 3.91 80.46
1584 67.08 14.31 28.81 7.56 25.71
1585 66.92 60.26 43.72 10.09 43.03
1586 67.07 87.45 43.81 13.01 7.69
1587 67.07 70.52 38.40 8.02 28.56
1588 67.12 33.08 34.26 5.79 86.04
1589 67.14 75.08 54.16 9.38 22.69
1590 67.29 30.54 30.60 4.83 85.28
1591 67.18 9.31 14.48 9.87 15.30
1592 67.23 45.16 28.74 6.44 97.21
1593 67.29 47.51 25.61 4.32 91.22
1594 67.27 53.92 30.61 7.20 79.52
1595 67.24 66.45 35.97 8.94 39.64
1596 67.30 19.00 22.46 6.57 47.96
1597 67.36 27.64 22.76 3.92 71.97
1598 67.30 36.30 36.52 3.09 86.77
1599 67.38 50.25 36.20 8.00 95.92
1600 67.51 72.68 38.45 9.17 38.93
1601 67.45 22.97 26.97 5.87 57.12
1602 67.50 82.71 67.54 10.77 19.61
1603 67.56 58.03 33.84 5.98 66.11
1604 67.58 42.52 43.32 6.77 109.73
1605 67.56 63.84 31.19 10.25 54.79
1606 67.75 56.01 26.86 6.18 86.29
1607 67.76 11.83 14.66 7.43 29.14
1608 67.79 38.52 56.65 3.53 96.88
1609 67.77 52.21 31.40 5.11 95.29
1610 67.72 68.47 25.96 10.20 51.51
1611 67.77 77.45 45.44 9.84 38.24
1612 67.87 59.97 25.88 7.21 67.02
1613 68.07 62.05 31.17 7.49 71.34
1614 67.99 85.89 35.47 11.70 21.08
1615 68.11 34.84 90.80 3.26 100.88
1616 68.10 14.86 22.82 7.25 42.03
1617 68.17 25.72 38.77 5.79 84.43
1618 68.09 80.09 39.44 8.86 34.69
1619 68.17 17.49 25.89 6.36 53.38
1620 68.23 20.59 33.79 6.13 65.67
1621 68.24 32.42 85.56 2.46 93.79
1622 68.15 44.61 73.96 4.74 114.78
1623 68.23 70.63 24.24 7.95 67.39
1624 68.28 40.47 101.00 3.22 107.81
1625 68.26 66.08 22.99 5.81 62.86
1626 68.27 48.89 68.55 4.01 115.20
1627 68.24 74.67 29.05 10.23 61.52
1628 68.33 9.04 6.55 8.36 22.44
1629 68.43 28.22 47.21 2.51 93.63
1630 68.46 88.18 20.43 10.07 12.38
1631 68.55 46.96 88.26 4.66 113.70
1632 68.50 54.42 54.93 6.26 113.39
1633 68.54 23.26 43.64 5.24 85.62
1634 68.62 36.94 116.73 3.51 112.72
1635 68.62 30.32 73.01 3.84 98.78
1636 68.65 82.84 25.39 9.45 37.28
1637 68.75 58.23 56.30 5.53 104.94
1638 68.73 64.01 29.42 5.13 75.41
1639 68.87 42.74 117.71 3.16 114.96
1640 68.80 50.67 94.94 4.17 110.05
1641 68.79 68.26 16.29 4.90 71.36
1642 68.95 52.50 83.37 3.47 108.54
1643 69.03 72.49 17.21 6.09 71.20
1644 68.87 77.65 14.72 7.94 57.69
1645 69.14 11.01 27.96 6.98 38.14
1646 68.96 56.22 63.25 8.03 113.93
1647 68.95 60.38 63.40 6.31 94.06
1648 69.24 13.70 46.43 5.57 54.96
1649 69.32 16.37 57.32 5.96 65.19
1650 69.26 34.14 128.32 2.49 109.01
1651 69.21 44.88 116.78 4.43 129.94
1652 69.24 80.53 13.67 8.07 53.71
1653 69.34 18.95 56.28 4.16 74.51
1654 69.35 38.60 149.38 2.52 108.98
1655 69.25 85.54 9.85 8.92 34.95
1656 69.35 24.95 77.47 3.33 85.40
1657 69.43 40.83 146.38 2.28 118.20
1658 69.40 75.04 20.94 6.04 79.00
1659 69.50 21.69 70.75 3.07 77.47
1660 69.48 62.10 69.86 6.31 97.73
1661 69.46 66.27 29.56 8.57 92.02
1662 69.67 27.28 101.78 1.57 98.69
1663 69.56 69.84 19.40 6.49 87.85
1664 69.64 7.82 10.08 6.17 12.32
1665 69.62 31.73 116.11 3.42 108.37
1666 69.56 49.04 138.26 4.26 127.18
1667 69.85 29.41 123.40 3.86 99.82
1668 69.86 36.28 140.96 1.39 110.71
1669 69.81 46.61 142.79 3.12 118.34
1670 69.88 83.07 7.90 7.17 56.05
1671 69.93 55.21 113.32 5.64 115.87
1672 69.94 53.14 123.72 3.86 126.93
1673 70.01 57.48 113.75 5.22 121.33
1674 69.94 59.69 126.28 6.58 110.58
1675 69.96 64.02 80.66 5.33 90.61
1676 70.13 78.63 15.10 5.91 74.91
1677 70.24 51.00 144.21 4.36 121.49
1678 70.23 71.85 31.11 7.66 99.06
1679 70.25 43.82 136.69 2.74 129.51
1680 70.32 68.03 40.18 4.14 93.57
1681 70.44 11.53 49.05 6.35 56.92
1682 70.44 23.58 102.23 3.54 92.82
1683 70.49 76.43 39.88 6.44 82.91
1684 70.39 14.75 70.93 5.58 71.81
1685 70.40 33.46 118.75 1.76 119.38
1686 70.45 39.55 137.34 4.29 128.07
1687 70.46 41.88 139.49 2.85 127.92
1688 70.50 85.67 5.51 7.07 42.06
1689 70.55 20.26 86.88 2.80 75.42
1690 70.63 74.11 46.14 5.76 95.81
1691 70.60 48.06 149.56 1.48 124.88
1692 70.72 81.04 13.59 6.41 74.10
1693 70.81 17.49 78.54 4.60 77.66
1694 70.75 26.10 111.57 1.74 92.75
1695 70.75 61.57 120.52 5.79 111.56
1696 70.76 65.87 88.54 5.64 103.17
1697 70.76 7.30 8.65 5.42 5.28
1698 70.89 37.48 123.87 3.06 133.66
1699 70.80 30.75 126.14 1.20 107.09
1700 71.04 70.18 54.39 4.00 99.23
1701 71.01 35.19 115.06 0.21 118.73
1702 70.96 45.59 131.36 1.84 122.38
1703 70.91 53.93 122.56 4.29 138.14
1704 70.99 56.37 134.01 3.86 129.86
1705 70.95 59.32 143.64 5.62 130.04
1706 71.02 9.22 25.12 5.68 18.91
1707 71.14 28.25 107.53 1.72 103.78
1708 71.11 63.69 120.46 6.43 104.05
1709 71.23 49.84 141.01 3.06 140.20
1710 71.35 83.68 10.72 6.76 70.18
1711 71.52 21.87 84.76 3.00 98.06
1712 71.53 51.70 126.30 3.14 142.50
1713 71.53 78.88 62.04 6.33 91.94
1714 71.54 32.32 91.72 1.55 115.08
1715 71.48 41.34 90.97 4.47 150.66
1716 71.53 14.94 75.73 4.92 73.65
1717 71.51 67.94 85.18 3.34 108.83
1718 71.62 72.70 89.49 4.68 105.65
1719 71.69 11.96 58.16 5.46 59.69
1720 71.59 24.42 76.99 0.95 102.48
1721 71.60 39.17 86.49 0.88 130.73
1722 71.73 43.55 99.35 2.49 130.19
1723 71.76 19.37 78.17 4.50 91.73
1724 71.75 47.82 101.57 3.06 141.09
1725 71.78 58.15 136.94 4.06 144.60
1726 71.74 75.98 79.26 6.44 110.71
1727 71.85 53.69 101.69 3.22 144.53
1728 71.90 30.05 81.70 0.83 118.02
1729 72.08 60.34 132.05 3.99 136.45
1730 72.05 81.44 31.96 6.24 85.28
1731 72.13 86.09 11.33 5.02 51.58
1732 72.01 45.77 92.49 4.00 143.16
1733 72.05 62.43 126.58 2.97 122.66
1734 72.06 65.00 118.40 3.22 109.36
1735 72.25 9.17 12.82 4.53 16.87
1736 72.04 36.54 60.31 0.99 127.63
1737 72.10 56.15 96.35 3.73 142.13
1738 72.10 34.03 69.64 0.00 117.41
1739 72.33 16.91 64.31 3.47 86.13
1740 72.28 27.10 57.67 1.73 103.04
1741 72.39 70.07 101.19 6.32 121.52
1742 72.46 49.65 69.20 2.86 138.67
1743 72.56 41.82 47.10 2.60 129.57
1744 72.55 67.21 106.77 3.52 117.36
1745 72.61 22.15 47.47 1.51 98.14
1746 72.62 39.14 42.44 1.19 123.05
1747 72.71 13.67 43.30 4.55 67.70
1748 72.71 24.76 48.92 1.76 101.60
1749 72.79 52.02 65.92 2.43 142.43
1750 72.72 78.17 91.32 6.97 103.88
1751 72.79 72.81 131.85 3.74 107.79
1752 72.77 54.50 71.04 2.72 149.48
1753 72.90 75.38 121.25 4.62 111.64
1754 72.93 31.78 37.21 0.00 108.48
1755 72.91 29.35 36.37 0.00 109.03
1756 72.86 58.29 79.35 2.01 143.14
1757 73.06 83.90 32.73 4.63 69.84
1758 73.00 19.17 46.76 3.25 96.24
1759 72.96 44.27 41.40 2.27 133.12
1760 72.91 47.17 53.74 4.14 129.45
1761 73.15 36.75 26.30 0.16 118.38
1762 73.09 62.96 95.83 1.77 119.22
1763 73.16 34.48 32.34 0.50 116.23
1764 73.25 60.58 81.87 4.58 128.91
1765 73.29 80.79 66.34 5.43 92.01
1766 73.29 65.36 77.59 3.11 122.87
1767 73.34 7.77 0.00 3.62 1.80
1768 73.41 10.58 8.29 3.72 21.48
1769 73.40 56.24 55.75 1.87 144.15
1770 73.46 69.08 101.57 3.74 112.57
1771 73.58 26.10 24.23 0.52 92.32
1772 73.47 40.59 25.84 0.12 117.99
1773 73.55 16.12 33.82 3.59 73.25
1774 73.51 50.21 30.81 1.74 128.07
1775 73.67 22.92 21.14 1.99 87.72
1776 73.78 71.73 109.24 3.28 112.81
1777 73.72 53.67 41.92 1.95 133.29
1778 73.90 38.43 18.35 1.10 105.50
1779 73.97 43.01 18.48 1.66 111.48
1780 73.96 48.13 27.27 1.55 120.97
1781 73.93 13.49 14.78 3.73 50.35
1782 73.92 20.29 23.07 2.09 83.20
1783 73.97 28.33 11.67 0.24 95.82
1784 73.91 45.66 23.82 1.73 118.43
1785 73.85 77.34 105.48 5.92 106.19
1786 73.97 58.39 42.88 1.93 123.82
1787 74.01 32.95 14.38 1.17 98.59
1788 74.08 74.40 95.69 5.49 112.77
1789 74.22 30.70 7.61 0.78 94.26
1790 74.14 67.23 71.51 3.35 118.67
1791 74.33 83.03 73.65 5.96 76.03
1792 74.23 62.71 50.63 2.69 124.76
1793 74.29 51.66 19.08 2.73 120.65
1794 74.29 35.74 14.36 0.00 101.89
1795 74.42 17.78 16.73 2.79 69.10
1796 74.34 60.59 41.54 1.87 125.29
1797 74.41 64.81 51.20 2.83 114.28
1798 74.29 85.36 43.40 4.93 47.66
1799 74.36 9.57 0.00 3.15 5.38
1800 74.44 56.18 25.40 0.00 118.00
1801 74.52 79.81 81.81 5.06 96.07
1802 74.52 40.89 9.48 0.15 102.00
1803 74.70 24.27 12.58 0.49 80.09
1804 74.68 70.72 78.21 4.23 127.59
1805 74.79 11.72 0.00 3.29 20.27
1806 74.86 21.73 8.75 2.43 80.49
1807 74.76 53.94 17.07 3.89 116.78
1808 74.96 26.64 8.55 1.21 81.16
1809 74.87 49.70 17.88 2.77 102.99
1810 74.95 14.83 3.38 2.98 45.52
1811 75.03 33.72 13.58 0.00 79.11
1812 75.02 44.55 20.70 2.27 98.51
1813 74.95 46.97 15.77 1.28 107.61
1814 74.91 76.65 84.95 3.71 113.23
1815 74.97 38.00 10.70 0.71 94.49
1816 75.12 68.65 50.06 4.18 113.47
1817 75.10 58.99 21.44 2.28 113.69
1818 75.18 73.42 62.98 5.81 124.52
1819 75.31 29.09 8.00 0.00 75.85
1820 75.48 31.44 10.75 0.00 71.54
1821 75.49 42.29 20.41 0.63 84.98
1822 75.35 66.19 32.43 2.82 112.76
1823 75.46 19.50 8.52 1.18 64.24
1824 75.44 63.36 28.86 2.14 112.53
1825 75.45 52.09 13.71 0.24 101.55
1826 75.43 56.75 13.06 2.01 100.87
1827 75.50 36.08 20.82 0.00 71.43
1828 75.61 61.09 15.68 2.46 116.47
1829 75.53 81.77 81.96 5.15 91.11
1830 75.53 39.94 21.69 1.61 85.08
1831 75.65 84.59 56.27 3.22 54.02
1832 75.68 17.11 3.76 1.94 54.27
1833 75.84 54.40 13.51 0.71 98.86
1834 75.90 48.43 28.56 0.75 77.35
1835 75.82 78.85 62.24 4.85 97.10
1836 75.84 70.90 40.74 2.52 111.50
1837 76.07 11.94 0.00 2.04 14.52
1838 76.02 24.43 14.36 0.51 63.85
1839 75.96 75.95 54.38 3.97 105.62
1840 76.04 21.81 12.59 0.48 60.28
1841 76.04 46.31 38.95 1.32 79.00
1842 76.10 50.43 27.55 3.42 76.26
1843 76.36 14.60 1.36 2.68 37.33
1844 76.27 26.95 13.78 0.49 57.25
1845 76.22 44.25 48.69 3.63 81.15
1846 76.24 33.59 38.88 1.36 57.91
1847 76.28 58.76 8.12 0.86 91.76
1848 76.27 68.23 23.63 1.94 103.80
1849 76.32 38.19 46.72 0.00 63.19
1850 76.43 65.45 13.65 1.55 100.20
1851 76.55 72.92 36.66 4.00 102.09
1852 76.60 29.40 37.95 0.00 53.29
1853 76.57 56.45 16.45 2.17 84.70
1854 76.58 62.79 8.35 1.02 90.55
1855 76.68 52.31 30.93 3.40 81.16
1856 76.76 36.03 75.32 1.82 46.69
1857 76.70 40.47 70.52 1.38 56.50
1858 76.71 81.85 58.26 4.50 75.28
1859 76.89 31.55 49.48 0.00 46.72
1860 76.88 42.74 76.39 0.20 51.82
1861 76.82 19.40 13.57 2.18 47.88
1862 77.00 16.63 11.66 2.67 40.47
1863 77.08 60.38 11.12 3.14 86.63
1864 77.08 54.30 36.34 2.09 81.30
1865 77.01 75.23 37.08 4.63 108.46
1866 77.07 78.86 48.73 3.55 87.47
1867 77.08 70.51 20.85 1.86 107.44
1868 77.18 22.50 35.55 0.66 45.92
1869 77.27 47.31 88.01 2.11 55.78
1870 77.12 49.45 69.07 3.04 57.04
1871 77.37 25.08 47.26 0.48 39.64
1872 77.52 45.38 92.47 1.01 50.43
1873 77.38 67.73 9.78 1.70 89.78
1874 77.54 33.82 76.94 0.00 38.91
1875 77.56 27.51 61.50 0.00 35.16
1876 77.60 38.68 104.81 1.61 40.26
1877 77.53 58.29 25.35 3.16 72.67
1878 77.54 64.79 6.55 1.23 84.07
1879 77.88 41.07 118.14 0.53 39.47
1880 77.72 51.28 91.39 1.25 53.16
1881 77.74 62.33 5.90 2.71 75.72
1882 77.83 56.10 55.11 0.99 69.93
1883 77.90 76.99 18.91 4.35 90.05
1884 78.06 29.74 77.65 0.43 31.94
1885 77.95 36.15 105.67 0.96 32.22
1886 78.06 20.71 42.78 1.40 30.20
1887 78.02 43.44 129.66 2.07 38.91
1888 78.05 74.22 15.59 2.11 91.82
1889 78.13 81.18 38.32 4.07 73.96
1890 78.17 15.26 21.43 1.70 18.90
1891 78.04 18.05 34.77 1.72 25.96
1892 78.22 71.84 9.95 1.54 95.26
1893 78.16 53.70 97.17 0.56 50.70
1894 78.33 31.98 102.38 0.47 31.65
1895 78.36 49.26 127.63 1.39 38.02
1896 78.36 69.40 10.25 1.26 90.86
1897 78.52 23.06 71.14 0.35 21.62
1898 78.46 60.21 42.90 1.75 52.76
1899 78.46 66.72 6.56 1.94 79.02
1900 78.66 47.30 133.90 3.04 34.65
1901 78.76 78.77 17.74 2.96 80.29
1902 78.81 25.42 89.46 1.13 21.58
1903 78.69 64.42 12.98 1.95 73.19
1904 78.75 51.97 133.05 1.94 39.79
1905 78.77 37.86 122.87 0.94 27.74
1906 78.70 58.00 78.18 1.18 47.84
1907 78.82 34.21 102.52 1.09 26.27
1908 78.99 27.54 99.96 0.92 21.65
1909 78.91 45.20 146.78 2.25 33.14
1910 78.96 62.33 28.97 1.16 60.27
1911 78.99 55.28 107.85 2.39 41.54
1912 79.06 40.18 132.58 1.65 27.08
1913 79.11 19.09 65.38 3.14 21.17
1914 79.05 42.60 143.32 1.36 28.24
1915 79.16 76.19 9.19 2.08 87.35
1916 79.70 16.51 47.02 1.47 10.12
1917 79.34 73.74 11.59 3.34 93.19
1918 79.43 29.66 103.68 0.00 18.24
1919 79.48 50.13 152.77 0.95 27.38
1920 79.44 68.28 9.73 1.16 70.08
1921 79.64 35.83 136.81 2.62 19.32
1922 79.67 21.06 75.06 0.97 17.12
1923 79.62 71.14 8.72 2.96 81.38
1924 79.68 32.24 116.80 0.82 19.33
1925 79.69 80.72 13.81 1.71 55.81
1926 79.68 53.09 145.21 1.94 31.14
1927 79.79 59.54 98.93 1.61 33.96
1928 79.72 65.99 33.92 2.37 61.34
1929 79.80 57.30 122.32 2.54 36.00
1930 79.98 23.63 99.60 1.25 18.61
1931 79.91 47.04 144.32 1.24 25.71
1932 79.98 61.77 73.95 1.61 41.25
1933 80.08 37.81 127.83 0.40 18.08
1934 80.03 44.64 148.07 2.66 22.73
1935 80.16 64.13 51.14 1.85 44.58
1936 80.22 78.43 5.89 3.71 73.94
1937 80.11 41.88 142.94 1.32 21.91
1938 80.17 55.23 145.15 1.30 29.73
1939 80.32 25.72 96.88 0.79 15.52
1940 80.31 39.70 142.27 1.97 17.48
1941 80.41 34.09 123.43 0.49 17.84
1942 80.44 49.07 157.18 1.86 20.97
1943 80.54 76.05 6.82 3.43 78.86
1944 80.69 27.88 105.59 3.24 16.50
1945 80.51 30.34 101.52 1.22 18.47
1946 80.49 69.41 19.88 2.92 65.45
1947 80.54 18.84 56.71 1.63 10.10
1948 80.63 51.62 159.23 3.18 24.82
1949 80.65 73.69 12.32 2.61 79.04
1950 80.73 67.18 49.54 1.76 42.35
1951 80.93 21.49 77.11 1.59 12.69
1952 80.95 53.67 152.56 0.00 20.18
1953 80.97 56.86 140.95 1.73 23.73
1954 80.98 61.00 123.28 2.12 29.45
1955 81.02 43.36 138.99 1.27 19.05
1956 81.15 71.52 15.80 2.62 65.93
1957 81.13 63.35 111.09 3.25 29.11
1958 81.22 32.19 93.32 1.43 12.30
1959 81.18 47.35 138.39 0.92 19.15
1960 81.23 58.81 127.36 0.74 24.22
1961 81.19 36.23 115.80 1.50 15.08
1962 81.37 45.34 129.57 0.94 15.99
1963 81.33 40.73 130.02 1.42 14.60
1964 81.50 23.78 89.60 0.58 11.35
1965 81.50 38.43 109.95 0.53 13.96
1966 81.44 50.45 152.07 4.42 19.51
1967 81.74 65.34 94.94 0.74 27.48
1968 81.34 67.20 61.27 0.00 45.89
1969 81.61 78.09 5.97 1.48 54.12
1970 81.70 18.77 50.52 1.42 7.50
1971 81.67 29.53 89.59 1.81 14.07
1972 81.91 26.31 80.27 0.49 10.15
1973 81.78 34.07 94.01 0.00 11.55
1974 81.63 68.64 62.86 3.64 42.98
1975 81.96 75.65 11.43 1.78 63.21
1976 81.88 55.42 139.84 1.10 18.69
1977 82.01 73.32 23.70 1.88 54.17
1978 82.10 48.76 122.30 1.93 16.22
1979 82.08 42.53 112.72 0.00 13.20
1980 82.09 53.33 119.59 2.27 16.74
1981 82.16 62.56 121.47 2.27 21.88
1982 82.26 21.38 59.33 1.49 10.02
1983 82.22 60.11 122.66 2.03 18.06
1984 82.12 69.62 61.63 0.00 31.41
1985 82.30 57.59 123.07 0.55 17.86
1986 82.50 51.59 104.11 0.85 18.82
1987 82.57 31.11 71.82 0.64 11.70
1988 82.48 35.97 78.02 0.03 11.08
1989 82.50 46.66 88.82 2.53 16.54
1990 82.66 40.37 91.38 0.92 14.03
1991 82.67 44.60 89.18 1.53 11.67
1992 82.60 67.17 98.64 2.34 26.55
1993 82.57 71.38 62.43 3.17 45.60
1994 82.76 38.14 77.74 1.26 11.52
1995 82.88 23.53 60.09 1.44 8.21
1996 82.81 28.16 58.24 0.00 10.98
1997 82.95 33.53 66.41 1.57 12.55
1998 83.06 56.00 112.81 1.49 14.64
1999 83.09 64.61 113.03 0.58 17.19
2000 83.15 49.88 108.36 1.92 13.84
2001 83.21 77.22 20.34 0.94 37.86
2002 83.32 25.57 51.39 0.58 10.06
2003 83.25 42.66 69.63 0.47 12.30
2004 83.19 61.73 104.05 0.00 16.60
2005 83.40 69.68 101.29 2.91 25.20
2006 83.23 74.70 40.09 1.61 42.52
2007 83.40 53.86 103.00 1.87 12.47
2008 83.25 59.17 100.56 1.52 15.04
2009 83.63 21.16 33.79 1.85 5.39
2010 83.49 47.91 75.95 1.38 15.90
2011 83.79 72.60 70.51 1.75 25.08
2012 83.79 45.66 59.62 0.00 9.22
2013 83.83 29.89 44.27 1.91 9.79
2014 83.77 36.96 45.17 0.00 8.73
2015 83.88 39.37 48.73 0.00 10.55
2016 83.82 51.81 87.12 0.65 13.40
2017 83.93 34.71 40.31 0.31 10.58
2018 83.87 67.26 115.16 1.48 17.63
2019 84.05 32.04 45.44 0.57 10.78
2020 84.06 27.61 39.03 1.30 9.66
2021 84.08 57.84 90.73 0.60 10.74
2022 84.27 41.44 49.97 0.96 9.80
2023 84.13 63.09 96.12 0.51 13.28
2024 84.42 23.28 34.84 1.05 9.64
2025 84.33 43.59 52.71 1.00 9.56
2026 84.34 55.68 81.14 2.36 12.34
2027 84.43 49.56 67.21 0.00 9.01
2028 84.31 60.59 88.36 1.01 12.36
2029 84.53 75.00 54.89 1.94 25.28
2030 84.55 65.15 105.27 1.21 12.02
2031 84.74 25.46 28.69 0.00 8.52
2032 84.52 69.53 106.32 5.22 18.43
2033 84.66 47.48 46.12 0.84 8.07
2034 84.67 53.83 71.31 0.00 12.32
2035 84.86 70.87 107.59 0.93 15.77
2036 85.10 21.07 16.76 0.72 4.18
2037 84.96 35.83 28.46 0.46 8.09
2038 85.01 38.14 31.36 0.93 7.92
2039 84.91 51.54 60.40 0.00 9.94
2040 85.01 45.49 39.74 0.00 9.57
2041 85.29 28.37 28.14 0.23 7.16
2042 85.05 33.16 27.69 0.00 7.64
2043 85.13 67.83 109.39 1.63 13.41
2044 85.28 73.27 93.58 0.91 11.72
2045 85.21 30.68 26.08 0.11 7.98
2046 85.20 40.42 31.64 0.00 7.00
2047 85.30 59.68 72.08 0.00 8.28
2048 85.27 57.31 58.05 0.55 10.73
2049 85.34 62.18 77.38 1.84 10.13
2050 85.47 43.40 32.59 0.13 7.07
2051 85.62 65.89 93.14 0.00 10.92
2052 85.72 49.96 36.50 0.55 7.15
2053 85.72 55.38 47.73 0.52 6.95
2054 85.88 26.14 16.74 1.16 7.79
2055 85.84 47.84 33.06 0.00 6.09
2056 85.76 52.96 48.18 0.07 7.68
2057 85.95 23.56 17.08 0.30 5.33
2058 86.04 34.28 17.50 0.61 7.47
2059 86.08 70.03 121.70 2.71 11.06
2060 86.17 41.61 21.98 0.00 6.24
2061 86.09 63.81 62.55 0.55 8.63
2062 86.25 31.89 18.80 0.47 5.87
2063 86.04 45.77 32.88 0.92 7.39
2064 86.17 36.54 19.70 0.00 6.73
2065 86.26 39.27 17.19 0.00 5.32
2066 86.25 58.61 45.12 0.69 9.39
2067 86.35 72.39 105.04 0.00 7.86
2068 86.63 29.54 17.40 1.02 6.78
2069 86.46 61.50 45.29 1.07 6.78
2070 86.63 43.83 19.70 0.64 5.16
2071 86.67 51.82 29.87 1.89 4.64
2072 86.96 68.54 92.73 1.61 7.55
2073 86.82 56.58 38.51 0.00 8.68
2074 86.80 54.14 31.90 0.00 5.61
2075 86.76 66.13 71.14 0.04 6.57
2076 86.85 49.60 20.36 0.96 5.28
2077 87.03 27.39 11.75 1.40 6.06
2078 86.97 47.16 20.27 0.00 4.59
2079 87.11 25.12 6.61 0.83 6.94
2080 87.09 37.70 13.67 1.66 4.59
2081 87.28 73.48 81.70 0.00 4.40
2082 87.19 59.90 38.20 0.63 6.18
2083 87.29 34.12 12.80 0.00 6.76
2084 87.27 63.84 45.18 2.05 6.93
2085 87.25 32.28 11.89 0.02 4.95
2086 87.69 35.84 7.18 0.36 4.54
2087 87.40 41.81 13.70 0.57 4.67
2088 87.63 71.06 89.08 0.00 4.99
2089 87.70 39.53 10.04 2.46 3.26
2090 87.56 45.00 15.60 0.00 2.41
2091 87.87 58.12 28.52 1.75 4.81
2092 87.79 51.88 19.04 0.00 3.62
2093 87.75 54.68 22.46 0.00 5.46
2094 87.83 62.09 33.84 0.00 5.07
2095 87.83 31.27 11.23 0.47 5.65
2096 87.90 49.31 11.58 0.00 3.40
2097 87.89 66.73 70.23 1.08 6.36
2098 88.05 29.59 8.16 2.95 5.42
2099 88.13 46.94 10.34 0.00 3.31
2100 88.15 27.30 5.23 1.25 5.12
2101 88.38 24.95 2.48 0.00 2.80
2102 88.51 37.45 6.30 0.63 3.44
2103 88.48 43.06 6.90 0.00 2.23
2104 88.64 69.32 68.92 0.20 4.04
2105 88.55 56.36 18.65 0.00 2.75
2106 88.61 33.41 5.31 1.53 5.17
2107 88.53 64.80 39.86 0.00 4.67
2108 88.58 40.76 6.34 0.00 4.06
2109 88.63 60.64 25.38 0.00 2.73
2110 88.76 53.79 10.44 0.00 3.37
2111 88.47 28.47 6.56 0.24 0.00
2112 88.85 45.15 8.74 0.00 2.29
2113 88.83 50.87 7.28 0.21 2.78
2114 88.97 48.09 4.19 1.30 2.82
2115 89.06 62.83 24.50 1.24 3.40
2116 89.07 30.79 4.33 0.23 6.07
2117 89.25 67.11 39.25 0.00 3.76
2118 89.34 58.94 13.90 0.94 3.53
2119 89.43 39.02 2.62 0.64 4.35
2120 89.65 28.40 1.40 0.00 3.35
2121 89.74 36.07 0.97 0.47 2.54
2122 89.61 56.80 12.33 0.00 3.68
2123 89.70 43.27 1.65 0.42 1.86
2124 89.66 52.32 4.67 0.68 3.40
2125 89.75 41.17 1.99 0.37 0.98
2126 89.78 46.92 2.56 0.14 1.12
2127 89.80 65.09 22.97 0.67 2.34
2128 89.74 33.35 0.48 0.48 2.96
2129 89.94 49.59 0.25 0.00 1.50
2130 89.87 54.60 5.11 0.00 1.25
2131 90.11 61.14 12.25 0.00 1.84
2132 90.16 68.86 32.87 0.00 0.82
2133 90.28 30.71 0.35 0.86 1.99
2134 90.29 63.21 15.70 0.11 2.78
2135 90.19 44.91 1.90 0.58 2.74
2136 90.59 59.31 9.00 0.31 1.94
2137 90.68 39.19 0.08 0.00 1.49
2138 90.77 66.79 20.66 0.00 0.49
2139 90.67 52.05 3.64 1.80 2.55
2140 90.72 56.63 3.14 0.00 1.27
2141 90.99 34.80 0.84 0.46 3.30
2142 90.59 27.78 0.95 0.00 0.00
2143 90.78 46.36 0.00 0.23 0.00
2144 90.94 54.37 0.00 0.19 1.50
2145 90.93 32.62 1.55 1.48 2.61
2146 91.07 36.71 0.13 0.88 2.42
2147 90.88 41.69 0.00 0.74 1.49
2148 91.15 28.83 0.00 0.00 2.19
2149 90.78 29.69 0.00 0.20 4.08
2150 91.17 44.25 0.00 0.70 0.55
2151 91.00 49.72 0.00 1.38 0.62
2152 91.19 47.80 2.62 0.00 0.00
2153 91.32 62.33 8.80 0.00 1.06
2154 91.34 64.88 13.06 0.00 0.46
2155 91.73 58.33 1.37 0.00 1.20
2156 91.46 30.19 0.00 1.37 1.00
2157 91.71 55.85 0.88 0.49 0.00
2158 91.79 38.49 0.92 0.00 0.87
2159 91.74 52.78 1.51 0.00 0.12
2160 91.85 60.77 5.35 0.00 1.06
2161 91.78 40.35 0.32 0.00 0.01
2162 91.77 42.55 0.00 2.99 0.00
2163 91.95 32.70 0.00 0.80 1.17
2164 91.74 28.58 2.05 0.00 1.39
2165 92.05 30.92 0.00 0.00 2.25
2166 92.15 46.25 0.00 0.00 0.00
2167 92.36 35.77 1.45 0.00 0.66
2168 92.31 41.29 1.80 0.00 1.35
2169 92.27 49.21 0.35 0.00 0.31
2170 92.32 43.51 0.00 0.00 1.12
2171 92.41 33.66 1.25 0.11 1.61
2172 92.50 54.56 0.00 0.00 0.00
2173 92.78 56.98 0.00 0.00 0.00
2174 92.46 37.56 1.36 0.00 0.00
2175 92.61 51.60 0.00 0.00 0.00
2176 92.83 59.58 0.17 0.00 0.00
2177 92.63 64.33 3.01 0.00 0.00
2178 92.88 30.80 0.00 0.00 0.67
2179 92.87 61.63 0.00 0.00 0.00
2180 92.97 38.42 0.00 0.00 1.48
2181 93.35 47.60 0.00 0.00 0.00
2182 93.31 40.46 0.00 1.63 0.63
2183 93.25 62.71 1.95 0.00 0.00
2184 93.24 44.12 0.00 0.00 0.90
2185 93.43 42.55 0.00 0.00 0.27
2186 93.31 50.06 0.00 0.00 0.00
2187 93.48 52.88 0.00 0.00 0.00
2188 93.81 34.28 0.00 0.00 0.00
2189 93.64 45.33 0.00 0.00 0.12
2190 93.92 60.17 0.00 0.00 0.00
2191 93.83 55.86 0.00 0.00 0.00
2192 94.02 58.01 0.50 0.00 0.00
2193 94.09 38.39 0.02 0.00 0.00
2194 94.39 49.26 0.00 0.00 0.00
2195 94.05 43.28 3.19 0.00 1.27
2196 94.49 41.39 0.12 0.00 0.00
2197 94.72 54.14 0.00 0.00 0.00
2198 94.71 44.04 0.00 0.00 0.00
2199 94.92 36.17 0.00 0.00 0.00
2200 94.97 56.90 0.00 0.00 0.00
2201 95.01 46.41 0.00 0.00 0.00
2202 95.33 40.44 1.51 0.00 0.00
2203 95.11 38.56 0.00 0.00 0.00
2204 95.42 50.30 0.00 0.00 0.00
2205 95.62 48.54 0.00 0.00 0.00
2206 95.77 39.07 0.63 0.00 0.00
2207 95.86 47.19 0.92 0.00 0.00
2208 95.81 52.94 0.00 0.00 0.00
2209 96.11 55.73 0.00 0.00 0.00
2210 96.11 43.15 1.07 0.00 0.00
2211 96.01 45.44 0.00 0.00 0.00
2212 96.33 51.14 0.00 0.00 0.00
2213 96.59 38.71 0.06 0.00 0.00
2214 96.79 41.02 0.10 0.00 0.00
2215 97.02 48.82 0.52 0.00 0.00
2216 97.18 51.12 0.00 0.00 0.00
2217 97.40 43.61 0.00 0.00 0.00
2218 97.47 46.45 0.00 0.00 0.00
2219 98.02 50.34 1.41 0.00 0.00

